 i-sweep         v(vout)         i(viin)         v(vgate)        v(vmid)        
-6.00000000e-06  3.00553228e-01 -6.00000000e-06  1.40000000e+00  1.70000000e+00 
-5.90000000e-06  3.04124122e-01 -5.90000000e-06  1.40000000e+00  1.70000000e+00 
-5.80000000e-06  3.07723315e-01 -5.80000000e-06  1.40000000e+00  1.70000000e+00 
-5.70000000e-06  3.11351512e-01 -5.70000000e-06  1.40000000e+00  1.70000000e+00 
-5.60000000e-06  3.15009446e-01 -5.60000000e-06  1.40000000e+00  1.70000000e+00 
-5.50000000e-06  3.18697882e-01 -5.50000000e-06  1.40000000e+00  1.70000000e+00 
-5.40000000e-06  3.22417618e-01 -5.40000000e-06  1.40000000e+00  1.70000000e+00 
-5.30000000e-06  3.26169490e-01 -5.30000000e-06  1.40000000e+00  1.70000000e+00 
-5.20000000e-06  3.29954368e-01 -5.20000000e-06  1.40000000e+00  1.70000000e+00 
-5.10000000e-06  3.33773166e-01 -5.10000000e-06  1.40000000e+00  1.70000000e+00 
-5.00000000e-06  3.37626839e-01 -5.00000000e-06  1.40000000e+00  1.70000000e+00 
-4.90000000e-06  3.41516390e-01 -4.90000000e-06  1.40000000e+00  1.70000000e+00 
-4.80000000e-06  3.45442870e-01 -4.80000000e-06  1.40000000e+00  1.70000000e+00 
-4.70000000e-06  3.49407383e-01 -4.70000000e-06  1.40000000e+00  1.70000000e+00 
-4.60000000e-06  3.53411091e-01 -4.60000000e-06  1.40000000e+00  1.70000000e+00 
-4.50000000e-06  3.57455218e-01 -4.50000000e-06  1.40000000e+00  1.70000000e+00 
-4.40000000e-06  3.61541053e-01 -4.40000000e-06  1.40000000e+00  1.70000000e+00 
-4.30000000e-06  3.65669958e-01 -4.30000000e-06  1.40000000e+00  1.70000000e+00 
-4.20000000e-06  3.69843372e-01 -4.20000000e-06  1.40000000e+00  1.70000000e+00 
-4.10000000e-06  3.74062819e-01 -4.10000000e-06  1.40000000e+00  1.70000000e+00 
-4.00000000e-06  3.78329913e-01 -4.00000000e-06  1.40000000e+00  1.70000000e+00 
-3.90000000e-06  3.82646371e-01 -3.90000000e-06  1.40000000e+00  1.70000000e+00 
-3.80000000e-06  3.87014017e-01 -3.80000000e-06  1.40000000e+00  1.70000000e+00 
-3.70000000e-06  3.91434796e-01 -3.70000000e-06  1.40000000e+00  1.70000000e+00 
-3.60000000e-06  3.95910786e-01 -3.60000000e-06  1.40000000e+00  1.70000000e+00 
-3.50000000e-06  4.00444208e-01 -3.50000000e-06  1.40000000e+00  1.70000000e+00 
-3.40000000e-06  4.05037446e-01 -3.40000000e-06  1.40000000e+00  1.70000000e+00 
-3.30000000e-06  4.09693063e-01 -3.30000000e-06  1.40000000e+00  1.70000000e+00 
-3.20000000e-06  4.14413818e-01 -3.20000000e-06  1.40000000e+00  1.70000000e+00 
-3.10000000e-06  4.19202696e-01 -3.10000000e-06  1.40000000e+00  1.70000000e+00 
-3.00000000e-06  4.24062929e-01 -3.00000000e-06  1.40000000e+00  1.70000000e+00 
-2.90000000e-06  4.28998030e-01 -2.90000000e-06  1.40000000e+00  1.70000000e+00 
-2.80000000e-06  4.34011833e-01 -2.80000000e-06  1.40000000e+00  1.70000000e+00 
-2.70000000e-06  4.39108532e-01 -2.70000000e-06  1.40000000e+00  1.70000000e+00 
-2.60000000e-06  4.44292734e-01 -2.60000000e-06  1.40000000e+00  1.70000000e+00 
-2.50000000e-06  4.49569524e-01 -2.50000000e-06  1.40000000e+00  1.70000000e+00 
-2.40000000e-06  4.54944536e-01 -2.40000000e-06  1.40000000e+00  1.70000000e+00 
-2.30000000e-06  4.60424041e-01 -2.30000000e-06  1.40000000e+00  1.70000000e+00 
-2.20000000e-06  4.66015062e-01 -2.20000000e-06  1.40000000e+00  1.70000000e+00 
-2.10000000e-06  4.71725504e-01 -2.10000000e-06  1.40000000e+00  1.70000000e+00 
-2.00000000e-06  4.77564319e-01 -2.00000000e-06  1.40000000e+00  1.70000000e+00 
-1.90000000e-06  4.83541719e-01 -1.90000000e-06  1.40000000e+00  1.70000000e+00 
-1.80000000e-06  4.89669437e-01 -1.80000000e-06  1.40000000e+00  1.70000000e+00 
-1.70000000e-06  4.95961063e-01 -1.70000000e-06  1.40000000e+00  1.70000000e+00 
-1.60000000e-06  5.02432488e-01 -1.60000000e-06  1.40000000e+00  1.70000000e+00 
-1.50000000e-06  5.09102472e-01 -1.50000000e-06  1.40000000e+00  1.70000000e+00 
-1.40000000e-06  5.15993426e-01 -1.40000000e-06  1.40000000e+00  1.70000000e+00 
-1.30000000e-06  5.23132456e-01 -1.30000000e-06  1.40000000e+00  1.70000000e+00 
-1.20000000e-06  5.30552835e-01 -1.20000000e-06  1.40000000e+00  1.70000000e+00 
-1.10000000e-06  5.38296090e-01 -1.10000000e-06  1.40000000e+00  1.70000000e+00 
-1.00000000e-06  5.46415072e-01 -1.00000000e-06  1.40000000e+00  1.70000000e+00 
-9.00000000e-07  5.54978610e-01 -9.00000000e-07  1.40000000e+00  1.70000000e+00 
-8.00000000e-07  5.64078853e-01 -8.00000000e-07  1.40000000e+00  1.70000000e+00 
-7.00000000e-07  5.73843440e-01 -7.00000000e-07  1.40000000e+00  1.70000000e+00 
-6.00000000e-07  5.84456907e-01 -6.00000000e-07  1.40000000e+00  1.70000000e+00 
-5.00000000e-07  5.96201390e-01 -5.00000000e-07  1.40000000e+00  1.70000000e+00 
-4.00000000e-07  6.09542432e-01 -4.00000000e-07  1.40000000e+00  1.70000000e+00 
-3.00000000e-07  6.25338316e-01 -3.00000000e-07  1.40000000e+00  1.70000000e+00 
-2.00000000e-07  6.45479813e-01 -2.00000000e-07  1.40000000e+00  1.70000000e+00 
-1.00000000e-07  6.75883449e-01 -1.00000000e-07  1.40000000e+00  1.70000000e+00 
-5.71747239e-21  1.04339203e+00 -5.71747239e-21  1.40000000e+00  1.70000000e+00 
 1.00000000e-07  1.44384422e+00  1.00000000e-07  1.40000000e+00  1.70000000e+00 
 2.00000000e-07  1.47606491e+00  2.00000000e-07  1.40000000e+00  1.70000000e+00 
 3.00000000e-07  1.49482609e+00  3.00000000e-07  1.40000000e+00  1.70000000e+00 
 4.00000000e-07  1.50818784e+00  4.00000000e-07  1.40000000e+00  1.70000000e+00 
 5.00000000e-07  1.51864873e+00  5.00000000e-07  1.40000000e+00  1.70000000e+00 
 6.00000000e-07  1.52723655e+00  6.00000000e-07  1.40000000e+00  1.70000000e+00 
 7.00000000e-07  1.53458365e+00  7.00000000e-07  1.40000000e+00  1.70000000e+00 
 8.00000000e-07  1.54102360e+00  8.00000000e-07  1.40000000e+00  1.70000000e+00 
 9.00000000e-07  1.54677268e+00  9.00000000e-07  1.40000000e+00  1.70000000e+00 
 1.00000000e-06  1.55197839e+00  1.00000000e-06  1.40000000e+00  1.70000000e+00 
 1.10000000e-06  1.55674559e+00  1.10000000e-06  1.40000000e+00  1.70000000e+00 
 1.20000000e-06  1.56115137e+00  1.20000000e-06  1.40000000e+00  1.70000000e+00 
 1.30000000e-06  1.56525407e+00  1.30000000e-06  1.40000000e+00  1.70000000e+00 
 1.40000000e-06  1.56909887e+00  1.40000000e-06  1.40000000e+00  1.70000000e+00 
 1.50000000e-06  1.57272145e+00  1.50000000e-06  1.40000000e+00  1.70000000e+00 
 1.60000000e-06  1.57615053e+00  1.60000000e-06  1.40000000e+00  1.70000000e+00 
 1.70000000e-06  1.57940950e+00  1.70000000e-06  1.40000000e+00  1.70000000e+00 
 1.80000000e-06  1.58251774e+00  1.80000000e-06  1.40000000e+00  1.70000000e+00 
 1.90000000e-06  1.58549143e+00  1.90000000e-06  1.40000000e+00  1.70000000e+00 
 2.00000000e-06  1.58834424e+00  2.00000000e-06  1.40000000e+00  1.70000000e+00 
 2.10000000e-06  1.59108784e+00  2.10000000e-06  1.40000000e+00  1.70000000e+00 
 2.20000000e-06  1.59373223e+00  2.20000000e-06  1.40000000e+00  1.70000000e+00 
 2.30000000e-06  1.59628611e+00  2.30000000e-06  1.40000000e+00  1.70000000e+00 
 2.40000000e-06  1.59875702e+00  2.40000000e-06  1.40000000e+00  1.70000000e+00 
 2.50000000e-06  1.60115162e+00  2.50000000e-06  1.40000000e+00  1.70000000e+00 
 2.60000000e-06  1.60347574e+00  2.60000000e-06  1.40000000e+00  1.70000000e+00 
 2.70000000e-06  1.60573457e+00  2.70000000e-06  1.40000000e+00  1.70000000e+00 
 2.80000000e-06  1.60793275e+00  2.80000000e-06  1.40000000e+00  1.70000000e+00 
 2.90000000e-06  1.61007440e+00  2.90000000e-06  1.40000000e+00  1.70000000e+00 
 3.00000000e-06  1.61216323e+00  3.00000000e-06  1.40000000e+00  1.70000000e+00 
 3.10000000e-06  1.61420261e+00  3.10000000e-06  1.40000000e+00  1.70000000e+00 
 3.20000000e-06  1.61619555e+00  3.20000000e-06  1.40000000e+00  1.70000000e+00 
 3.30000000e-06  1.61814482e+00  3.30000000e-06  1.40000000e+00  1.70000000e+00 
 3.40000000e-06  1.62005292e+00  3.40000000e-06  1.40000000e+00  1.70000000e+00 
 3.50000000e-06  1.62192215e+00  3.50000000e-06  1.40000000e+00  1.70000000e+00 
 3.60000000e-06  1.62375460e+00  3.60000000e-06  1.40000000e+00  1.70000000e+00 
 3.70000000e-06  1.62555220e+00  3.70000000e-06  1.40000000e+00  1.70000000e+00 
 3.80000000e-06  1.62731673e+00  3.80000000e-06  1.40000000e+00  1.70000000e+00 
 3.90000000e-06  1.62904982e+00  3.90000000e-06  1.40000000e+00  1.70000000e+00 
 4.00000000e-06  1.63075298e+00  4.00000000e-06  1.40000000e+00  1.70000000e+00 
 4.10000000e-06  1.63242763e+00  4.10000000e-06  1.40000000e+00  1.70000000e+00 
 4.20000000e-06  1.63407506e+00  4.20000000e-06  1.40000000e+00  1.70000000e+00 
 4.30000000e-06  1.63569649e+00  4.30000000e-06  1.40000000e+00  1.70000000e+00 
 4.40000000e-06  1.63729304e+00  4.40000000e-06  1.40000000e+00  1.70000000e+00 
 4.50000000e-06  1.63886577e+00  4.50000000e-06  1.40000000e+00  1.70000000e+00 
 4.60000000e-06  1.64041567e+00  4.60000000e-06  1.40000000e+00  1.70000000e+00 
 4.70000000e-06  1.64194366e+00  4.70000000e-06  1.40000000e+00  1.70000000e+00 
 4.80000000e-06  1.64345061e+00  4.80000000e-06  1.40000000e+00  1.70000000e+00 
 4.90000000e-06  1.64493732e+00  4.90000000e-06  1.40000000e+00  1.70000000e+00 
 5.00000000e-06  1.64640457e+00  5.00000000e-06  1.40000000e+00  1.70000000e+00 
 5.10000000e-06  1.64785307e+00  5.10000000e-06  1.40000000e+00  1.70000000e+00 
 5.20000000e-06  1.64928351e+00  5.20000000e-06  1.40000000e+00  1.70000000e+00 
 5.30000000e-06  1.65069651e+00  5.30000000e-06  1.40000000e+00  1.70000000e+00 
 5.40000000e-06  1.65209270e+00  5.40000000e-06  1.40000000e+00  1.70000000e+00 
 5.50000000e-06  1.65347264e+00  5.50000000e-06  1.40000000e+00  1.70000000e+00 
 5.60000000e-06  1.65483688e+00  5.60000000e-06  1.40000000e+00  1.70000000e+00 
 5.70000000e-06  1.65618592e+00  5.70000000e-06  1.40000000e+00  1.70000000e+00 
 5.80000000e-06  1.65752027e+00  5.80000000e-06  1.40000000e+00  1.70000000e+00 
 5.90000000e-06  1.65884037e+00  5.90000000e-06  1.40000000e+00  1.70000000e+00 
 6.00000000e-06  1.66014668e+00  6.00000000e-06  1.40000000e+00  1.70000000e+00 
