 i-sweep         v(vout)         i(viin)         v(vgate)        v(vmid)        
 0.00000000e+00  2.00000029e-01  0.00000000e+00  1.70000000e+00  2.00000000e-01 
 1.00000000e-07  2.02047202e-01  1.00000000e-07  1.70000000e+00  2.00000000e-01 
 2.00000000e-07  2.04149070e-01  2.00000000e-07  1.70000000e+00  2.00000000e-01 
 3.00000000e-07  2.06309793e-01  3.00000000e-07  1.70000000e+00  2.00000000e-01 
 4.00000000e-07  2.08426126e-01  4.00000000e-07  1.70000000e+00  2.00000000e-01 
 5.00000000e-07  2.10548354e-01  5.00000000e-07  1.70000000e+00  2.00000000e-01 
 6.00000000e-07  2.12676672e-01  6.00000000e-07  1.70000000e+00  2.00000000e-01 
 7.00000000e-07  2.14811131e-01  7.00000000e-07  1.70000000e+00  2.00000000e-01 
 8.00000000e-07  2.16951785e-01  8.00000000e-07  1.70000000e+00  2.00000000e-01 
 9.00000000e-07  2.19098686e-01  9.00000000e-07  1.70000000e+00  2.00000000e-01 
 1.00000000e-06  2.21251888e-01  1.00000000e-06  1.70000000e+00  2.00000000e-01 
 1.10000000e-06  2.23411446e-01  1.10000000e-06  1.70000000e+00  2.00000000e-01 
 1.20000000e-06  2.25577414e-01  1.20000000e-06  1.70000000e+00  2.00000000e-01 
 1.30000000e-06  2.27749850e-01  1.30000000e-06  1.70000000e+00  2.00000000e-01 
 1.40000000e-06  2.29928809e-01  1.40000000e-06  1.70000000e+00  2.00000000e-01 
 1.50000000e-06  2.32114350e-01  1.50000000e-06  1.70000000e+00  2.00000000e-01 
 1.60000000e-06  2.34306532e-01  1.60000000e-06  1.70000000e+00  2.00000000e-01 
 1.70000000e-06  2.36505414e-01  1.70000000e-06  1.70000000e+00  2.00000000e-01 
 1.80000000e-06  2.38711056e-01  1.80000000e-06  1.70000000e+00  2.00000000e-01 
 1.90000000e-06  2.40923520e-01  1.90000000e-06  1.70000000e+00  2.00000000e-01 
 2.00000000e-06  2.43142869e-01  2.00000000e-06  1.70000000e+00  2.00000000e-01 
 2.10000000e-06  2.45369164e-01  2.10000000e-06  1.70000000e+00  2.00000000e-01 
 2.20000000e-06  2.47602472e-01  2.20000000e-06  1.70000000e+00  2.00000000e-01 
 2.30000000e-06  2.49842856e-01  2.30000000e-06  1.70000000e+00  2.00000000e-01 
 2.40000000e-06  2.52090383e-01  2.40000000e-06  1.70000000e+00  2.00000000e-01 
 2.50000000e-06  2.54345120e-01  2.50000000e-06  1.70000000e+00  2.00000000e-01 
 2.60000000e-06  2.56607136e-01  2.60000000e-06  1.70000000e+00  2.00000000e-01 
 2.70000000e-06  2.58876500e-01  2.70000000e-06  1.70000000e+00  2.00000000e-01 
 2.80000000e-06  2.61153283e-01  2.80000000e-06  1.70000000e+00  2.00000000e-01 
 2.90000000e-06  2.63437556e-01  2.90000000e-06  1.70000000e+00  2.00000000e-01 
 3.00000000e-06  2.65729392e-01  3.00000000e-06  1.70000000e+00  2.00000000e-01 
 3.10000000e-06  2.68028865e-01  3.10000000e-06  1.70000000e+00  2.00000000e-01 
 3.20000000e-06  2.70336050e-01  3.20000000e-06  1.70000000e+00  2.00000000e-01 
 3.30000000e-06  2.72651024e-01  3.30000000e-06  1.70000000e+00  2.00000000e-01 
 3.40000000e-06  2.74973864e-01  3.40000000e-06  1.70000000e+00  2.00000000e-01 
 3.50000000e-06  2.77304650e-01  3.50000000e-06  1.70000000e+00  2.00000000e-01 
 3.60000000e-06  2.79643462e-01  3.60000000e-06  1.70000000e+00  2.00000000e-01 
 3.70000000e-06  2.81990381e-01  3.70000000e-06  1.70000000e+00  2.00000000e-01 
 3.80000000e-06  2.84345491e-01  3.80000000e-06  1.70000000e+00  2.00000000e-01 
 3.90000000e-06  2.86708876e-01  3.90000000e-06  1.70000000e+00  2.00000000e-01 
 4.00000000e-06  2.89080623e-01  4.00000000e-06  1.70000000e+00  2.00000000e-01 
 4.10000000e-06  2.91460818e-01  4.10000000e-06  1.70000000e+00  2.00000000e-01 
 4.20000000e-06  2.93849551e-01  4.20000000e-06  1.70000000e+00  2.00000000e-01 
 4.30000000e-06  2.96246912e-01  4.30000000e-06  1.70000000e+00  2.00000000e-01 
 4.40000000e-06  2.98652994e-01  4.40000000e-06  1.70000000e+00  2.00000000e-01 
 4.50000000e-06  3.01067891e-01  4.50000000e-06  1.70000000e+00  2.00000000e-01 
 4.60000000e-06  3.03491698e-01  4.60000000e-06  1.70000000e+00  2.00000000e-01 
 4.70000000e-06  3.05924512e-01  4.70000000e-06  1.70000000e+00  2.00000000e-01 
 4.80000000e-06  3.08366433e-01  4.80000000e-06  1.70000000e+00  2.00000000e-01 
 4.90000000e-06  3.10817562e-01  4.90000000e-06  1.70000000e+00  2.00000000e-01 
 5.00000000e-06  3.13278000e-01  5.00000000e-06  1.70000000e+00  2.00000000e-01 
 5.10000000e-06  3.15747854e-01  5.10000000e-06  1.70000000e+00  2.00000000e-01 
 5.20000000e-06  3.18227230e-01  5.20000000e-06  1.70000000e+00  2.00000000e-01 
 5.30000000e-06  3.20716236e-01  5.30000000e-06  1.70000000e+00  2.00000000e-01 
 5.40000000e-06  3.23214983e-01  5.40000000e-06  1.70000000e+00  2.00000000e-01 
 5.50000000e-06  3.25723585e-01  5.50000000e-06  1.70000000e+00  2.00000000e-01 
 5.60000000e-06  3.28242157e-01  5.60000000e-06  1.70000000e+00  2.00000000e-01 
 5.70000000e-06  3.30770815e-01  5.70000000e-06  1.70000000e+00  2.00000000e-01 
 5.80000000e-06  3.33309680e-01  5.80000000e-06  1.70000000e+00  2.00000000e-01 
 5.90000000e-06  3.35858873e-01  5.90000000e-06  1.70000000e+00  2.00000000e-01 
 6.00000000e-06  3.38418521e-01  6.00000000e-06  1.70000000e+00  2.00000000e-01 
 6.10000000e-06  3.40988748e-01  6.10000000e-06  1.70000000e+00  2.00000000e-01 
 6.20000000e-06  3.43569686e-01  6.20000000e-06  1.70000000e+00  2.00000000e-01 
 6.30000000e-06  3.46161467e-01  6.30000000e-06  1.70000000e+00  2.00000000e-01 
 6.40000000e-06  3.48764225e-01  6.40000000e-06  1.70000000e+00  2.00000000e-01 
 6.50000000e-06  3.51378099e-01  6.50000000e-06  1.70000000e+00  2.00000000e-01 
 6.60000000e-06  3.54003229e-01  6.60000000e-06  1.70000000e+00  2.00000000e-01 
 6.70000000e-06  3.56639760e-01  6.70000000e-06  1.70000000e+00  2.00000000e-01 
 6.80000000e-06  3.59287838e-01  6.80000000e-06  1.70000000e+00  2.00000000e-01 
 6.90000000e-06  3.61947614e-01  6.90000000e-06  1.70000000e+00  2.00000000e-01 
 7.00000000e-06  3.64619240e-01  7.00000000e-06  1.70000000e+00  2.00000000e-01 
 7.10000000e-06  3.67302875e-01  7.10000000e-06  1.70000000e+00  2.00000000e-01 
 7.20000000e-06  3.69998677e-01  7.20000000e-06  1.70000000e+00  2.00000000e-01 
 7.30000000e-06  3.72706811e-01  7.30000000e-06  1.70000000e+00  2.00000000e-01 
 7.40000000e-06  3.75427444e-01  7.40000000e-06  1.70000000e+00  2.00000000e-01 
 7.50000000e-06  3.78160748e-01  7.50000000e-06  1.70000000e+00  2.00000000e-01 
 7.60000000e-06  3.80906898e-01  7.60000000e-06  1.70000000e+00  2.00000000e-01 
 7.70000000e-06  3.83666074e-01  7.70000000e-06  1.70000000e+00  2.00000000e-01 
 7.80000000e-06  3.86438459e-01  7.80000000e-06  1.70000000e+00  2.00000000e-01 
 7.90000000e-06  3.89224241e-01  7.90000000e-06  1.70000000e+00  2.00000000e-01 
 8.00000000e-06  3.92023613e-01  8.00000000e-06  1.70000000e+00  2.00000000e-01 
 8.10000000e-06  3.94836771e-01  8.10000000e-06  1.70000000e+00  2.00000000e-01 
 8.20000000e-06  3.97663919e-01  8.20000000e-06  1.70000000e+00  2.00000000e-01 
 8.30000000e-06  4.00505262e-01  8.30000000e-06  1.70000000e+00  2.00000000e-01 
 8.40000000e-06  4.03361012e-01  8.40000000e-06  1.70000000e+00  2.00000000e-01 
 8.50000000e-06  4.06231388e-01  8.50000000e-06  1.70000000e+00  2.00000000e-01 
 8.60000000e-06  4.09116612e-01  8.60000000e-06  1.70000000e+00  2.00000000e-01 
 8.70000000e-06  4.12016912e-01  8.70000000e-06  1.70000000e+00  2.00000000e-01 
 8.80000000e-06  4.14932524e-01  8.80000000e-06  1.70000000e+00  2.00000000e-01 
 8.90000000e-06  4.17863687e-01  8.90000000e-06  1.70000000e+00  2.00000000e-01 
 9.00000000e-06  4.20810649e-01  9.00000000e-06  1.70000000e+00  2.00000000e-01 
 9.10000000e-06  4.23773664e-01  9.10000000e-06  1.70000000e+00  2.00000000e-01 
 9.20000000e-06  4.26752992e-01  9.20000000e-06  1.70000000e+00  2.00000000e-01 
 9.30000000e-06  4.29748900e-01  9.30000000e-06  1.70000000e+00  2.00000000e-01 
 9.40000000e-06  4.32761664e-01  9.40000000e-06  1.70000000e+00  2.00000000e-01 
 9.50000000e-06  4.35791566e-01  9.50000000e-06  1.70000000e+00  2.00000000e-01 
 9.60000000e-06  4.38838897e-01  9.60000000e-06  1.70000000e+00  2.00000000e-01 
 9.70000000e-06  4.41903956e-01  9.70000000e-06  1.70000000e+00  2.00000000e-01 
 9.80000000e-06  4.44987050e-01  9.80000000e-06  1.70000000e+00  2.00000000e-01 
 9.90000000e-06  4.48088497e-01  9.90000000e-06  1.70000000e+00  2.00000000e-01 
 1.00000000e-05  4.51208621e-01  1.00000000e-05  1.70000000e+00  2.00000000e-01 
 1.01000000e-05  4.54347759e-01  1.01000000e-05  1.70000000e+00  2.00000000e-01 
 1.02000000e-05  4.57506256e-01  1.02000000e-05  1.70000000e+00  2.00000000e-01 
 1.03000000e-05  4.60684470e-01  1.03000000e-05  1.70000000e+00  2.00000000e-01 
 1.04000000e-05  4.63882766e-01  1.04000000e-05  1.70000000e+00  2.00000000e-01 
 1.05000000e-05  4.67101525e-01  1.05000000e-05  1.70000000e+00  2.00000000e-01 
 1.06000000e-05  4.70341137e-01  1.06000000e-05  1.70000000e+00  2.00000000e-01 
 1.07000000e-05  4.73602006e-01  1.07000000e-05  1.70000000e+00  2.00000000e-01 
 1.08000000e-05  4.76884550e-01  1.08000000e-05  1.70000000e+00  2.00000000e-01 
 1.09000000e-05  4.80189197e-01  1.09000000e-05  1.70000000e+00  2.00000000e-01 
 1.10000000e-05  4.83516395e-01  1.10000000e-05  1.70000000e+00  2.00000000e-01 
 1.11000000e-05  4.86866602e-01  1.11000000e-05  1.70000000e+00  2.00000000e-01 
 1.12000000e-05  4.90240295e-01  1.12000000e-05  1.70000000e+00  2.00000000e-01 
 1.13000000e-05  4.93637966e-01  1.13000000e-05  1.70000000e+00  2.00000000e-01 
 1.14000000e-05  4.97060125e-01  1.14000000e-05  1.70000000e+00  2.00000000e-01 
 1.15000000e-05  5.00507301e-01  1.15000000e-05  1.70000000e+00  2.00000000e-01 
 1.16000000e-05  5.03980042e-01  1.16000000e-05  1.70000000e+00  2.00000000e-01 
 1.17000000e-05  5.07478914e-01  1.17000000e-05  1.70000000e+00  2.00000000e-01 
 1.18000000e-05  5.11004508e-01  1.18000000e-05  1.70000000e+00  2.00000000e-01 
 1.19000000e-05  5.14557434e-01  1.19000000e-05  1.70000000e+00  2.00000000e-01 
 1.20000000e-05  5.18138327e-01  1.20000000e-05  1.70000000e+00  2.00000000e-01 
 1.21000000e-05  5.21747849e-01  1.21000000e-05  1.70000000e+00  2.00000000e-01 
 1.22000000e-05  5.25386684e-01  1.22000000e-05  1.70000000e+00  2.00000000e-01 
 1.23000000e-05  5.29055548e-01  1.23000000e-05  1.70000000e+00  2.00000000e-01 
 1.24000000e-05  5.32755184e-01  1.24000000e-05  1.70000000e+00  2.00000000e-01 
 1.25000000e-05  5.36486366e-01  1.25000000e-05  1.70000000e+00  2.00000000e-01 
 1.26000000e-05  5.40249901e-01  1.26000000e-05  1.70000000e+00  2.00000000e-01 
 1.27000000e-05  5.44046634e-01  1.27000000e-05  1.70000000e+00  2.00000000e-01 
 1.28000000e-05  5.47877443e-01  1.28000000e-05  1.70000000e+00  2.00000000e-01 
 1.29000000e-05  5.51743247e-01  1.29000000e-05  1.70000000e+00  2.00000000e-01 
 1.30000000e-05  5.55645007e-01  1.30000000e-05  1.70000000e+00  2.00000000e-01 
 1.31000000e-05  5.59583730e-01  1.31000000e-05  1.70000000e+00  2.00000000e-01 
 1.32000000e-05  5.63560467e-01  1.32000000e-05  1.70000000e+00  2.00000000e-01 
 1.33000000e-05  5.67576324e-01  1.33000000e-05  1.70000000e+00  2.00000000e-01 
 1.34000000e-05  5.71632459e-01  1.34000000e-05  1.70000000e+00  2.00000000e-01 
 1.35000000e-05  5.75730088e-01  1.35000000e-05  1.70000000e+00  2.00000000e-01 
 1.36000000e-05  5.79870490e-01  1.36000000e-05  1.70000000e+00  2.00000000e-01 
 1.37000000e-05  5.84055009e-01  1.37000000e-05  1.70000000e+00  2.00000000e-01 
 1.38000000e-05  5.88285064e-01  1.38000000e-05  1.70000000e+00  2.00000000e-01 
 1.39000000e-05  5.92562149e-01  1.39000000e-05  1.70000000e+00  2.00000000e-01 
 1.40000000e-05  5.96887841e-01  1.40000000e-05  1.70000000e+00  2.00000000e-01 
 1.41000000e-05  6.01263806e-01  1.41000000e-05  1.70000000e+00  2.00000000e-01 
 1.42000000e-05  6.05691810e-01  1.42000000e-05  1.70000000e+00  2.00000000e-01 
 1.43000000e-05  6.10173721e-01  1.43000000e-05  1.70000000e+00  2.00000000e-01 
 1.44000000e-05  6.14711522e-01  1.44000000e-05  1.70000000e+00  2.00000000e-01 
 1.45000000e-05  6.19307321e-01  1.45000000e-05  1.70000000e+00  2.00000000e-01 
 1.46000000e-05  6.23963359e-01  1.46000000e-05  1.70000000e+00  2.00000000e-01 
 1.47000000e-05  6.28682024e-01  1.47000000e-05  1.70000000e+00  2.00000000e-01 
 1.48000000e-05  6.33465867e-01  1.48000000e-05  1.70000000e+00  2.00000000e-01 
 1.49000000e-05  6.38317615e-01  1.49000000e-05  1.70000000e+00  2.00000000e-01 
 1.50000000e-05  6.43240186e-01  1.50000000e-05  1.70000000e+00  2.00000000e-01 
 1.51000000e-05  6.48236716e-01  1.51000000e-05  1.70000000e+00  2.00000000e-01 
 1.52000000e-05  6.53310573e-01  1.52000000e-05  1.70000000e+00  2.00000000e-01 
 1.53000000e-05  6.58465388e-01  1.53000000e-05  1.70000000e+00  2.00000000e-01 
 1.54000000e-05  6.63705082e-01  1.54000000e-05  1.70000000e+00  2.00000000e-01 
 1.55000000e-05  6.69033898e-01  1.55000000e-05  1.70000000e+00  2.00000000e-01 
 1.56000000e-05  6.74456443e-01  1.56000000e-05  1.70000000e+00  2.00000000e-01 
 1.57000000e-05  6.79977725e-01  1.57000000e-05  1.70000000e+00  2.00000000e-01 
 1.58000000e-05  6.85603212e-01  1.58000000e-05  1.70000000e+00  2.00000000e-01 
 1.59000000e-05  6.91338885e-01  1.59000000e-05  1.70000000e+00  2.00000000e-01 
 1.60000000e-05  6.97191312e-01  1.60000000e-05  1.70000000e+00  2.00000000e-01 
 1.61000000e-05  7.03167726e-01  1.61000000e-05  1.70000000e+00  2.00000000e-01 
 1.62000000e-05  7.09276123e-01  1.62000000e-05  1.70000000e+00  2.00000000e-01 
 1.63000000e-05  7.15525379e-01  1.63000000e-05  1.70000000e+00  2.00000000e-01 
 1.64000000e-05  7.21925387e-01  1.64000000e-05  1.70000000e+00  2.00000000e-01 
 1.65000000e-05  7.28487220e-01  1.65000000e-05  1.70000000e+00  2.00000000e-01 
 1.66000000e-05  7.35223339e-01  1.66000000e-05  1.70000000e+00  2.00000000e-01 
 1.67000000e-05  7.42147835e-01  1.67000000e-05  1.70000000e+00  2.00000000e-01 
 1.68000000e-05  7.49276736e-01  1.68000000e-05  1.70000000e+00  2.00000000e-01 
 1.69000000e-05  7.56628387e-01  1.69000000e-05  1.70000000e+00  2.00000000e-01 
 1.70000000e-05  7.64223927e-01  1.70000000e-05  1.70000000e+00  2.00000000e-01 
 1.71000000e-05  7.72087894e-01  1.71000000e-05  1.70000000e+00  2.00000000e-01 
 1.72000000e-05  7.80249006e-01  1.72000000e-05  1.70000000e+00  2.00000000e-01 
 1.73000000e-05  7.88741167e-01  1.73000000e-05  1.70000000e+00  2.00000000e-01 
 1.74000000e-05  7.97604803e-01  1.74000000e-05  1.70000000e+00  2.00000000e-01 
 1.75000000e-05  8.06888634e-01  1.75000000e-05  1.70000000e+00  2.00000000e-01 
 1.76000000e-05  8.16652071e-01  1.76000000e-05  1.70000000e+00  2.00000000e-01 
 1.77000000e-05  8.26968514e-01  1.77000000e-05  1.70000000e+00  2.00000000e-01 
 1.78000000e-05  8.37929918e-01  1.78000000e-05  1.70000000e+00  2.00000000e-01 
 1.79000000e-05  8.49653223e-01  1.79000000e-05  1.70000000e+00  2.00000000e-01 
 1.80000000e-05  8.62289408e-01  1.80000000e-05  1.70000000e+00  2.00000000e-01 
 1.81000000e-05  8.76036151e-01  1.81000000e-05  1.70000000e+00  2.00000000e-01 
 1.82000000e-05  8.91154680e-01  1.82000000e-05  1.70000000e+00  2.00000000e-01 
 1.83000000e-05  9.09026577e-01  1.83000000e-05  1.70000000e+00  2.00000000e-01 
 1.84000000e-05  9.28268064e-01  1.84000000e-05  1.70000000e+00  2.00000000e-01 
 1.85000000e-05  9.50073107e-01  1.85000000e-05  1.70000000e+00  2.00000000e-01 
 1.86000000e-05  9.74324472e-01  1.86000000e-05  1.70000000e+00  2.00000000e-01 
 1.87000000e-05  9.99564327e-01  1.87000000e-05  1.70000000e+00  2.00000000e-01 
 1.88000000e-05  1.02303522e+00  1.88000000e-05  1.70000000e+00  2.00000000e-01 
 1.89000000e-05  1.04275688e+00  1.89000000e-05  1.70000000e+00  2.00000000e-01 
 1.90000000e-05  1.05862321e+00  1.90000000e-05  1.70000000e+00  2.00000000e-01 
 1.91000000e-05  1.07145042e+00  1.91000000e-05  1.70000000e+00  2.00000000e-01 
 1.92000000e-05  1.08303984e+00  1.92000000e-05  1.70000000e+00  2.00000000e-01 
 1.93000000e-05  1.09161607e+00  1.93000000e-05  1.70000000e+00  2.00000000e-01 
 1.94000000e-05  1.09929371e+00  1.94000000e-05  1.70000000e+00  2.00000000e-01 
 1.95000000e-05  1.10605222e+00  1.95000000e-05  1.70000000e+00  2.00000000e-01 
 1.96000000e-05  1.11212031e+00  1.96000000e-05  1.70000000e+00  2.00000000e-01 
 1.97000000e-05  1.11762861e+00  1.97000000e-05  1.70000000e+00  2.00000000e-01 
 1.98000000e-05  1.12267853e+00  1.98000000e-05  1.70000000e+00  2.00000000e-01 
 1.99000000e-05  1.12734654e+00  1.99000000e-05  1.70000000e+00  2.00000000e-01 
 2.00000000e-05  1.13169190e+00  2.00000000e-05  1.70000000e+00  2.00000000e-01 
 2.01000000e-05  1.13576133e+00  2.01000000e-05  1.70000000e+00  2.00000000e-01 
 2.02000000e-05  1.13959223e+00  2.02000000e-05  1.70000000e+00  2.00000000e-01 
 2.03000000e-05  1.14321496e+00  2.03000000e-05  1.70000000e+00  2.00000000e-01 
 2.04000000e-05  1.14665448e+00  2.04000000e-05  1.70000000e+00  2.00000000e-01 
 2.05000000e-05  1.14993154e+00  2.05000000e-05  1.70000000e+00  2.00000000e-01 
 2.06000000e-05  1.15306357e+00  2.06000000e-05  1.70000000e+00  2.00000000e-01 
 2.07000000e-05  1.15606532e+00  2.07000000e-05  1.70000000e+00  2.00000000e-01 
 2.08000000e-05  1.15894942e+00  2.08000000e-05  1.70000000e+00  2.00000000e-01 
 2.09000000e-05  1.16172672e+00  2.09000000e-05  1.70000000e+00  2.00000000e-01 
 2.10000000e-05  1.16440665e+00  2.10000000e-05  1.70000000e+00  2.00000000e-01 
 2.11000000e-05  1.16699741e+00  2.11000000e-05  1.70000000e+00  2.00000000e-01 
 2.12000000e-05  1.16950621e+00  2.12000000e-05  1.70000000e+00  2.00000000e-01 
 2.13000000e-05  1.17193941e+00  2.13000000e-05  1.70000000e+00  2.00000000e-01 
 2.14000000e-05  1.17430263e+00  2.14000000e-05  1.70000000e+00  2.00000000e-01 
 2.15000000e-05  1.17660091e+00  2.15000000e-05  1.70000000e+00  2.00000000e-01 
 2.16000000e-05  1.17883872e+00  2.16000000e-05  1.70000000e+00  2.00000000e-01 
 2.17000000e-05  1.18102011e+00  2.17000000e-05  1.70000000e+00  2.00000000e-01 
 2.18000000e-05  1.18314869e+00  2.18000000e-05  1.70000000e+00  2.00000000e-01 
 2.19000000e-05  1.18522776e+00  2.19000000e-05  1.70000000e+00  2.00000000e-01 
 2.20000000e-05  1.18726030e+00  2.20000000e-05  1.70000000e+00  2.00000000e-01 
 2.21000000e-05  1.18924903e+00  2.21000000e-05  1.70000000e+00  2.00000000e-01 
 2.22000000e-05  1.19119641e+00  2.22000000e-05  1.70000000e+00  2.00000000e-01 
 2.23000000e-05  1.19310472e+00  2.23000000e-05  1.70000000e+00  2.00000000e-01 
 2.24000000e-05  1.19497603e+00  2.24000000e-05  1.70000000e+00  2.00000000e-01 
 2.25000000e-05  1.19681227e+00  2.25000000e-05  1.70000000e+00  2.00000000e-01 
 2.26000000e-05  1.19861519e+00  2.26000000e-05  1.70000000e+00  2.00000000e-01 
 2.27000000e-05  1.20038644e+00  2.27000000e-05  1.70000000e+00  2.00000000e-01 
 2.28000000e-05  1.20212750e+00  2.28000000e-05  1.70000000e+00  2.00000000e-01 
 2.29000000e-05  1.20383980e+00  2.29000000e-05  1.70000000e+00  2.00000000e-01 
 2.30000000e-05  1.20552463e+00  2.30000000e-05  1.70000000e+00  2.00000000e-01 
 2.31000000e-05  1.20718320e+00  2.31000000e-05  1.70000000e+00  2.00000000e-01 
 2.32000000e-05  1.20881665e+00  2.32000000e-05  1.70000000e+00  2.00000000e-01 
 2.33000000e-05  1.21042602e+00  2.33000000e-05  1.70000000e+00  2.00000000e-01 
 2.34000000e-05  1.21201232e+00  2.34000000e-05  1.70000000e+00  2.00000000e-01 
 2.35000000e-05  1.21357646e+00  2.35000000e-05  1.70000000e+00  2.00000000e-01 
 2.36000000e-05  1.21511932e+00  2.36000000e-05  1.70000000e+00  2.00000000e-01 
 2.37000000e-05  1.21664171e+00  2.37000000e-05  1.70000000e+00  2.00000000e-01 
 2.38000000e-05  1.21814441e+00  2.38000000e-05  1.70000000e+00  2.00000000e-01 
 2.39000000e-05  1.21962813e+00  2.39000000e-05  1.70000000e+00  2.00000000e-01 
 2.40000000e-05  1.22109356e+00  2.40000000e-05  1.70000000e+00  2.00000000e-01 
 2.41000000e-05  1.22254135e+00  2.41000000e-05  1.70000000e+00  2.00000000e-01 
 2.42000000e-05  1.22397210e+00  2.42000000e-05  1.70000000e+00  2.00000000e-01 
 2.43000000e-05  1.22538640e+00  2.43000000e-05  1.70000000e+00  2.00000000e-01 
 2.44000000e-05  1.22678479e+00  2.44000000e-05  1.70000000e+00  2.00000000e-01 
 2.45000000e-05  1.22816779e+00  2.45000000e-05  1.70000000e+00  2.00000000e-01 
 2.46000000e-05  1.22953589e+00  2.46000000e-05  1.70000000e+00  2.00000000e-01 
 2.47000000e-05  1.23088956e+00  2.47000000e-05  1.70000000e+00  2.00000000e-01 
 2.48000000e-05  1.23222925e+00  2.48000000e-05  1.70000000e+00  2.00000000e-01 
 2.49000000e-05  1.23355537e+00  2.49000000e-05  1.70000000e+00  2.00000000e-01 
 2.50000000e-05  1.23486834e+00  2.50000000e-05  1.70000000e+00  2.00000000e-01 
 2.51000000e-05  1.23616854e+00  2.51000000e-05  1.70000000e+00  2.00000000e-01 
 2.52000000e-05  1.23745634e+00  2.52000000e-05  1.70000000e+00  2.00000000e-01 
 2.53000000e-05  1.23873208e+00  2.53000000e-05  1.70000000e+00  2.00000000e-01 
 2.54000000e-05  1.23999610e+00  2.54000000e-05  1.70000000e+00  2.00000000e-01 
 2.55000000e-05  1.24124873e+00  2.55000000e-05  1.70000000e+00  2.00000000e-01 
 2.56000000e-05  1.24249026e+00  2.56000000e-05  1.70000000e+00  2.00000000e-01 
 2.57000000e-05  1.24372100e+00  2.57000000e-05  1.70000000e+00  2.00000000e-01 
 2.58000000e-05  1.24494122e+00  2.58000000e-05  1.70000000e+00  2.00000000e-01 
 2.59000000e-05  1.24615120e+00  2.59000000e-05  1.70000000e+00  2.00000000e-01 
 2.60000000e-05  1.24735119e+00  2.60000000e-05  1.70000000e+00  2.00000000e-01 
 2.61000000e-05  1.24854145e+00  2.61000000e-05  1.70000000e+00  2.00000000e-01 
 2.62000000e-05  1.24972220e+00  2.62000000e-05  1.70000000e+00  2.00000000e-01 
 2.63000000e-05  1.25089369e+00  2.63000000e-05  1.70000000e+00  2.00000000e-01 
 2.64000000e-05  1.25205613e+00  2.64000000e-05  1.70000000e+00  2.00000000e-01 
 2.65000000e-05  1.25320973e+00  2.65000000e-05  1.70000000e+00  2.00000000e-01 
 2.66000000e-05  1.25435471e+00  2.66000000e-05  1.70000000e+00  2.00000000e-01 
 2.67000000e-05  1.25549124e+00  2.67000000e-05  1.70000000e+00  2.00000000e-01 
 2.68000000e-05  1.25661954e+00  2.68000000e-05  1.70000000e+00  2.00000000e-01 
 2.69000000e-05  1.25773977e+00  2.69000000e-05  1.70000000e+00  2.00000000e-01 
 2.70000000e-05  1.25885212e+00  2.70000000e-05  1.70000000e+00  2.00000000e-01 
 2.71000000e-05  1.25995676e+00  2.71000000e-05  1.70000000e+00  2.00000000e-01 
 2.72000000e-05  1.26105384e+00  2.72000000e-05  1.70000000e+00  2.00000000e-01 
 2.73000000e-05  1.26214354e+00  2.73000000e-05  1.70000000e+00  2.00000000e-01 
 2.74000000e-05  1.26322600e+00  2.74000000e-05  1.70000000e+00  2.00000000e-01 
 2.75000000e-05  1.26430137e+00  2.75000000e-05  1.70000000e+00  2.00000000e-01 
 2.76000000e-05  1.26536980e+00  2.76000000e-05  1.70000000e+00  2.00000000e-01 
 2.77000000e-05  1.26643142e+00  2.77000000e-05  1.70000000e+00  2.00000000e-01 
 2.78000000e-05  1.26748637e+00  2.78000000e-05  1.70000000e+00  2.00000000e-01 
 2.79000000e-05  1.26853477e+00  2.79000000e-05  1.70000000e+00  2.00000000e-01 
 2.80000000e-05  1.26957677e+00  2.80000000e-05  1.70000000e+00  2.00000000e-01 
 2.81000000e-05  1.27061247e+00  2.81000000e-05  1.70000000e+00  2.00000000e-01 
 2.82000000e-05  1.27164200e+00  2.82000000e-05  1.70000000e+00  2.00000000e-01 
 2.83000000e-05  1.27266547e+00  2.83000000e-05  1.70000000e+00  2.00000000e-01 
 2.84000000e-05  1.27368299e+00  2.84000000e-05  1.70000000e+00  2.00000000e-01 
 2.85000000e-05  1.27469467e+00  2.85000000e-05  1.70000000e+00  2.00000000e-01 
 2.86000000e-05  1.27570062e+00  2.86000000e-05  1.70000000e+00  2.00000000e-01 
 2.87000000e-05  1.27670093e+00  2.87000000e-05  1.70000000e+00  2.00000000e-01 
 2.88000000e-05  1.27769571e+00  2.88000000e-05  1.70000000e+00  2.00000000e-01 
 2.89000000e-05  1.27868506e+00  2.89000000e-05  1.70000000e+00  2.00000000e-01 
 2.90000000e-05  1.27966906e+00  2.90000000e-05  1.70000000e+00  2.00000000e-01 
 2.91000000e-05  1.28064780e+00  2.91000000e-05  1.70000000e+00  2.00000000e-01 
 2.92000000e-05  1.28162139e+00  2.92000000e-05  1.70000000e+00  2.00000000e-01 
 2.93000000e-05  1.28258989e+00  2.93000000e-05  1.70000000e+00  2.00000000e-01 
 2.94000000e-05  1.28355340e+00  2.94000000e-05  1.70000000e+00  2.00000000e-01 
 2.95000000e-05  1.28451199e+00  2.95000000e-05  1.70000000e+00  2.00000000e-01 
 2.96000000e-05  1.28546576e+00  2.96000000e-05  1.70000000e+00  2.00000000e-01 
 2.97000000e-05  1.28641476e+00  2.97000000e-05  1.70000000e+00  2.00000000e-01 
 2.98000000e-05  1.28735908e+00  2.98000000e-05  1.70000000e+00  2.00000000e-01 
 2.99000000e-05  1.28829880e+00  2.99000000e-05  1.70000000e+00  2.00000000e-01 
 3.00000000e-05  1.28923397e+00  3.00000000e-05  1.70000000e+00  2.00000000e-01 
