 i-sweep         v(vout)         i(viin)         v(vgate)        v(vmid)        
 0.00000000e+00  2.85910233e-08  0.00000000e+00  1.80000000e+00  0.00000000e+00 
 1.00000000e-07  1.58754807e-03  1.00000000e-07  1.80000000e+00  0.00000000e+00 
 2.00000000e-07  3.17786607e-03  2.00000000e-07  1.80000000e+00  0.00000000e+00 
 3.00000000e-07  4.76979014e-03  3.00000000e-07  1.80000000e+00  0.00000000e+00 
 4.00000000e-07  6.36508357e-03  4.00000000e-07  1.80000000e+00  0.00000000e+00 
 5.00000000e-07  7.96288026e-03  5.00000000e-07  1.80000000e+00  0.00000000e+00 
 6.00000000e-07  9.56319031e-03  6.00000000e-07  1.80000000e+00  0.00000000e+00 
 7.00000000e-07  1.11660253e-02  7.00000000e-07  1.80000000e+00  0.00000000e+00 
 8.00000000e-07  1.27713968e-02  8.00000000e-07  1.80000000e+00  0.00000000e+00 
 9.00000000e-07  1.43793167e-02  9.00000000e-07  1.80000000e+00  0.00000000e+00 
 1.00000000e-06  1.59897968e-02  1.00000000e-06  1.80000000e+00  0.00000000e+00 
 1.10000000e-06  1.76028489e-02  1.10000000e-06  1.80000000e+00  0.00000000e+00 
 1.20000000e-06  1.92184852e-02  1.20000000e-06  1.80000000e+00  0.00000000e+00 
 1.30000000e-06  2.08367178e-02  1.30000000e-06  1.80000000e+00  0.00000000e+00 
 1.40000000e-06  2.24575588e-02  1.40000000e-06  1.80000000e+00  0.00000000e+00 
 1.50000000e-06  2.40810207e-02  1.50000000e-06  1.80000000e+00  0.00000000e+00 
 1.60000000e-06  2.57071157e-02  1.60000000e-06  1.80000000e+00  0.00000000e+00 
 1.70000000e-06  2.73358564e-02  1.70000000e-06  1.80000000e+00  0.00000000e+00 
 1.80000000e-06  2.89672554e-02  1.80000000e-06  1.80000000e+00  0.00000000e+00 
 1.90000000e-06  3.06013254e-02  1.90000000e-06  1.80000000e+00  0.00000000e+00 
 2.00000000e-06  3.22380792e-02  2.00000000e-06  1.80000000e+00  0.00000000e+00 
 2.10000000e-06  3.38775298e-02  2.10000000e-06  1.80000000e+00  0.00000000e+00 
 2.20000000e-06  3.55196901e-02  2.20000000e-06  1.80000000e+00  0.00000000e+00 
 2.30000000e-06  3.71645732e-02  2.30000000e-06  1.80000000e+00  0.00000000e+00 
 2.40000000e-06  3.88121925e-02  2.40000000e-06  1.80000000e+00  0.00000000e+00 
 2.50000000e-06  4.04625611e-02  2.50000000e-06  1.80000000e+00  0.00000000e+00 
 2.60000000e-06  4.21156926e-02  2.60000000e-06  1.80000000e+00  0.00000000e+00 
 2.70000000e-06  4.37716005e-02  2.70000000e-06  1.80000000e+00  0.00000000e+00 
 2.80000000e-06  4.54302985e-02  2.80000000e-06  1.80000000e+00  0.00000000e+00 
 2.90000000e-06  4.70918003e-02  2.90000000e-06  1.80000000e+00  0.00000000e+00 
 3.00000000e-06  4.87561199e-02  3.00000000e-06  1.80000000e+00  0.00000000e+00 
 3.10000000e-06  5.04232712e-02  3.10000000e-06  1.80000000e+00  0.00000000e+00 
 3.20000000e-06  5.20932683e-02  3.20000000e-06  1.80000000e+00  0.00000000e+00 
 3.30000000e-06  5.37661255e-02  3.30000000e-06  1.80000000e+00  0.00000000e+00 
 3.40000000e-06  5.54418571e-02  3.40000000e-06  1.80000000e+00  0.00000000e+00 
 3.50000000e-06  5.71204777e-02  3.50000000e-06  1.80000000e+00  0.00000000e+00 
 3.60000000e-06  5.88020017e-02  3.60000000e-06  1.80000000e+00  0.00000000e+00 
 3.70000000e-06  6.04864441e-02  3.70000000e-06  1.80000000e+00  0.00000000e+00 
 3.80000000e-06  6.21738194e-02  3.80000000e-06  1.80000000e+00  0.00000000e+00 
 3.90000000e-06  6.38641429e-02  3.90000000e-06  1.80000000e+00  0.00000000e+00 
 4.00000000e-06  6.55574294e-02  4.00000000e-06  1.80000000e+00  0.00000000e+00 
 4.10000000e-06  6.72536944e-02  4.10000000e-06  1.80000000e+00  0.00000000e+00 
 4.20000000e-06  6.89529530e-02  4.20000000e-06  1.80000000e+00  0.00000000e+00 
 4.30000000e-06  7.06552210e-02  4.30000000e-06  1.80000000e+00  0.00000000e+00 
 4.40000000e-06  7.23605137e-02  4.40000000e-06  1.80000000e+00  0.00000000e+00 
 4.50000000e-06  7.40688471e-02  4.50000000e-06  1.80000000e+00  0.00000000e+00 
 4.60000000e-06  7.57802369e-02  4.60000000e-06  1.80000000e+00  0.00000000e+00 
 4.70000000e-06  7.74946994e-02  4.70000000e-06  1.80000000e+00  0.00000000e+00 
 4.80000000e-06  7.92122505e-02  4.80000000e-06  1.80000000e+00  0.00000000e+00 
 4.90000000e-06  8.09329067e-02  4.90000000e-06  1.80000000e+00  0.00000000e+00 
 5.00000000e-06  8.26566844e-02  5.00000000e-06  1.80000000e+00  0.00000000e+00 
 5.10000000e-06  8.43836002e-02  5.10000000e-06  1.80000000e+00  0.00000000e+00 
 5.20000000e-06  8.61136709e-02  5.20000000e-06  1.80000000e+00  0.00000000e+00 
 5.30000000e-06  8.78469134e-02  5.30000000e-06  1.80000000e+00  0.00000000e+00 
 5.40000000e-06  8.95833447e-02  5.40000000e-06  1.80000000e+00  0.00000000e+00 
 5.50000000e-06  9.13229820e-02  5.50000000e-06  1.80000000e+00  0.00000000e+00 
 5.60000000e-06  9.30658428e-02  5.60000000e-06  1.80000000e+00  0.00000000e+00 
 5.70000000e-06  9.48119445e-02  5.70000000e-06  1.80000000e+00  0.00000000e+00 
 5.80000000e-06  9.65613049e-02  5.80000000e-06  1.80000000e+00  0.00000000e+00 
 5.90000000e-06  9.83139417e-02  5.90000000e-06  1.80000000e+00  0.00000000e+00 
 6.00000000e-06  1.00069873e-01  6.00000000e-06  1.80000000e+00  0.00000000e+00 
 6.10000000e-06  1.01829117e-01  6.10000000e-06  1.80000000e+00  0.00000000e+00 
 6.20000000e-06  1.03591692e-01  6.20000000e-06  1.80000000e+00  0.00000000e+00 
 6.30000000e-06  1.05357616e-01  6.30000000e-06  1.80000000e+00  0.00000000e+00 
 6.40000000e-06  1.07126909e-01  6.40000000e-06  1.80000000e+00  0.00000000e+00 
 6.50000000e-06  1.08899589e-01  6.50000000e-06  1.80000000e+00  0.00000000e+00 
 6.60000000e-06  1.10675675e-01  6.60000000e-06  1.80000000e+00  0.00000000e+00 
 6.70000000e-06  1.12455186e-01  6.70000000e-06  1.80000000e+00  0.00000000e+00 
 6.80000000e-06  1.14238141e-01  6.80000000e-06  1.80000000e+00  0.00000000e+00 
 6.90000000e-06  1.16024561e-01  6.90000000e-06  1.80000000e+00  0.00000000e+00 
 7.00000000e-06  1.17814465e-01  7.00000000e-06  1.80000000e+00  0.00000000e+00 
 7.10000000e-06  1.19607874e-01  7.10000000e-06  1.80000000e+00  0.00000000e+00 
 7.20000000e-06  1.21404806e-01  7.20000000e-06  1.80000000e+00  0.00000000e+00 
 7.30000000e-06  1.23205282e-01  7.30000000e-06  1.80000000e+00  0.00000000e+00 
 7.40000000e-06  1.25009324e-01  7.40000000e-06  1.80000000e+00  0.00000000e+00 
 7.50000000e-06  1.26816951e-01  7.50000000e-06  1.80000000e+00  0.00000000e+00 
 7.60000000e-06  1.28628185e-01  7.60000000e-06  1.80000000e+00  0.00000000e+00 
 7.70000000e-06  1.30443047e-01  7.70000000e-06  1.80000000e+00  0.00000000e+00 
 7.80000000e-06  1.32261558e-01  7.80000000e-06  1.80000000e+00  0.00000000e+00 
 7.90000000e-06  1.34083740e-01  7.90000000e-06  1.80000000e+00  0.00000000e+00 
 8.00000000e-06  1.35909614e-01  8.00000000e-06  1.80000000e+00  0.00000000e+00 
 8.10000000e-06  1.37739202e-01  8.10000000e-06  1.80000000e+00  0.00000000e+00 
 8.20000000e-06  1.39572527e-01  8.20000000e-06  1.80000000e+00  0.00000000e+00 
 8.30000000e-06  1.41409612e-01  8.30000000e-06  1.80000000e+00  0.00000000e+00 
 8.40000000e-06  1.43250478e-01  8.40000000e-06  1.80000000e+00  0.00000000e+00 
 8.50000000e-06  1.45095148e-01  8.50000000e-06  1.80000000e+00  0.00000000e+00 
 8.60000000e-06  1.46943646e-01  8.60000000e-06  1.80000000e+00  0.00000000e+00 
 8.70000000e-06  1.48795996e-01  8.70000000e-06  1.80000000e+00  0.00000000e+00 
 8.80000000e-06  1.50652220e-01  8.80000000e-06  1.80000000e+00  0.00000000e+00 
 8.90000000e-06  1.52512342e-01  8.90000000e-06  1.80000000e+00  0.00000000e+00 
 9.00000000e-06  1.54376387e-01  9.00000000e-06  1.80000000e+00  0.00000000e+00 
 9.10000000e-06  1.56244379e-01  9.10000000e-06  1.80000000e+00  0.00000000e+00 
 9.20000000e-06  1.58116342e-01  9.20000000e-06  1.80000000e+00  0.00000000e+00 
 9.30000000e-06  1.59992301e-01  9.30000000e-06  1.80000000e+00  0.00000000e+00 
 9.40000000e-06  1.61872282e-01  9.40000000e-06  1.80000000e+00  0.00000000e+00 
 9.50000000e-06  1.63756309e-01  9.50000000e-06  1.80000000e+00  0.00000000e+00 
 9.60000000e-06  1.65644409e-01  9.60000000e-06  1.80000000e+00  0.00000000e+00 
 9.70000000e-06  1.67536606e-01  9.70000000e-06  1.80000000e+00  0.00000000e+00 
 9.80000000e-06  1.69432929e-01  9.80000000e-06  1.80000000e+00  0.00000000e+00 
 9.90000000e-06  1.71333401e-01  9.90000000e-06  1.80000000e+00  0.00000000e+00 
 1.00000000e-05  1.73238052e-01  1.00000000e-05  1.80000000e+00  0.00000000e+00 
 1.01000000e-05  1.75146907e-01  1.01000000e-05  1.80000000e+00  0.00000000e+00 
 1.02000000e-05  1.77059993e-01  1.02000000e-05  1.80000000e+00  0.00000000e+00 
 1.03000000e-05  1.78977339e-01  1.03000000e-05  1.80000000e+00  0.00000000e+00 
 1.04000000e-05  1.80898973e-01  1.04000000e-05  1.80000000e+00  0.00000000e+00 
 1.05000000e-05  1.82824921e-01  1.05000000e-05  1.80000000e+00  0.00000000e+00 
 1.06000000e-05  1.84755214e-01  1.06000000e-05  1.80000000e+00  0.00000000e+00 
 1.07000000e-05  1.86689880e-01  1.07000000e-05  1.80000000e+00  0.00000000e+00 
 1.08000000e-05  1.88628948e-01  1.08000000e-05  1.80000000e+00  0.00000000e+00 
 1.09000000e-05  1.90572447e-01  1.09000000e-05  1.80000000e+00  0.00000000e+00 
 1.10000000e-05  1.92520407e-01  1.10000000e-05  1.80000000e+00  0.00000000e+00 
 1.11000000e-05  1.94472859e-01  1.11000000e-05  1.80000000e+00  0.00000000e+00 
 1.12000000e-05  1.96429833e-01  1.12000000e-05  1.80000000e+00  0.00000000e+00 
 1.13000000e-05  1.98391360e-01  1.13000000e-05  1.80000000e+00  0.00000000e+00 
 1.14000000e-05  2.00357471e-01  1.14000000e-05  1.80000000e+00  0.00000000e+00 
 1.15000000e-05  2.02328197e-01  1.15000000e-05  1.80000000e+00  0.00000000e+00 
 1.16000000e-05  2.04303570e-01  1.16000000e-05  1.80000000e+00  0.00000000e+00 
 1.17000000e-05  2.06283623e-01  1.17000000e-05  1.80000000e+00  0.00000000e+00 
 1.18000000e-05  2.08268389e-01  1.18000000e-05  1.80000000e+00  0.00000000e+00 
 1.19000000e-05  2.10257900e-01  1.19000000e-05  1.80000000e+00  0.00000000e+00 
 1.20000000e-05  2.12252189e-01  1.20000000e-05  1.80000000e+00  0.00000000e+00 
 1.21000000e-05  2.14251291e-01  1.21000000e-05  1.80000000e+00  0.00000000e+00 
 1.22000000e-05  2.16255240e-01  1.22000000e-05  1.80000000e+00  0.00000000e+00 
 1.23000000e-05  2.18264070e-01  1.23000000e-05  1.80000000e+00  0.00000000e+00 
 1.24000000e-05  2.20277817e-01  1.24000000e-05  1.80000000e+00  0.00000000e+00 
 1.25000000e-05  2.22296516e-01  1.25000000e-05  1.80000000e+00  0.00000000e+00 
 1.26000000e-05  2.24320202e-01  1.26000000e-05  1.80000000e+00  0.00000000e+00 
 1.27000000e-05  2.26348912e-01  1.27000000e-05  1.80000000e+00  0.00000000e+00 
 1.28000000e-05  2.28382684e-01  1.28000000e-05  1.80000000e+00  0.00000000e+00 
 1.29000000e-05  2.30421553e-01  1.29000000e-05  1.80000000e+00  0.00000000e+00 
 1.30000000e-05  2.32465558e-01  1.30000000e-05  1.80000000e+00  0.00000000e+00 
 1.31000000e-05  2.34514737e-01  1.31000000e-05  1.80000000e+00  0.00000000e+00 
 1.32000000e-05  2.36569128e-01  1.32000000e-05  1.80000000e+00  0.00000000e+00 
 1.33000000e-05  2.38628771e-01  1.33000000e-05  1.80000000e+00  0.00000000e+00 
 1.34000000e-05  2.40693705e-01  1.34000000e-05  1.80000000e+00  0.00000000e+00 
 1.35000000e-05  2.42763970e-01  1.35000000e-05  1.80000000e+00  0.00000000e+00 
 1.36000000e-05  2.44839607e-01  1.36000000e-05  1.80000000e+00  0.00000000e+00 
 1.37000000e-05  2.46920656e-01  1.37000000e-05  1.80000000e+00  0.00000000e+00 
 1.38000000e-05  2.49007161e-01  1.38000000e-05  1.80000000e+00  0.00000000e+00 
 1.39000000e-05  2.51099161e-01  1.39000000e-05  1.80000000e+00  0.00000000e+00 
 1.40000000e-05  2.53196702e-01  1.40000000e-05  1.80000000e+00  0.00000000e+00 
 1.41000000e-05  2.55299825e-01  1.41000000e-05  1.80000000e+00  0.00000000e+00 
 1.42000000e-05  2.57408574e-01  1.42000000e-05  1.80000000e+00  0.00000000e+00 
 1.43000000e-05  2.59522995e-01  1.43000000e-05  1.80000000e+00  0.00000000e+00 
 1.44000000e-05  2.61643131e-01  1.44000000e-05  1.80000000e+00  0.00000000e+00 
 1.45000000e-05  2.63769029e-01  1.45000000e-05  1.80000000e+00  0.00000000e+00 
 1.46000000e-05  2.65900734e-01  1.46000000e-05  1.80000000e+00  0.00000000e+00 
 1.47000000e-05  2.68038294e-01  1.47000000e-05  1.80000000e+00  0.00000000e+00 
 1.48000000e-05  2.70181756e-01  1.48000000e-05  1.80000000e+00  0.00000000e+00 
 1.49000000e-05  2.72331168e-01  1.49000000e-05  1.80000000e+00  0.00000000e+00 
 1.50000000e-05  2.74486579e-01  1.50000000e-05  1.80000000e+00  0.00000000e+00 
 1.51000000e-05  2.76648038e-01  1.51000000e-05  1.80000000e+00  0.00000000e+00 
 1.52000000e-05  2.78815596e-01  1.52000000e-05  1.80000000e+00  0.00000000e+00 
 1.53000000e-05  2.80989303e-01  1.53000000e-05  1.80000000e+00  0.00000000e+00 
 1.54000000e-05  2.83169210e-01  1.54000000e-05  1.80000000e+00  0.00000000e+00 
 1.55000000e-05  2.85355371e-01  1.55000000e-05  1.80000000e+00  0.00000000e+00 
 1.56000000e-05  2.87547837e-01  1.56000000e-05  1.80000000e+00  0.00000000e+00 
 1.57000000e-05  2.89746663e-01  1.57000000e-05  1.80000000e+00  0.00000000e+00 
 1.58000000e-05  2.91951904e-01  1.58000000e-05  1.80000000e+00  0.00000000e+00 
 1.59000000e-05  2.94163613e-01  1.59000000e-05  1.80000000e+00  0.00000000e+00 
 1.60000000e-05  2.96381848e-01  1.60000000e-05  1.80000000e+00  0.00000000e+00 
 1.61000000e-05  2.98606666e-01  1.61000000e-05  1.80000000e+00  0.00000000e+00 
 1.62000000e-05  3.00838124e-01  1.62000000e-05  1.80000000e+00  0.00000000e+00 
 1.63000000e-05  3.03076280e-01  1.63000000e-05  1.80000000e+00  0.00000000e+00 
 1.64000000e-05  3.05321195e-01  1.64000000e-05  1.80000000e+00  0.00000000e+00 
 1.65000000e-05  3.07572928e-01  1.65000000e-05  1.80000000e+00  0.00000000e+00 
 1.66000000e-05  3.09831540e-01  1.66000000e-05  1.80000000e+00  0.00000000e+00 
 1.67000000e-05  3.12097095e-01  1.67000000e-05  1.80000000e+00  0.00000000e+00 
 1.68000000e-05  3.14369654e-01  1.68000000e-05  1.80000000e+00  0.00000000e+00 
 1.69000000e-05  3.16649283e-01  1.69000000e-05  1.80000000e+00  0.00000000e+00 
 1.70000000e-05  3.18936045e-01  1.70000000e-05  1.80000000e+00  0.00000000e+00 
 1.71000000e-05  3.21230007e-01  1.71000000e-05  1.80000000e+00  0.00000000e+00 
 1.72000000e-05  3.23531236e-01  1.72000000e-05  1.80000000e+00  0.00000000e+00 
 1.73000000e-05  3.25839801e-01  1.73000000e-05  1.80000000e+00  0.00000000e+00 
 1.74000000e-05  3.28155770e-01  1.74000000e-05  1.80000000e+00  0.00000000e+00 
 1.75000000e-05  3.30479213e-01  1.75000000e-05  1.80000000e+00  0.00000000e+00 
 1.76000000e-05  3.32810203e-01  1.76000000e-05  1.80000000e+00  0.00000000e+00 
 1.77000000e-05  3.35148811e-01  1.77000000e-05  1.80000000e+00  0.00000000e+00 
 1.78000000e-05  3.37495111e-01  1.78000000e-05  1.80000000e+00  0.00000000e+00 
 1.79000000e-05  3.39849178e-01  1.79000000e-05  1.80000000e+00  0.00000000e+00 
 1.80000000e-05  3.42211089e-01  1.80000000e-05  1.80000000e+00  0.00000000e+00 
 1.81000000e-05  3.44580920e-01  1.81000000e-05  1.80000000e+00  0.00000000e+00 
 1.82000000e-05  3.46958750e-01  1.82000000e-05  1.80000000e+00  0.00000000e+00 
 1.83000000e-05  3.49344660e-01  1.83000000e-05  1.80000000e+00  0.00000000e+00 
 1.84000000e-05  3.51738729e-01  1.84000000e-05  1.80000000e+00  0.00000000e+00 
 1.85000000e-05  3.54141043e-01  1.85000000e-05  1.80000000e+00  0.00000000e+00 
 1.86000000e-05  3.56551683e-01  1.86000000e-05  1.80000000e+00  0.00000000e+00 
 1.87000000e-05  3.58970736e-01  1.87000000e-05  1.80000000e+00  0.00000000e+00 
 1.88000000e-05  3.61398289e-01  1.88000000e-05  1.80000000e+00  0.00000000e+00 
 1.89000000e-05  3.63834430e-01  1.89000000e-05  1.80000000e+00  0.00000000e+00 
 1.90000000e-05  3.66279249e-01  1.90000000e-05  1.80000000e+00  0.00000000e+00 
 1.91000000e-05  3.68732838e-01  1.91000000e-05  1.80000000e+00  0.00000000e+00 
 1.92000000e-05  3.71195290e-01  1.92000000e-05  1.80000000e+00  0.00000000e+00 
 1.93000000e-05  3.73666700e-01  1.93000000e-05  1.80000000e+00  0.00000000e+00 
 1.94000000e-05  3.76147165e-01  1.94000000e-05  1.80000000e+00  0.00000000e+00 
 1.95000000e-05  3.78636783e-01  1.95000000e-05  1.80000000e+00  0.00000000e+00 
 1.96000000e-05  3.81135654e-01  1.96000000e-05  1.80000000e+00  0.00000000e+00 
 1.97000000e-05  3.83643881e-01  1.97000000e-05  1.80000000e+00  0.00000000e+00 
 1.98000000e-05  3.86161566e-01  1.98000000e-05  1.80000000e+00  0.00000000e+00 
 1.99000000e-05  3.88688816e-01  1.99000000e-05  1.80000000e+00  0.00000000e+00 
 2.00000000e-05  3.91225739e-01  2.00000000e-05  1.80000000e+00  0.00000000e+00 
 2.01000000e-05  3.93772444e-01  2.01000000e-05  1.80000000e+00  0.00000000e+00 
 2.02000000e-05  3.96329044e-01  2.02000000e-05  1.80000000e+00  0.00000000e+00 
 2.03000000e-05  3.98895653e-01  2.03000000e-05  1.80000000e+00  0.00000000e+00 
 2.04000000e-05  4.01472386e-01  2.04000000e-05  1.80000000e+00  0.00000000e+00 
 2.05000000e-05  4.04059363e-01  2.05000000e-05  1.80000000e+00  0.00000000e+00 
 2.06000000e-05  4.06656704e-01  2.06000000e-05  1.80000000e+00  0.00000000e+00 
 2.07000000e-05  4.09264533e-01  2.07000000e-05  1.80000000e+00  0.00000000e+00 
 2.08000000e-05  4.11882976e-01  2.08000000e-05  1.80000000e+00  0.00000000e+00 
 2.09000000e-05  4.14512160e-01  2.09000000e-05  1.80000000e+00  0.00000000e+00 
 2.10000000e-05  4.17152217e-01  2.10000000e-05  1.80000000e+00  0.00000000e+00 
 2.11000000e-05  4.19803280e-01  2.11000000e-05  1.80000000e+00  0.00000000e+00 
 2.12000000e-05  4.22465486e-01  2.12000000e-05  1.80000000e+00  0.00000000e+00 
 2.13000000e-05  4.25138973e-01  2.13000000e-05  1.80000000e+00  0.00000000e+00 
 2.14000000e-05  4.27823885e-01  2.14000000e-05  1.80000000e+00  0.00000000e+00 
 2.15000000e-05  4.30520365e-01  2.15000000e-05  1.80000000e+00  0.00000000e+00 
 2.16000000e-05  4.33228563e-01  2.16000000e-05  1.80000000e+00  0.00000000e+00 
 2.17000000e-05  4.35948629e-01  2.17000000e-05  1.80000000e+00  0.00000000e+00 
 2.18000000e-05  4.38680719e-01  2.18000000e-05  1.80000000e+00  0.00000000e+00 
 2.19000000e-05  4.41424990e-01  2.19000000e-05  1.80000000e+00  0.00000000e+00 
 2.20000000e-05  4.44181604e-01  2.20000000e-05  1.80000000e+00  0.00000000e+00 
 2.21000000e-05  4.46950726e-01  2.21000000e-05  1.80000000e+00  0.00000000e+00 
 2.22000000e-05  4.49732525e-01  2.22000000e-05  1.80000000e+00  0.00000000e+00 
 2.23000000e-05  4.52527174e-01  2.23000000e-05  1.80000000e+00  0.00000000e+00 
 2.24000000e-05  4.55334850e-01  2.24000000e-05  1.80000000e+00  0.00000000e+00 
 2.25000000e-05  4.58155733e-01  2.25000000e-05  1.80000000e+00  0.00000000e+00 
 2.26000000e-05  4.60990008e-01  2.26000000e-05  1.80000000e+00  0.00000000e+00 
 2.27000000e-05  4.63837864e-01  2.27000000e-05  1.80000000e+00  0.00000000e+00 
 2.28000000e-05  4.66699496e-01  2.28000000e-05  1.80000000e+00  0.00000000e+00 
 2.29000000e-05  4.69575102e-01  2.29000000e-05  1.80000000e+00  0.00000000e+00 
 2.30000000e-05  4.72464886e-01  2.30000000e-05  1.80000000e+00  0.00000000e+00 
 2.31000000e-05  4.75369055e-01  2.31000000e-05  1.80000000e+00  0.00000000e+00 
 2.32000000e-05  4.78287823e-01  2.32000000e-05  1.80000000e+00  0.00000000e+00 
 2.33000000e-05  4.81221408e-01  2.33000000e-05  1.80000000e+00  0.00000000e+00 
 2.34000000e-05  4.84170036e-01  2.34000000e-05  1.80000000e+00  0.00000000e+00 
 2.35000000e-05  4.87133936e-01  2.35000000e-05  1.80000000e+00  0.00000000e+00 
 2.36000000e-05  4.90113345e-01  2.36000000e-05  1.80000000e+00  0.00000000e+00 
 2.37000000e-05  4.93108503e-01  2.37000000e-05  1.80000000e+00  0.00000000e+00 
 2.38000000e-05  4.96119660e-01  2.38000000e-05  1.80000000e+00  0.00000000e+00 
 2.39000000e-05  4.99147070e-01  2.39000000e-05  1.80000000e+00  0.00000000e+00 
 2.40000000e-05  5.02190996e-01  2.40000000e-05  1.80000000e+00  0.00000000e+00 
 2.41000000e-05  5.05251707e-01  2.41000000e-05  1.80000000e+00  0.00000000e+00 
 2.42000000e-05  5.08329478e-01  2.42000000e-05  1.80000000e+00  0.00000000e+00 
 2.43000000e-05  5.11424595e-01  2.43000000e-05  1.80000000e+00  0.00000000e+00 
 2.44000000e-05  5.14537348e-01  2.44000000e-05  1.80000000e+00  0.00000000e+00 
 2.45000000e-05  5.17668038e-01  2.45000000e-05  1.80000000e+00  0.00000000e+00 
 2.46000000e-05  5.20816975e-01  2.46000000e-05  1.80000000e+00  0.00000000e+00 
 2.47000000e-05  5.23984475e-01  2.47000000e-05  1.80000000e+00  0.00000000e+00 
 2.48000000e-05  5.27170866e-01  2.48000000e-05  1.80000000e+00  0.00000000e+00 
 2.49000000e-05  5.30376486e-01  2.49000000e-05  1.80000000e+00  0.00000000e+00 
 2.50000000e-05  5.33601681e-01  2.50000000e-05  1.80000000e+00  0.00000000e+00 
 2.51000000e-05  5.36846808e-01  2.51000000e-05  1.80000000e+00  0.00000000e+00 
 2.52000000e-05  5.40112237e-01  2.52000000e-05  1.80000000e+00  0.00000000e+00 
 2.53000000e-05  5.43398347e-01  2.53000000e-05  1.80000000e+00  0.00000000e+00 
 2.54000000e-05  5.46705531e-01  2.54000000e-05  1.80000000e+00  0.00000000e+00 
 2.55000000e-05  5.50034193e-01  2.55000000e-05  1.80000000e+00  0.00000000e+00 
 2.56000000e-05  5.53384752e-01  2.56000000e-05  1.80000000e+00  0.00000000e+00 
 2.57000000e-05  5.56757637e-01  2.57000000e-05  1.80000000e+00  0.00000000e+00 
 2.58000000e-05  5.60153297e-01  2.58000000e-05  1.80000000e+00  0.00000000e+00 
 2.59000000e-05  5.63572190e-01  2.59000000e-05  1.80000000e+00  0.00000000e+00 
 2.60000000e-05  5.67014794e-01  2.60000000e-05  1.80000000e+00  0.00000000e+00 
 2.61000000e-05  5.70481603e-01  2.61000000e-05  1.80000000e+00  0.00000000e+00 
 2.62000000e-05  5.73973125e-01  2.62000000e-05  1.80000000e+00  0.00000000e+00 
 2.63000000e-05  5.77489891e-01  2.63000000e-05  1.80000000e+00  0.00000000e+00 
 2.64000000e-05  5.81032448e-01  2.64000000e-05  1.80000000e+00  0.00000000e+00 
 2.65000000e-05  5.84601363e-01  2.65000000e-05  1.80000000e+00  0.00000000e+00 
 2.66000000e-05  5.88197226e-01  2.66000000e-05  1.80000000e+00  0.00000000e+00 
 2.67000000e-05  5.91820647e-01  2.67000000e-05  1.80000000e+00  0.00000000e+00 
 2.68000000e-05  5.95472261e-01  2.68000000e-05  1.80000000e+00  0.00000000e+00 
 2.69000000e-05  5.99152728e-01  2.69000000e-05  1.80000000e+00  0.00000000e+00 
 2.70000000e-05  6.02862732e-01  2.70000000e-05  1.80000000e+00  0.00000000e+00 
 2.71000000e-05  6.06602987e-01  2.71000000e-05  1.80000000e+00  0.00000000e+00 
 2.72000000e-05  6.10374234e-01  2.72000000e-05  1.80000000e+00  0.00000000e+00 
 2.73000000e-05  6.14177245e-01  2.73000000e-05  1.80000000e+00  0.00000000e+00 
 2.74000000e-05  6.18012828e-01  2.74000000e-05  1.80000000e+00  0.00000000e+00 
 2.75000000e-05  6.21881820e-01  2.75000000e-05  1.80000000e+00  0.00000000e+00 
 2.76000000e-05  6.25785098e-01  2.76000000e-05  1.80000000e+00  0.00000000e+00 
 2.77000000e-05  6.29723578e-01  2.77000000e-05  1.80000000e+00  0.00000000e+00 
 2.78000000e-05  6.33698216e-01  2.78000000e-05  1.80000000e+00  0.00000000e+00 
 2.79000000e-05  6.37710012e-01  2.79000000e-05  1.80000000e+00  0.00000000e+00 
 2.80000000e-05  6.41760015e-01  2.80000000e-05  1.80000000e+00  0.00000000e+00 
 2.81000000e-05  6.45849321e-01  2.81000000e-05  1.80000000e+00  0.00000000e+00 
 2.82000000e-05  6.49979082e-01  2.82000000e-05  1.80000000e+00  0.00000000e+00 
 2.83000000e-05  6.54150504e-01  2.83000000e-05  1.80000000e+00  0.00000000e+00 
 2.84000000e-05  6.58364857e-01  2.84000000e-05  1.80000000e+00  0.00000000e+00 
 2.85000000e-05  6.62623475e-01  2.85000000e-05  1.80000000e+00  0.00000000e+00 
 2.86000000e-05  6.66927762e-01  2.86000000e-05  1.80000000e+00  0.00000000e+00 
 2.87000000e-05  6.71279198e-01  2.87000000e-05  1.80000000e+00  0.00000000e+00 
 2.88000000e-05  6.75679343e-01  2.88000000e-05  1.80000000e+00  0.00000000e+00 
 2.89000000e-05  6.80129846e-01  2.89000000e-05  1.80000000e+00  0.00000000e+00 
 2.90000000e-05  6.84632450e-01  2.90000000e-05  1.80000000e+00  0.00000000e+00 
 2.91000000e-05  6.89188998e-01  2.91000000e-05  1.80000000e+00  0.00000000e+00 
 2.92000000e-05  6.93801447e-01  2.92000000e-05  1.80000000e+00  0.00000000e+00 
 2.93000000e-05  6.98471870e-01  2.93000000e-05  1.80000000e+00  0.00000000e+00 
 2.94000000e-05  7.03202473e-01  2.94000000e-05  1.80000000e+00  0.00000000e+00 
 2.95000000e-05  7.07995602e-01  2.95000000e-05  1.80000000e+00  0.00000000e+00 
 2.96000000e-05  7.12853758e-01  2.96000000e-05  1.80000000e+00  0.00000000e+00 
 2.97000000e-05  7.17779611e-01  2.97000000e-05  1.80000000e+00  0.00000000e+00 
 2.98000000e-05  7.22776015e-01  2.98000000e-05  1.80000000e+00  0.00000000e+00 
 2.99000000e-05  7.27846027e-01  2.99000000e-05  1.80000000e+00  0.00000000e+00 
 3.00000000e-05  7.32992927e-01  3.00000000e-05  1.80000000e+00  0.00000000e+00 
