 i-sweep         v(vout)         i(viin)         v(vgate)        v(vmid)        
-6.00000000e-06 -5.02170196e-01 -6.00000000e-06  4.00000000e-01  6.00000000e-01 
-5.90000000e-06 -4.98802144e-01 -5.90000000e-06  4.00000000e-01  6.00000000e-01 
-5.80000000e-06 -4.95408929e-01 -5.80000000e-06  4.00000000e-01  6.00000000e-01 
-5.70000000e-06 -4.91989949e-01 -5.70000000e-06  4.00000000e-01  6.00000000e-01 
-5.60000000e-06 -4.88544572e-01 -5.60000000e-06  4.00000000e-01  6.00000000e-01 
-5.50000000e-06 -4.85072133e-01 -5.50000000e-06  4.00000000e-01  6.00000000e-01 
-5.40000000e-06 -4.81571936e-01 -5.40000000e-06  4.00000000e-01  6.00000000e-01 
-5.30000000e-06 -4.78043246e-01 -5.30000000e-06  4.00000000e-01  6.00000000e-01 
-5.20000000e-06 -4.74485296e-01 -5.20000000e-06  4.00000000e-01  6.00000000e-01 
-5.10000000e-06 -4.70897276e-01 -5.10000000e-06  4.00000000e-01  6.00000000e-01 
-5.00000000e-06 -4.67278338e-01 -5.00000000e-06  4.00000000e-01  6.00000000e-01 
-4.90000000e-06 -4.63627587e-01 -4.90000000e-06  4.00000000e-01  6.00000000e-01 
-4.80000000e-06 -4.59944083e-01 -4.80000000e-06  4.00000000e-01  6.00000000e-01 
-4.70000000e-06 -4.56226836e-01 -4.70000000e-06  4.00000000e-01  6.00000000e-01 
-4.60000000e-06 -4.52474801e-01 -4.60000000e-06  4.00000000e-01  6.00000000e-01 
-4.50000000e-06 -4.48686878e-01 -4.50000000e-06  4.00000000e-01  6.00000000e-01 
-4.40000000e-06 -4.44861901e-01 -4.40000000e-06  4.00000000e-01  6.00000000e-01 
-4.30000000e-06 -4.40998641e-01 -4.30000000e-06  4.00000000e-01  6.00000000e-01 
-4.20000000e-06 -4.37095792e-01 -4.20000000e-06  4.00000000e-01  6.00000000e-01 
-4.10000000e-06 -4.33151973e-01 -4.10000000e-06  4.00000000e-01  6.00000000e-01 
-4.00000000e-06 -4.29165714e-01 -4.00000000e-06  4.00000000e-01  6.00000000e-01 
-3.90000000e-06 -4.25135451e-01 -3.90000000e-06  4.00000000e-01  6.00000000e-01 
-3.80000000e-06 -4.21059520e-01 -3.80000000e-06  4.00000000e-01  6.00000000e-01 
-3.70000000e-06 -4.16936139e-01 -3.70000000e-06  4.00000000e-01  6.00000000e-01 
-3.60000000e-06 -4.12763405e-01 -3.60000000e-06  4.00000000e-01  6.00000000e-01 
-3.50000000e-06 -4.08539275e-01 -3.50000000e-06  4.00000000e-01  6.00000000e-01 
-3.40000000e-06 -4.04261553e-01 -3.40000000e-06  4.00000000e-01  6.00000000e-01 
-3.30000000e-06 -3.99927871e-01 -3.30000000e-06  4.00000000e-01  6.00000000e-01 
-3.20000000e-06 -3.95535674e-01 -3.20000000e-06  4.00000000e-01  6.00000000e-01 
-3.10000000e-06 -3.91082190e-01 -3.10000000e-06  4.00000000e-01  6.00000000e-01 
-3.00000000e-06 -3.86564406e-01 -3.00000000e-06  4.00000000e-01  6.00000000e-01 
-2.90000000e-06 -3.81979039e-01 -2.90000000e-06  4.00000000e-01  6.00000000e-01 
-2.80000000e-06 -3.77322496e-01 -2.80000000e-06  4.00000000e-01  6.00000000e-01 
-2.70000000e-06 -3.72590830e-01 -2.70000000e-06  4.00000000e-01  6.00000000e-01 
-2.60000000e-06 -3.67779693e-01 -2.60000000e-06  4.00000000e-01  6.00000000e-01 
-2.50000000e-06 -3.62884267e-01 -2.50000000e-06  4.00000000e-01  6.00000000e-01 
-2.40000000e-06 -3.57899198e-01 -2.40000000e-06  4.00000000e-01  6.00000000e-01 
-2.30000000e-06 -3.52818500e-01 -2.30000000e-06  4.00000000e-01  6.00000000e-01 
-2.20000000e-06 -3.47635452e-01 -2.20000000e-06  4.00000000e-01  6.00000000e-01 
-2.10000000e-06 -3.42342457e-01 -2.10000000e-06  4.00000000e-01  6.00000000e-01 
-2.00000000e-06 -3.36930882e-01 -2.00000000e-06  4.00000000e-01  6.00000000e-01 
-1.90000000e-06 -3.31390850e-01 -1.90000000e-06  4.00000000e-01  6.00000000e-01 
-1.80000000e-06 -3.25710972e-01 -1.80000000e-06  4.00000000e-01  6.00000000e-01 
-1.70000000e-06 -3.19878017e-01 -1.70000000e-06  4.00000000e-01  6.00000000e-01 
-1.60000000e-06 -3.13876473e-01 -1.60000000e-06  4.00000000e-01  6.00000000e-01 
-1.50000000e-06 -3.07687977e-01 -1.50000000e-06  4.00000000e-01  6.00000000e-01 
-1.40000000e-06 -3.01290547e-01 -1.40000000e-06  4.00000000e-01  6.00000000e-01 
-1.30000000e-06 -2.94657544e-01 -1.30000000e-06  4.00000000e-01  6.00000000e-01 
-1.20000000e-06 -2.87755781e-01 -1.20000000e-06  4.00000000e-01  6.00000000e-01 
-1.10000000e-06 -2.80544843e-01 -1.10000000e-06  4.00000000e-01  6.00000000e-01 
-1.00000000e-06 -2.72972247e-01 -1.00000000e-06  4.00000000e-01  6.00000000e-01 
-9.00000000e-07 -2.64969873e-01 -9.00000000e-07  4.00000000e-01  6.00000000e-01 
-8.00000000e-07 -2.56446428e-01 -8.00000000e-07  4.00000000e-01  6.00000000e-01 
-7.00000000e-07 -2.47275355e-01 -7.00000000e-07  4.00000000e-01  6.00000000e-01 
-6.00000000e-07 -2.37273545e-01 -6.00000000e-07  4.00000000e-01  6.00000000e-01 
-5.00000000e-07 -2.26160847e-01 -5.00000000e-07  4.00000000e-01  6.00000000e-01 
-4.00000000e-07 -2.13474434e-01 -4.00000000e-07  4.00000000e-01  6.00000000e-01 
-3.00000000e-07 -1.98360285e-01 -3.00000000e-07  4.00000000e-01  6.00000000e-01 
-2.00000000e-07 -1.78932383e-01 -2.00000000e-07  4.00000000e-01  6.00000000e-01 
-1.00000000e-07 -1.49275883e-01 -1.00000000e-07  4.00000000e-01  6.00000000e-01 
-5.71747239e-21  6.13215525e-01 -5.71747239e-21  4.00000000e-01  6.00000000e-01 
 1.00000000e-07  1.01519198e+00  1.00000000e-07  4.00000000e-01  6.00000000e-01 
 2.00000000e-07  1.04759444e+00  2.00000000e-07  4.00000000e-01  6.00000000e-01 
 3.00000000e-07  1.06648052e+00  3.00000000e-07  4.00000000e-01  6.00000000e-01 
 4.00000000e-07  1.07992267e+00  4.00000000e-07  4.00000000e-01  6.00000000e-01 
 5.00000000e-07  1.09042521e+00  5.00000000e-07  4.00000000e-01  6.00000000e-01 
 6.00000000e-07  1.09908958e+00  6.00000000e-07  4.00000000e-01  6.00000000e-01 
 7.00000000e-07  1.10649678e+00  7.00000000e-07  4.00000000e-01  6.00000000e-01 
 8.00000000e-07  1.11298947e+00  8.00000000e-07  4.00000000e-01  6.00000000e-01 
 9.00000000e-07  1.11878770e+00  9.00000000e-07  4.00000000e-01  6.00000000e-01 
 1.00000000e-06  1.12404017e+00  1.00000000e-06  4.00000000e-01  6.00000000e-01 
 1.10000000e-06  1.12885235e+00  1.10000000e-06  4.00000000e-01  6.00000000e-01 
 1.20000000e-06  1.13331084e+00  1.20000000e-06  4.00000000e-01  6.00000000e-01 
 1.30000000e-06  1.13745214e+00  1.30000000e-06  4.00000000e-01  6.00000000e-01 
 1.40000000e-06  1.14133607e+00  1.40000000e-06  4.00000000e-01  6.00000000e-01 
 1.50000000e-06  1.14499778e+00  1.50000000e-06  4.00000000e-01  6.00000000e-01 
 1.60000000e-06  1.14846570e+00  1.60000000e-06  4.00000000e-01  6.00000000e-01 
 1.70000000e-06  1.15176310e+00  1.70000000e-06  4.00000000e-01  6.00000000e-01 
 1.80000000e-06  1.15490930e+00  1.80000000e-06  4.00000000e-01  6.00000000e-01 
 1.90000000e-06  1.15792046e+00  1.90000000e-06  4.00000000e-01  6.00000000e-01 
 2.00000000e-06  1.16081028e+00  2.00000000e-06  4.00000000e-01  6.00000000e-01 
 2.10000000e-06  1.16359042e+00  2.10000000e-06  4.00000000e-01  6.00000000e-01 
 2.20000000e-06  1.16627093e+00  2.20000000e-06  4.00000000e-01  6.00000000e-01 
 2.30000000e-06  1.16886051e+00  2.30000000e-06  4.00000000e-01  6.00000000e-01 
 2.40000000e-06  1.17136675e+00  2.40000000e-06  4.00000000e-01  6.00000000e-01 
 2.50000000e-06  1.17379630e+00  2.50000000e-06  4.00000000e-01  6.00000000e-01 
 2.60000000e-06  1.17615503e+00  2.60000000e-06  4.00000000e-01  6.00000000e-01 
 2.70000000e-06  1.17844815e+00  2.70000000e-06  4.00000000e-01  6.00000000e-01 
 2.80000000e-06  1.18068031e+00  2.80000000e-06  4.00000000e-01  6.00000000e-01 
 2.90000000e-06  1.18285564e+00  2.90000000e-06  4.00000000e-01  6.00000000e-01 
 3.00000000e-06  1.18497789e+00  3.00000000e-06  4.00000000e-01  6.00000000e-01 
 3.10000000e-06  1.18705042e+00  3.10000000e-06  4.00000000e-01  6.00000000e-01 
 3.20000000e-06  1.18907627e+00  3.20000000e-06  4.00000000e-01  6.00000000e-01 
 3.30000000e-06  1.19105820e+00  3.30000000e-06  4.00000000e-01  6.00000000e-01 
 3.40000000e-06  1.19299875e+00  3.40000000e-06  4.00000000e-01  6.00000000e-01 
 3.50000000e-06  1.19490019e+00  3.50000000e-06  4.00000000e-01  6.00000000e-01 
 3.60000000e-06  1.19677199e+00  3.60000000e-06  4.00000000e-01  6.00000000e-01 
 3.70000000e-06  1.19860021e+00  3.70000000e-06  4.00000000e-01  6.00000000e-01 
 3.80000000e-06  1.20039537e+00  3.80000000e-06  4.00000000e-01  6.00000000e-01 
 3.90000000e-06  1.20215907e+00  3.90000000e-06  4.00000000e-01  6.00000000e-01 
 4.00000000e-06  1.20389280e+00  4.00000000e-06  4.00000000e-01  6.00000000e-01 
 4.10000000e-06  1.20559796e+00  4.10000000e-06  4.00000000e-01  6.00000000e-01 
 4.20000000e-06  1.20727583e+00  4.20000000e-06  4.00000000e-01  6.00000000e-01 
 4.30000000e-06  1.20892762e+00  4.30000000e-06  4.00000000e-01  6.00000000e-01 
 4.40000000e-06  1.21055444e+00  4.40000000e-06  4.00000000e-01  6.00000000e-01 
 4.50000000e-06  1.21215735e+00  4.50000000e-06  4.00000000e-01  6.00000000e-01 
 4.60000000e-06  1.21373732e+00  4.60000000e-06  4.00000000e-01  6.00000000e-01 
 4.70000000e-06  1.21529528e+00  4.70000000e-06  4.00000000e-01  6.00000000e-01 
 4.80000000e-06  1.21683210e+00  4.80000000e-06  4.00000000e-01  6.00000000e-01 
 4.90000000e-06  1.21834857e+00  4.90000000e-06  4.00000000e-01  6.00000000e-01 
 5.00000000e-06  1.21984547e+00  5.00000000e-06  4.00000000e-01  6.00000000e-01 
 5.10000000e-06  1.22132352e+00  5.10000000e-06  4.00000000e-01  6.00000000e-01 
 5.20000000e-06  1.22278340e+00  5.20000000e-06  4.00000000e-01  6.00000000e-01 
 5.30000000e-06  1.22422574e+00  5.30000000e-06  4.00000000e-01  6.00000000e-01 
 5.40000000e-06  1.22565117e+00  5.40000000e-06  4.00000000e-01  6.00000000e-01 
 5.50000000e-06  1.22706024e+00  5.50000000e-06  4.00000000e-01  6.00000000e-01 
 5.60000000e-06  1.22845350e+00  5.60000000e-06  4.00000000e-01  6.00000000e-01 
 5.70000000e-06  1.22983147e+00  5.70000000e-06  4.00000000e-01  6.00000000e-01 
 5.80000000e-06  1.23119465e+00  5.80000000e-06  4.00000000e-01  6.00000000e-01 
 5.90000000e-06  1.23254348e+00  5.90000000e-06  4.00000000e-01  6.00000000e-01 
 6.00000000e-06  1.23387843e+00  6.00000000e-06  4.00000000e-01  6.00000000e-01 
