 i-sweep         v(vout)         i(viin)         v(vgate)        v(vmid)        
-6.00000000e-06 -5.00375576e-01 -6.00000000e-06  4.00000000e-01  1.10000000e+00 
-5.90000000e-06 -4.97014200e-01 -5.90000000e-06  4.00000000e-01  1.10000000e+00 
-5.80000000e-06 -4.93627772e-01 -5.80000000e-06  4.00000000e-01  1.10000000e+00 
-5.70000000e-06 -4.90215689e-01 -5.70000000e-06  4.00000000e-01  1.10000000e+00 
-5.60000000e-06 -4.86777318e-01 -5.60000000e-06  4.00000000e-01  1.10000000e+00 
-5.50000000e-06 -4.83311995e-01 -5.50000000e-06  4.00000000e-01  1.10000000e+00 
-5.40000000e-06 -4.79819023e-01 -5.40000000e-06  4.00000000e-01  1.10000000e+00 
-5.30000000e-06 -4.76297670e-01 -5.30000000e-06  4.00000000e-01  1.10000000e+00 
-5.20000000e-06 -4.72747169e-01 -5.20000000e-06  4.00000000e-01  1.10000000e+00 
-5.10000000e-06 -4.69166711e-01 -5.10000000e-06  4.00000000e-01  1.10000000e+00 
-5.00000000e-06 -4.65555450e-01 -5.00000000e-06  4.00000000e-01  1.10000000e+00 
-4.90000000e-06 -4.61912494e-01 -4.90000000e-06  4.00000000e-01  1.10000000e+00 
-4.80000000e-06 -4.58236904e-01 -4.80000000e-06  4.00000000e-01  1.10000000e+00 
-4.70000000e-06 -4.54527693e-01 -4.70000000e-06  4.00000000e-01  1.10000000e+00 
-4.60000000e-06 -4.50783820e-01 -4.60000000e-06  4.00000000e-01  1.10000000e+00 
-4.50000000e-06 -4.47004185e-01 -4.50000000e-06  4.00000000e-01  1.10000000e+00 
-4.40000000e-06 -4.43187629e-01 -4.40000000e-06  4.00000000e-01  1.10000000e+00 
-4.30000000e-06 -4.39332923e-01 -4.30000000e-06  4.00000000e-01  1.10000000e+00 
-4.20000000e-06 -4.35438767e-01 -4.20000000e-06  4.00000000e-01  1.10000000e+00 
-4.10000000e-06 -4.31503783e-01 -4.10000000e-06  4.00000000e-01  1.10000000e+00 
-4.00000000e-06 -4.27526505e-01 -4.00000000e-06  4.00000000e-01  1.10000000e+00 
-3.90000000e-06 -4.23505374e-01 -3.90000000e-06  4.00000000e-01  1.10000000e+00 
-3.80000000e-06 -4.19438728e-01 -3.80000000e-06  4.00000000e-01  1.10000000e+00 
-3.70000000e-06 -4.15324793e-01 -3.70000000e-06  4.00000000e-01  1.10000000e+00 
-3.60000000e-06 -4.11161667e-01 -3.60000000e-06  4.00000000e-01  1.10000000e+00 
-3.50000000e-06 -4.06947314e-01 -3.50000000e-06  4.00000000e-01  1.10000000e+00 
-3.40000000e-06 -4.02679541e-01 -3.40000000e-06  4.00000000e-01  1.10000000e+00 
-3.30000000e-06 -3.98355986e-01 -3.30000000e-06  4.00000000e-01  1.10000000e+00 
-3.20000000e-06 -3.93974097e-01 -3.20000000e-06  4.00000000e-01  1.10000000e+00 
-3.10000000e-06 -3.89531108e-01 -3.10000000e-06  4.00000000e-01  1.10000000e+00 
-3.00000000e-06 -3.85024009e-01 -3.00000000e-06  4.00000000e-01  1.10000000e+00 
-2.90000000e-06 -3.80449521e-01 -2.90000000e-06  4.00000000e-01  1.10000000e+00 
-2.80000000e-06 -3.75804054e-01 -2.80000000e-06  4.00000000e-01  1.10000000e+00 
-2.70000000e-06 -3.71083666e-01 -2.70000000e-06  4.00000000e-01  1.10000000e+00 
-2.60000000e-06 -3.66284007e-01 -2.60000000e-06  4.00000000e-01  1.10000000e+00 
-2.50000000e-06 -3.61400265e-01 -2.50000000e-06  4.00000000e-01  1.10000000e+00 
-2.40000000e-06 -3.56427082e-01 -2.40000000e-06  4.00000000e-01  1.10000000e+00 
-2.30000000e-06 -3.51358473e-01 -2.30000000e-06  4.00000000e-01  1.10000000e+00 
-2.20000000e-06 -3.46187711e-01 -2.20000000e-06  4.00000000e-01  1.10000000e+00 
-2.10000000e-06 -3.40907194e-01 -2.10000000e-06  4.00000000e-01  1.10000000e+00 
-2.00000000e-06 -3.35508282e-01 -2.00000000e-06  4.00000000e-01  1.10000000e+00 
-1.90000000e-06 -3.29981080e-01 -1.90000000e-06  4.00000000e-01  1.10000000e+00 
-1.80000000e-06 -3.24314183e-01 -1.80000000e-06  4.00000000e-01  1.10000000e+00 
-1.70000000e-06 -3.18494333e-01 -1.70000000e-06  4.00000000e-01  1.10000000e+00 
-1.60000000e-06 -3.12505982e-01 -1.60000000e-06  4.00000000e-01  1.10000000e+00 
-1.50000000e-06 -3.06330716e-01 -1.50000000e-06  4.00000000e-01  1.10000000e+00 
-1.40000000e-06 -2.99946482e-01 -1.40000000e-06  4.00000000e-01  1.10000000e+00 
-1.30000000e-06 -2.93326538e-01 -1.30000000e-06  4.00000000e-01  1.10000000e+00 
-1.20000000e-06 -2.86437985e-01 -1.20000000e-06  4.00000000e-01  1.10000000e+00 
-1.10000000e-06 -2.79239686e-01 -1.10000000e-06  4.00000000e-01  1.10000000e+00 
-1.00000000e-06 -2.71679194e-01 -1.00000000e-06  4.00000000e-01  1.10000000e+00 
-9.00000000e-07 -2.63688106e-01 -9.00000000e-07  4.00000000e-01  1.10000000e+00 
-8.00000000e-07 -2.55174722e-01 -8.00000000e-07  4.00000000e-01  1.10000000e+00 
-7.00000000e-07 -2.46011873e-01 -7.00000000e-07  4.00000000e-01  1.10000000e+00 
-6.00000000e-07 -2.36015497e-01 -6.00000000e-07  4.00000000e-01  1.10000000e+00 
-5.00000000e-07 -2.24903883e-01 -5.00000000e-07  4.00000000e-01  1.10000000e+00 
-4.00000000e-07 -2.12211135e-01 -4.00000000e-07  4.00000000e-01  1.10000000e+00 
-3.00000000e-07 -1.97077616e-01 -3.00000000e-07  4.00000000e-01  1.10000000e+00 
-2.00000000e-07 -1.77603074e-01 -2.00000000e-07  4.00000000e-01  1.10000000e+00 
-1.00000000e-07 -1.47824675e-01 -1.00000000e-07  4.00000000e-01  1.10000000e+00 
-5.71747239e-21  6.35507511e-01 -5.71747239e-21  4.00000000e-01  1.10000000e+00 
 1.00000000e-07  1.03925859e+00  1.00000000e-07  4.00000000e-01  1.10000000e+00 
 2.00000000e-07  1.07166082e+00  2.00000000e-07  4.00000000e-01  1.10000000e+00 
 3.00000000e-07  1.09054246e+00  3.00000000e-07  4.00000000e-01  1.10000000e+00 
 4.00000000e-07  1.10399095e+00  4.00000000e-07  4.00000000e-01  1.10000000e+00 
 5.00000000e-07  1.11448375e+00  5.00000000e-07  4.00000000e-01  1.10000000e+00 
 6.00000000e-07  1.12314413e+00  6.00000000e-07  4.00000000e-01  1.10000000e+00 
 7.00000000e-07  1.13054841e+00  7.00000000e-07  4.00000000e-01  1.10000000e+00 
 8.00000000e-07  1.13703890e+00  8.00000000e-07  4.00000000e-01  1.10000000e+00 
 9.00000000e-07  1.14283494e+00  9.00000000e-07  4.00000000e-01  1.10000000e+00 
 1.00000000e-06  1.14808525e+00  1.00000000e-06  4.00000000e-01  1.10000000e+00 
 1.10000000e-06  1.15290663e+00  1.10000000e-06  4.00000000e-01  1.10000000e+00 
 1.20000000e-06  1.15734918e+00  1.20000000e-06  4.00000000e-01  1.10000000e+00 
 1.30000000e-06  1.16148948e+00  1.30000000e-06  4.00000000e-01  1.10000000e+00 
 1.40000000e-06  1.16537199e+00  1.40000000e-06  4.00000000e-01  1.10000000e+00 
 1.50000000e-06  1.16903204e+00  1.50000000e-06  4.00000000e-01  1.10000000e+00 
 1.60000000e-06  1.17249817e+00  1.60000000e-06  4.00000000e-01  1.10000000e+00 
 1.70000000e-06  1.17579373e+00  1.70000000e-06  4.00000000e-01  1.10000000e+00 
 1.80000000e-06  1.17893806e+00  1.80000000e-06  4.00000000e-01  1.10000000e+00 
 1.90000000e-06  1.18194735e+00  1.90000000e-06  4.00000000e-01  1.10000000e+00 
 2.00000000e-06  1.18483529e+00  2.00000000e-06  4.00000000e-01  1.10000000e+00 
 2.10000000e-06  1.18761356e+00  2.10000000e-06  4.00000000e-01  1.10000000e+00 
 2.20000000e-06  1.19029221e+00  2.20000000e-06  4.00000000e-01  1.10000000e+00 
 2.30000000e-06  1.19287995e+00  2.30000000e-06  4.00000000e-01  1.10000000e+00 
 2.40000000e-06  1.19538435e+00  2.40000000e-06  4.00000000e-01  1.10000000e+00 
 2.50000000e-06  1.19781208e+00  2.50000000e-06  4.00000000e-01  1.10000000e+00 
 2.60000000e-06  1.20016900e+00  2.60000000e-06  4.00000000e-01  1.10000000e+00 
 2.70000000e-06  1.20246034e+00  2.70000000e-06  4.00000000e-01  1.10000000e+00 
 2.80000000e-06  1.20469071e+00  2.80000000e-06  4.00000000e-01  1.10000000e+00 
 2.90000000e-06  1.20686428e+00  2.90000000e-06  4.00000000e-01  1.10000000e+00 
 3.00000000e-06  1.20898477e+00  3.00000000e-06  4.00000000e-01  1.10000000e+00 
 3.10000000e-06  1.21105555e+00  3.10000000e-06  4.00000000e-01  1.10000000e+00 
 3.20000000e-06  1.21307966e+00  3.20000000e-06  4.00000000e-01  1.10000000e+00 
 3.30000000e-06  1.21505987e+00  3.30000000e-06  4.00000000e-01  1.10000000e+00 
 3.40000000e-06  1.21699870e+00  3.40000000e-06  4.00000000e-01  1.10000000e+00 
 3.50000000e-06  1.21889844e+00  3.50000000e-06  4.00000000e-01  1.10000000e+00 
 3.60000000e-06  1.22076120e+00  3.60000000e-06  4.00000000e-01  1.10000000e+00 
 3.70000000e-06  1.22259649e+00  3.70000000e-06  4.00000000e-01  1.10000000e+00 
 3.80000000e-06  1.22438988e+00  3.80000000e-06  4.00000000e-01  1.10000000e+00 
 3.90000000e-06  1.22615182e+00  3.90000000e-06  4.00000000e-01  1.10000000e+00 
 4.00000000e-06  1.22788381e+00  4.00000000e-06  4.00000000e-01  1.10000000e+00 
 4.10000000e-06  1.22958723e+00  4.10000000e-06  4.00000000e-01  1.10000000e+00 
 4.20000000e-06  1.23126337e+00  4.20000000e-06  4.00000000e-01  1.10000000e+00 
 4.30000000e-06  1.23291344e+00  4.30000000e-06  4.00000000e-01  1.10000000e+00 
 4.40000000e-06  1.23453856e+00  4.40000000e-06  4.00000000e-01  1.10000000e+00 
 4.50000000e-06  1.23613977e+00  4.50000000e-06  4.00000000e-01  1.10000000e+00 
 4.60000000e-06  1.23771806e+00  4.60000000e-06  4.00000000e-01  1.10000000e+00 
 4.70000000e-06  1.23927435e+00  4.70000000e-06  4.00000000e-01  1.10000000e+00 
 4.80000000e-06  1.24080950e+00  4.80000000e-06  4.00000000e-01  1.10000000e+00 
 4.90000000e-06  1.24232432e+00  4.90000000e-06  4.00000000e-01  1.10000000e+00 
 5.00000000e-06  1.24381958e+00  5.00000000e-06  4.00000000e-01  1.10000000e+00 
 5.10000000e-06  1.24529600e+00  5.10000000e-06  4.00000000e-01  1.10000000e+00 
 5.20000000e-06  1.24675426e+00  5.20000000e-06  4.00000000e-01  1.10000000e+00 
 5.30000000e-06  1.24819499e+00  5.30000000e-06  4.00000000e-01  1.10000000e+00 
 5.40000000e-06  1.24961881e+00  5.40000000e-06  4.00000000e-01  1.10000000e+00 
 5.50000000e-06  1.25102629e+00  5.50000000e-06  4.00000000e-01  1.10000000e+00 
 5.60000000e-06  1.25241797e+00  5.60000000e-06  4.00000000e-01  1.10000000e+00 
 5.70000000e-06  1.25379436e+00  5.70000000e-06  4.00000000e-01  1.10000000e+00 
 5.80000000e-06  1.25515597e+00  5.80000000e-06  4.00000000e-01  1.10000000e+00 
 5.90000000e-06  1.25650324e+00  5.90000000e-06  4.00000000e-01  1.10000000e+00 
 6.00000000e-06  1.25783663e+00  6.00000000e-06  4.00000000e-01  1.10000000e+00 
