 i-sweep         v(vout)         i(viin)         v(vgate)        v(vmid)        
 0.00000000e+00  1.04019094e+00  0.00000000e+00  1.80000000e+00  1.20000000e+00 
 1.00000000e-07  1.07934717e+00  1.00000000e-07  1.80000000e+00  1.20000000e+00 
 2.00000000e-07  1.10630165e+00  2.00000000e-07  1.80000000e+00  1.20000000e+00 
 3.00000000e-07  1.12403883e+00  3.00000000e-07  1.80000000e+00  1.20000000e+00 
 4.00000000e-07  1.13705042e+00  4.00000000e-07  1.80000000e+00  1.20000000e+00 
 5.00000000e-07  1.14851251e+00  5.00000000e-07  1.80000000e+00  1.20000000e+00 
 6.00000000e-07  1.15652346e+00  6.00000000e-07  1.80000000e+00  1.20000000e+00 
 7.00000000e-07  1.16377465e+00  7.00000000e-07  1.80000000e+00  1.20000000e+00 
 8.00000000e-07  1.17012443e+00  8.00000000e-07  1.80000000e+00  1.20000000e+00 
 9.00000000e-07  1.17582894e+00  9.00000000e-07  1.80000000e+00  1.20000000e+00 
 1.00000000e-06  1.18101275e+00  1.00000000e-06  1.80000000e+00  1.20000000e+00 
 1.10000000e-06  1.18577340e+00  1.10000000e-06  1.80000000e+00  1.20000000e+00 
 1.20000000e-06  1.19018282e+00  1.20000000e-06  1.80000000e+00  1.20000000e+00 
 1.30000000e-06  1.19429613e+00  1.30000000e-06  1.80000000e+00  1.20000000e+00 
 1.40000000e-06  1.19815640e+00  1.40000000e-06  1.80000000e+00  1.20000000e+00 
 1.50000000e-06  1.20179792e+00  1.50000000e-06  1.80000000e+00  1.20000000e+00 
 1.60000000e-06  1.20524837e+00  1.60000000e-06  1.80000000e+00  1.20000000e+00 
 1.70000000e-06  1.20853044e+00  1.70000000e-06  1.80000000e+00  1.20000000e+00 
 1.80000000e-06  1.21166308e+00  1.80000000e-06  1.80000000e+00  1.20000000e+00 
 1.90000000e-06  1.21466213e+00  1.90000000e-06  1.80000000e+00  1.20000000e+00 
 2.00000000e-06  1.21754102e+00  2.00000000e-06  1.80000000e+00  1.20000000e+00 
 2.10000000e-06  1.22031121e+00  2.10000000e-06  1.80000000e+00  1.20000000e+00 
 2.20000000e-06  1.22298257e+00  2.20000000e-06  1.80000000e+00  1.20000000e+00 
 2.30000000e-06  1.22556369e+00  2.30000000e-06  1.80000000e+00  1.20000000e+00 
 2.40000000e-06  1.22806203e+00  2.40000000e-06  1.80000000e+00  1.20000000e+00 
 2.50000000e-06  1.23048417e+00  2.50000000e-06  1.80000000e+00  1.20000000e+00 
 2.60000000e-06  1.23283590e+00  2.60000000e-06  1.80000000e+00  1.20000000e+00 
 2.70000000e-06  1.23512238e+00  2.70000000e-06  1.80000000e+00  1.20000000e+00 
 2.80000000e-06  1.23734819e+00  2.80000000e-06  1.80000000e+00  1.20000000e+00 
 2.90000000e-06  1.23951745e+00  2.90000000e-06  1.80000000e+00  1.20000000e+00 
 3.00000000e-06  1.24163386e+00  3.00000000e-06  1.80000000e+00  1.20000000e+00 
 3.10000000e-06  1.24370074e+00  3.10000000e-06  1.80000000e+00  1.20000000e+00 
 3.20000000e-06  1.24572112e+00  3.20000000e-06  1.80000000e+00  1.20000000e+00 
 3.30000000e-06  1.24769775e+00  3.30000000e-06  1.80000000e+00  1.20000000e+00 
 3.40000000e-06  1.24963312e+00  3.40000000e-06  1.80000000e+00  1.20000000e+00 
 3.50000000e-06  1.25152953e+00  3.50000000e-06  1.80000000e+00  1.20000000e+00 
 3.60000000e-06  1.25338906e+00  3.60000000e-06  1.80000000e+00  1.20000000e+00 
 3.70000000e-06  1.25521364e+00  3.70000000e-06  1.80000000e+00  1.20000000e+00 
 3.80000000e-06  1.25700505e+00  3.80000000e-06  1.80000000e+00  1.20000000e+00 
 3.90000000e-06  1.25876493e+00  3.90000000e-06  1.80000000e+00  1.20000000e+00 
 4.00000000e-06  1.26049477e+00  4.00000000e-06  1.80000000e+00  1.20000000e+00 
 4.10000000e-06  1.26219600e+00  4.10000000e-06  1.80000000e+00  1.20000000e+00 
 4.20000000e-06  1.26386991e+00  4.20000000e-06  1.80000000e+00  1.20000000e+00 
 4.30000000e-06  1.26551771e+00  4.30000000e-06  1.80000000e+00  1.20000000e+00 
 4.40000000e-06  1.26714055e+00  4.40000000e-06  1.80000000e+00  1.20000000e+00 
 4.50000000e-06  1.26873946e+00  4.50000000e-06  1.80000000e+00  1.20000000e+00 
 4.60000000e-06  1.27031544e+00  4.60000000e-06  1.80000000e+00  1.20000000e+00 
 4.70000000e-06  1.27186942e+00  4.70000000e-06  1.80000000e+00  1.20000000e+00 
 4.80000000e-06  1.27340225e+00  4.80000000e-06  1.80000000e+00  1.20000000e+00 
 4.90000000e-06  1.27491476e+00  4.90000000e-06  1.80000000e+00  1.20000000e+00 
 5.00000000e-06  1.27640772e+00  5.00000000e-06  1.80000000e+00  1.20000000e+00 
 5.10000000e-06  1.27788183e+00  5.10000000e-06  1.80000000e+00  1.20000000e+00 
 5.20000000e-06  1.27933779e+00  5.20000000e-06  1.80000000e+00  1.20000000e+00 
 5.30000000e-06  1.28077623e+00  5.30000000e-06  1.80000000e+00  1.20000000e+00 
 5.40000000e-06  1.28219777e+00  5.40000000e-06  1.80000000e+00  1.20000000e+00 
 5.50000000e-06  1.28360298e+00  5.50000000e-06  1.80000000e+00  1.20000000e+00 
 5.60000000e-06  1.28499240e+00  5.60000000e-06  1.80000000e+00  1.20000000e+00 
 5.70000000e-06  1.28636654e+00  5.70000000e-06  1.80000000e+00  1.20000000e+00 
 5.80000000e-06  1.28772591e+00  5.80000000e-06  1.80000000e+00  1.20000000e+00 
 5.90000000e-06  1.28907095e+00  5.90000000e-06  1.80000000e+00  1.20000000e+00 
 6.00000000e-06  1.29040212e+00  6.00000000e-06  1.80000000e+00  1.20000000e+00 
 6.10000000e-06  1.29171984e+00  6.10000000e-06  1.80000000e+00  1.20000000e+00 
 6.20000000e-06  1.29302450e+00  6.20000000e-06  1.80000000e+00  1.20000000e+00 
 6.30000000e-06  1.29431649e+00  6.30000000e-06  1.80000000e+00  1.20000000e+00 
 6.40000000e-06  1.29559618e+00  6.40000000e-06  1.80000000e+00  1.20000000e+00 
 6.50000000e-06  1.29686391e+00  6.50000000e-06  1.80000000e+00  1.20000000e+00 
 6.60000000e-06  1.29812001e+00  6.60000000e-06  1.80000000e+00  1.20000000e+00 
 6.70000000e-06  1.29936481e+00  6.70000000e-06  1.80000000e+00  1.20000000e+00 
 6.80000000e-06  1.30059860e+00  6.80000000e-06  1.80000000e+00  1.20000000e+00 
 6.90000000e-06  1.30182169e+00  6.90000000e-06  1.80000000e+00  1.20000000e+00 
 7.00000000e-06  1.30303434e+00  7.00000000e-06  1.80000000e+00  1.20000000e+00 
 7.10000000e-06  1.30423683e+00  7.10000000e-06  1.80000000e+00  1.20000000e+00 
 7.20000000e-06  1.30542941e+00  7.20000000e-06  1.80000000e+00  1.20000000e+00 
 7.30000000e-06  1.30661233e+00  7.30000000e-06  1.80000000e+00  1.20000000e+00 
 7.40000000e-06  1.30778582e+00  7.40000000e-06  1.80000000e+00  1.20000000e+00 
 7.50000000e-06  1.30895013e+00  7.50000000e-06  1.80000000e+00  1.20000000e+00 
 7.60000000e-06  1.31010545e+00  7.60000000e-06  1.80000000e+00  1.20000000e+00 
 7.70000000e-06  1.31125201e+00  7.70000000e-06  1.80000000e+00  1.20000000e+00 
 7.80000000e-06  1.31239001e+00  7.80000000e-06  1.80000000e+00  1.20000000e+00 
 7.90000000e-06  1.31351964e+00  7.90000000e-06  1.80000000e+00  1.20000000e+00 
 8.00000000e-06  1.31464109e+00  8.00000000e-06  1.80000000e+00  1.20000000e+00 
 8.10000000e-06  1.31575454e+00  8.10000000e-06  1.80000000e+00  1.20000000e+00 
 8.20000000e-06  1.31686017e+00  8.20000000e-06  1.80000000e+00  1.20000000e+00 
 8.30000000e-06  1.31795815e+00  8.30000000e-06  1.80000000e+00  1.20000000e+00 
 8.40000000e-06  1.31904863e+00  8.40000000e-06  1.80000000e+00  1.20000000e+00 
 8.50000000e-06  1.32013178e+00  8.50000000e-06  1.80000000e+00  1.20000000e+00 
 8.60000000e-06  1.32120776e+00  8.60000000e-06  1.80000000e+00  1.20000000e+00 
 8.70000000e-06  1.32227669e+00  8.70000000e-06  1.80000000e+00  1.20000000e+00 
 8.80000000e-06  1.32333874e+00  8.80000000e-06  1.80000000e+00  1.20000000e+00 
 8.90000000e-06  1.32439404e+00  8.90000000e-06  1.80000000e+00  1.20000000e+00 
 9.00000000e-06  1.32544271e+00  9.00000000e-06  1.80000000e+00  1.20000000e+00 
 9.10000000e-06  1.32648489e+00  9.10000000e-06  1.80000000e+00  1.20000000e+00 
 9.20000000e-06  1.32752071e+00  9.20000000e-06  1.80000000e+00  1.20000000e+00 
 9.30000000e-06  1.32855028e+00  9.30000000e-06  1.80000000e+00  1.20000000e+00 
 9.40000000e-06  1.32957372e+00  9.40000000e-06  1.80000000e+00  1.20000000e+00 
 9.50000000e-06  1.33059116e+00  9.50000000e-06  1.80000000e+00  1.20000000e+00 
 9.60000000e-06  1.33160268e+00  9.60000000e-06  1.80000000e+00  1.20000000e+00 
 9.70000000e-06  1.33260842e+00  9.70000000e-06  1.80000000e+00  1.20000000e+00 
 9.80000000e-06  1.33360846e+00  9.80000000e-06  1.80000000e+00  1.20000000e+00 
 9.90000000e-06  1.33460291e+00  9.90000000e-06  1.80000000e+00  1.20000000e+00 
 1.00000000e-05  1.33559186e+00  1.00000000e-05  1.80000000e+00  1.20000000e+00 
 1.01000000e-05  1.33657542e+00  1.01000000e-05  1.80000000e+00  1.20000000e+00 
 1.02000000e-05  1.33755368e+00  1.02000000e-05  1.80000000e+00  1.20000000e+00 
 1.03000000e-05  1.33852672e+00  1.03000000e-05  1.80000000e+00  1.20000000e+00 
 1.04000000e-05  1.33949463e+00  1.04000000e-05  1.80000000e+00  1.20000000e+00 
 1.05000000e-05  1.34045751e+00  1.05000000e-05  1.80000000e+00  1.20000000e+00 
 1.06000000e-05  1.34141542e+00  1.06000000e-05  1.80000000e+00  1.20000000e+00 
 1.07000000e-05  1.34236846e+00  1.07000000e-05  1.80000000e+00  1.20000000e+00 
 1.08000000e-05  1.34331669e+00  1.08000000e-05  1.80000000e+00  1.20000000e+00 
 1.09000000e-05  1.34426020e+00  1.09000000e-05  1.80000000e+00  1.20000000e+00 
 1.10000000e-05  1.34519907e+00  1.10000000e-05  1.80000000e+00  1.20000000e+00 
 1.11000000e-05  1.34613336e+00  1.11000000e-05  1.80000000e+00  1.20000000e+00 
 1.12000000e-05  1.34706314e+00  1.12000000e-05  1.80000000e+00  1.20000000e+00 
 1.13000000e-05  1.34798849e+00  1.13000000e-05  1.80000000e+00  1.20000000e+00 
 1.14000000e-05  1.34890947e+00  1.14000000e-05  1.80000000e+00  1.20000000e+00 
 1.15000000e-05  1.34982614e+00  1.15000000e-05  1.80000000e+00  1.20000000e+00 
 1.16000000e-05  1.35073858e+00  1.16000000e-05  1.80000000e+00  1.20000000e+00 
 1.17000000e-05  1.35164684e+00  1.17000000e-05  1.80000000e+00  1.20000000e+00 
 1.18000000e-05  1.35255098e+00  1.18000000e-05  1.80000000e+00  1.20000000e+00 
 1.19000000e-05  1.35345107e+00  1.19000000e-05  1.80000000e+00  1.20000000e+00 
 1.20000000e-05  1.35434716e+00  1.20000000e-05  1.80000000e+00  1.20000000e+00 
 1.21000000e-05  1.35523931e+00  1.21000000e-05  1.80000000e+00  1.20000000e+00 
 1.22000000e-05  1.35612757e+00  1.22000000e-05  1.80000000e+00  1.20000000e+00 
 1.23000000e-05  1.35701199e+00  1.23000000e-05  1.80000000e+00  1.20000000e+00 
 1.24000000e-05  1.35789264e+00  1.24000000e-05  1.80000000e+00  1.20000000e+00 
 1.25000000e-05  1.35876956e+00  1.25000000e-05  1.80000000e+00  1.20000000e+00 
 1.26000000e-05  1.35964281e+00  1.26000000e-05  1.80000000e+00  1.20000000e+00 
 1.27000000e-05  1.36051242e+00  1.27000000e-05  1.80000000e+00  1.20000000e+00 
 1.28000000e-05  1.36137846e+00  1.28000000e-05  1.80000000e+00  1.20000000e+00 
 1.29000000e-05  1.36224097e+00  1.29000000e-05  1.80000000e+00  1.20000000e+00 
 1.30000000e-05  1.36309998e+00  1.30000000e-05  1.80000000e+00  1.20000000e+00 
 1.31000000e-05  1.36395556e+00  1.31000000e-05  1.80000000e+00  1.20000000e+00 
 1.32000000e-05  1.36480774e+00  1.32000000e-05  1.80000000e+00  1.20000000e+00 
 1.33000000e-05  1.36565657e+00  1.33000000e-05  1.80000000e+00  1.20000000e+00 
 1.34000000e-05  1.36650209e+00  1.34000000e-05  1.80000000e+00  1.20000000e+00 
 1.35000000e-05  1.36734433e+00  1.35000000e-05  1.80000000e+00  1.20000000e+00 
 1.36000000e-05  1.36818335e+00  1.36000000e-05  1.80000000e+00  1.20000000e+00 
 1.37000000e-05  1.36901918e+00  1.37000000e-05  1.80000000e+00  1.20000000e+00 
 1.38000000e-05  1.36985186e+00  1.38000000e-05  1.80000000e+00  1.20000000e+00 
 1.39000000e-05  1.37068143e+00  1.39000000e-05  1.80000000e+00  1.20000000e+00 
 1.40000000e-05  1.37150793e+00  1.40000000e-05  1.80000000e+00  1.20000000e+00 
 1.41000000e-05  1.37233138e+00  1.41000000e-05  1.80000000e+00  1.20000000e+00 
 1.42000000e-05  1.37315184e+00  1.42000000e-05  1.80000000e+00  1.20000000e+00 
 1.43000000e-05  1.37396933e+00  1.43000000e-05  1.80000000e+00  1.20000000e+00 
 1.44000000e-05  1.37478389e+00  1.44000000e-05  1.80000000e+00  1.20000000e+00 
 1.45000000e-05  1.37559555e+00  1.45000000e-05  1.80000000e+00  1.20000000e+00 
 1.46000000e-05  1.37640435e+00  1.46000000e-05  1.80000000e+00  1.20000000e+00 
 1.47000000e-05  1.37721031e+00  1.47000000e-05  1.80000000e+00  1.20000000e+00 
 1.48000000e-05  1.37801348e+00  1.48000000e-05  1.80000000e+00  1.20000000e+00 
 1.49000000e-05  1.37881387e+00  1.49000000e-05  1.80000000e+00  1.20000000e+00 
 1.50000000e-05  1.37961153e+00  1.50000000e-05  1.80000000e+00  1.20000000e+00 
 1.51000000e-05  1.38040649e+00  1.51000000e-05  1.80000000e+00  1.20000000e+00 
 1.52000000e-05  1.38119876e+00  1.52000000e-05  1.80000000e+00  1.20000000e+00 
 1.53000000e-05  1.38198839e+00  1.53000000e-05  1.80000000e+00  1.20000000e+00 
 1.54000000e-05  1.38277540e+00  1.54000000e-05  1.80000000e+00  1.20000000e+00 
 1.55000000e-05  1.38355981e+00  1.55000000e-05  1.80000000e+00  1.20000000e+00 
 1.56000000e-05  1.38434167e+00  1.56000000e-05  1.80000000e+00  1.20000000e+00 
 1.57000000e-05  1.38512098e+00  1.57000000e-05  1.80000000e+00  1.20000000e+00 
 1.58000000e-05  1.38589779e+00  1.58000000e-05  1.80000000e+00  1.20000000e+00 
 1.59000000e-05  1.38667211e+00  1.59000000e-05  1.80000000e+00  1.20000000e+00 
 1.60000000e-05  1.38744398e+00  1.60000000e-05  1.80000000e+00  1.20000000e+00 
 1.61000000e-05  1.38821341e+00  1.61000000e-05  1.80000000e+00  1.20000000e+00 
 1.62000000e-05  1.38898043e+00  1.62000000e-05  1.80000000e+00  1.20000000e+00 
 1.63000000e-05  1.38974507e+00  1.63000000e-05  1.80000000e+00  1.20000000e+00 
 1.64000000e-05  1.39050735e+00  1.64000000e-05  1.80000000e+00  1.20000000e+00 
 1.65000000e-05  1.39126730e+00  1.65000000e-05  1.80000000e+00  1.20000000e+00 
 1.66000000e-05  1.39202493e+00  1.66000000e-05  1.80000000e+00  1.20000000e+00 
 1.67000000e-05  1.39278028e+00  1.67000000e-05  1.80000000e+00  1.20000000e+00 
 1.68000000e-05  1.39353336e+00  1.68000000e-05  1.80000000e+00  1.20000000e+00 
 1.69000000e-05  1.39428419e+00  1.69000000e-05  1.80000000e+00  1.20000000e+00 
 1.70000000e-05  1.39503280e+00  1.70000000e-05  1.80000000e+00  1.20000000e+00 
 1.71000000e-05  1.39577920e+00  1.71000000e-05  1.80000000e+00  1.20000000e+00 
 1.72000000e-05  1.39652343e+00  1.72000000e-05  1.80000000e+00  1.20000000e+00 
 1.73000000e-05  1.39726549e+00  1.73000000e-05  1.80000000e+00  1.20000000e+00 
 1.74000000e-05  1.39800542e+00  1.74000000e-05  1.80000000e+00  1.20000000e+00 
 1.75000000e-05  1.39874323e+00  1.75000000e-05  1.80000000e+00  1.20000000e+00 
 1.76000000e-05  1.39947893e+00  1.76000000e-05  1.80000000e+00  1.20000000e+00 
 1.77000000e-05  1.40021256e+00  1.77000000e-05  1.80000000e+00  1.20000000e+00 
 1.78000000e-05  1.40094413e+00  1.78000000e-05  1.80000000e+00  1.20000000e+00 
 1.79000000e-05  1.40167365e+00  1.79000000e-05  1.80000000e+00  1.20000000e+00 
 1.80000000e-05  1.40240115e+00  1.80000000e-05  1.80000000e+00  1.20000000e+00 
 1.81000000e-05  1.40312664e+00  1.81000000e-05  1.80000000e+00  1.20000000e+00 
 1.82000000e-05  1.40385015e+00  1.82000000e-05  1.80000000e+00  1.20000000e+00 
 1.83000000e-05  1.40457168e+00  1.83000000e-05  1.80000000e+00  1.20000000e+00 
 1.84000000e-05  1.40529126e+00  1.84000000e-05  1.80000000e+00  1.20000000e+00 
 1.85000000e-05  1.40600891e+00  1.85000000e-05  1.80000000e+00  1.20000000e+00 
 1.86000000e-05  1.40672464e+00  1.86000000e-05  1.80000000e+00  1.20000000e+00 
 1.87000000e-05  1.40743847e+00  1.87000000e-05  1.80000000e+00  1.20000000e+00 
 1.88000000e-05  1.40815041e+00  1.88000000e-05  1.80000000e+00  1.20000000e+00 
 1.89000000e-05  1.40886049e+00  1.89000000e-05  1.80000000e+00  1.20000000e+00 
 1.90000000e-05  1.40956871e+00  1.90000000e-05  1.80000000e+00  1.20000000e+00 
 1.91000000e-05  1.41027509e+00  1.91000000e-05  1.80000000e+00  1.20000000e+00 
 1.92000000e-05  1.41097966e+00  1.92000000e-05  1.80000000e+00  1.20000000e+00 
 1.93000000e-05  1.41168241e+00  1.93000000e-05  1.80000000e+00  1.20000000e+00 
 1.94000000e-05  1.41238338e+00  1.94000000e-05  1.80000000e+00  1.20000000e+00 
 1.95000000e-05  1.41308257e+00  1.95000000e-05  1.80000000e+00  1.20000000e+00 
 1.96000000e-05  1.41378000e+00  1.96000000e-05  1.80000000e+00  1.20000000e+00 
 1.97000000e-05  1.41447568e+00  1.97000000e-05  1.80000000e+00  1.20000000e+00 
 1.98000000e-05  1.41516963e+00  1.98000000e-05  1.80000000e+00  1.20000000e+00 
 1.99000000e-05  1.41586185e+00  1.99000000e-05  1.80000000e+00  1.20000000e+00 
 2.00000000e-05  1.41655238e+00  2.00000000e-05  1.80000000e+00  1.20000000e+00 
 2.01000000e-05  1.41724121e+00  2.01000000e-05  1.80000000e+00  1.20000000e+00 
 2.02000000e-05  1.41792837e+00  2.02000000e-05  1.80000000e+00  1.20000000e+00 
 2.03000000e-05  1.41861386e+00  2.03000000e-05  1.80000000e+00  1.20000000e+00 
 2.04000000e-05  1.41929770e+00  2.04000000e-05  1.80000000e+00  1.20000000e+00 
 2.05000000e-05  1.41997990e+00  2.05000000e-05  1.80000000e+00  1.20000000e+00 
 2.06000000e-05  1.42066048e+00  2.06000000e-05  1.80000000e+00  1.20000000e+00 
 2.07000000e-05  1.42133944e+00  2.07000000e-05  1.80000000e+00  1.20000000e+00 
 2.08000000e-05  1.42201680e+00  2.08000000e-05  1.80000000e+00  1.20000000e+00 
 2.09000000e-05  1.42269258e+00  2.09000000e-05  1.80000000e+00  1.20000000e+00 
 2.10000000e-05  1.42336678e+00  2.10000000e-05  1.80000000e+00  1.20000000e+00 
 2.11000000e-05  1.42403942e+00  2.11000000e-05  1.80000000e+00  1.20000000e+00 
 2.12000000e-05  1.42471050e+00  2.12000000e-05  1.80000000e+00  1.20000000e+00 
 2.13000000e-05  1.42538005e+00  2.13000000e-05  1.80000000e+00  1.20000000e+00 
 2.14000000e-05  1.42604806e+00  2.14000000e-05  1.80000000e+00  1.20000000e+00 
 2.15000000e-05  1.42671456e+00  2.15000000e-05  1.80000000e+00  1.20000000e+00 
 2.16000000e-05  1.42737955e+00  2.16000000e-05  1.80000000e+00  1.20000000e+00 
 2.17000000e-05  1.42804305e+00  2.17000000e-05  1.80000000e+00  1.20000000e+00 
 2.18000000e-05  1.42870506e+00  2.18000000e-05  1.80000000e+00  1.20000000e+00 
 2.19000000e-05  1.42936560e+00  2.19000000e-05  1.80000000e+00  1.20000000e+00 
 2.20000000e-05  1.43002468e+00  2.20000000e-05  1.80000000e+00  1.20000000e+00 
 2.21000000e-05  1.43068231e+00  2.21000000e-05  1.80000000e+00  1.20000000e+00 
 2.22000000e-05  1.43133849e+00  2.22000000e-05  1.80000000e+00  1.20000000e+00 
 2.23000000e-05  1.43199325e+00  2.23000000e-05  1.80000000e+00  1.20000000e+00 
 2.24000000e-05  1.43264658e+00  2.24000000e-05  1.80000000e+00  1.20000000e+00 
 2.25000000e-05  1.43329850e+00  2.25000000e-05  1.80000000e+00  1.20000000e+00 
 2.26000000e-05  1.43394903e+00  2.26000000e-05  1.80000000e+00  1.20000000e+00 
 2.27000000e-05  1.43459816e+00  2.27000000e-05  1.80000000e+00  1.20000000e+00 
 2.28000000e-05  1.43524591e+00  2.28000000e-05  1.80000000e+00  1.20000000e+00 
 2.29000000e-05  1.43589229e+00  2.29000000e-05  1.80000000e+00  1.20000000e+00 
 2.30000000e-05  1.43653730e+00  2.30000000e-05  1.80000000e+00  1.20000000e+00 
 2.31000000e-05  1.43718097e+00  2.31000000e-05  1.80000000e+00  1.20000000e+00 
 2.32000000e-05  1.43782329e+00  2.32000000e-05  1.80000000e+00  1.20000000e+00 
 2.33000000e-05  1.43846427e+00  2.33000000e-05  1.80000000e+00  1.20000000e+00 
 2.34000000e-05  1.43910393e+00  2.34000000e-05  1.80000000e+00  1.20000000e+00 
 2.35000000e-05  1.43974228e+00  2.35000000e-05  1.80000000e+00  1.20000000e+00 
 2.36000000e-05  1.44037932e+00  2.36000000e-05  1.80000000e+00  1.20000000e+00 
 2.37000000e-05  1.44101505e+00  2.37000000e-05  1.80000000e+00  1.20000000e+00 
 2.38000000e-05  1.44164950e+00  2.38000000e-05  1.80000000e+00  1.20000000e+00 
 2.39000000e-05  1.44228267e+00  2.39000000e-05  1.80000000e+00  1.20000000e+00 
 2.40000000e-05  1.44291457e+00  2.40000000e-05  1.80000000e+00  1.20000000e+00 
 2.41000000e-05  1.44354520e+00  2.41000000e-05  1.80000000e+00  1.20000000e+00 
 2.42000000e-05  1.44417457e+00  2.42000000e-05  1.80000000e+00  1.20000000e+00 
 2.43000000e-05  1.44480270e+00  2.43000000e-05  1.80000000e+00  1.20000000e+00 
 2.44000000e-05  1.44542958e+00  2.44000000e-05  1.80000000e+00  1.20000000e+00 
 2.45000000e-05  1.44605524e+00  2.45000000e-05  1.80000000e+00  1.20000000e+00 
 2.46000000e-05  1.44667967e+00  2.46000000e-05  1.80000000e+00  1.20000000e+00 
 2.47000000e-05  1.44730288e+00  2.47000000e-05  1.80000000e+00  1.20000000e+00 
 2.48000000e-05  1.44792488e+00  2.48000000e-05  1.80000000e+00  1.20000000e+00 
 2.49000000e-05  1.44854569e+00  2.49000000e-05  1.80000000e+00  1.20000000e+00 
 2.50000000e-05  1.44916530e+00  2.50000000e-05  1.80000000e+00  1.20000000e+00 
 2.51000000e-05  1.44978373e+00  2.51000000e-05  1.80000000e+00  1.20000000e+00 
 2.52000000e-05  1.45040097e+00  2.52000000e-05  1.80000000e+00  1.20000000e+00 
 2.53000000e-05  1.45101705e+00  2.53000000e-05  1.80000000e+00  1.20000000e+00 
 2.54000000e-05  1.45163196e+00  2.54000000e-05  1.80000000e+00  1.20000000e+00 
 2.55000000e-05  1.45224572e+00  2.55000000e-05  1.80000000e+00  1.20000000e+00 
 2.56000000e-05  1.45285833e+00  2.56000000e-05  1.80000000e+00  1.20000000e+00 
 2.57000000e-05  1.45346979e+00  2.57000000e-05  1.80000000e+00  1.20000000e+00 
 2.58000000e-05  1.45408012e+00  2.58000000e-05  1.80000000e+00  1.20000000e+00 
 2.59000000e-05  1.45468932e+00  2.59000000e-05  1.80000000e+00  1.20000000e+00 
 2.60000000e-05  1.45529740e+00  2.60000000e-05  1.80000000e+00  1.20000000e+00 
 2.61000000e-05  1.45590437e+00  2.61000000e-05  1.80000000e+00  1.20000000e+00 
 2.62000000e-05  1.45651022e+00  2.62000000e-05  1.80000000e+00  1.20000000e+00 
 2.63000000e-05  1.45711498e+00  2.63000000e-05  1.80000000e+00  1.20000000e+00 
 2.64000000e-05  1.45771864e+00  2.64000000e-05  1.80000000e+00  1.20000000e+00 
 2.65000000e-05  1.45832121e+00  2.65000000e-05  1.80000000e+00  1.20000000e+00 
 2.66000000e-05  1.45892270e+00  2.66000000e-05  1.80000000e+00  1.20000000e+00 
 2.67000000e-05  1.45952311e+00  2.67000000e-05  1.80000000e+00  1.20000000e+00 
 2.68000000e-05  1.46012246e+00  2.68000000e-05  1.80000000e+00  1.20000000e+00 
 2.69000000e-05  1.46072074e+00  2.69000000e-05  1.80000000e+00  1.20000000e+00 
 2.70000000e-05  1.46131797e+00  2.70000000e-05  1.80000000e+00  1.20000000e+00 
 2.71000000e-05  1.46191414e+00  2.71000000e-05  1.80000000e+00  1.20000000e+00 
 2.72000000e-05  1.46250927e+00  2.72000000e-05  1.80000000e+00  1.20000000e+00 
 2.73000000e-05  1.46310336e+00  2.73000000e-05  1.80000000e+00  1.20000000e+00 
 2.74000000e-05  1.46369642e+00  2.74000000e-05  1.80000000e+00  1.20000000e+00 
 2.75000000e-05  1.46428845e+00  2.75000000e-05  1.80000000e+00  1.20000000e+00 
 2.76000000e-05  1.46487946e+00  2.76000000e-05  1.80000000e+00  1.20000000e+00 
 2.77000000e-05  1.46546945e+00  2.77000000e-05  1.80000000e+00  1.20000000e+00 
 2.78000000e-05  1.46605843e+00  2.78000000e-05  1.80000000e+00  1.20000000e+00 
 2.79000000e-05  1.46664641e+00  2.79000000e-05  1.80000000e+00  1.20000000e+00 
 2.80000000e-05  1.46723340e+00  2.80000000e-05  1.80000000e+00  1.20000000e+00 
 2.81000000e-05  1.46781939e+00  2.81000000e-05  1.80000000e+00  1.20000000e+00 
 2.82000000e-05  1.46840439e+00  2.82000000e-05  1.80000000e+00  1.20000000e+00 
 2.83000000e-05  1.46898841e+00  2.83000000e-05  1.80000000e+00  1.20000000e+00 
 2.84000000e-05  1.46957145e+00  2.84000000e-05  1.80000000e+00  1.20000000e+00 
 2.85000000e-05  1.47015352e+00  2.85000000e-05  1.80000000e+00  1.20000000e+00 
 2.86000000e-05  1.47073463e+00  2.86000000e-05  1.80000000e+00  1.20000000e+00 
 2.87000000e-05  1.47131478e+00  2.87000000e-05  1.80000000e+00  1.20000000e+00 
 2.88000000e-05  1.47189397e+00  2.88000000e-05  1.80000000e+00  1.20000000e+00 
 2.89000000e-05  1.47247221e+00  2.89000000e-05  1.80000000e+00  1.20000000e+00 
 2.90000000e-05  1.47304950e+00  2.90000000e-05  1.80000000e+00  1.20000000e+00 
 2.91000000e-05  1.47362586e+00  2.91000000e-05  1.80000000e+00  1.20000000e+00 
 2.92000000e-05  1.47420128e+00  2.92000000e-05  1.80000000e+00  1.20000000e+00 
 2.93000000e-05  1.47477577e+00  2.93000000e-05  1.80000000e+00  1.20000000e+00 
 2.94000000e-05  1.47534933e+00  2.94000000e-05  1.80000000e+00  1.20000000e+00 
 2.95000000e-05  1.47592198e+00  2.95000000e-05  1.80000000e+00  1.20000000e+00 
 2.96000000e-05  1.47649370e+00  2.96000000e-05  1.80000000e+00  1.20000000e+00 
 2.97000000e-05  1.47706452e+00  2.97000000e-05  1.80000000e+00  1.20000000e+00 
 2.98000000e-05  1.47763444e+00  2.98000000e-05  1.80000000e+00  1.20000000e+00 
 2.99000000e-05  1.47820345e+00  2.99000000e-05  1.80000000e+00  1.20000000e+00 
 3.00000000e-05  1.47877156e+00  3.00000000e-05  1.80000000e+00  1.20000000e+00 
