 i-sweep         v(vout)         i(viin)         v(vgate)        v(vmid)        
 0.00000000e+00  2.00000129e-01  0.00000000e+00  1.00000000e+00  2.00000000e-01 
 1.00000000e-07  2.09442414e-01  1.00000000e-07  1.00000000e+00  2.00000000e-01 
 2.00000000e-07  2.19416457e-01  2.00000000e-07  1.00000000e+00  2.00000000e-01 
 3.00000000e-07  2.30021477e-01  3.00000000e-07  1.00000000e+00  2.00000000e-01 
 4.00000000e-07  2.41391779e-01  4.00000000e-07  1.00000000e+00  2.00000000e-01 
 5.00000000e-07  2.53716474e-01  5.00000000e-07  1.00000000e+00  2.00000000e-01 
 6.00000000e-07  2.67276361e-01  6.00000000e-07  1.00000000e+00  2.00000000e-01 
 7.00000000e-07  2.82519682e-01  7.00000000e-07  1.00000000e+00  2.00000000e-01 
 8.00000000e-07  3.00240734e-01  8.00000000e-07  1.00000000e+00  2.00000000e-01 
 9.00000000e-07  3.22097631e-01  9.00000000e-07  1.00000000e+00  2.00000000e-01 
 1.00000000e-06  3.52734905e-01  1.00000000e-06  1.00000000e+00  2.00000000e-01 
 1.10000000e-06  4.28717085e-01  1.10000000e-06  1.00000000e+00  2.00000000e-01 
 1.20000000e-06  9.79887601e-01  1.20000000e-06  1.00000000e+00  2.00000000e-01 
 1.30000000e-06  1.03255099e+00  1.30000000e-06  1.00000000e+00  2.00000000e-01 
 1.40000000e-06  1.05737570e+00  1.40000000e-06  1.00000000e+00  2.00000000e-01 
 1.50000000e-06  1.07281878e+00  1.50000000e-06  1.00000000e+00  2.00000000e-01 
 1.60000000e-06  1.08469660e+00  1.60000000e-06  1.00000000e+00  2.00000000e-01 
 1.70000000e-06  1.09524781e+00  1.70000000e-06  1.00000000e+00  2.00000000e-01 
 1.80000000e-06  1.10283003e+00  1.80000000e-06  1.00000000e+00  2.00000000e-01 
 1.90000000e-06  1.10970407e+00  1.90000000e-06  1.00000000e+00  2.00000000e-01 
 2.00000000e-06  1.11577491e+00  2.00000000e-06  1.00000000e+00  2.00000000e-01 
 2.10000000e-06  1.12125687e+00  2.10000000e-06  1.00000000e+00  2.00000000e-01 
 2.20000000e-06  1.12626082e+00  2.20000000e-06  1.00000000e+00  2.00000000e-01 
 2.30000000e-06  1.13087313e+00  2.30000000e-06  1.00000000e+00  2.00000000e-01 
 2.40000000e-06  1.13515832e+00  2.40000000e-06  1.00000000e+00  2.00000000e-01 
 2.50000000e-06  1.13916621e+00  2.50000000e-06  1.00000000e+00  2.00000000e-01 
 2.60000000e-06  1.14293601e+00  2.60000000e-06  1.00000000e+00  2.00000000e-01 
 2.70000000e-06  1.14649914e+00  2.70000000e-06  1.00000000e+00  2.00000000e-01 
 2.80000000e-06  1.14988113e+00  2.80000000e-06  1.00000000e+00  2.00000000e-01 
 2.90000000e-06  1.15310303e+00  2.90000000e-06  1.00000000e+00  2.00000000e-01 
 3.00000000e-06  1.15618238e+00  3.00000000e-06  1.00000000e+00  2.00000000e-01 
 3.10000000e-06  1.15913397e+00  3.10000000e-06  1.00000000e+00  2.00000000e-01 
 3.20000000e-06  1.16197036e+00  3.20000000e-06  1.00000000e+00  2.00000000e-01 
 3.30000000e-06  1.16470230e+00  3.30000000e-06  1.00000000e+00  2.00000000e-01 
 3.40000000e-06  1.16733913e+00  3.40000000e-06  1.00000000e+00  2.00000000e-01 
 3.50000000e-06  1.16988891e+00  3.50000000e-06  1.00000000e+00  2.00000000e-01 
 3.60000000e-06  1.17235874e+00  3.60000000e-06  1.00000000e+00  2.00000000e-01 
 3.70000000e-06  1.17475485e+00  3.70000000e-06  1.00000000e+00  2.00000000e-01 
 3.80000000e-06  1.17708276e+00  3.80000000e-06  1.00000000e+00  2.00000000e-01 
 3.90000000e-06  1.17934738e+00  3.90000000e-06  1.00000000e+00  2.00000000e-01 
 4.00000000e-06  1.18155308e+00  4.00000000e-06  1.00000000e+00  2.00000000e-01 
 4.10000000e-06  1.18370381e+00  4.10000000e-06  1.00000000e+00  2.00000000e-01 
 4.20000000e-06  1.18580309e+00  4.20000000e-06  1.00000000e+00  2.00000000e-01 
 4.30000000e-06  1.18785414e+00  4.30000000e-06  1.00000000e+00  2.00000000e-01 
 4.40000000e-06  1.18985985e+00  4.40000000e-06  1.00000000e+00  2.00000000e-01 
 4.50000000e-06  1.19182286e+00  4.50000000e-06  1.00000000e+00  2.00000000e-01 
 4.60000000e-06  1.19374559e+00  4.60000000e-06  1.00000000e+00  2.00000000e-01 
 4.70000000e-06  1.19563023e+00  4.70000000e-06  1.00000000e+00  2.00000000e-01 
 4.80000000e-06  1.19747881e+00  4.80000000e-06  1.00000000e+00  2.00000000e-01 
 4.90000000e-06  1.19929318e+00  4.90000000e-06  1.00000000e+00  2.00000000e-01 
 5.00000000e-06  1.20107507e+00  5.00000000e-06  1.00000000e+00  2.00000000e-01 
 5.10000000e-06  1.20282605e+00  5.10000000e-06  1.00000000e+00  2.00000000e-01 
 5.20000000e-06  1.20454759e+00  5.20000000e-06  1.00000000e+00  2.00000000e-01 
 5.30000000e-06  1.20624106e+00  5.30000000e-06  1.00000000e+00  2.00000000e-01 
 5.40000000e-06  1.20790771e+00  5.40000000e-06  1.00000000e+00  2.00000000e-01 
 5.50000000e-06  1.20954873e+00  5.50000000e-06  1.00000000e+00  2.00000000e-01 
 5.60000000e-06  1.21116521e+00  5.60000000e-06  1.00000000e+00  2.00000000e-01 
 5.70000000e-06  1.21275818e+00  5.70000000e-06  1.00000000e+00  2.00000000e-01 
 5.80000000e-06  1.21432860e+00  5.80000000e-06  1.00000000e+00  2.00000000e-01 
 5.90000000e-06  1.21587737e+00  5.90000000e-06  1.00000000e+00  2.00000000e-01 
 6.00000000e-06  1.21740533e+00  6.00000000e-06  1.00000000e+00  2.00000000e-01 
 6.10000000e-06  1.21891329e+00  6.10000000e-06  1.00000000e+00  2.00000000e-01 
 6.20000000e-06  1.22040198e+00  6.20000000e-06  1.00000000e+00  2.00000000e-01 
 6.30000000e-06  1.22187211e+00  6.30000000e-06  1.00000000e+00  2.00000000e-01 
 6.40000000e-06  1.22332434e+00  6.40000000e-06  1.00000000e+00  2.00000000e-01 
 6.50000000e-06  1.22475931e+00  6.50000000e-06  1.00000000e+00  2.00000000e-01 
 6.60000000e-06  1.22617760e+00  6.60000000e-06  1.00000000e+00  2.00000000e-01 
 6.70000000e-06  1.22757978e+00  6.70000000e-06  1.00000000e+00  2.00000000e-01 
 6.80000000e-06  1.22896638e+00  6.80000000e-06  1.00000000e+00  2.00000000e-01 
 6.90000000e-06  1.23033791e+00  6.90000000e-06  1.00000000e+00  2.00000000e-01 
 7.00000000e-06  1.23169484e+00  7.00000000e-06  1.00000000e+00  2.00000000e-01 
 7.10000000e-06  1.23303763e+00  7.10000000e-06  1.00000000e+00  2.00000000e-01 
 7.20000000e-06  1.23436671e+00  7.20000000e-06  1.00000000e+00  2.00000000e-01 
 7.30000000e-06  1.23568249e+00  7.30000000e-06  1.00000000e+00  2.00000000e-01 
 7.40000000e-06  1.23698538e+00  7.40000000e-06  1.00000000e+00  2.00000000e-01 
 7.50000000e-06  1.23827574e+00  7.50000000e-06  1.00000000e+00  2.00000000e-01 
 7.60000000e-06  1.23955393e+00  7.60000000e-06  1.00000000e+00  2.00000000e-01 
 7.70000000e-06  1.24082029e+00  7.70000000e-06  1.00000000e+00  2.00000000e-01 
 7.80000000e-06  1.24207515e+00  7.80000000e-06  1.00000000e+00  2.00000000e-01 
 7.90000000e-06  1.24331883e+00  7.90000000e-06  1.00000000e+00  2.00000000e-01 
 8.00000000e-06  1.24455161e+00  8.00000000e-06  1.00000000e+00  2.00000000e-01 
 8.10000000e-06  1.24577380e+00  8.10000000e-06  1.00000000e+00  2.00000000e-01 
 8.20000000e-06  1.24698565e+00  8.20000000e-06  1.00000000e+00  2.00000000e-01 
 8.30000000e-06  1.24818744e+00  8.30000000e-06  1.00000000e+00  2.00000000e-01 
 8.40000000e-06  1.24937942e+00  8.40000000e-06  1.00000000e+00  2.00000000e-01 
 8.50000000e-06  1.25056184e+00  8.50000000e-06  1.00000000e+00  2.00000000e-01 
 8.60000000e-06  1.25173491e+00  8.60000000e-06  1.00000000e+00  2.00000000e-01 
 8.70000000e-06  1.25289887e+00  8.70000000e-06  1.00000000e+00  2.00000000e-01 
 8.80000000e-06  1.25405394e+00  8.80000000e-06  1.00000000e+00  2.00000000e-01 
 8.90000000e-06  1.25520032e+00  8.90000000e-06  1.00000000e+00  2.00000000e-01 
 9.00000000e-06  1.25633821e+00  9.00000000e-06  1.00000000e+00  2.00000000e-01 
 9.10000000e-06  1.25746781e+00  9.10000000e-06  1.00000000e+00  2.00000000e-01 
 9.20000000e-06  1.25858929e+00  9.20000000e-06  1.00000000e+00  2.00000000e-01 
 9.30000000e-06  1.25970284e+00  9.30000000e-06  1.00000000e+00  2.00000000e-01 
 9.40000000e-06  1.26080863e+00  9.40000000e-06  1.00000000e+00  2.00000000e-01 
 9.50000000e-06  1.26190683e+00  9.50000000e-06  1.00000000e+00  2.00000000e-01 
 9.60000000e-06  1.26299760e+00  9.60000000e-06  1.00000000e+00  2.00000000e-01 
 9.70000000e-06  1.26408109e+00  9.70000000e-06  1.00000000e+00  2.00000000e-01 
 9.80000000e-06  1.26515746e+00  9.80000000e-06  1.00000000e+00  2.00000000e-01 
 9.90000000e-06  1.26622684e+00  9.90000000e-06  1.00000000e+00  2.00000000e-01 
 1.00000000e-05  1.26728939e+00  1.00000000e-05  1.00000000e+00  2.00000000e-01 
 1.01000000e-05  1.26834523e+00  1.01000000e-05  1.00000000e+00  2.00000000e-01 
 1.02000000e-05  1.26939449e+00  1.02000000e-05  1.00000000e+00  2.00000000e-01 
 1.03000000e-05  1.27043731e+00  1.03000000e-05  1.00000000e+00  2.00000000e-01 
 1.04000000e-05  1.27147381e+00  1.04000000e-05  1.00000000e+00  2.00000000e-01 
 1.05000000e-05  1.27250411e+00  1.05000000e-05  1.00000000e+00  2.00000000e-01 
 1.06000000e-05  1.27352832e+00  1.06000000e-05  1.00000000e+00  2.00000000e-01 
 1.07000000e-05  1.27454656e+00  1.07000000e-05  1.00000000e+00  2.00000000e-01 
 1.08000000e-05  1.27555893e+00  1.08000000e-05  1.00000000e+00  2.00000000e-01 
 1.09000000e-05  1.27656554e+00  1.09000000e-05  1.00000000e+00  2.00000000e-01 
 1.10000000e-05  1.27756650e+00  1.10000000e-05  1.00000000e+00  2.00000000e-01 
 1.11000000e-05  1.27856190e+00  1.11000000e-05  1.00000000e+00  2.00000000e-01 
 1.12000000e-05  1.27955184e+00  1.12000000e-05  1.00000000e+00  2.00000000e-01 
 1.13000000e-05  1.28053642e+00  1.13000000e-05  1.00000000e+00  2.00000000e-01 
 1.14000000e-05  1.28151573e+00  1.14000000e-05  1.00000000e+00  2.00000000e-01 
 1.15000000e-05  1.28248985e+00  1.15000000e-05  1.00000000e+00  2.00000000e-01 
 1.16000000e-05  1.28345887e+00  1.16000000e-05  1.00000000e+00  2.00000000e-01 
 1.17000000e-05  1.28442288e+00  1.17000000e-05  1.00000000e+00  2.00000000e-01 
 1.18000000e-05  1.28538196e+00  1.18000000e-05  1.00000000e+00  2.00000000e-01 
 1.19000000e-05  1.28633619e+00  1.19000000e-05  1.00000000e+00  2.00000000e-01 
 1.20000000e-05  1.28728565e+00  1.20000000e-05  1.00000000e+00  2.00000000e-01 
 1.21000000e-05  1.28823041e+00  1.21000000e-05  1.00000000e+00  2.00000000e-01 
 1.22000000e-05  1.28917054e+00  1.22000000e-05  1.00000000e+00  2.00000000e-01 
 1.23000000e-05  1.29010613e+00  1.23000000e-05  1.00000000e+00  2.00000000e-01 
 1.24000000e-05  1.29103723e+00  1.24000000e-05  1.00000000e+00  2.00000000e-01 
 1.25000000e-05  1.29196392e+00  1.25000000e-05  1.00000000e+00  2.00000000e-01 
 1.26000000e-05  1.29288626e+00  1.26000000e-05  1.00000000e+00  2.00000000e-01 
 1.27000000e-05  1.29380432e+00  1.27000000e-05  1.00000000e+00  2.00000000e-01 
 1.28000000e-05  1.29471816e+00  1.28000000e-05  1.00000000e+00  2.00000000e-01 
 1.29000000e-05  1.29562784e+00  1.29000000e-05  1.00000000e+00  2.00000000e-01 
 1.30000000e-05  1.29653343e+00  1.30000000e-05  1.00000000e+00  2.00000000e-01 
 1.31000000e-05  1.29743498e+00  1.31000000e-05  1.00000000e+00  2.00000000e-01 
 1.32000000e-05  1.29833255e+00  1.32000000e-05  1.00000000e+00  2.00000000e-01 
 1.33000000e-05  1.29922620e+00  1.33000000e-05  1.00000000e+00  2.00000000e-01 
 1.34000000e-05  1.30011598e+00  1.34000000e-05  1.00000000e+00  2.00000000e-01 
 1.35000000e-05  1.30100194e+00  1.35000000e-05  1.00000000e+00  2.00000000e-01 
 1.36000000e-05  1.30188414e+00  1.36000000e-05  1.00000000e+00  2.00000000e-01 
 1.37000000e-05  1.30276263e+00  1.37000000e-05  1.00000000e+00  2.00000000e-01 
 1.38000000e-05  1.30363746e+00  1.38000000e-05  1.00000000e+00  2.00000000e-01 
 1.39000000e-05  1.30450867e+00  1.39000000e-05  1.00000000e+00  2.00000000e-01 
 1.40000000e-05  1.30537632e+00  1.40000000e-05  1.00000000e+00  2.00000000e-01 
 1.41000000e-05  1.30624045e+00  1.41000000e-05  1.00000000e+00  2.00000000e-01 
 1.42000000e-05  1.30710111e+00  1.42000000e-05  1.00000000e+00  2.00000000e-01 
 1.43000000e-05  1.30795835e+00  1.43000000e-05  1.00000000e+00  2.00000000e-01 
 1.44000000e-05  1.30881220e+00  1.44000000e-05  1.00000000e+00  2.00000000e-01 
 1.45000000e-05  1.30966271e+00  1.45000000e-05  1.00000000e+00  2.00000000e-01 
 1.46000000e-05  1.31050992e+00  1.46000000e-05  1.00000000e+00  2.00000000e-01 
 1.47000000e-05  1.31135388e+00  1.47000000e-05  1.00000000e+00  2.00000000e-01 
 1.48000000e-05  1.31219462e+00  1.48000000e-05  1.00000000e+00  2.00000000e-01 
 1.49000000e-05  1.31303218e+00  1.49000000e-05  1.00000000e+00  2.00000000e-01 
 1.50000000e-05  1.31386660e+00  1.50000000e-05  1.00000000e+00  2.00000000e-01 
 1.51000000e-05  1.31469793e+00  1.51000000e-05  1.00000000e+00  2.00000000e-01 
 1.52000000e-05  1.31552619e+00  1.52000000e-05  1.00000000e+00  2.00000000e-01 
 1.53000000e-05  1.31635142e+00  1.53000000e-05  1.00000000e+00  2.00000000e-01 
 1.54000000e-05  1.31717367e+00  1.54000000e-05  1.00000000e+00  2.00000000e-01 
 1.55000000e-05  1.31799295e+00  1.55000000e-05  1.00000000e+00  2.00000000e-01 
 1.56000000e-05  1.31880932e+00  1.56000000e-05  1.00000000e+00  2.00000000e-01 
 1.57000000e-05  1.31962280e+00  1.57000000e-05  1.00000000e+00  2.00000000e-01 
 1.58000000e-05  1.32043342e+00  1.58000000e-05  1.00000000e+00  2.00000000e-01 
 1.59000000e-05  1.32124122e+00  1.59000000e-05  1.00000000e+00  2.00000000e-01 
 1.60000000e-05  1.32204623e+00  1.60000000e-05  1.00000000e+00  2.00000000e-01 
 1.61000000e-05  1.32284848e+00  1.61000000e-05  1.00000000e+00  2.00000000e-01 
 1.62000000e-05  1.32364800e+00  1.62000000e-05  1.00000000e+00  2.00000000e-01 
 1.63000000e-05  1.32444483e+00  1.63000000e-05  1.00000000e+00  2.00000000e-01 
 1.64000000e-05  1.32523898e+00  1.64000000e-05  1.00000000e+00  2.00000000e-01 
 1.65000000e-05  1.32603050e+00  1.65000000e-05  1.00000000e+00  2.00000000e-01 
 1.66000000e-05  1.32681940e+00  1.66000000e-05  1.00000000e+00  2.00000000e-01 
 1.67000000e-05  1.32760572e+00  1.67000000e-05  1.00000000e+00  2.00000000e-01 
 1.68000000e-05  1.32838948e+00  1.68000000e-05  1.00000000e+00  2.00000000e-01 
 1.69000000e-05  1.32917072e+00  1.69000000e-05  1.00000000e+00  2.00000000e-01 
 1.70000000e-05  1.32994945e+00  1.70000000e-05  1.00000000e+00  2.00000000e-01 
 1.71000000e-05  1.33072570e+00  1.71000000e-05  1.00000000e+00  2.00000000e-01 
 1.72000000e-05  1.33149951e+00  1.72000000e-05  1.00000000e+00  2.00000000e-01 
 1.73000000e-05  1.33227088e+00  1.73000000e-05  1.00000000e+00  2.00000000e-01 
 1.74000000e-05  1.33303986e+00  1.74000000e-05  1.00000000e+00  2.00000000e-01 
 1.75000000e-05  1.33380646e+00  1.75000000e-05  1.00000000e+00  2.00000000e-01 
 1.76000000e-05  1.33457071e+00  1.76000000e-05  1.00000000e+00  2.00000000e-01 
 1.77000000e-05  1.33533262e+00  1.77000000e-05  1.00000000e+00  2.00000000e-01 
 1.78000000e-05  1.33609223e+00  1.78000000e-05  1.00000000e+00  2.00000000e-01 
 1.79000000e-05  1.33684956e+00  1.79000000e-05  1.00000000e+00  2.00000000e-01 
 1.80000000e-05  1.33760463e+00  1.80000000e-05  1.00000000e+00  2.00000000e-01 
 1.81000000e-05  1.33835745e+00  1.81000000e-05  1.00000000e+00  2.00000000e-01 
 1.82000000e-05  1.33910806e+00  1.82000000e-05  1.00000000e+00  2.00000000e-01 
 1.83000000e-05  1.33985647e+00  1.83000000e-05  1.00000000e+00  2.00000000e-01 
 1.84000000e-05  1.34060271e+00  1.84000000e-05  1.00000000e+00  2.00000000e-01 
 1.85000000e-05  1.34134679e+00  1.85000000e-05  1.00000000e+00  2.00000000e-01 
 1.86000000e-05  1.34208874e+00  1.86000000e-05  1.00000000e+00  2.00000000e-01 
 1.87000000e-05  1.34282857e+00  1.87000000e-05  1.00000000e+00  2.00000000e-01 
 1.88000000e-05  1.34356631e+00  1.88000000e-05  1.00000000e+00  2.00000000e-01 
 1.89000000e-05  1.34430197e+00  1.89000000e-05  1.00000000e+00  2.00000000e-01 
 1.90000000e-05  1.34503557e+00  1.90000000e-05  1.00000000e+00  2.00000000e-01 
 1.91000000e-05  1.34576714e+00  1.91000000e-05  1.00000000e+00  2.00000000e-01 
 1.92000000e-05  1.34649668e+00  1.92000000e-05  1.00000000e+00  2.00000000e-01 
 1.93000000e-05  1.34722423e+00  1.93000000e-05  1.00000000e+00  2.00000000e-01 
 1.94000000e-05  1.34794979e+00  1.94000000e-05  1.00000000e+00  2.00000000e-01 
 1.95000000e-05  1.34867339e+00  1.95000000e-05  1.00000000e+00  2.00000000e-01 
 1.96000000e-05  1.34939504e+00  1.96000000e-05  1.00000000e+00  2.00000000e-01 
 1.97000000e-05  1.35011476e+00  1.97000000e-05  1.00000000e+00  2.00000000e-01 
 1.98000000e-05  1.35083256e+00  1.98000000e-05  1.00000000e+00  2.00000000e-01 
 1.99000000e-05  1.35154846e+00  1.99000000e-05  1.00000000e+00  2.00000000e-01 
 2.00000000e-05  1.35226249e+00  2.00000000e-05  1.00000000e+00  2.00000000e-01 
 2.01000000e-05  1.35297465e+00  2.01000000e-05  1.00000000e+00  2.00000000e-01 
 2.02000000e-05  1.35368496e+00  2.02000000e-05  1.00000000e+00  2.00000000e-01 
 2.03000000e-05  1.35439343e+00  2.03000000e-05  1.00000000e+00  2.00000000e-01 
 2.04000000e-05  1.35510009e+00  2.04000000e-05  1.00000000e+00  2.00000000e-01 
 2.05000000e-05  1.35580494e+00  2.05000000e-05  1.00000000e+00  2.00000000e-01 
 2.06000000e-05  1.35650801e+00  2.06000000e-05  1.00000000e+00  2.00000000e-01 
 2.07000000e-05  1.35720931e+00  2.07000000e-05  1.00000000e+00  2.00000000e-01 
 2.08000000e-05  1.35790884e+00  2.08000000e-05  1.00000000e+00  2.00000000e-01 
 2.09000000e-05  1.35860663e+00  2.09000000e-05  1.00000000e+00  2.00000000e-01 
 2.10000000e-05  1.35930269e+00  2.10000000e-05  1.00000000e+00  2.00000000e-01 
 2.11000000e-05  1.35999704e+00  2.11000000e-05  1.00000000e+00  2.00000000e-01 
 2.12000000e-05  1.36068968e+00  2.12000000e-05  1.00000000e+00  2.00000000e-01 
 2.13000000e-05  1.36138064e+00  2.13000000e-05  1.00000000e+00  2.00000000e-01 
 2.14000000e-05  1.36206992e+00  2.14000000e-05  1.00000000e+00  2.00000000e-01 
 2.15000000e-05  1.36275754e+00  2.15000000e-05  1.00000000e+00  2.00000000e-01 
 2.16000000e-05  1.36344351e+00  2.16000000e-05  1.00000000e+00  2.00000000e-01 
 2.17000000e-05  1.36412785e+00  2.17000000e-05  1.00000000e+00  2.00000000e-01 
 2.18000000e-05  1.36481056e+00  2.18000000e-05  1.00000000e+00  2.00000000e-01 
 2.19000000e-05  1.36549166e+00  2.19000000e-05  1.00000000e+00  2.00000000e-01 
 2.20000000e-05  1.36617117e+00  2.20000000e-05  1.00000000e+00  2.00000000e-01 
 2.21000000e-05  1.36684909e+00  2.21000000e-05  1.00000000e+00  2.00000000e-01 
 2.22000000e-05  1.36752543e+00  2.22000000e-05  1.00000000e+00  2.00000000e-01 
 2.23000000e-05  1.36820022e+00  2.23000000e-05  1.00000000e+00  2.00000000e-01 
 2.24000000e-05  1.36887345e+00  2.24000000e-05  1.00000000e+00  2.00000000e-01 
 2.25000000e-05  1.36954515e+00  2.25000000e-05  1.00000000e+00  2.00000000e-01 
 2.26000000e-05  1.37021532e+00  2.26000000e-05  1.00000000e+00  2.00000000e-01 
 2.27000000e-05  1.37088398e+00  2.27000000e-05  1.00000000e+00  2.00000000e-01 
 2.28000000e-05  1.37155113e+00  2.28000000e-05  1.00000000e+00  2.00000000e-01 
 2.29000000e-05  1.37221679e+00  2.29000000e-05  1.00000000e+00  2.00000000e-01 
 2.30000000e-05  1.37288096e+00  2.30000000e-05  1.00000000e+00  2.00000000e-01 
 2.31000000e-05  1.37354367e+00  2.31000000e-05  1.00000000e+00  2.00000000e-01 
 2.32000000e-05  1.37420492e+00  2.32000000e-05  1.00000000e+00  2.00000000e-01 
 2.33000000e-05  1.37486471e+00  2.33000000e-05  1.00000000e+00  2.00000000e-01 
 2.34000000e-05  1.37552307e+00  2.34000000e-05  1.00000000e+00  2.00000000e-01 
 2.35000000e-05  1.37617999e+00  2.35000000e-05  1.00000000e+00  2.00000000e-01 
 2.36000000e-05  1.37683550e+00  2.36000000e-05  1.00000000e+00  2.00000000e-01 
 2.37000000e-05  1.37748960e+00  2.37000000e-05  1.00000000e+00  2.00000000e-01 
 2.38000000e-05  1.37814230e+00  2.38000000e-05  1.00000000e+00  2.00000000e-01 
 2.39000000e-05  1.37879361e+00  2.39000000e-05  1.00000000e+00  2.00000000e-01 
 2.40000000e-05  1.37944354e+00  2.40000000e-05  1.00000000e+00  2.00000000e-01 
 2.41000000e-05  1.38009211e+00  2.41000000e-05  1.00000000e+00  2.00000000e-01 
 2.42000000e-05  1.38073931e+00  2.42000000e-05  1.00000000e+00  2.00000000e-01 
 2.43000000e-05  1.38138516e+00  2.43000000e-05  1.00000000e+00  2.00000000e-01 
 2.44000000e-05  1.38202967e+00  2.44000000e-05  1.00000000e+00  2.00000000e-01 
 2.45000000e-05  1.38267284e+00  2.45000000e-05  1.00000000e+00  2.00000000e-01 
 2.46000000e-05  1.38331469e+00  2.46000000e-05  1.00000000e+00  2.00000000e-01 
 2.47000000e-05  1.38395523e+00  2.47000000e-05  1.00000000e+00  2.00000000e-01 
 2.48000000e-05  1.38459446e+00  2.48000000e-05  1.00000000e+00  2.00000000e-01 
 2.49000000e-05  1.38523240e+00  2.49000000e-05  1.00000000e+00  2.00000000e-01 
 2.50000000e-05  1.38586904e+00  2.50000000e-05  1.00000000e+00  2.00000000e-01 
 2.51000000e-05  1.38650441e+00  2.51000000e-05  1.00000000e+00  2.00000000e-01 
 2.52000000e-05  1.38713850e+00  2.52000000e-05  1.00000000e+00  2.00000000e-01 
 2.53000000e-05  1.38777133e+00  2.53000000e-05  1.00000000e+00  2.00000000e-01 
 2.54000000e-05  1.38840291e+00  2.54000000e-05  1.00000000e+00  2.00000000e-01 
 2.55000000e-05  1.38903323e+00  2.55000000e-05  1.00000000e+00  2.00000000e-01 
 2.56000000e-05  1.38966232e+00  2.56000000e-05  1.00000000e+00  2.00000000e-01 
 2.57000000e-05  1.39029018e+00  2.57000000e-05  1.00000000e+00  2.00000000e-01 
 2.58000000e-05  1.39091682e+00  2.58000000e-05  1.00000000e+00  2.00000000e-01 
 2.59000000e-05  1.39154224e+00  2.59000000e-05  1.00000000e+00  2.00000000e-01 
 2.60000000e-05  1.39216646e+00  2.60000000e-05  1.00000000e+00  2.00000000e-01 
 2.61000000e-05  1.39278947e+00  2.61000000e-05  1.00000000e+00  2.00000000e-01 
 2.62000000e-05  1.39341129e+00  2.62000000e-05  1.00000000e+00  2.00000000e-01 
 2.63000000e-05  1.39403193e+00  2.63000000e-05  1.00000000e+00  2.00000000e-01 
 2.64000000e-05  1.39465139e+00  2.64000000e-05  1.00000000e+00  2.00000000e-01 
 2.65000000e-05  1.39526968e+00  2.65000000e-05  1.00000000e+00  2.00000000e-01 
 2.66000000e-05  1.39588681e+00  2.66000000e-05  1.00000000e+00  2.00000000e-01 
 2.67000000e-05  1.39650278e+00  2.67000000e-05  1.00000000e+00  2.00000000e-01 
 2.68000000e-05  1.39711760e+00  2.68000000e-05  1.00000000e+00  2.00000000e-01 
 2.69000000e-05  1.39773129e+00  2.69000000e-05  1.00000000e+00  2.00000000e-01 
 2.70000000e-05  1.39834383e+00  2.70000000e-05  1.00000000e+00  2.00000000e-01 
 2.71000000e-05  1.39895526e+00  2.71000000e-05  1.00000000e+00  2.00000000e-01 
 2.72000000e-05  1.39956556e+00  2.72000000e-05  1.00000000e+00  2.00000000e-01 
 2.73000000e-05  1.40017474e+00  2.73000000e-05  1.00000000e+00  2.00000000e-01 
 2.74000000e-05  1.40078282e+00  2.74000000e-05  1.00000000e+00  2.00000000e-01 
 2.75000000e-05  1.40138980e+00  2.75000000e-05  1.00000000e+00  2.00000000e-01 
 2.76000000e-05  1.40199568e+00  2.76000000e-05  1.00000000e+00  2.00000000e-01 
 2.77000000e-05  1.40260048e+00  2.77000000e-05  1.00000000e+00  2.00000000e-01 
 2.78000000e-05  1.40320419e+00  2.78000000e-05  1.00000000e+00  2.00000000e-01 
 2.79000000e-05  1.40380683e+00  2.79000000e-05  1.00000000e+00  2.00000000e-01 
 2.80000000e-05  1.40440840e+00  2.80000000e-05  1.00000000e+00  2.00000000e-01 
 2.81000000e-05  1.40500891e+00  2.81000000e-05  1.00000000e+00  2.00000000e-01 
 2.82000000e-05  1.40560837e+00  2.82000000e-05  1.00000000e+00  2.00000000e-01 
 2.83000000e-05  1.40620677e+00  2.83000000e-05  1.00000000e+00  2.00000000e-01 
 2.84000000e-05  1.40680413e+00  2.84000000e-05  1.00000000e+00  2.00000000e-01 
 2.85000000e-05  1.40740045e+00  2.85000000e-05  1.00000000e+00  2.00000000e-01 
 2.86000000e-05  1.40799574e+00  2.86000000e-05  1.00000000e+00  2.00000000e-01 
 2.87000000e-05  1.40859000e+00  2.87000000e-05  1.00000000e+00  2.00000000e-01 
 2.88000000e-05  1.40918324e+00  2.88000000e-05  1.00000000e+00  2.00000000e-01 
 2.89000000e-05  1.40977547e+00  2.89000000e-05  1.00000000e+00  2.00000000e-01 
 2.90000000e-05  1.41036669e+00  2.90000000e-05  1.00000000e+00  2.00000000e-01 
 2.91000000e-05  1.41095690e+00  2.91000000e-05  1.00000000e+00  2.00000000e-01 
 2.92000000e-05  1.41154612e+00  2.92000000e-05  1.00000000e+00  2.00000000e-01 
 2.93000000e-05  1.41213434e+00  2.93000000e-05  1.00000000e+00  2.00000000e-01 
 2.94000000e-05  1.41272158e+00  2.94000000e-05  1.00000000e+00  2.00000000e-01 
 2.95000000e-05  1.41330783e+00  2.95000000e-05  1.00000000e+00  2.00000000e-01 
 2.96000000e-05  1.41389311e+00  2.96000000e-05  1.00000000e+00  2.00000000e-01 
 2.97000000e-05  1.41447742e+00  2.97000000e-05  1.00000000e+00  2.00000000e-01 
 2.98000000e-05  1.41506077e+00  2.98000000e-05  1.00000000e+00  2.00000000e-01 
 2.99000000e-05  1.41564315e+00  2.99000000e-05  1.00000000e+00  2.00000000e-01 
 3.00000000e-05  1.41622458e+00  3.00000000e-05  1.00000000e+00  2.00000000e-01 
