 i-sweep         v(vout)         i(viin)         v(vgate)        v(vmid)        
 0.00000000e+00  5.00000027e-01  0.00000000e+00  1.70000000e+00  5.00000000e-01 
 1.00000000e-07  5.03406531e-01  1.00000000e-07  1.70000000e+00  5.00000000e-01 
 2.00000000e-07  5.06838237e-01  2.00000000e-07  1.70000000e+00  5.00000000e-01 
 3.00000000e-07  5.10295702e-01  3.00000000e-07  1.70000000e+00  5.00000000e-01 
 4.00000000e-07  5.13779506e-01  4.00000000e-07  1.70000000e+00  5.00000000e-01 
 5.00000000e-07  5.17290248e-01  5.00000000e-07  1.70000000e+00  5.00000000e-01 
 6.00000000e-07  5.20828554e-01  6.00000000e-07  1.70000000e+00  5.00000000e-01 
 7.00000000e-07  5.24395072e-01  7.00000000e-07  1.70000000e+00  5.00000000e-01 
 8.00000000e-07  5.27990475e-01  8.00000000e-07  1.70000000e+00  5.00000000e-01 
 9.00000000e-07  5.31615465e-01  9.00000000e-07  1.70000000e+00  5.00000000e-01 
 1.00000000e-06  5.35270773e-01  1.00000000e-06  1.70000000e+00  5.00000000e-01 
 1.10000000e-06  5.38957159e-01  1.10000000e-06  1.70000000e+00  5.00000000e-01 
 1.20000000e-06  5.42675417e-01  1.20000000e-06  1.70000000e+00  5.00000000e-01 
 1.30000000e-06  5.46426373e-01  1.30000000e-06  1.70000000e+00  5.00000000e-01 
 1.40000000e-06  5.50210892e-01  1.40000000e-06  1.70000000e+00  5.00000000e-01 
 1.50000000e-06  5.54029876e-01  1.50000000e-06  1.70000000e+00  5.00000000e-01 
 1.60000000e-06  5.57884268e-01  1.60000000e-06  1.70000000e+00  5.00000000e-01 
 1.70000000e-06  5.61775055e-01  1.70000000e-06  1.70000000e+00  5.00000000e-01 
 1.80000000e-06  5.65703272e-01  1.80000000e-06  1.70000000e+00  5.00000000e-01 
 1.90000000e-06  5.69670001e-01  1.90000000e-06  1.70000000e+00  5.00000000e-01 
 2.00000000e-06  5.73676380e-01  2.00000000e-06  1.70000000e+00  5.00000000e-01 
 2.10000000e-06  5.77723603e-01  2.10000000e-06  1.70000000e+00  5.00000000e-01 
 2.20000000e-06  5.81812924e-01  2.20000000e-06  1.70000000e+00  5.00000000e-01 
 2.30000000e-06  5.85945664e-01  2.30000000e-06  1.70000000e+00  5.00000000e-01 
 2.40000000e-06  5.90123212e-01  2.40000000e-06  1.70000000e+00  5.00000000e-01 
 2.50000000e-06  5.94347035e-01  2.50000000e-06  1.70000000e+00  5.00000000e-01 
 2.60000000e-06  5.98618682e-01  2.60000000e-06  1.70000000e+00  5.00000000e-01 
 2.70000000e-06  6.02939786e-01  2.70000000e-06  1.70000000e+00  5.00000000e-01 
 2.80000000e-06  6.07312080e-01  2.80000000e-06  1.70000000e+00  5.00000000e-01 
 2.90000000e-06  6.11737397e-01  2.90000000e-06  1.70000000e+00  5.00000000e-01 
 3.00000000e-06  6.16217682e-01  3.00000000e-06  1.70000000e+00  5.00000000e-01 
 3.10000000e-06  6.20755003e-01  3.10000000e-06  1.70000000e+00  5.00000000e-01 
 3.20000000e-06  6.25351560e-01  3.20000000e-06  1.70000000e+00  5.00000000e-01 
 3.30000000e-06  6.30009696e-01  3.30000000e-06  1.70000000e+00  5.00000000e-01 
 3.40000000e-06  6.34731915e-01  3.40000000e-06  1.70000000e+00  5.00000000e-01 
 3.50000000e-06  6.39520891e-01  3.50000000e-06  1.70000000e+00  5.00000000e-01 
 3.60000000e-06  6.44379492e-01  3.60000000e-06  1.70000000e+00  5.00000000e-01 
 3.70000000e-06  6.49310794e-01  3.70000000e-06  1.70000000e+00  5.00000000e-01 
 3.80000000e-06  6.54318107e-01  3.80000000e-06  1.70000000e+00  5.00000000e-01 
 3.90000000e-06  6.59404997e-01  3.90000000e-06  1.70000000e+00  5.00000000e-01 
 4.00000000e-06  6.64575318e-01  4.00000000e-06  1.70000000e+00  5.00000000e-01 
 4.10000000e-06  6.69833241e-01  4.10000000e-06  1.70000000e+00  5.00000000e-01 
 4.20000000e-06  6.75183297e-01  4.20000000e-06  1.70000000e+00  5.00000000e-01 
 4.30000000e-06  6.80630416e-01  4.30000000e-06  1.70000000e+00  5.00000000e-01 
 4.40000000e-06  6.86179984e-01  4.40000000e-06  1.70000000e+00  5.00000000e-01 
 4.50000000e-06  6.91837895e-01  4.50000000e-06  1.70000000e+00  5.00000000e-01 
 4.60000000e-06  6.97610632e-01  4.60000000e-06  1.70000000e+00  5.00000000e-01 
 4.70000000e-06  7.03505338e-01  4.70000000e-06  1.70000000e+00  5.00000000e-01 
 4.80000000e-06  7.09529925e-01  4.80000000e-06  1.70000000e+00  5.00000000e-01 
 4.90000000e-06  7.15693187e-01  4.90000000e-06  1.70000000e+00  5.00000000e-01 
 5.00000000e-06  7.22004946e-01  5.00000000e-06  1.70000000e+00  5.00000000e-01 
 5.10000000e-06  7.28476220e-01  5.10000000e-06  1.70000000e+00  5.00000000e-01 
 5.20000000e-06  7.35119442e-01  5.20000000e-06  1.70000000e+00  5.00000000e-01 
 5.30000000e-06  7.41948717e-01  5.30000000e-06  1.70000000e+00  5.00000000e-01 
 5.40000000e-06  7.48980153e-01  5.40000000e-06  1.70000000e+00  5.00000000e-01 
 5.50000000e-06  7.56232272e-01  5.50000000e-06  1.70000000e+00  5.00000000e-01 
 5.60000000e-06  7.63726538e-01  5.60000000e-06  1.70000000e+00  5.00000000e-01 
 5.70000000e-06  7.71488040e-01  5.70000000e-06  1.70000000e+00  5.00000000e-01 
 5.80000000e-06  7.79546385e-01  5.80000000e-06  1.70000000e+00  5.00000000e-01 
 5.90000000e-06  7.87936894e-01  5.90000000e-06  1.70000000e+00  5.00000000e-01 
 6.00000000e-06  7.96702220e-01  6.00000000e-06  1.70000000e+00  5.00000000e-01 
 6.10000000e-06  8.05894594e-01  6.10000000e-06  1.70000000e+00  5.00000000e-01 
 6.20000000e-06  8.15578998e-01  6.20000000e-06  1.70000000e+00  5.00000000e-01 
 6.30000000e-06  8.25837781e-01  6.30000000e-06  1.70000000e+00  5.00000000e-01 
 6.40000000e-06  8.36777538e-01  6.40000000e-06  1.70000000e+00  5.00000000e-01 
 6.50000000e-06  8.48539697e-01  6.50000000e-06  1.70000000e+00  5.00000000e-01 
 6.60000000e-06  8.61317321e-01  6.60000000e-06  1.70000000e+00  5.00000000e-01 
 6.70000000e-06  8.75382623e-01  6.70000000e-06  1.70000000e+00  5.00000000e-01 
 6.80000000e-06  8.91132829e-01  6.80000000e-06  1.70000000e+00  5.00000000e-01 
 6.90000000e-06  9.09164517e-01  6.90000000e-06  1.70000000e+00  5.00000000e-01 
 7.00000000e-06  9.30367244e-01  7.00000000e-06  1.70000000e+00  5.00000000e-01 
 7.10000000e-06  9.55845726e-01  7.10000000e-06  1.70000000e+00  5.00000000e-01 
 7.20000000e-06  9.85630702e-01  7.20000000e-06  1.70000000e+00  5.00000000e-01 
 7.30000000e-06  1.01547805e+00  7.30000000e-06  1.70000000e+00  5.00000000e-01 
 7.40000000e-06  1.03979106e+00  7.40000000e-06  1.70000000e+00  5.00000000e-01 
 7.50000000e-06  1.05805351e+00  7.50000000e-06  1.70000000e+00  5.00000000e-01 
 7.60000000e-06  1.07205046e+00  7.60000000e-06  1.70000000e+00  5.00000000e-01 
 7.70000000e-06  1.08323732e+00  7.70000000e-06  1.70000000e+00  5.00000000e-01 
 7.80000000e-06  1.09251860e+00  7.80000000e-06  1.70000000e+00  5.00000000e-01 
 7.90000000e-06  1.10044883e+00  7.90000000e-06  1.70000000e+00  5.00000000e-01 
 8.00000000e-06  1.10738085e+00  8.00000000e-06  1.70000000e+00  5.00000000e-01 
 8.10000000e-06  1.11354923e+00  8.10000000e-06  1.70000000e+00  5.00000000e-01 
 8.20000000e-06  1.11911633e+00  8.20000000e-06  1.70000000e+00  5.00000000e-01 
 8.30000000e-06  1.12419857e+00  8.30000000e-06  1.70000000e+00  5.00000000e-01 
 8.40000000e-06  1.12888196e+00  8.40000000e-06  1.70000000e+00  5.00000000e-01 
 8.50000000e-06  1.13323169e+00  8.50000000e-06  1.70000000e+00  5.00000000e-01 
 8.60000000e-06  1.13729826e+00  8.60000000e-06  1.70000000e+00  5.00000000e-01 
 8.70000000e-06  1.14112156e+00  8.70000000e-06  1.70000000e+00  5.00000000e-01 
 8.80000000e-06  1.14473360e+00  8.80000000e-06  1.70000000e+00  5.00000000e-01 
 8.90000000e-06  1.14816047e+00  8.90000000e-06  1.70000000e+00  5.00000000e-01 
 9.00000000e-06  1.15142368e+00  9.00000000e-06  1.70000000e+00  5.00000000e-01 
 9.10000000e-06  1.15454116e+00  9.10000000e-06  1.70000000e+00  5.00000000e-01 
 9.20000000e-06  1.15752806e+00  9.20000000e-06  1.70000000e+00  5.00000000e-01 
 9.30000000e-06  1.16039723e+00  9.30000000e-06  1.70000000e+00  5.00000000e-01 
 9.40000000e-06  1.16315972e+00  9.40000000e-06  1.70000000e+00  5.00000000e-01 
 9.50000000e-06  1.16582505e+00  9.50000000e-06  1.70000000e+00  5.00000000e-01 
 9.60000000e-06  1.16840151e+00  9.60000000e-06  1.70000000e+00  5.00000000e-01 
 9.70000000e-06  1.17089637e+00  9.70000000e-06  1.70000000e+00  5.00000000e-01 
 9.80000000e-06  1.17331602e+00  9.80000000e-06  1.70000000e+00  5.00000000e-01 
 9.90000000e-06  1.17566609e+00  9.90000000e-06  1.70000000e+00  5.00000000e-01 
 1.00000000e-05  1.17795163e+00  1.00000000e-05  1.70000000e+00  5.00000000e-01 
 1.01000000e-05  1.18017712e+00  1.01000000e-05  1.70000000e+00  5.00000000e-01 
 1.02000000e-05  1.18234658e+00  1.02000000e-05  1.70000000e+00  5.00000000e-01 
 1.03000000e-05  1.18446365e+00  1.03000000e-05  1.70000000e+00  5.00000000e-01 
 1.04000000e-05  1.18653159e+00  1.04000000e-05  1.70000000e+00  5.00000000e-01 
 1.05000000e-05  1.18855337e+00  1.05000000e-05  1.70000000e+00  5.00000000e-01 
 1.06000000e-05  1.19053170e+00  1.06000000e-05  1.70000000e+00  5.00000000e-01 
 1.07000000e-05  1.19246904e+00  1.07000000e-05  1.70000000e+00  5.00000000e-01 
 1.08000000e-05  1.19436764e+00  1.08000000e-05  1.70000000e+00  5.00000000e-01 
 1.09000000e-05  1.19622957e+00  1.09000000e-05  1.70000000e+00  5.00000000e-01 
 1.10000000e-05  1.19805673e+00  1.10000000e-05  1.70000000e+00  5.00000000e-01 
 1.11000000e-05  1.19985088e+00  1.11000000e-05  1.70000000e+00  5.00000000e-01 
 1.12000000e-05  1.20161362e+00  1.12000000e-05  1.70000000e+00  5.00000000e-01 
 1.13000000e-05  1.20334646e+00  1.13000000e-05  1.70000000e+00  5.00000000e-01 
 1.14000000e-05  1.20505079e+00  1.14000000e-05  1.70000000e+00  5.00000000e-01 
 1.15000000e-05  1.20672789e+00  1.15000000e-05  1.70000000e+00  5.00000000e-01 
 1.16000000e-05  1.20837897e+00  1.16000000e-05  1.70000000e+00  5.00000000e-01 
 1.17000000e-05  1.21000516e+00  1.17000000e-05  1.70000000e+00  5.00000000e-01 
 1.18000000e-05  1.21160749e+00  1.18000000e-05  1.70000000e+00  5.00000000e-01 
 1.19000000e-05  1.21318695e+00  1.19000000e-05  1.70000000e+00  5.00000000e-01 
 1.20000000e-05  1.21474445e+00  1.20000000e-05  1.70000000e+00  5.00000000e-01 
 1.21000000e-05  1.21628085e+00  1.21000000e-05  1.70000000e+00  5.00000000e-01 
 1.22000000e-05  1.21779697e+00  1.22000000e-05  1.70000000e+00  5.00000000e-01 
 1.23000000e-05  1.21929357e+00  1.23000000e-05  1.70000000e+00  5.00000000e-01 
 1.24000000e-05  1.22077136e+00  1.24000000e-05  1.70000000e+00  5.00000000e-01 
 1.25000000e-05  1.22223102e+00  1.25000000e-05  1.70000000e+00  5.00000000e-01 
 1.26000000e-05  1.22367318e+00  1.26000000e-05  1.70000000e+00  5.00000000e-01 
 1.27000000e-05  1.22509847e+00  1.27000000e-05  1.70000000e+00  5.00000000e-01 
 1.28000000e-05  1.22650743e+00  1.28000000e-05  1.70000000e+00  5.00000000e-01 
 1.29000000e-05  1.22790062e+00  1.29000000e-05  1.70000000e+00  5.00000000e-01 
 1.30000000e-05  1.22927855e+00  1.30000000e-05  1.70000000e+00  5.00000000e-01 
 1.31000000e-05  1.23064171e+00  1.31000000e-05  1.70000000e+00  5.00000000e-01 
 1.32000000e-05  1.23199056e+00  1.32000000e-05  1.70000000e+00  5.00000000e-01 
 1.33000000e-05  1.23332554e+00  1.33000000e-05  1.70000000e+00  5.00000000e-01 
 1.34000000e-05  1.23464707e+00  1.34000000e-05  1.70000000e+00  5.00000000e-01 
 1.35000000e-05  1.23595556e+00  1.35000000e-05  1.70000000e+00  5.00000000e-01 
 1.36000000e-05  1.23725137e+00  1.36000000e-05  1.70000000e+00  5.00000000e-01 
 1.37000000e-05  1.23853488e+00  1.37000000e-05  1.70000000e+00  5.00000000e-01 
 1.38000000e-05  1.23980643e+00  1.38000000e-05  1.70000000e+00  5.00000000e-01 
 1.39000000e-05  1.24106636e+00  1.39000000e-05  1.70000000e+00  5.00000000e-01 
 1.40000000e-05  1.24231497e+00  1.40000000e-05  1.70000000e+00  5.00000000e-01 
 1.41000000e-05  1.24355259e+00  1.41000000e-05  1.70000000e+00  5.00000000e-01 
 1.42000000e-05  1.24477949e+00  1.42000000e-05  1.70000000e+00  5.00000000e-01 
 1.43000000e-05  1.24599595e+00  1.43000000e-05  1.70000000e+00  5.00000000e-01 
 1.44000000e-05  1.24720225e+00  1.44000000e-05  1.70000000e+00  5.00000000e-01 
 1.45000000e-05  1.24839864e+00  1.45000000e-05  1.70000000e+00  5.00000000e-01 
 1.46000000e-05  1.24958536e+00  1.46000000e-05  1.70000000e+00  5.00000000e-01 
 1.47000000e-05  1.25076265e+00  1.47000000e-05  1.70000000e+00  5.00000000e-01 
 1.48000000e-05  1.25193074e+00  1.48000000e-05  1.70000000e+00  5.00000000e-01 
 1.49000000e-05  1.25308985e+00  1.49000000e-05  1.70000000e+00  5.00000000e-01 
 1.50000000e-05  1.25424019e+00  1.50000000e-05  1.70000000e+00  5.00000000e-01 
 1.51000000e-05  1.25538196e+00  1.51000000e-05  1.70000000e+00  5.00000000e-01 
 1.52000000e-05  1.25651535e+00  1.52000000e-05  1.70000000e+00  5.00000000e-01 
 1.53000000e-05  1.25764056e+00  1.53000000e-05  1.70000000e+00  5.00000000e-01 
 1.54000000e-05  1.25875776e+00  1.54000000e-05  1.70000000e+00  5.00000000e-01 
 1.55000000e-05  1.25986714e+00  1.55000000e-05  1.70000000e+00  5.00000000e-01 
 1.56000000e-05  1.26096885e+00  1.56000000e-05  1.70000000e+00  5.00000000e-01 
 1.57000000e-05  1.26206307e+00  1.57000000e-05  1.70000000e+00  5.00000000e-01 
 1.58000000e-05  1.26314994e+00  1.58000000e-05  1.70000000e+00  5.00000000e-01 
 1.59000000e-05  1.26422963e+00  1.59000000e-05  1.70000000e+00  5.00000000e-01 
 1.60000000e-05  1.26530227e+00  1.60000000e-05  1.70000000e+00  5.00000000e-01 
 1.61000000e-05  1.26636802e+00  1.61000000e-05  1.70000000e+00  5.00000000e-01 
 1.62000000e-05  1.26742700e+00  1.62000000e-05  1.70000000e+00  5.00000000e-01 
 1.63000000e-05  1.26847936e+00  1.63000000e-05  1.70000000e+00  5.00000000e-01 
 1.64000000e-05  1.26952522e+00  1.64000000e-05  1.70000000e+00  5.00000000e-01 
 1.65000000e-05  1.27056471e+00  1.65000000e-05  1.70000000e+00  5.00000000e-01 
 1.66000000e-05  1.27159794e+00  1.66000000e-05  1.70000000e+00  5.00000000e-01 
 1.67000000e-05  1.27262504e+00  1.67000000e-05  1.70000000e+00  5.00000000e-01 
 1.68000000e-05  1.27364611e+00  1.68000000e-05  1.70000000e+00  5.00000000e-01 
 1.69000000e-05  1.27466128e+00  1.69000000e-05  1.70000000e+00  5.00000000e-01 
 1.70000000e-05  1.27567064e+00  1.70000000e-05  1.70000000e+00  5.00000000e-01 
 1.71000000e-05  1.27667430e+00  1.71000000e-05  1.70000000e+00  5.00000000e-01 
 1.72000000e-05  1.27767236e+00  1.72000000e-05  1.70000000e+00  5.00000000e-01 
 1.73000000e-05  1.27866493e+00  1.73000000e-05  1.70000000e+00  5.00000000e-01 
 1.74000000e-05  1.27965208e+00  1.74000000e-05  1.70000000e+00  5.00000000e-01 
 1.75000000e-05  1.28063393e+00  1.75000000e-05  1.70000000e+00  5.00000000e-01 
 1.76000000e-05  1.28161055e+00  1.76000000e-05  1.70000000e+00  5.00000000e-01 
 1.77000000e-05  1.28258204e+00  1.77000000e-05  1.70000000e+00  5.00000000e-01 
 1.78000000e-05  1.28354848e+00  1.78000000e-05  1.70000000e+00  5.00000000e-01 
 1.79000000e-05  1.28450995e+00  1.79000000e-05  1.70000000e+00  5.00000000e-01 
 1.80000000e-05  1.28546654e+00  1.80000000e-05  1.70000000e+00  5.00000000e-01 
 1.81000000e-05  1.28641832e+00  1.81000000e-05  1.70000000e+00  5.00000000e-01 
 1.82000000e-05  1.28736537e+00  1.82000000e-05  1.70000000e+00  5.00000000e-01 
 1.83000000e-05  1.28830777e+00  1.83000000e-05  1.70000000e+00  5.00000000e-01 
 1.84000000e-05  1.28924558e+00  1.84000000e-05  1.70000000e+00  5.00000000e-01 
 1.85000000e-05  1.29017888e+00  1.85000000e-05  1.70000000e+00  5.00000000e-01 
 1.86000000e-05  1.29110773e+00  1.86000000e-05  1.70000000e+00  5.00000000e-01 
 1.87000000e-05  1.29203221e+00  1.87000000e-05  1.70000000e+00  5.00000000e-01 
 1.88000000e-05  1.29295238e+00  1.88000000e-05  1.70000000e+00  5.00000000e-01 
 1.89000000e-05  1.29386830e+00  1.89000000e-05  1.70000000e+00  5.00000000e-01 
 1.90000000e-05  1.29478004e+00  1.90000000e-05  1.70000000e+00  5.00000000e-01 
 1.91000000e-05  1.29568765e+00  1.91000000e-05  1.70000000e+00  5.00000000e-01 
 1.92000000e-05  1.29659120e+00  1.92000000e-05  1.70000000e+00  5.00000000e-01 
 1.93000000e-05  1.29749075e+00  1.93000000e-05  1.70000000e+00  5.00000000e-01 
 1.94000000e-05  1.29838635e+00  1.94000000e-05  1.70000000e+00  5.00000000e-01 
 1.95000000e-05  1.29927805e+00  1.95000000e-05  1.70000000e+00  5.00000000e-01 
 1.96000000e-05  1.30016592e+00  1.96000000e-05  1.70000000e+00  5.00000000e-01 
 1.97000000e-05  1.30105000e+00  1.97000000e-05  1.70000000e+00  5.00000000e-01 
 1.98000000e-05  1.30193034e+00  1.98000000e-05  1.70000000e+00  5.00000000e-01 
 1.99000000e-05  1.30280700e+00  1.99000000e-05  1.70000000e+00  5.00000000e-01 
 2.00000000e-05  1.30368003e+00  2.00000000e-05  1.70000000e+00  5.00000000e-01 
 2.01000000e-05  1.30454947e+00  2.01000000e-05  1.70000000e+00  5.00000000e-01 
 2.02000000e-05  1.30541537e+00  2.02000000e-05  1.70000000e+00  5.00000000e-01 
 2.03000000e-05  1.30627778e+00  2.03000000e-05  1.70000000e+00  5.00000000e-01 
 2.04000000e-05  1.30713674e+00  2.04000000e-05  1.70000000e+00  5.00000000e-01 
 2.05000000e-05  1.30799230e+00  2.05000000e-05  1.70000000e+00  5.00000000e-01 
 2.06000000e-05  1.30884450e+00  2.06000000e-05  1.70000000e+00  5.00000000e-01 
 2.07000000e-05  1.30969338e+00  2.07000000e-05  1.70000000e+00  5.00000000e-01 
 2.08000000e-05  1.31053899e+00  2.08000000e-05  1.70000000e+00  5.00000000e-01 
 2.09000000e-05  1.31138136e+00  2.09000000e-05  1.70000000e+00  5.00000000e-01 
 2.10000000e-05  1.31222054e+00  2.10000000e-05  1.70000000e+00  5.00000000e-01 
 2.11000000e-05  1.31305656e+00  2.11000000e-05  1.70000000e+00  5.00000000e-01 
 2.12000000e-05  1.31388946e+00  2.12000000e-05  1.70000000e+00  5.00000000e-01 
 2.13000000e-05  1.31471928e+00  2.13000000e-05  1.70000000e+00  5.00000000e-01 
 2.14000000e-05  1.31554606e+00  2.14000000e-05  1.70000000e+00  5.00000000e-01 
 2.15000000e-05  1.31636984e+00  2.15000000e-05  1.70000000e+00  5.00000000e-01 
 2.16000000e-05  1.31719064e+00  2.16000000e-05  1.70000000e+00  5.00000000e-01 
 2.17000000e-05  1.31800850e+00  2.17000000e-05  1.70000000e+00  5.00000000e-01 
 2.18000000e-05  1.31882346e+00  2.18000000e-05  1.70000000e+00  5.00000000e-01 
 2.19000000e-05  1.31963555e+00  2.19000000e-05  1.70000000e+00  5.00000000e-01 
 2.20000000e-05  1.32044481e+00  2.20000000e-05  1.70000000e+00  5.00000000e-01 
 2.21000000e-05  1.32125126e+00  2.21000000e-05  1.70000000e+00  5.00000000e-01 
 2.22000000e-05  1.32205493e+00  2.22000000e-05  1.70000000e+00  5.00000000e-01 
 2.23000000e-05  1.32285586e+00  2.23000000e-05  1.70000000e+00  5.00000000e-01 
 2.24000000e-05  1.32365408e+00  2.24000000e-05  1.70000000e+00  5.00000000e-01 
 2.25000000e-05  1.32444962e+00  2.25000000e-05  1.70000000e+00  5.00000000e-01 
 2.26000000e-05  1.32524250e+00  2.26000000e-05  1.70000000e+00  5.00000000e-01 
 2.27000000e-05  1.32603276e+00  2.27000000e-05  1.70000000e+00  5.00000000e-01 
 2.28000000e-05  1.32682042e+00  2.28000000e-05  1.70000000e+00  5.00000000e-01 
 2.29000000e-05  1.32760551e+00  2.29000000e-05  1.70000000e+00  5.00000000e-01 
 2.30000000e-05  1.32838806e+00  2.30000000e-05  1.70000000e+00  5.00000000e-01 
 2.31000000e-05  1.32916810e+00  2.31000000e-05  1.70000000e+00  5.00000000e-01 
 2.32000000e-05  1.32994565e+00  2.32000000e-05  1.70000000e+00  5.00000000e-01 
 2.33000000e-05  1.33072073e+00  2.33000000e-05  1.70000000e+00  5.00000000e-01 
 2.34000000e-05  1.33149338e+00  2.34000000e-05  1.70000000e+00  5.00000000e-01 
 2.35000000e-05  1.33226361e+00  2.35000000e-05  1.70000000e+00  5.00000000e-01 
 2.36000000e-05  1.33303146e+00  2.36000000e-05  1.70000000e+00  5.00000000e-01 
 2.37000000e-05  1.33379694e+00  2.37000000e-05  1.70000000e+00  5.00000000e-01 
 2.38000000e-05  1.33456008e+00  2.38000000e-05  1.70000000e+00  5.00000000e-01 
 2.39000000e-05  1.33532090e+00  2.39000000e-05  1.70000000e+00  5.00000000e-01 
 2.40000000e-05  1.33607943e+00  2.40000000e-05  1.70000000e+00  5.00000000e-01 
 2.41000000e-05  1.33683569e+00  2.41000000e-05  1.70000000e+00  5.00000000e-01 
 2.42000000e-05  1.33758969e+00  2.42000000e-05  1.70000000e+00  5.00000000e-01 
 2.43000000e-05  1.33834147e+00  2.43000000e-05  1.70000000e+00  5.00000000e-01 
 2.44000000e-05  1.33909105e+00  2.44000000e-05  1.70000000e+00  5.00000000e-01 
 2.45000000e-05  1.33983843e+00  2.45000000e-05  1.70000000e+00  5.00000000e-01 
 2.46000000e-05  1.34058366e+00  2.46000000e-05  1.70000000e+00  5.00000000e-01 
 2.47000000e-05  1.34132674e+00  2.47000000e-05  1.70000000e+00  5.00000000e-01 
 2.48000000e-05  1.34206769e+00  2.48000000e-05  1.70000000e+00  5.00000000e-01 
 2.49000000e-05  1.34280654e+00  2.49000000e-05  1.70000000e+00  5.00000000e-01 
 2.50000000e-05  1.34354331e+00  2.50000000e-05  1.70000000e+00  5.00000000e-01 
