 i-sweep         v(vout)         i(viin)         v(vgate)        v(vmid)        
 0.00000000e+00  3.00000026e-01  0.00000000e+00  1.80000000e+00  3.00000000e-01 
 1.00000000e-07  3.02121202e-01  1.00000000e-07  1.80000000e+00  3.00000000e-01 
 2.00000000e-07  3.04282484e-01  2.00000000e-07  1.80000000e+00  3.00000000e-01 
 3.00000000e-07  3.06487453e-01  3.00000000e-07  1.80000000e+00  3.00000000e-01 
 4.00000000e-07  3.08663940e-01  4.00000000e-07  1.80000000e+00  3.00000000e-01 
 5.00000000e-07  3.10846828e-01  5.00000000e-07  1.80000000e+00  3.00000000e-01 
 6.00000000e-07  3.13036279e-01  6.00000000e-07  1.80000000e+00  3.00000000e-01 
 7.00000000e-07  3.15232353e-01  7.00000000e-07  1.80000000e+00  3.00000000e-01 
 8.00000000e-07  3.17435108e-01  8.00000000e-07  1.80000000e+00  3.00000000e-01 
 9.00000000e-07  3.19644604e-01  9.00000000e-07  1.80000000e+00  3.00000000e-01 
 1.00000000e-06  3.21860902e-01  1.00000000e-06  1.80000000e+00  3.00000000e-01 
 1.10000000e-06  3.24084064e-01  1.10000000e-06  1.80000000e+00  3.00000000e-01 
 1.20000000e-06  3.26314153e-01  1.20000000e-06  1.80000000e+00  3.00000000e-01 
 1.30000000e-06  3.28551232e-01  1.30000000e-06  1.80000000e+00  3.00000000e-01 
 1.40000000e-06  3.30795366e-01  1.40000000e-06  1.80000000e+00  3.00000000e-01 
 1.50000000e-06  3.33046621e-01  1.50000000e-06  1.80000000e+00  3.00000000e-01 
 1.60000000e-06  3.35305063e-01  1.60000000e-06  1.80000000e+00  3.00000000e-01 
 1.70000000e-06  3.37570761e-01  1.70000000e-06  1.80000000e+00  3.00000000e-01 
 1.80000000e-06  3.39843783e-01  1.80000000e-06  1.80000000e+00  3.00000000e-01 
 1.90000000e-06  3.42124198e-01  1.90000000e-06  1.80000000e+00  3.00000000e-01 
 2.00000000e-06  3.44412079e-01  2.00000000e-06  1.80000000e+00  3.00000000e-01 
 2.10000000e-06  3.46707497e-01  2.10000000e-06  1.80000000e+00  3.00000000e-01 
 2.20000000e-06  3.49010526e-01  2.20000000e-06  1.80000000e+00  3.00000000e-01 
 2.30000000e-06  3.51321240e-01  2.30000000e-06  1.80000000e+00  3.00000000e-01 
 2.40000000e-06  3.53639715e-01  2.40000000e-06  1.80000000e+00  3.00000000e-01 
 2.50000000e-06  3.55966029e-01  2.50000000e-06  1.80000000e+00  3.00000000e-01 
 2.60000000e-06  3.58300258e-01  2.60000000e-06  1.80000000e+00  3.00000000e-01 
 2.70000000e-06  3.60642484e-01  2.70000000e-06  1.80000000e+00  3.00000000e-01 
 2.80000000e-06  3.62992787e-01  2.80000000e-06  1.80000000e+00  3.00000000e-01 
 2.90000000e-06  3.65351249e-01  2.90000000e-06  1.80000000e+00  3.00000000e-01 
 3.00000000e-06  3.67717954e-01  3.00000000e-06  1.80000000e+00  3.00000000e-01 
 3.10000000e-06  3.70092988e-01  3.10000000e-06  1.80000000e+00  3.00000000e-01 
 3.20000000e-06  3.72476437e-01  3.20000000e-06  1.80000000e+00  3.00000000e-01 
 3.30000000e-06  3.74868390e-01  3.30000000e-06  1.80000000e+00  3.00000000e-01 
 3.40000000e-06  3.77268935e-01  3.40000000e-06  1.80000000e+00  3.00000000e-01 
 3.50000000e-06  3.79678165e-01  3.50000000e-06  1.80000000e+00  3.00000000e-01 
 3.60000000e-06  3.82096172e-01  3.60000000e-06  1.80000000e+00  3.00000000e-01 
 3.70000000e-06  3.84523051e-01  3.70000000e-06  1.80000000e+00  3.00000000e-01 
 3.80000000e-06  3.86958899e-01  3.80000000e-06  1.80000000e+00  3.00000000e-01 
 3.90000000e-06  3.89403813e-01  3.90000000e-06  1.80000000e+00  3.00000000e-01 
 4.00000000e-06  3.91857893e-01  4.00000000e-06  1.80000000e+00  3.00000000e-01 
 4.10000000e-06  3.94321242e-01  4.10000000e-06  1.80000000e+00  3.00000000e-01 
 4.20000000e-06  3.96793962e-01  4.20000000e-06  1.80000000e+00  3.00000000e-01 
 4.30000000e-06  3.99276160e-01  4.30000000e-06  1.80000000e+00  3.00000000e-01 
 4.40000000e-06  4.01767943e-01  4.40000000e-06  1.80000000e+00  3.00000000e-01 
 4.50000000e-06  4.04269420e-01  4.50000000e-06  1.80000000e+00  3.00000000e-01 
 4.60000000e-06  4.06780704e-01  4.60000000e-06  1.80000000e+00  3.00000000e-01 
 4.70000000e-06  4.09301908e-01  4.70000000e-06  1.80000000e+00  3.00000000e-01 
 4.80000000e-06  4.11833149e-01  4.80000000e-06  1.80000000e+00  3.00000000e-01 
 4.90000000e-06  4.14374544e-01  4.90000000e-06  1.80000000e+00  3.00000000e-01 
 5.00000000e-06  4.16926215e-01  5.00000000e-06  1.80000000e+00  3.00000000e-01 
 5.10000000e-06  4.19488285e-01  5.10000000e-06  1.80000000e+00  3.00000000e-01 
 5.20000000e-06  4.22060879e-01  5.20000000e-06  1.80000000e+00  3.00000000e-01 
 5.30000000e-06  4.24644126e-01  5.30000000e-06  1.80000000e+00  3.00000000e-01 
 5.40000000e-06  4.27238156e-01  5.40000000e-06  1.80000000e+00  3.00000000e-01 
 5.50000000e-06  4.29843103e-01  5.50000000e-06  1.80000000e+00  3.00000000e-01 
 5.60000000e-06  4.32459103e-01  5.60000000e-06  1.80000000e+00  3.00000000e-01 
 5.70000000e-06  4.35086295e-01  5.70000000e-06  1.80000000e+00  3.00000000e-01 
 5.80000000e-06  4.37724822e-01  5.80000000e-06  1.80000000e+00  3.00000000e-01 
 5.90000000e-06  4.40374829e-01  5.90000000e-06  1.80000000e+00  3.00000000e-01 
 6.00000000e-06  4.43036463e-01  6.00000000e-06  1.80000000e+00  3.00000000e-01 
 6.10000000e-06  4.45709876e-01  6.10000000e-06  1.80000000e+00  3.00000000e-01 
 6.20000000e-06  4.48395224e-01  6.20000000e-06  1.80000000e+00  3.00000000e-01 
 6.30000000e-06  4.51092663e-01  6.30000000e-06  1.80000000e+00  3.00000000e-01 
 6.40000000e-06  4.53802357e-01  6.40000000e-06  1.80000000e+00  3.00000000e-01 
 6.50000000e-06  4.56524469e-01  6.50000000e-06  1.80000000e+00  3.00000000e-01 
 6.60000000e-06  4.59259170e-01  6.60000000e-06  1.80000000e+00  3.00000000e-01 
 6.70000000e-06  4.62006632e-01  6.70000000e-06  1.80000000e+00  3.00000000e-01 
 6.80000000e-06  4.64767032e-01  6.80000000e-06  1.80000000e+00  3.00000000e-01 
 6.90000000e-06  4.67540551e-01  6.90000000e-06  1.80000000e+00  3.00000000e-01 
 7.00000000e-06  4.70327375e-01  7.00000000e-06  1.80000000e+00  3.00000000e-01 
 7.10000000e-06  4.73127693e-01  7.10000000e-06  1.80000000e+00  3.00000000e-01 
 7.20000000e-06  4.75941700e-01  7.20000000e-06  1.80000000e+00  3.00000000e-01 
 7.30000000e-06  4.78769594e-01  7.30000000e-06  1.80000000e+00  3.00000000e-01 
 7.40000000e-06  4.81611579e-01  7.40000000e-06  1.80000000e+00  3.00000000e-01 
 7.50000000e-06  4.84467864e-01  7.50000000e-06  1.80000000e+00  3.00000000e-01 
 7.60000000e-06  4.87338664e-01  7.60000000e-06  1.80000000e+00  3.00000000e-01 
 7.70000000e-06  4.90224197e-01  7.70000000e-06  1.80000000e+00  3.00000000e-01 
 7.80000000e-06  4.93124689e-01  7.80000000e-06  1.80000000e+00  3.00000000e-01 
 7.90000000e-06  4.96040371e-01  7.90000000e-06  1.80000000e+00  3.00000000e-01 
 8.00000000e-06  4.98971478e-01  8.00000000e-06  1.80000000e+00  3.00000000e-01 
 8.10000000e-06  5.01918255e-01  8.10000000e-06  1.80000000e+00  3.00000000e-01 
 8.20000000e-06  5.04880951e-01  8.20000000e-06  1.80000000e+00  3.00000000e-01 
 8.30000000e-06  5.07859822e-01  8.30000000e-06  1.80000000e+00  3.00000000e-01 
 8.40000000e-06  5.10855131e-01  8.40000000e-06  1.80000000e+00  3.00000000e-01 
 8.50000000e-06  5.13867147e-01  8.50000000e-06  1.80000000e+00  3.00000000e-01 
 8.60000000e-06  5.16896150e-01  8.60000000e-06  1.80000000e+00  3.00000000e-01 
 8.70000000e-06  5.19942424e-01  8.70000000e-06  1.80000000e+00  3.00000000e-01 
 8.80000000e-06  5.23006264e-01  8.80000000e-06  1.80000000e+00  3.00000000e-01 
 8.90000000e-06  5.26087970e-01  8.90000000e-06  1.80000000e+00  3.00000000e-01 
 9.00000000e-06  5.29187854e-01  9.00000000e-06  1.80000000e+00  3.00000000e-01 
 9.10000000e-06  5.32306236e-01  9.10000000e-06  1.80000000e+00  3.00000000e-01 
 9.20000000e-06  5.35443445e-01  9.20000000e-06  1.80000000e+00  3.00000000e-01 
 9.30000000e-06  5.38599820e-01  9.30000000e-06  1.80000000e+00  3.00000000e-01 
 9.40000000e-06  5.41775710e-01  9.40000000e-06  1.80000000e+00  3.00000000e-01 
 9.50000000e-06  5.44971476e-01  9.50000000e-06  1.80000000e+00  3.00000000e-01 
 9.60000000e-06  5.48187490e-01  9.60000000e-06  1.80000000e+00  3.00000000e-01 
 9.70000000e-06  5.51424134e-01  9.70000000e-06  1.80000000e+00  3.00000000e-01 
 9.80000000e-06  5.54681803e-01  9.80000000e-06  1.80000000e+00  3.00000000e-01 
 9.90000000e-06  5.57960906e-01  9.90000000e-06  1.80000000e+00  3.00000000e-01 
 1.00000000e-05  5.61261864e-01  1.00000000e-05  1.80000000e+00  3.00000000e-01 
 1.01000000e-05  5.64585113e-01  1.01000000e-05  1.80000000e+00  3.00000000e-01 
 1.02000000e-05  5.67931103e-01  1.02000000e-05  1.80000000e+00  3.00000000e-01 
 1.03000000e-05  5.71300298e-01  1.03000000e-05  1.80000000e+00  3.00000000e-01 
 1.04000000e-05  5.74693181e-01  1.04000000e-05  1.80000000e+00  3.00000000e-01 
 1.05000000e-05  5.78110249e-01  1.05000000e-05  1.80000000e+00  3.00000000e-01 
 1.06000000e-05  5.81552019e-01  1.06000000e-05  1.80000000e+00  3.00000000e-01 
 1.07000000e-05  5.85019025e-01  1.07000000e-05  1.80000000e+00  3.00000000e-01 
 1.08000000e-05  5.88511820e-01  1.08000000e-05  1.80000000e+00  3.00000000e-01 
 1.09000000e-05  5.92030981e-01  1.09000000e-05  1.80000000e+00  3.00000000e-01 
 1.10000000e-05  5.95577102e-01  1.10000000e-05  1.80000000e+00  3.00000000e-01 
 1.11000000e-05  5.99150802e-01  1.11000000e-05  1.80000000e+00  3.00000000e-01 
 1.12000000e-05  6.02752726e-01  1.12000000e-05  1.80000000e+00  3.00000000e-01 
 1.13000000e-05  6.06383539e-01  1.13000000e-05  1.80000000e+00  3.00000000e-01 
 1.14000000e-05  6.10043939e-01  1.14000000e-05  1.80000000e+00  3.00000000e-01 
 1.15000000e-05  6.13734646e-01  1.15000000e-05  1.80000000e+00  3.00000000e-01 
 1.16000000e-05  6.17456416e-01  1.16000000e-05  1.80000000e+00  3.00000000e-01 
 1.17000000e-05  6.21210032e-01  1.17000000e-05  1.80000000e+00  3.00000000e-01 
 1.18000000e-05  6.24996311e-01  1.18000000e-05  1.80000000e+00  3.00000000e-01 
 1.19000000e-05  6.28816109e-01  1.19000000e-05  1.80000000e+00  3.00000000e-01 
 1.20000000e-05  6.32670316e-01  1.20000000e-05  1.80000000e+00  3.00000000e-01 
 1.21000000e-05  6.36559864e-01  1.21000000e-05  1.80000000e+00  3.00000000e-01 
 1.22000000e-05  6.40485725e-01  1.22000000e-05  1.80000000e+00  3.00000000e-01 
 1.23000000e-05  6.44448921e-01  1.23000000e-05  1.80000000e+00  3.00000000e-01 
 1.24000000e-05  6.48450518e-01  1.24000000e-05  1.80000000e+00  3.00000000e-01 
 1.25000000e-05  6.52491637e-01  1.25000000e-05  1.80000000e+00  3.00000000e-01 
 1.26000000e-05  6.56573451e-01  1.26000000e-05  1.80000000e+00  3.00000000e-01 
 1.27000000e-05  6.60697194e-01  1.27000000e-05  1.80000000e+00  3.00000000e-01 
 1.28000000e-05  6.64864163e-01  1.28000000e-05  1.80000000e+00  3.00000000e-01 
 1.29000000e-05  6.69075723e-01  1.29000000e-05  1.80000000e+00  3.00000000e-01 
 1.30000000e-05  6.73333312e-01  1.30000000e-05  1.80000000e+00  3.00000000e-01 
 1.31000000e-05  6.77638446e-01  1.31000000e-05  1.80000000e+00  3.00000000e-01 
 1.32000000e-05  6.81992726e-01  1.32000000e-05  1.80000000e+00  3.00000000e-01 
 1.33000000e-05  6.86397843e-01  1.33000000e-05  1.80000000e+00  3.00000000e-01 
 1.34000000e-05  6.90855588e-01  1.34000000e-05  1.80000000e+00  3.00000000e-01 
 1.35000000e-05  6.95367858e-01  1.35000000e-05  1.80000000e+00  3.00000000e-01 
 1.36000000e-05  6.99936666e-01  1.36000000e-05  1.80000000e+00  3.00000000e-01 
 1.37000000e-05  7.04564151e-01  1.37000000e-05  1.80000000e+00  3.00000000e-01 
 1.38000000e-05  7.09252587e-01  1.38000000e-05  1.80000000e+00  3.00000000e-01 
 1.39000000e-05  7.14004400e-01  1.39000000e-05  1.80000000e+00  3.00000000e-01 
 1.40000000e-05  7.18822177e-01  1.40000000e-05  1.80000000e+00  3.00000000e-01 
 1.41000000e-05  7.23708683e-01  1.41000000e-05  1.80000000e+00  3.00000000e-01 
 1.42000000e-05  7.28666882e-01  1.42000000e-05  1.80000000e+00  3.00000000e-01 
 1.43000000e-05  7.33699950e-01  1.43000000e-05  1.80000000e+00  3.00000000e-01 
 1.44000000e-05  7.38811302e-01  1.44000000e-05  1.80000000e+00  3.00000000e-01 
 1.45000000e-05  7.44004616e-01  1.45000000e-05  1.80000000e+00  3.00000000e-01 
 1.46000000e-05  7.49283861e-01  1.46000000e-05  1.80000000e+00  3.00000000e-01 
 1.47000000e-05  7.54653329e-01  1.47000000e-05  1.80000000e+00  3.00000000e-01 
 1.48000000e-05  7.60117673e-01  1.48000000e-05  1.80000000e+00  3.00000000e-01 
 1.49000000e-05  7.65681949e-01  1.49000000e-05  1.80000000e+00  3.00000000e-01 
 1.50000000e-05  7.71351664e-01  1.50000000e-05  1.80000000e+00  3.00000000e-01 
 1.51000000e-05  7.77132838e-01  1.51000000e-05  1.80000000e+00  3.00000000e-01 
 1.52000000e-05  7.83032062e-01  1.52000000e-05  1.80000000e+00  3.00000000e-01 
 1.53000000e-05  7.89056581e-01  1.53000000e-05  1.80000000e+00  3.00000000e-01 
 1.54000000e-05  7.95214385e-01  1.54000000e-05  1.80000000e+00  3.00000000e-01 
 1.55000000e-05  8.01514312e-01  1.55000000e-05  1.80000000e+00  3.00000000e-01 
 1.56000000e-05  8.07966177e-01  1.56000000e-05  1.80000000e+00  3.00000000e-01 
 1.57000000e-05  8.14580921e-01  1.57000000e-05  1.80000000e+00  3.00000000e-01 
 1.58000000e-05  8.21370794e-01  1.58000000e-05  1.80000000e+00  3.00000000e-01 
 1.59000000e-05  8.28349573e-01  1.59000000e-05  1.80000000e+00  3.00000000e-01 
 1.60000000e-05  8.35532817e-01  1.60000000e-05  1.80000000e+00  3.00000000e-01 
 1.61000000e-05  8.42938194e-01  1.61000000e-05  1.80000000e+00  3.00000000e-01 
 1.62000000e-05  8.50585862e-01  1.62000000e-05  1.80000000e+00  3.00000000e-01 
 1.63000000e-05  8.58498942e-01  1.63000000e-05  1.80000000e+00  3.00000000e-01 
 1.64000000e-05  8.66704088e-01  1.64000000e-05  1.80000000e+00  3.00000000e-01 
 1.65000000e-05  8.75232185e-01  1.65000000e-05  1.80000000e+00  3.00000000e-01 
 1.66000000e-05  8.84119176e-01  1.66000000e-05  1.80000000e+00  3.00000000e-01 
 1.67000000e-05  8.93407027e-01  1.67000000e-05  1.80000000e+00  3.00000000e-01 
 1.68000000e-05  9.03144798e-01  1.68000000e-05  1.80000000e+00  3.00000000e-01 
 1.69000000e-05  9.13389685e-01  1.69000000e-05  1.80000000e+00  3.00000000e-01 
 1.70000000e-05  9.24207715e-01  1.70000000e-05  1.80000000e+00  3.00000000e-01 
 1.71000000e-05  9.35673329e-01  1.71000000e-05  1.80000000e+00  3.00000000e-01 
 1.72000000e-05  9.47866132e-01  1.72000000e-05  1.80000000e+00  3.00000000e-01 
 1.73000000e-05  9.60861249e-01  1.73000000e-05  1.80000000e+00  3.00000000e-01 
 1.74000000e-05  9.74706348e-01  1.74000000e-05  1.80000000e+00  3.00000000e-01 
 1.75000000e-05  9.89374205e-01  1.75000000e-05  1.80000000e+00  3.00000000e-01 
 1.76000000e-05  1.00468136e+00  1.76000000e-05  1.80000000e+00  3.00000000e-01 
 1.77000000e-05  1.02019403e+00  1.77000000e-05  1.80000000e+00  3.00000000e-01 
 1.78000000e-05  1.03522694e+00  1.78000000e-05  1.80000000e+00  3.00000000e-01 
 1.79000000e-05  1.04907740e+00  1.79000000e-05  1.80000000e+00  3.00000000e-01 
 1.80000000e-05  1.06136737e+00  1.80000000e-05  1.80000000e+00  3.00000000e-01 
 1.81000000e-05  1.07210746e+00  1.81000000e-05  1.80000000e+00  3.00000000e-01 
 1.82000000e-05  1.08149785e+00  1.82000000e-05  1.80000000e+00  3.00000000e-01 
 1.83000000e-05  1.08976933e+00  1.83000000e-05  1.80000000e+00  3.00000000e-01 
 1.84000000e-05  1.09712635e+00  1.84000000e-05  1.80000000e+00  3.00000000e-01 
 1.85000000e-05  1.10373563e+00  1.85000000e-05  1.80000000e+00  3.00000000e-01 
 1.86000000e-05  1.10972927e+00  1.86000000e-05  1.80000000e+00  3.00000000e-01 
 1.87000000e-05  1.11521118e+00  1.87000000e-05  1.80000000e+00  3.00000000e-01 
 1.88000000e-05  1.12026339e+00  1.88000000e-05  1.80000000e+00  3.00000000e-01 
 1.89000000e-05  1.12495104e+00  1.89000000e-05  1.80000000e+00  3.00000000e-01 
 1.90000000e-05  1.12932638e+00  1.90000000e-05  1.80000000e+00  3.00000000e-01 
 1.91000000e-05  1.13343174e+00  1.91000000e-05  1.80000000e+00  3.00000000e-01 
 1.92000000e-05  1.13730174e+00  1.92000000e-05  1.80000000e+00  3.00000000e-01 
 1.93000000e-05  1.14096496e+00  1.93000000e-05  1.80000000e+00  3.00000000e-01 
 1.94000000e-05  1.14444522e+00  1.94000000e-05  1.80000000e+00  3.00000000e-01 
 1.95000000e-05  1.14776257e+00  1.95000000e-05  1.80000000e+00  3.00000000e-01 
 1.96000000e-05  1.15093398e+00  1.96000000e-05  1.80000000e+00  3.00000000e-01 
 1.97000000e-05  1.15397393e+00  1.97000000e-05  1.80000000e+00  3.00000000e-01 
 1.98000000e-05  1.15689491e+00  1.98000000e-05  1.80000000e+00  3.00000000e-01 
 1.99000000e-05  1.15970769e+00  1.99000000e-05  1.80000000e+00  3.00000000e-01 
 2.00000000e-05  1.16242166e+00  2.00000000e-05  1.80000000e+00  3.00000000e-01 
 2.01000000e-05  1.16504506e+00  2.01000000e-05  1.80000000e+00  3.00000000e-01 
 2.02000000e-05  1.16758512e+00  2.02000000e-05  1.80000000e+00  3.00000000e-01 
 2.03000000e-05  1.17004825e+00  2.03000000e-05  1.80000000e+00  3.00000000e-01 
 2.04000000e-05  1.17244013e+00  2.04000000e-05  1.80000000e+00  3.00000000e-01 
 2.05000000e-05  1.17476584e+00  2.05000000e-05  1.80000000e+00  3.00000000e-01 
 2.06000000e-05  1.17702993e+00  2.06000000e-05  1.80000000e+00  3.00000000e-01 
 2.07000000e-05  1.17923650e+00  2.07000000e-05  1.80000000e+00  3.00000000e-01 
 2.08000000e-05  1.18138922e+00  2.08000000e-05  1.80000000e+00  3.00000000e-01 
 2.09000000e-05  1.18349145e+00  2.09000000e-05  1.80000000e+00  3.00000000e-01 
 2.10000000e-05  1.18554622e+00  2.10000000e-05  1.80000000e+00  3.00000000e-01 
 2.11000000e-05  1.18755630e+00  2.11000000e-05  1.80000000e+00  3.00000000e-01 
 2.12000000e-05  1.18952421e+00  2.12000000e-05  1.80000000e+00  3.00000000e-01 
 2.13000000e-05  1.19145226e+00  2.13000000e-05  1.80000000e+00  3.00000000e-01 
 2.14000000e-05  1.19334257e+00  2.14000000e-05  1.80000000e+00  3.00000000e-01 
 2.15000000e-05  1.19519712e+00  2.15000000e-05  1.80000000e+00  3.00000000e-01 
 2.16000000e-05  1.19701768e+00  2.16000000e-05  1.80000000e+00  3.00000000e-01 
 2.17000000e-05  1.19880594e+00  2.17000000e-05  1.80000000e+00  3.00000000e-01 
 2.18000000e-05  1.20056343e+00  2.18000000e-05  1.80000000e+00  3.00000000e-01 
 2.19000000e-05  1.20229159e+00  2.19000000e-05  1.80000000e+00  3.00000000e-01 
 2.20000000e-05  1.20399175e+00  2.20000000e-05  1.80000000e+00  3.00000000e-01 
 2.21000000e-05  1.20566515e+00  2.21000000e-05  1.80000000e+00  3.00000000e-01 
 2.22000000e-05  1.20731294e+00  2.22000000e-05  1.80000000e+00  3.00000000e-01 
 2.23000000e-05  1.20893620e+00  2.23000000e-05  1.80000000e+00  3.00000000e-01 
 2.24000000e-05  1.21053595e+00  2.24000000e-05  1.80000000e+00  3.00000000e-01 
 2.25000000e-05  1.21211314e+00  2.25000000e-05  1.80000000e+00  3.00000000e-01 
 2.26000000e-05  1.21366865e+00  2.26000000e-05  1.80000000e+00  3.00000000e-01 
 2.27000000e-05  1.21520332e+00  2.27000000e-05  1.80000000e+00  3.00000000e-01 
 2.28000000e-05  1.21671793e+00  2.28000000e-05  1.80000000e+00  3.00000000e-01 
 2.29000000e-05  1.21821323e+00  2.29000000e-05  1.80000000e+00  3.00000000e-01 
 2.30000000e-05  1.21968991e+00  2.30000000e-05  1.80000000e+00  3.00000000e-01 
 2.31000000e-05  1.22114864e+00  2.31000000e-05  1.80000000e+00  3.00000000e-01 
 2.32000000e-05  1.22259004e+00  2.32000000e-05  1.80000000e+00  3.00000000e-01 
 2.33000000e-05  1.22401470e+00  2.33000000e-05  1.80000000e+00  3.00000000e-01 
 2.34000000e-05  1.22542317e+00  2.34000000e-05  1.80000000e+00  3.00000000e-01 
 2.35000000e-05  1.22681600e+00  2.35000000e-05  1.80000000e+00  3.00000000e-01 
 2.36000000e-05  1.22819367e+00  2.36000000e-05  1.80000000e+00  3.00000000e-01 
 2.37000000e-05  1.22955668e+00  2.37000000e-05  1.80000000e+00  3.00000000e-01 
 2.38000000e-05  1.23090548e+00  2.38000000e-05  1.80000000e+00  3.00000000e-01 
 2.39000000e-05  1.23224049e+00  2.39000000e-05  1.80000000e+00  3.00000000e-01 
 2.40000000e-05  1.23356213e+00  2.40000000e-05  1.80000000e+00  3.00000000e-01 
 2.41000000e-05  1.23487080e+00  2.41000000e-05  1.80000000e+00  3.00000000e-01 
 2.42000000e-05  1.23616687e+00  2.42000000e-05  1.80000000e+00  3.00000000e-01 
 2.43000000e-05  1.23745069e+00  2.43000000e-05  1.80000000e+00  3.00000000e-01 
 2.44000000e-05  1.23872262e+00  2.44000000e-05  1.80000000e+00  3.00000000e-01 
 2.45000000e-05  1.23998297e+00  2.45000000e-05  1.80000000e+00  3.00000000e-01 
 2.46000000e-05  1.24123207e+00  2.46000000e-05  1.80000000e+00  3.00000000e-01 
 2.47000000e-05  1.24247020e+00  2.47000000e-05  1.80000000e+00  3.00000000e-01 
 2.48000000e-05  1.24369766e+00  2.48000000e-05  1.80000000e+00  3.00000000e-01 
 2.49000000e-05  1.24491473e+00  2.49000000e-05  1.80000000e+00  3.00000000e-01 
 2.50000000e-05  1.24612166e+00  2.50000000e-05  1.80000000e+00  3.00000000e-01 
 2.51000000e-05  1.24731871e+00  2.51000000e-05  1.80000000e+00  3.00000000e-01 
 2.52000000e-05  1.24850613e+00  2.52000000e-05  1.80000000e+00  3.00000000e-01 
 2.53000000e-05  1.24968415e+00  2.53000000e-05  1.80000000e+00  3.00000000e-01 
 2.54000000e-05  1.25085299e+00  2.54000000e-05  1.80000000e+00  3.00000000e-01 
 2.55000000e-05  1.25201287e+00  2.55000000e-05  1.80000000e+00  3.00000000e-01 
 2.56000000e-05  1.25316401e+00  2.56000000e-05  1.80000000e+00  3.00000000e-01 
 2.57000000e-05  1.25430659e+00  2.57000000e-05  1.80000000e+00  3.00000000e-01 
 2.58000000e-05  1.25544081e+00  2.58000000e-05  1.80000000e+00  3.00000000e-01 
 2.59000000e-05  1.25656687e+00  2.59000000e-05  1.80000000e+00  3.00000000e-01 
 2.60000000e-05  1.25768494e+00  2.60000000e-05  1.80000000e+00  3.00000000e-01 
 2.61000000e-05  1.25879519e+00  2.61000000e-05  1.80000000e+00  3.00000000e-01 
 2.62000000e-05  1.25989779e+00  2.62000000e-05  1.80000000e+00  3.00000000e-01 
 2.63000000e-05  1.26099291e+00  2.63000000e-05  1.80000000e+00  3.00000000e-01 
 2.64000000e-05  1.26208069e+00  2.64000000e-05  1.80000000e+00  3.00000000e-01 
 2.65000000e-05  1.26316130e+00  2.65000000e-05  1.80000000e+00  3.00000000e-01 
 2.66000000e-05  1.26423487e+00  2.66000000e-05  1.80000000e+00  3.00000000e-01 
 2.67000000e-05  1.26530156e+00  2.67000000e-05  1.80000000e+00  3.00000000e-01 
 2.68000000e-05  1.26636148e+00  2.68000000e-05  1.80000000e+00  3.00000000e-01 
 2.69000000e-05  1.26741479e+00  2.69000000e-05  1.80000000e+00  3.00000000e-01 
 2.70000000e-05  1.26846160e+00  2.70000000e-05  1.80000000e+00  3.00000000e-01 
 2.71000000e-05  1.26950205e+00  2.71000000e-05  1.80000000e+00  3.00000000e-01 
 2.72000000e-05  1.27053625e+00  2.72000000e-05  1.80000000e+00  3.00000000e-01 
 2.73000000e-05  1.27156431e+00  2.73000000e-05  1.80000000e+00  3.00000000e-01 
 2.74000000e-05  1.27258636e+00  2.74000000e-05  1.80000000e+00  3.00000000e-01 
 2.75000000e-05  1.27360249e+00  2.75000000e-05  1.80000000e+00  3.00000000e-01 
 2.76000000e-05  1.27461283e+00  2.76000000e-05  1.80000000e+00  3.00000000e-01 
 2.77000000e-05  1.27561747e+00  2.77000000e-05  1.80000000e+00  3.00000000e-01 
 2.78000000e-05  1.27661651e+00  2.78000000e-05  1.80000000e+00  3.00000000e-01 
 2.79000000e-05  1.27761005e+00  2.79000000e-05  1.80000000e+00  3.00000000e-01 
 2.80000000e-05  1.27859819e+00  2.80000000e-05  1.80000000e+00  3.00000000e-01 
 2.81000000e-05  1.27958102e+00  2.81000000e-05  1.80000000e+00  3.00000000e-01 
 2.82000000e-05  1.28055862e+00  2.82000000e-05  1.80000000e+00  3.00000000e-01 
 2.83000000e-05  1.28153109e+00  2.83000000e-05  1.80000000e+00  3.00000000e-01 
 2.84000000e-05  1.28249851e+00  2.84000000e-05  1.80000000e+00  3.00000000e-01 
 2.85000000e-05  1.28346097e+00  2.85000000e-05  1.80000000e+00  3.00000000e-01 
 2.86000000e-05  1.28441853e+00  2.86000000e-05  1.80000000e+00  3.00000000e-01 
 2.87000000e-05  1.28537129e+00  2.87000000e-05  1.80000000e+00  3.00000000e-01 
 2.88000000e-05  1.28631932e+00  2.88000000e-05  1.80000000e+00  3.00000000e-01 
 2.89000000e-05  1.28726269e+00  2.89000000e-05  1.80000000e+00  3.00000000e-01 
 2.90000000e-05  1.28820147e+00  2.90000000e-05  1.80000000e+00  3.00000000e-01 
 2.91000000e-05  1.28913574e+00  2.91000000e-05  1.80000000e+00  3.00000000e-01 
 2.92000000e-05  1.29006557e+00  2.92000000e-05  1.80000000e+00  3.00000000e-01 
 2.93000000e-05  1.29099101e+00  2.93000000e-05  1.80000000e+00  3.00000000e-01 
 2.94000000e-05  1.29191215e+00  2.94000000e-05  1.80000000e+00  3.00000000e-01 
 2.95000000e-05  1.29282903e+00  2.95000000e-05  1.80000000e+00  3.00000000e-01 
 2.96000000e-05  1.29374173e+00  2.96000000e-05  1.80000000e+00  3.00000000e-01 
 2.97000000e-05  1.29465030e+00  2.97000000e-05  1.80000000e+00  3.00000000e-01 
 2.98000000e-05  1.29555481e+00  2.98000000e-05  1.80000000e+00  3.00000000e-01 
 2.99000000e-05  1.29645531e+00  2.99000000e-05  1.80000000e+00  3.00000000e-01 
 3.00000000e-05  1.29735185e+00  3.00000000e-05  1.80000000e+00  3.00000000e-01 
