 i-sweep         v(vout)         i(viin)         v(vgate)        v(vmid)        
 0.00000000e+00  1.00000046e-01  0.00000000e+00  1.30000000e+00  1.00000000e-01 
 1.00000000e-07  1.02902798e-01  1.00000000e-07  1.30000000e+00  1.00000000e-01 
 2.00000000e-07  1.05821881e-01  2.00000000e-07  1.30000000e+00  1.00000000e-01 
 3.00000000e-07  1.08749253e-01  3.00000000e-07  1.30000000e+00  1.00000000e-01 
 4.00000000e-07  1.11701528e-01  4.00000000e-07  1.30000000e+00  1.00000000e-01 
 5.00000000e-07  1.14670961e-01  5.00000000e-07  1.30000000e+00  1.00000000e-01 
 6.00000000e-07  1.17657803e-01  6.00000000e-07  1.30000000e+00  1.00000000e-01 
 7.00000000e-07  1.20662356e-01  7.00000000e-07  1.30000000e+00  1.00000000e-01 
 8.00000000e-07  1.23684935e-01  8.00000000e-07  1.30000000e+00  1.00000000e-01 
 9.00000000e-07  1.26725861e-01  9.00000000e-07  1.30000000e+00  1.00000000e-01 
 1.00000000e-06  1.29785467e-01  1.00000000e-06  1.30000000e+00  1.00000000e-01 
 1.10000000e-06  1.32864094e-01  1.10000000e-06  1.30000000e+00  1.00000000e-01 
 1.20000000e-06  1.35962096e-01  1.20000000e-06  1.30000000e+00  1.00000000e-01 
 1.30000000e-06  1.39079836e-01  1.30000000e-06  1.30000000e+00  1.00000000e-01 
 1.40000000e-06  1.42217690e-01  1.40000000e-06  1.30000000e+00  1.00000000e-01 
 1.50000000e-06  1.45376044e-01  1.50000000e-06  1.30000000e+00  1.00000000e-01 
 1.60000000e-06  1.48555300e-01  1.60000000e-06  1.30000000e+00  1.00000000e-01 
 1.70000000e-06  1.51755870e-01  1.70000000e-06  1.30000000e+00  1.00000000e-01 
 1.80000000e-06  1.54978180e-01  1.80000000e-06  1.30000000e+00  1.00000000e-01 
 1.90000000e-06  1.58222673e-01  1.90000000e-06  1.30000000e+00  1.00000000e-01 
 2.00000000e-06  1.61489804e-01  2.00000000e-06  1.30000000e+00  1.00000000e-01 
 2.10000000e-06  1.64780047e-01  2.10000000e-06  1.30000000e+00  1.00000000e-01 
 2.20000000e-06  1.68093888e-01  2.20000000e-06  1.30000000e+00  1.00000000e-01 
 2.30000000e-06  1.71431836e-01  2.30000000e-06  1.30000000e+00  1.00000000e-01 
 2.40000000e-06  1.74794414e-01  2.40000000e-06  1.30000000e+00  1.00000000e-01 
 2.50000000e-06  1.78182167e-01  2.50000000e-06  1.30000000e+00  1.00000000e-01 
 2.60000000e-06  1.81595659e-01  2.60000000e-06  1.30000000e+00  1.00000000e-01 
 2.70000000e-06  1.85035475e-01  2.70000000e-06  1.30000000e+00  1.00000000e-01 
 2.80000000e-06  1.88502223e-01  2.80000000e-06  1.30000000e+00  1.00000000e-01 
 2.90000000e-06  1.91996535e-01  2.90000000e-06  1.30000000e+00  1.00000000e-01 
 3.00000000e-06  1.95519068e-01  3.00000000e-06  1.30000000e+00  1.00000000e-01 
 3.10000000e-06  1.99070505e-01  3.10000000e-06  1.30000000e+00  1.00000000e-01 
 3.20000000e-06  2.02651558e-01  3.20000000e-06  1.30000000e+00  1.00000000e-01 
 3.30000000e-06  2.06262967e-01  3.30000000e-06  1.30000000e+00  1.00000000e-01 
 3.40000000e-06  2.09905504e-01  3.40000000e-06  1.30000000e+00  1.00000000e-01 
 3.50000000e-06  2.13579975e-01  3.50000000e-06  1.30000000e+00  1.00000000e-01 
 3.60000000e-06  2.17287221e-01  3.60000000e-06  1.30000000e+00  1.00000000e-01 
 3.70000000e-06  2.21028119e-01  3.70000000e-06  1.30000000e+00  1.00000000e-01 
 3.80000000e-06  2.24803588e-01  3.80000000e-06  1.30000000e+00  1.00000000e-01 
 3.90000000e-06  2.28614588e-01  3.90000000e-06  1.30000000e+00  1.00000000e-01 
 4.00000000e-06  2.32462124e-01  4.00000000e-06  1.30000000e+00  1.00000000e-01 
 4.10000000e-06  2.36347250e-01  4.10000000e-06  1.30000000e+00  1.00000000e-01 
 4.20000000e-06  2.40271071e-01  4.20000000e-06  1.30000000e+00  1.00000000e-01 
 4.30000000e-06  2.44234748e-01  4.30000000e-06  1.30000000e+00  1.00000000e-01 
 4.40000000e-06  2.48239499e-01  4.40000000e-06  1.30000000e+00  1.00000000e-01 
 4.50000000e-06  2.52286608e-01  4.50000000e-06  1.30000000e+00  1.00000000e-01 
 4.60000000e-06  2.56377425e-01  4.60000000e-06  1.30000000e+00  1.00000000e-01 
 4.70000000e-06  2.60513372e-01  4.70000000e-06  1.30000000e+00  1.00000000e-01 
 4.80000000e-06  2.64695954e-01  4.80000000e-06  1.30000000e+00  1.00000000e-01 
 4.90000000e-06  2.68926755e-01  4.90000000e-06  1.30000000e+00  1.00000000e-01 
 5.00000000e-06  2.73207456e-01  5.00000000e-06  1.30000000e+00  1.00000000e-01 
 5.10000000e-06  2.77539834e-01  5.10000000e-06  1.30000000e+00  1.00000000e-01 
 5.20000000e-06  2.81925776e-01  5.20000000e-06  1.30000000e+00  1.00000000e-01 
 5.30000000e-06  2.86367284e-01  5.30000000e-06  1.30000000e+00  1.00000000e-01 
 5.40000000e-06  2.90866488e-01  5.40000000e-06  1.30000000e+00  1.00000000e-01 
 5.50000000e-06  2.95425659e-01  5.50000000e-06  1.30000000e+00  1.00000000e-01 
 5.60000000e-06  3.00047217e-01  5.60000000e-06  1.30000000e+00  1.00000000e-01 
 5.70000000e-06  3.04733750e-01  5.70000000e-06  1.30000000e+00  1.00000000e-01 
 5.80000000e-06  3.09488030e-01  5.80000000e-06  1.30000000e+00  1.00000000e-01 
 5.90000000e-06  3.14313028e-01  5.90000000e-06  1.30000000e+00  1.00000000e-01 
 6.00000000e-06  3.19211939e-01  6.00000000e-06  1.30000000e+00  1.00000000e-01 
 6.10000000e-06  3.24188205e-01  6.10000000e-06  1.30000000e+00  1.00000000e-01 
 6.20000000e-06  3.29245541e-01  6.20000000e-06  1.30000000e+00  1.00000000e-01 
 6.30000000e-06  3.34387967e-01  6.30000000e-06  1.30000000e+00  1.00000000e-01 
 6.40000000e-06  3.39619843e-01  6.40000000e-06  1.30000000e+00  1.00000000e-01 
 6.50000000e-06  3.44945913e-01  6.50000000e-06  1.30000000e+00  1.00000000e-01 
 6.60000000e-06  3.50371352e-01  6.60000000e-06  1.30000000e+00  1.00000000e-01 
 6.70000000e-06  3.55901819e-01  6.70000000e-06  1.30000000e+00  1.00000000e-01 
 6.80000000e-06  3.61543529e-01  6.80000000e-06  1.30000000e+00  1.00000000e-01 
 6.90000000e-06  3.67303329e-01  6.90000000e-06  1.30000000e+00  1.00000000e-01 
 7.00000000e-06  3.73188788e-01  7.00000000e-06  1.30000000e+00  1.00000000e-01 
 7.10000000e-06  3.79208308e-01  7.10000000e-06  1.30000000e+00  1.00000000e-01 
 7.20000000e-06  3.85371263e-01  7.20000000e-06  1.30000000e+00  1.00000000e-01 
 7.30000000e-06  3.91688151e-01  7.30000000e-06  1.30000000e+00  1.00000000e-01 
 7.40000000e-06  3.98170800e-01  7.40000000e-06  1.30000000e+00  1.00000000e-01 
 7.50000000e-06  4.04832605e-01  7.50000000e-06  1.30000000e+00  1.00000000e-01 
 7.60000000e-06  4.11688836e-01  7.60000000e-06  1.30000000e+00  1.00000000e-01 
 7.70000000e-06  4.18757013e-01  7.70000000e-06  1.30000000e+00  1.00000000e-01 
 7.80000000e-06  4.26057399e-01  7.80000000e-06  1.30000000e+00  1.00000000e-01 
 7.90000000e-06  4.33613621e-01  7.90000000e-06  1.30000000e+00  1.00000000e-01 
 8.00000000e-06  4.41453490e-01  8.00000000e-06  1.30000000e+00  1.00000000e-01 
 8.10000000e-06  4.49610092e-01  8.10000000e-06  1.30000000e+00  1.00000000e-01 
 8.20000000e-06  4.58123255e-01  8.20000000e-06  1.30000000e+00  1.00000000e-01 
 8.30000000e-06  4.67041585e-01  8.30000000e-06  1.30000000e+00  1.00000000e-01 
 8.40000000e-06  4.76425324e-01  8.40000000e-06  1.30000000e+00  1.00000000e-01 
 8.50000000e-06  4.86350500e-01  8.50000000e-06  1.30000000e+00  1.00000000e-01 
 8.60000000e-06  4.96915096e-01  8.60000000e-06  1.30000000e+00  1.00000000e-01 
 8.70000000e-06  5.08248571e-01  8.70000000e-06  1.30000000e+00  1.00000000e-01 
 8.80000000e-06  5.21089205e-01  8.80000000e-06  1.30000000e+00  1.00000000e-01 
 8.90000000e-06  5.34729861e-01  8.90000000e-06  1.30000000e+00  1.00000000e-01 
 9.00000000e-06  5.50023106e-01  9.00000000e-06  1.30000000e+00  1.00000000e-01 
 9.10000000e-06  5.67621007e-01  9.10000000e-06  1.30000000e+00  1.00000000e-01 
 9.20000000e-06  5.88664758e-01  9.20000000e-06  1.30000000e+00  1.00000000e-01 
 9.30000000e-06  6.15396683e-01  9.30000000e-06  1.30000000e+00  1.00000000e-01 
 9.40000000e-06  6.52983457e-01  9.40000000e-06  1.30000000e+00  1.00000000e-01 
 9.50000000e-06  7.17489208e-01  9.50000000e-06  1.30000000e+00  1.00000000e-01 
 9.60000000e-06  8.57032693e-01  9.60000000e-06  1.30000000e+00  1.00000000e-01 
 9.70000000e-06  9.87871048e-01  9.70000000e-06  1.30000000e+00  1.00000000e-01 
 9.80000000e-06  1.03224002e+00  9.80000000e-06  1.30000000e+00  1.00000000e-01 
 9.90000000e-06  1.05592503e+00  9.90000000e-06  1.30000000e+00  1.00000000e-01 
 1.00000000e-05  1.07143921e+00  1.00000000e-05  1.30000000e+00  1.00000000e-01 
 1.01000000e-05  1.08335941e+00  1.01000000e-05  1.30000000e+00  1.00000000e-01 
 1.02000000e-05  1.09397010e+00  1.02000000e-05  1.30000000e+00  1.00000000e-01 
 1.03000000e-05  1.10162629e+00  1.03000000e-05  1.30000000e+00  1.00000000e-01 
 1.04000000e-05  1.10855989e+00  1.04000000e-05  1.30000000e+00  1.00000000e-01 
 1.05000000e-05  1.11468424e+00  1.05000000e-05  1.30000000e+00  1.00000000e-01 
 1.06000000e-05  1.12021311e+00  1.06000000e-05  1.30000000e+00  1.00000000e-01 
 1.07000000e-05  1.12525846e+00  1.07000000e-05  1.30000000e+00  1.00000000e-01 
 1.08000000e-05  1.12990747e+00  1.08000000e-05  1.30000000e+00  1.00000000e-01 
 1.09000000e-05  1.13422536e+00  1.09000000e-05  1.30000000e+00  1.00000000e-01 
 1.10000000e-05  1.13826255e+00  1.10000000e-05  1.30000000e+00  1.00000000e-01 
 1.11000000e-05  1.14205874e+00  1.11000000e-05  1.30000000e+00  1.00000000e-01 
 1.12000000e-05  1.14564575e+00  1.12000000e-05  1.30000000e+00  1.00000000e-01 
 1.13000000e-05  1.14904946e+00  1.13000000e-05  1.30000000e+00  1.00000000e-01 
 1.14000000e-05  1.15229120e+00  1.14000000e-05  1.30000000e+00  1.00000000e-01 
 1.15000000e-05  1.15538874e+00  1.15000000e-05  1.30000000e+00  1.00000000e-01 
 1.16000000e-05  1.15835707e+00  1.16000000e-05  1.30000000e+00  1.00000000e-01 
 1.17000000e-05  1.16120891e+00  1.17000000e-05  1.30000000e+00  1.00000000e-01 
 1.18000000e-05  1.16395518e+00  1.18000000e-05  1.30000000e+00  1.00000000e-01 
 1.19000000e-05  1.16660531e+00  1.19000000e-05  1.30000000e+00  1.00000000e-01 
 1.20000000e-05  1.16916749e+00  1.20000000e-05  1.30000000e+00  1.00000000e-01 
 1.21000000e-05  1.17164890e+00  1.21000000e-05  1.30000000e+00  1.00000000e-01 
 1.22000000e-05  1.17405586e+00  1.22000000e-05  1.30000000e+00  1.00000000e-01 
 1.23000000e-05  1.17639395e+00  1.23000000e-05  1.30000000e+00  1.00000000e-01 
 1.24000000e-05  1.17866814e+00  1.24000000e-05  1.30000000e+00  1.00000000e-01 
 1.25000000e-05  1.18088286e+00  1.25000000e-05  1.30000000e+00  1.00000000e-01 
 1.26000000e-05  1.18304210e+00  1.26000000e-05  1.30000000e+00  1.00000000e-01 
 1.27000000e-05  1.18514944e+00  1.27000000e-05  1.30000000e+00  1.00000000e-01 
 1.28000000e-05  1.18720812e+00  1.28000000e-05  1.30000000e+00  1.00000000e-01 
 1.29000000e-05  1.18922107e+00  1.29000000e-05  1.30000000e+00  1.00000000e-01 
 1.30000000e-05  1.19119096e+00  1.30000000e-05  1.30000000e+00  1.00000000e-01 
 1.31000000e-05  1.19312022e+00  1.31000000e-05  1.30000000e+00  1.00000000e-01 
 1.32000000e-05  1.19501110e+00  1.32000000e-05  1.30000000e+00  1.00000000e-01 
 1.33000000e-05  1.19686562e+00  1.33000000e-05  1.30000000e+00  1.00000000e-01 
 1.34000000e-05  1.19868567e+00  1.34000000e-05  1.30000000e+00  1.00000000e-01 
 1.35000000e-05  1.20047299e+00  1.35000000e-05  1.30000000e+00  1.00000000e-01 
 1.36000000e-05  1.20222916e+00  1.36000000e-05  1.30000000e+00  1.00000000e-01 
 1.37000000e-05  1.20395569e+00  1.37000000e-05  1.30000000e+00  1.00000000e-01 
 1.38000000e-05  1.20565393e+00  1.38000000e-05  1.30000000e+00  1.00000000e-01 
 1.39000000e-05  1.20732516e+00  1.39000000e-05  1.30000000e+00  1.00000000e-01 
 1.40000000e-05  1.20897058e+00  1.40000000e-05  1.30000000e+00  1.00000000e-01 
 1.41000000e-05  1.21059130e+00  1.41000000e-05  1.30000000e+00  1.00000000e-01 
 1.42000000e-05  1.21218834e+00  1.42000000e-05  1.30000000e+00  1.00000000e-01 
 1.43000000e-05  1.21376269e+00  1.43000000e-05  1.30000000e+00  1.00000000e-01 
 1.44000000e-05  1.21531524e+00  1.44000000e-05  1.30000000e+00  1.00000000e-01 
 1.45000000e-05  1.21684685e+00  1.45000000e-05  1.30000000e+00  1.00000000e-01 
 1.46000000e-05  1.21835833e+00  1.46000000e-05  1.30000000e+00  1.00000000e-01 
 1.47000000e-05  1.21985042e+00  1.47000000e-05  1.30000000e+00  1.00000000e-01 
 1.48000000e-05  1.22132384e+00  1.48000000e-05  1.30000000e+00  1.00000000e-01 
 1.49000000e-05  1.22277926e+00  1.49000000e-05  1.30000000e+00  1.00000000e-01 
 1.50000000e-05  1.22421731e+00  1.50000000e-05  1.30000000e+00  1.00000000e-01 
 1.51000000e-05  1.22563858e+00  1.51000000e-05  1.30000000e+00  1.00000000e-01 
 1.52000000e-05  1.22704365e+00  1.52000000e-05  1.30000000e+00  1.00000000e-01 
 1.53000000e-05  1.22843305e+00  1.53000000e-05  1.30000000e+00  1.00000000e-01 
 1.54000000e-05  1.22980729e+00  1.54000000e-05  1.30000000e+00  1.00000000e-01 
 1.55000000e-05  1.23116685e+00  1.55000000e-05  1.30000000e+00  1.00000000e-01 
 1.56000000e-05  1.23251220e+00  1.56000000e-05  1.30000000e+00  1.00000000e-01 
 1.57000000e-05  1.23384377e+00  1.57000000e-05  1.30000000e+00  1.00000000e-01 
 1.58000000e-05  1.23516197e+00  1.58000000e-05  1.30000000e+00  1.00000000e-01 
 1.59000000e-05  1.23646720e+00  1.59000000e-05  1.30000000e+00  1.00000000e-01 
 1.60000000e-05  1.23775984e+00  1.60000000e-05  1.30000000e+00  1.00000000e-01 
 1.61000000e-05  1.23904026e+00  1.61000000e-05  1.30000000e+00  1.00000000e-01 
 1.62000000e-05  1.24030878e+00  1.62000000e-05  1.30000000e+00  1.00000000e-01 
 1.63000000e-05  1.24156575e+00  1.63000000e-05  1.30000000e+00  1.00000000e-01 
 1.64000000e-05  1.24281148e+00  1.64000000e-05  1.30000000e+00  1.00000000e-01 
 1.65000000e-05  1.24404627e+00  1.65000000e-05  1.30000000e+00  1.00000000e-01 
 1.66000000e-05  1.24527040e+00  1.66000000e-05  1.30000000e+00  1.00000000e-01 
 1.67000000e-05  1.24648416e+00  1.67000000e-05  1.30000000e+00  1.00000000e-01 
 1.68000000e-05  1.24768781e+00  1.68000000e-05  1.30000000e+00  1.00000000e-01 
 1.69000000e-05  1.24888160e+00  1.69000000e-05  1.30000000e+00  1.00000000e-01 
 1.70000000e-05  1.25006578e+00  1.70000000e-05  1.30000000e+00  1.00000000e-01 
 1.71000000e-05  1.25124059e+00  1.71000000e-05  1.30000000e+00  1.00000000e-01 
 1.72000000e-05  1.25240624e+00  1.72000000e-05  1.30000000e+00  1.00000000e-01 
 1.73000000e-05  1.25356296e+00  1.73000000e-05  1.30000000e+00  1.00000000e-01 
 1.74000000e-05  1.25471095e+00  1.74000000e-05  1.30000000e+00  1.00000000e-01 
 1.75000000e-05  1.25585041e+00  1.75000000e-05  1.30000000e+00  1.00000000e-01 
 1.76000000e-05  1.25698155e+00  1.76000000e-05  1.30000000e+00  1.00000000e-01 
 1.77000000e-05  1.25810454e+00  1.77000000e-05  1.30000000e+00  1.00000000e-01 
 1.78000000e-05  1.25921957e+00  1.78000000e-05  1.30000000e+00  1.00000000e-01 
 1.79000000e-05  1.26032681e+00  1.79000000e-05  1.30000000e+00  1.00000000e-01 
 1.80000000e-05  1.26142642e+00  1.80000000e-05  1.30000000e+00  1.00000000e-01 
 1.81000000e-05  1.26251858e+00  1.81000000e-05  1.30000000e+00  1.00000000e-01 
 1.82000000e-05  1.26360343e+00  1.82000000e-05  1.30000000e+00  1.00000000e-01 
 1.83000000e-05  1.26468112e+00  1.83000000e-05  1.30000000e+00  1.00000000e-01 
 1.84000000e-05  1.26575181e+00  1.84000000e-05  1.30000000e+00  1.00000000e-01 
 1.85000000e-05  1.26681563e+00  1.85000000e-05  1.30000000e+00  1.00000000e-01 
 1.86000000e-05  1.26787272e+00  1.86000000e-05  1.30000000e+00  1.00000000e-01 
 1.87000000e-05  1.26892322e+00  1.87000000e-05  1.30000000e+00  1.00000000e-01 
 1.88000000e-05  1.26996725e+00  1.88000000e-05  1.30000000e+00  1.00000000e-01 
 1.89000000e-05  1.27100493e+00  1.89000000e-05  1.30000000e+00  1.00000000e-01 
 1.90000000e-05  1.27203639e+00  1.90000000e-05  1.30000000e+00  1.00000000e-01 
 1.91000000e-05  1.27306174e+00  1.91000000e-05  1.30000000e+00  1.00000000e-01 
 1.92000000e-05  1.27408109e+00  1.92000000e-05  1.30000000e+00  1.00000000e-01 
 1.93000000e-05  1.27509456e+00  1.93000000e-05  1.30000000e+00  1.00000000e-01 
 1.94000000e-05  1.27610225e+00  1.94000000e-05  1.30000000e+00  1.00000000e-01 
 1.95000000e-05  1.27710427e+00  1.95000000e-05  1.30000000e+00  1.00000000e-01 
 1.96000000e-05  1.27810072e+00  1.96000000e-05  1.30000000e+00  1.00000000e-01 
 1.97000000e-05  1.27909168e+00  1.97000000e-05  1.30000000e+00  1.00000000e-01 
 1.98000000e-05  1.28007727e+00  1.98000000e-05  1.30000000e+00  1.00000000e-01 
 1.99000000e-05  1.28105756e+00  1.99000000e-05  1.30000000e+00  1.00000000e-01 
 2.00000000e-05  1.28203266e+00  2.00000000e-05  1.30000000e+00  1.00000000e-01 
 2.01000000e-05  1.28300264e+00  2.01000000e-05  1.30000000e+00  1.00000000e-01 
 2.02000000e-05  1.28396759e+00  2.02000000e-05  1.30000000e+00  1.00000000e-01 
 2.03000000e-05  1.28492759e+00  2.03000000e-05  1.30000000e+00  1.00000000e-01 
 2.04000000e-05  1.28588274e+00  2.04000000e-05  1.30000000e+00  1.00000000e-01 
 2.05000000e-05  1.28683309e+00  2.05000000e-05  1.30000000e+00  1.00000000e-01 
 2.06000000e-05  1.28777873e+00  2.06000000e-05  1.30000000e+00  1.00000000e-01 
 2.07000000e-05  1.28871973e+00  2.07000000e-05  1.30000000e+00  1.00000000e-01 
 2.08000000e-05  1.28965617e+00  2.08000000e-05  1.30000000e+00  1.00000000e-01 
 2.09000000e-05  1.29058811e+00  2.09000000e-05  1.30000000e+00  1.00000000e-01 
 2.10000000e-05  1.29151563e+00  2.10000000e-05  1.30000000e+00  1.00000000e-01 
 2.11000000e-05  1.29243879e+00  2.11000000e-05  1.30000000e+00  1.00000000e-01 
 2.12000000e-05  1.29335765e+00  2.12000000e-05  1.30000000e+00  1.00000000e-01 
 2.13000000e-05  1.29427228e+00  2.13000000e-05  1.30000000e+00  1.00000000e-01 
 2.14000000e-05  1.29518275e+00  2.14000000e-05  1.30000000e+00  1.00000000e-01 
 2.15000000e-05  1.29608910e+00  2.15000000e-05  1.30000000e+00  1.00000000e-01 
 2.16000000e-05  1.29699141e+00  2.16000000e-05  1.30000000e+00  1.00000000e-01 
 2.17000000e-05  1.29788973e+00  2.17000000e-05  1.30000000e+00  1.00000000e-01 
 2.18000000e-05  1.29878411e+00  2.18000000e-05  1.30000000e+00  1.00000000e-01 
 2.19000000e-05  1.29967462e+00  2.19000000e-05  1.30000000e+00  1.00000000e-01 
 2.20000000e-05  1.30056129e+00  2.20000000e-05  1.30000000e+00  1.00000000e-01 
 2.21000000e-05  1.30144420e+00  2.21000000e-05  1.30000000e+00  1.00000000e-01 
 2.22000000e-05  1.30232339e+00  2.22000000e-05  1.30000000e+00  1.00000000e-01 
 2.23000000e-05  1.30319890e+00  2.23000000e-05  1.30000000e+00  1.00000000e-01 
 2.24000000e-05  1.30407079e+00  2.24000000e-05  1.30000000e+00  1.00000000e-01 
 2.25000000e-05  1.30493911e+00  2.25000000e-05  1.30000000e+00  1.00000000e-01 
 2.26000000e-05  1.30580390e+00  2.26000000e-05  1.30000000e+00  1.00000000e-01 
 2.27000000e-05  1.30666522e+00  2.27000000e-05  1.30000000e+00  1.00000000e-01 
 2.28000000e-05  1.30752309e+00  2.28000000e-05  1.30000000e+00  1.00000000e-01 
 2.29000000e-05  1.30837758e+00  2.29000000e-05  1.30000000e+00  1.00000000e-01 
 2.30000000e-05  1.30922871e+00  2.30000000e-05  1.30000000e+00  1.00000000e-01 
 2.31000000e-05  1.31007654e+00  2.31000000e-05  1.30000000e+00  1.00000000e-01 
 2.32000000e-05  1.31092111e+00  2.32000000e-05  1.30000000e+00  1.00000000e-01 
 2.33000000e-05  1.31176245e+00  2.33000000e-05  1.30000000e+00  1.00000000e-01 
 2.34000000e-05  1.31260061e+00  2.34000000e-05  1.30000000e+00  1.00000000e-01 
 2.35000000e-05  1.31343562e+00  2.35000000e-05  1.30000000e+00  1.00000000e-01 
 2.36000000e-05  1.31426753e+00  2.36000000e-05  1.30000000e+00  1.00000000e-01 
 2.37000000e-05  1.31509636e+00  2.37000000e-05  1.30000000e+00  1.00000000e-01 
 2.38000000e-05  1.31592216e+00  2.38000000e-05  1.30000000e+00  1.00000000e-01 
 2.39000000e-05  1.31674496e+00  2.39000000e-05  1.30000000e+00  1.00000000e-01 
 2.40000000e-05  1.31756480e+00  2.40000000e-05  1.30000000e+00  1.00000000e-01 
 2.41000000e-05  1.31838172e+00  2.41000000e-05  1.30000000e+00  1.00000000e-01 
 2.42000000e-05  1.31919573e+00  2.42000000e-05  1.30000000e+00  1.00000000e-01 
 2.43000000e-05  1.32000689e+00  2.43000000e-05  1.30000000e+00  1.00000000e-01 
 2.44000000e-05  1.32081522e+00  2.44000000e-05  1.30000000e+00  1.00000000e-01 
 2.45000000e-05  1.32162075e+00  2.45000000e-05  1.30000000e+00  1.00000000e-01 
 2.46000000e-05  1.32242352e+00  2.46000000e-05  1.30000000e+00  1.00000000e-01 
 2.47000000e-05  1.32322355e+00  2.47000000e-05  1.30000000e+00  1.00000000e-01 
 2.48000000e-05  1.32402088e+00  2.48000000e-05  1.30000000e+00  1.00000000e-01 
 2.49000000e-05  1.32481553e+00  2.49000000e-05  1.30000000e+00  1.00000000e-01 
 2.50000000e-05  1.32560754e+00  2.50000000e-05  1.30000000e+00  1.00000000e-01 
 2.51000000e-05  1.32639693e+00  2.51000000e-05  1.30000000e+00  1.00000000e-01 
 2.52000000e-05  1.32718373e+00  2.52000000e-05  1.30000000e+00  1.00000000e-01 
 2.53000000e-05  1.32796797e+00  2.53000000e-05  1.30000000e+00  1.00000000e-01 
 2.54000000e-05  1.32874968e+00  2.54000000e-05  1.30000000e+00  1.00000000e-01 
 2.55000000e-05  1.32952888e+00  2.55000000e-05  1.30000000e+00  1.00000000e-01 
 2.56000000e-05  1.33030560e+00  2.56000000e-05  1.30000000e+00  1.00000000e-01 
 2.57000000e-05  1.33107986e+00  2.57000000e-05  1.30000000e+00  1.00000000e-01 
 2.58000000e-05  1.33185169e+00  2.58000000e-05  1.30000000e+00  1.00000000e-01 
 2.59000000e-05  1.33262111e+00  2.59000000e-05  1.30000000e+00  1.00000000e-01 
 2.60000000e-05  1.33338815e+00  2.60000000e-05  1.30000000e+00  1.00000000e-01 
 2.61000000e-05  1.33415284e+00  2.61000000e-05  1.30000000e+00  1.00000000e-01 
 2.62000000e-05  1.33491519e+00  2.62000000e-05  1.30000000e+00  1.00000000e-01 
 2.63000000e-05  1.33567523e+00  2.63000000e-05  1.30000000e+00  1.00000000e-01 
 2.64000000e-05  1.33643298e+00  2.64000000e-05  1.30000000e+00  1.00000000e-01 
 2.65000000e-05  1.33718847e+00  2.65000000e-05  1.30000000e+00  1.00000000e-01 
 2.66000000e-05  1.33794171e+00  2.66000000e-05  1.30000000e+00  1.00000000e-01 
 2.67000000e-05  1.33869273e+00  2.67000000e-05  1.30000000e+00  1.00000000e-01 
 2.68000000e-05  1.33944156e+00  2.68000000e-05  1.30000000e+00  1.00000000e-01 
 2.69000000e-05  1.34018820e+00  2.69000000e-05  1.30000000e+00  1.00000000e-01 
 2.70000000e-05  1.34093268e+00  2.70000000e-05  1.30000000e+00  1.00000000e-01 
 2.71000000e-05  1.34167502e+00  2.71000000e-05  1.30000000e+00  1.00000000e-01 
 2.72000000e-05  1.34241525e+00  2.72000000e-05  1.30000000e+00  1.00000000e-01 
 2.73000000e-05  1.34315338e+00  2.73000000e-05  1.30000000e+00  1.00000000e-01 
 2.74000000e-05  1.34388942e+00  2.74000000e-05  1.30000000e+00  1.00000000e-01 
 2.75000000e-05  1.34462341e+00  2.75000000e-05  1.30000000e+00  1.00000000e-01 
 2.76000000e-05  1.34535536e+00  2.76000000e-05  1.30000000e+00  1.00000000e-01 
 2.77000000e-05  1.34608528e+00  2.77000000e-05  1.30000000e+00  1.00000000e-01 
 2.78000000e-05  1.34681320e+00  2.78000000e-05  1.30000000e+00  1.00000000e-01 
 2.79000000e-05  1.34753913e+00  2.79000000e-05  1.30000000e+00  1.00000000e-01 
 2.80000000e-05  1.34826309e+00  2.80000000e-05  1.30000000e+00  1.00000000e-01 
 2.81000000e-05  1.34898510e+00  2.81000000e-05  1.30000000e+00  1.00000000e-01 
 2.82000000e-05  1.34970518e+00  2.82000000e-05  1.30000000e+00  1.00000000e-01 
 2.83000000e-05  1.35042333e+00  2.83000000e-05  1.30000000e+00  1.00000000e-01 
 2.84000000e-05  1.35113959e+00  2.84000000e-05  1.30000000e+00  1.00000000e-01 
 2.85000000e-05  1.35185396e+00  2.85000000e-05  1.30000000e+00  1.00000000e-01 
 2.86000000e-05  1.35256647e+00  2.86000000e-05  1.30000000e+00  1.00000000e-01 
 2.87000000e-05  1.35327712e+00  2.87000000e-05  1.30000000e+00  1.00000000e-01 
 2.88000000e-05  1.35398594e+00  2.88000000e-05  1.30000000e+00  1.00000000e-01 
 2.89000000e-05  1.35469293e+00  2.89000000e-05  1.30000000e+00  1.00000000e-01 
 2.90000000e-05  1.35539812e+00  2.90000000e-05  1.30000000e+00  1.00000000e-01 
 2.91000000e-05  1.35610152e+00  2.91000000e-05  1.30000000e+00  1.00000000e-01 
 2.92000000e-05  1.35680314e+00  2.92000000e-05  1.30000000e+00  1.00000000e-01 
 2.93000000e-05  1.35750301e+00  2.93000000e-05  1.30000000e+00  1.00000000e-01 
 2.94000000e-05  1.35820112e+00  2.94000000e-05  1.30000000e+00  1.00000000e-01 
 2.95000000e-05  1.35889750e+00  2.95000000e-05  1.30000000e+00  1.00000000e-01 
 2.96000000e-05  1.35959217e+00  2.96000000e-05  1.30000000e+00  1.00000000e-01 
 2.97000000e-05  1.36028513e+00  2.97000000e-05  1.30000000e+00  1.00000000e-01 
 2.98000000e-05  1.36097639e+00  2.98000000e-05  1.30000000e+00  1.00000000e-01 
 2.99000000e-05  1.36166599e+00  2.99000000e-05  1.30000000e+00  1.00000000e-01 
 3.00000000e-05  1.36235391e+00  3.00000000e-05  1.30000000e+00  1.00000000e-01 
