 i-sweep         v(vout)         i(viin)         v(vgate)        v(vmid)        
-6.00000000e-06  1.80476031e-01 -6.00000000e-06  1.40000000e+00  4.00000000e-01 
-5.90000000e-06  1.83396475e-01 -5.90000000e-06  1.40000000e+00  4.00000000e-01 
-5.80000000e-06  1.86332260e-01 -5.80000000e-06  1.40000000e+00  4.00000000e-01 
-5.70000000e-06  1.89283652e-01 -5.70000000e-06  1.40000000e+00  4.00000000e-01 
-5.60000000e-06  1.92250923e-01 -5.60000000e-06  1.40000000e+00  4.00000000e-01 
-5.50000000e-06  1.95234357e-01 -5.50000000e-06  1.40000000e+00  4.00000000e-01 
-5.40000000e-06  1.98234244e-01 -5.40000000e-06  1.40000000e+00  4.00000000e-01 
-5.30000000e-06  2.01250884e-01 -5.30000000e-06  1.40000000e+00  4.00000000e-01 
-5.20000000e-06  2.04284585e-01 -5.20000000e-06  1.40000000e+00  4.00000000e-01 
-5.10000000e-06  2.07335667e-01 -5.10000000e-06  1.40000000e+00  4.00000000e-01 
-5.00000000e-06  2.10404459e-01 -5.00000000e-06  1.40000000e+00  4.00000000e-01 
-4.90000000e-06  2.13491300e-01 -4.90000000e-06  1.40000000e+00  4.00000000e-01 
-4.80000000e-06  2.16596544e-01 -4.80000000e-06  1.40000000e+00  4.00000000e-01 
-4.70000000e-06  2.19720552e-01 -4.70000000e-06  1.40000000e+00  4.00000000e-01 
-4.60000000e-06  2.22863700e-01 -4.60000000e-06  1.40000000e+00  4.00000000e-01 
-4.50000000e-06  2.26026378e-01 -4.50000000e-06  1.40000000e+00  4.00000000e-01 
-4.40000000e-06  2.29208987e-01 -4.40000000e-06  1.40000000e+00  4.00000000e-01 
-4.30000000e-06  2.32411946e-01 -4.30000000e-06  1.40000000e+00  4.00000000e-01 
-4.20000000e-06  2.35635686e-01 -4.20000000e-06  1.40000000e+00  4.00000000e-01 
-4.10000000e-06  2.38880655e-01 -4.10000000e-06  1.40000000e+00  4.00000000e-01 
-4.00000000e-06  2.42147318e-01 -4.00000000e-06  1.40000000e+00  4.00000000e-01 
-3.90000000e-06  2.45436159e-01 -3.90000000e-06  1.40000000e+00  4.00000000e-01 
-3.80000000e-06  2.48747679e-01 -3.80000000e-06  1.40000000e+00  4.00000000e-01 
-3.70000000e-06  2.52082400e-01 -3.70000000e-06  1.40000000e+00  4.00000000e-01 
-3.60000000e-06  2.55440863e-01 -3.60000000e-06  1.40000000e+00  4.00000000e-01 
-3.50000000e-06  2.58823634e-01 -3.50000000e-06  1.40000000e+00  4.00000000e-01 
-3.40000000e-06  2.62231301e-01 -3.40000000e-06  1.40000000e+00  4.00000000e-01 
-3.30000000e-06  2.65664478e-01 -3.30000000e-06  1.40000000e+00  4.00000000e-01 
-3.20000000e-06  2.69123804e-01 -3.20000000e-06  1.40000000e+00  4.00000000e-01 
-3.10000000e-06  2.72609947e-01 -3.10000000e-06  1.40000000e+00  4.00000000e-01 
-3.00000000e-06  2.76123607e-01 -3.00000000e-06  1.40000000e+00  4.00000000e-01 
-2.90000000e-06  2.79665512e-01 -2.90000000e-06  1.40000000e+00  4.00000000e-01 
-2.80000000e-06  2.83236428e-01 -2.80000000e-06  1.40000000e+00  4.00000000e-01 
-2.70000000e-06  2.86837155e-01 -2.70000000e-06  1.40000000e+00  4.00000000e-01 
-2.60000000e-06  2.90468534e-01 -2.60000000e-06  1.40000000e+00  4.00000000e-01 
-2.50000000e-06  2.94131448e-01 -2.50000000e-06  1.40000000e+00  4.00000000e-01 
-2.40000000e-06  2.97826823e-01 -2.40000000e-06  1.40000000e+00  4.00000000e-01 
-2.30000000e-06  3.01555635e-01 -2.30000000e-06  1.40000000e+00  4.00000000e-01 
-2.20000000e-06  3.05318912e-01 -2.20000000e-06  1.40000000e+00  4.00000000e-01 
-2.10000000e-06  3.09117739e-01 -2.10000000e-06  1.40000000e+00  4.00000000e-01 
-2.00000000e-06  3.12953259e-01 -2.00000000e-06  1.40000000e+00  4.00000000e-01 
-1.90000000e-06  3.16826684e-01 -1.90000000e-06  1.40000000e+00  4.00000000e-01 
-1.80000000e-06  3.20739296e-01 -1.80000000e-06  1.40000000e+00  4.00000000e-01 
-1.70000000e-06  3.24692455e-01 -1.70000000e-06  1.40000000e+00  4.00000000e-01 
-1.60000000e-06  3.28687605e-01 -1.60000000e-06  1.40000000e+00  4.00000000e-01 
-1.50000000e-06  3.32726282e-01 -1.50000000e-06  1.40000000e+00  4.00000000e-01 
-1.40000000e-06  3.36810124e-01 -1.40000000e-06  1.40000000e+00  4.00000000e-01 
-1.30000000e-06  3.40940879e-01 -1.30000000e-06  1.40000000e+00  4.00000000e-01 
-1.20000000e-06  3.45120418e-01 -1.20000000e-06  1.40000000e+00  4.00000000e-01 
-1.10000000e-06  3.49350745e-01 -1.10000000e-06  1.40000000e+00  4.00000000e-01 
-1.00000000e-06  3.53634013e-01 -1.00000000e-06  1.40000000e+00  4.00000000e-01 
-9.00000000e-07  3.57972539e-01 -9.00000000e-07  1.40000000e+00  4.00000000e-01 
-8.00000000e-07  3.62368827e-01 -8.00000000e-07  1.40000000e+00  4.00000000e-01 
-7.00000000e-07  3.66825582e-01 -7.00000000e-07  1.40000000e+00  4.00000000e-01 
-6.00000000e-07  3.71345742e-01 -6.00000000e-07  1.40000000e+00  4.00000000e-01 
-5.00000000e-07  3.75932501e-01 -5.00000000e-07  1.40000000e+00  4.00000000e-01 
-4.00000000e-07  3.80589348e-01 -4.00000000e-07  1.40000000e+00  4.00000000e-01 
-3.00000000e-07  3.85320103e-01 -3.00000000e-07  1.40000000e+00  4.00000000e-01 
-2.00000000e-07  3.90128966e-01 -2.00000000e-07  1.40000000e+00  4.00000000e-01 
-1.00000000e-07  3.95020570e-01 -1.00000000e-07  1.40000000e+00  4.00000000e-01 
-5.71747239e-21  4.00000050e-01 -5.71747239e-21  1.40000000e+00  4.00000000e-01 
 1.00000000e-07  4.05065536e-01  1.00000000e-07  1.40000000e+00  4.00000000e-01 
 2.00000000e-07  4.10214059e-01  2.00000000e-07  1.40000000e+00  4.00000000e-01 
 3.00000000e-07  4.15449779e-01  3.00000000e-07  1.40000000e+00  4.00000000e-01 
 4.00000000e-07  4.20777211e-01  4.00000000e-07  1.40000000e+00  4.00000000e-01 
 5.00000000e-07  4.26201276e-01  5.00000000e-07  1.40000000e+00  4.00000000e-01 
 6.00000000e-07  4.31727347e-01  6.00000000e-07  1.40000000e+00  4.00000000e-01 
 7.00000000e-07  4.37361313e-01  7.00000000e-07  1.40000000e+00  4.00000000e-01 
 8.00000000e-07  4.43109651e-01  8.00000000e-07  1.40000000e+00  4.00000000e-01 
 9.00000000e-07  4.48979511e-01  9.00000000e-07  1.40000000e+00  4.00000000e-01 
 1.00000000e-06  4.54978813e-01  1.00000000e-06  1.40000000e+00  4.00000000e-01 
 1.10000000e-06  4.61116377e-01  1.10000000e-06  1.40000000e+00  4.00000000e-01 
 1.20000000e-06  4.67402064e-01  1.20000000e-06  1.40000000e+00  4.00000000e-01 
 1.30000000e-06  4.73846960e-01  1.30000000e-06  1.40000000e+00  4.00000000e-01 
 1.40000000e-06  4.80463597e-01  1.40000000e-06  1.40000000e+00  4.00000000e-01 
 1.50000000e-06  4.87266232e-01  1.50000000e-06  1.40000000e+00  4.00000000e-01 
 1.60000000e-06  4.94271195e-01  1.60000000e-06  1.40000000e+00  4.00000000e-01 
 1.70000000e-06  5.01497334e-01  1.70000000e-06  1.40000000e+00  4.00000000e-01 
 1.80000000e-06  5.08966589e-01  1.80000000e-06  1.40000000e+00  4.00000000e-01 
 1.90000000e-06  5.16704749e-01  1.90000000e-06  1.40000000e+00  4.00000000e-01 
 2.00000000e-06  5.24742455e-01  2.00000000e-06  1.40000000e+00  4.00000000e-01 
 2.10000000e-06  5.33116573e-01  2.10000000e-06  1.40000000e+00  4.00000000e-01 
 2.20000000e-06  5.41872089e-01  2.20000000e-06  1.40000000e+00  4.00000000e-01 
 2.30000000e-06  5.51064831e-01  2.30000000e-06  1.40000000e+00  4.00000000e-01 
 2.40000000e-06  5.60765446e-01  2.40000000e-06  1.40000000e+00  4.00000000e-01 
 2.50000000e-06  5.71065457e-01  2.50000000e-06  1.40000000e+00  4.00000000e-01 
 2.60000000e-06  5.82086858e-01  2.60000000e-06  1.40000000e+00  4.00000000e-01 
 2.70000000e-06  5.93998098e-01  2.70000000e-06  1.40000000e+00  4.00000000e-01 
 2.80000000e-06  6.07042431e-01  2.80000000e-06  1.40000000e+00  4.00000000e-01 
 2.90000000e-06  6.21592406e-01  2.90000000e-06  1.40000000e+00  4.00000000e-01 
 3.00000000e-06  6.38266249e-01  3.00000000e-06  1.40000000e+00  4.00000000e-01 
 3.10000000e-06  6.58216057e-01  3.10000000e-06  1.40000000e+00  4.00000000e-01 
 3.20000000e-06  6.84018363e-01  3.20000000e-06  1.40000000e+00  4.00000000e-01 
 3.30000000e-06  7.23687086e-01  3.30000000e-06  1.40000000e+00  4.00000000e-01 
 3.40000000e-06  8.28719897e-01  3.40000000e-06  1.40000000e+00  4.00000000e-01 
 3.50000000e-06  9.91442947e-01  3.50000000e-06  1.40000000e+00  4.00000000e-01 
 3.60000000e-06  1.03533110e+00  3.60000000e-06  1.40000000e+00  4.00000000e-01 
 3.70000000e-06  1.05810580e+00  3.70000000e-06  1.40000000e+00  4.00000000e-01 
 3.80000000e-06  1.07348909e+00  3.80000000e-06  1.40000000e+00  4.00000000e-01 
 3.90000000e-06  1.08515283e+00  3.90000000e-06  1.40000000e+00  4.00000000e-01 
 4.00000000e-06  1.09459115e+00  4.00000000e-06  1.40000000e+00  4.00000000e-01 
 4.10000000e-06  1.10255097e+00  4.10000000e-06  1.40000000e+00  4.00000000e-01 
 4.20000000e-06  1.10945821e+00  4.20000000e-06  1.40000000e+00  4.00000000e-01 
 4.30000000e-06  1.11557958e+00  4.30000000e-06  1.40000000e+00  4.00000000e-01 
 4.40000000e-06  1.12109103e+00  4.40000000e-06  1.40000000e+00  4.00000000e-01 
 4.50000000e-06  1.12611559e+00  4.50000000e-06  1.40000000e+00  4.00000000e-01 
 4.60000000e-06  1.13074236e+00  4.60000000e-06  1.40000000e+00  4.00000000e-01 
 4.70000000e-06  1.13503799e+00  4.70000000e-06  1.40000000e+00  4.00000000e-01 
 4.80000000e-06  1.13905355e+00  4.80000000e-06  1.40000000e+00  4.00000000e-01 
 4.90000000e-06  1.14282910e+00  4.90000000e-06  1.40000000e+00  4.00000000e-01 
 5.00000000e-06  1.14639660e+00  5.00000000e-06  1.40000000e+00  4.00000000e-01 
 5.10000000e-06  1.14978195e+00  5.10000000e-06  1.40000000e+00  4.00000000e-01 
 5.20000000e-06  1.15300648e+00  5.20000000e-06  1.40000000e+00  4.00000000e-01 
 5.30000000e-06  1.15608794e+00  5.30000000e-06  1.40000000e+00  4.00000000e-01 
 5.40000000e-06  1.15904125e+00  5.40000000e-06  1.40000000e+00  4.00000000e-01 
 5.50000000e-06  1.16187911e+00  5.50000000e-06  1.40000000e+00  4.00000000e-01 
 5.60000000e-06  1.16461236e+00  5.60000000e-06  1.40000000e+00  4.00000000e-01 
 5.70000000e-06  1.16725041e+00  5.70000000e-06  1.40000000e+00  4.00000000e-01 
 5.80000000e-06  1.16980137e+00  5.80000000e-06  1.40000000e+00  4.00000000e-01 
 5.90000000e-06  1.17227239e+00  5.90000000e-06  1.40000000e+00  4.00000000e-01 
 6.00000000e-06  1.17466970e+00  6.00000000e-06  1.40000000e+00  4.00000000e-01 
