 i-sweep         v(vout)         i(viin)         v(vgate)        v(vmid)        
-6.00000000e-06 -2.57993902e-02 -6.00000000e-06  1.00000000e+00  1.60000000e+00 
-5.90000000e-06 -2.23181173e-02 -5.90000000e-06  1.00000000e+00  1.60000000e+00 
-5.80000000e-06 -1.88092316e-02 -5.80000000e-06  1.00000000e+00  1.60000000e+00 
-5.70000000e-06 -1.52720530e-02 -5.70000000e-06  1.00000000e+00  1.60000000e+00 
-5.60000000e-06 -1.17058731e-02 -5.60000000e-06  1.00000000e+00  1.60000000e+00 
-5.50000000e-06 -8.10995350e-03 -5.50000000e-06  1.00000000e+00  1.60000000e+00 
-5.40000000e-06 -4.48352338e-03 -5.40000000e-06  1.00000000e+00  1.60000000e+00 
-5.30000000e-06 -8.25777878e-04 -5.30000000e-06  1.00000000e+00  1.60000000e+00 
-5.20000000e-06  2.86412430e-03 -5.20000000e-06  1.00000000e+00  1.60000000e+00 
-5.10000000e-06  6.58706333e-03 -5.10000000e-06  1.00000000e+00  1.60000000e+00 
-5.00000000e-06  1.03439609e-02 -5.00000000e-06  1.00000000e+00  1.60000000e+00 
-4.90000000e-06  1.41357833e-02 -4.90000000e-06  1.00000000e+00  1.60000000e+00 
-4.80000000e-06  1.79635443e-02 -4.80000000e-06  1.00000000e+00  1.60000000e+00 
-4.70000000e-06  2.18283089e-02 -4.70000000e-06  1.00000000e+00  1.60000000e+00 
-4.60000000e-06  2.57311973e-02 -4.60000000e-06  1.00000000e+00  1.60000000e+00 
-4.50000000e-06  2.96733889e-02 -4.50000000e-06  1.00000000e+00  1.60000000e+00 
-4.40000000e-06  3.36561271e-02 -4.40000000e-06  1.00000000e+00  1.60000000e+00 
-4.30000000e-06  3.76807249e-02 -4.30000000e-06  1.00000000e+00  1.60000000e+00 
-4.20000000e-06  4.17485701e-02 -4.20000000e-06  1.00000000e+00  1.60000000e+00 
-4.10000000e-06  4.58611323e-02 -4.10000000e-06  1.00000000e+00  1.60000000e+00 
-4.00000000e-06  5.00199701e-02 -4.00000000e-06  1.00000000e+00  1.60000000e+00 
-3.90000000e-06  5.42267392e-02 -3.90000000e-06  1.00000000e+00  1.60000000e+00 
-3.80000000e-06  5.84832013e-02 -3.80000000e-06  1.00000000e+00  1.60000000e+00 
-3.70000000e-06  6.27912351e-02 -3.70000000e-06  1.00000000e+00  1.60000000e+00 
-3.60000000e-06  6.71528475e-02 -3.60000000e-06  1.00000000e+00  1.60000000e+00 
-3.50000000e-06  7.15701871e-02 -3.50000000e-06  1.00000000e+00  1.60000000e+00 
-3.40000000e-06  7.60455595e-02 -3.40000000e-06  1.00000000e+00  1.60000000e+00 
-3.30000000e-06  8.05814449e-02 -3.30000000e-06  1.00000000e+00  1.60000000e+00 
-3.20000000e-06  8.51805178e-02 -3.20000000e-06  1.00000000e+00  1.60000000e+00 
-3.10000000e-06  8.98456705e-02 -3.10000000e-06  1.00000000e+00  1.60000000e+00 
-3.00000000e-06  9.45800401e-02 -3.00000000e-06  1.00000000e+00  1.60000000e+00 
-2.90000000e-06  9.93870396e-02 -2.90000000e-06  1.00000000e+00  1.60000000e+00 
-2.80000000e-06  1.04270395e-01 -2.80000000e-06  1.00000000e+00  1.60000000e+00 
-2.70000000e-06  1.09234189e-01 -2.70000000e-06  1.00000000e+00  1.60000000e+00 
-2.60000000e-06  1.14282911e-01 -2.60000000e-06  1.00000000e+00  1.60000000e+00 
-2.50000000e-06  1.19421522e-01 -2.50000000e-06  1.00000000e+00  1.60000000e+00 
-2.40000000e-06  1.24655525e-01 -2.40000000e-06  1.00000000e+00  1.60000000e+00 
-2.30000000e-06  1.29991054e-01 -2.30000000e-06  1.00000000e+00  1.60000000e+00 
-2.20000000e-06  1.35434987e-01 -2.20000000e-06  1.00000000e+00  1.60000000e+00 
-2.10000000e-06  1.40995076e-01 -2.10000000e-06  1.00000000e+00  1.60000000e+00 
-2.00000000e-06  1.46680114e-01 -2.00000000e-06  1.00000000e+00  1.60000000e+00 
-1.90000000e-06  1.52500142e-01 -1.90000000e-06  1.00000000e+00  1.60000000e+00 
-1.80000000e-06  1.58466716e-01 -1.80000000e-06  1.00000000e+00  1.60000000e+00 
-1.70000000e-06  1.64593238e-01 -1.70000000e-06  1.00000000e+00  1.60000000e+00 
-1.60000000e-06  1.70895397e-01 -1.60000000e-06  1.00000000e+00  1.60000000e+00 
-1.50000000e-06  1.77391743e-01 -1.50000000e-06  1.00000000e+00  1.60000000e+00 
-1.40000000e-06  1.84104459e-01 -1.40000000e-06  1.00000000e+00  1.60000000e+00 
-1.30000000e-06  1.91060314e-01 -1.30000000e-06  1.00000000e+00  1.60000000e+00 
-1.20000000e-06  1.98292501e-01 -1.20000000e-06  1.00000000e+00  1.60000000e+00 
-1.10000000e-06  2.05842170e-01 -1.10000000e-06  1.00000000e+00  1.60000000e+00 
-1.00000000e-06  2.13761853e-01 -1.00000000e-06  1.00000000e+00  1.60000000e+00 
-9.00000000e-07  2.22120018e-01 -9.00000000e-07  1.00000000e+00  1.60000000e+00 
-8.00000000e-07  2.31008630e-01 -8.00000000e-07  1.00000000e+00  1.60000000e+00 
-7.00000000e-07  2.40554498e-01 -7.00000000e-07  1.00000000e+00  1.60000000e+00 
-6.00000000e-07  2.50941790e-01 -6.00000000e-07  1.00000000e+00  1.60000000e+00 
-5.00000000e-07  2.62452031e-01 -5.00000000e-07  1.00000000e+00  1.60000000e+00 
-4.00000000e-07  2.75550122e-01 -4.00000000e-07  1.00000000e+00  1.60000000e+00 
-3.00000000e-07  2.91094003e-01 -3.00000000e-07  1.00000000e+00  1.60000000e+00 
-2.00000000e-07  3.10976838e-01 -2.00000000e-07  1.00000000e+00  1.60000000e+00 
-1.00000000e-07  3.41126487e-01 -1.00000000e-07  1.00000000e+00  1.60000000e+00 
-5.71747239e-21  8.88113476e-01 -5.71747239e-21  1.00000000e+00  1.60000000e+00 
 1.00000000e-07  1.36372242e+00  1.00000000e-07  1.00000000e+00  1.60000000e+00 
 2.00000000e-07  1.39599381e+00  2.00000000e-07  1.00000000e+00  1.60000000e+00 
 3.00000000e-07  1.41478909e+00  3.00000000e-07  1.00000000e+00  1.60000000e+00 
 4.00000000e-07  1.42817165e+00  4.00000000e-07  1.00000000e+00  1.60000000e+00 
 5.00000000e-07  1.43864485e+00  5.00000000e-07  1.00000000e+00  1.60000000e+00 
 6.00000000e-07  1.44725003e+00  6.00000000e-07  1.00000000e+00  1.60000000e+00 
 7.00000000e-07  1.45461083e+00  7.00000000e-07  1.00000000e+00  1.60000000e+00 
 8.00000000e-07  1.46106280e+00  8.00000000e-07  1.00000000e+00  1.60000000e+00 
 9.00000000e-07  1.46682293e+00  9.00000000e-07  1.00000000e+00  1.60000000e+00 
 1.00000000e-06  1.47203901e+00  1.00000000e-06  1.00000000e+00  1.60000000e+00 
 1.10000000e-06  1.47681607e+00  1.10000000e-06  1.00000000e+00  1.60000000e+00 
 1.20000000e-06  1.48123130e+00  1.20000000e-06  1.00000000e+00  1.60000000e+00 
 1.30000000e-06  1.48534311e+00  1.30000000e-06  1.00000000e+00  1.60000000e+00 
 1.40000000e-06  1.48919672e+00  1.40000000e-06  1.00000000e+00  1.60000000e+00 
 1.50000000e-06  1.49284180e+00  1.50000000e-06  1.00000000e+00  1.60000000e+00 
 1.60000000e-06  1.49627472e+00  1.60000000e-06  1.00000000e+00  1.60000000e+00 
 1.70000000e-06  1.49953885e+00  1.70000000e-06  1.00000000e+00  1.60000000e+00 
 1.80000000e-06  1.50265305e+00  1.80000000e-06  1.00000000e+00  1.60000000e+00 
 1.90000000e-06  1.50563320e+00  1.90000000e-06  1.00000000e+00  1.60000000e+00 
 2.00000000e-06  1.50849276e+00  2.00000000e-06  1.00000000e+00  1.60000000e+00 
 2.10000000e-06  1.51124326e+00  2.10000000e-06  1.00000000e+00  1.60000000e+00 
 2.20000000e-06  1.51389465e+00  2.20000000e-06  1.00000000e+00  1.60000000e+00 
 2.30000000e-06  1.51645553e+00  2.30000000e-06  1.00000000e+00  1.60000000e+00 
 2.40000000e-06  1.51893346e+00  2.40000000e-06  1.00000000e+00  1.60000000e+00 
 2.50000000e-06  1.52133503e+00  2.50000000e-06  1.00000000e+00  1.60000000e+00 
 2.60000000e-06  1.52366609e+00  2.60000000e-06  1.00000000e+00  1.60000000e+00 
 2.70000000e-06  1.52593181e+00  2.70000000e-06  1.00000000e+00  1.60000000e+00 
 2.80000000e-06  1.52813682e+00  2.80000000e-06  1.00000000e+00  1.60000000e+00 
 2.90000000e-06  1.53028524e+00  2.90000000e-06  1.00000000e+00  1.60000000e+00 
 3.00000000e-06  1.53238080e+00  3.00000000e-06  1.00000000e+00  1.60000000e+00 
 3.10000000e-06  1.53442685e+00  3.10000000e-06  1.00000000e+00  1.60000000e+00 
 3.20000000e-06  1.53642641e+00  3.20000000e-06  1.00000000e+00  1.60000000e+00 
 3.30000000e-06  1.53838224e+00  3.30000000e-06  1.00000000e+00  1.60000000e+00 
 3.40000000e-06  1.54029686e+00  3.40000000e-06  1.00000000e+00  1.60000000e+00 
 3.50000000e-06  1.54217256e+00  3.50000000e-06  1.00000000e+00  1.60000000e+00 
 3.60000000e-06  1.54401143e+00  3.60000000e-06  1.00000000e+00  1.60000000e+00 
 3.70000000e-06  1.54581540e+00  3.70000000e-06  1.00000000e+00  1.60000000e+00 
 3.80000000e-06  1.54758626e+00  3.80000000e-06  1.00000000e+00  1.60000000e+00 
 3.90000000e-06  1.54932564e+00  3.90000000e-06  1.00000000e+00  1.60000000e+00 
 4.00000000e-06  1.55103506e+00  4.00000000e-06  1.00000000e+00  1.60000000e+00 
 4.10000000e-06  1.55271592e+00  4.10000000e-06  1.00000000e+00  1.60000000e+00 
 4.20000000e-06  1.55436953e+00  4.20000000e-06  1.00000000e+00  1.60000000e+00 
 4.30000000e-06  1.55599710e+00  4.30000000e-06  1.00000000e+00  1.60000000e+00 
 4.40000000e-06  1.55759976e+00  4.40000000e-06  1.00000000e+00  1.60000000e+00 
 4.50000000e-06  1.55917856e+00  4.50000000e-06  1.00000000e+00  1.60000000e+00 
 4.60000000e-06  1.56073451e+00  4.60000000e-06  1.00000000e+00  1.60000000e+00 
 4.70000000e-06  1.56226851e+00  4.70000000e-06  1.00000000e+00  1.60000000e+00 
 4.80000000e-06  1.56378144e+00  4.80000000e-06  1.00000000e+00  1.60000000e+00 
 4.90000000e-06  1.56528421e+00  4.90000000e-06  1.00000000e+00  1.60000000e+00 
 5.00000000e-06  1.56675627e+00  5.00000000e-06  1.00000000e+00  1.60000000e+00 
 5.10000000e-06  1.56820969e+00  5.10000000e-06  1.00000000e+00  1.60000000e+00 
 5.20000000e-06  1.56964512e+00  5.20000000e-06  1.00000000e+00  1.60000000e+00 
 5.30000000e-06  1.57106321e+00  5.30000000e-06  1.00000000e+00  1.60000000e+00 
 5.40000000e-06  1.57246454e+00  5.40000000e-06  1.00000000e+00  1.60000000e+00 
 5.50000000e-06  1.57384967e+00  5.50000000e-06  1.00000000e+00  1.60000000e+00 
 5.60000000e-06  1.57521915e+00  5.60000000e-06  1.00000000e+00  1.60000000e+00 
 5.70000000e-06  1.57657347e+00  5.70000000e-06  1.00000000e+00  1.60000000e+00 
 5.80000000e-06  1.57791313e+00  5.80000000e-06  1.00000000e+00  1.60000000e+00 
 5.90000000e-06  1.57923857e+00  5.90000000e-06  1.00000000e+00  1.60000000e+00 
 6.00000000e-06  1.58055023e+00  6.00000000e-06  1.00000000e+00  1.60000000e+00 
