 i-sweep         v(vout)         i(viin)         v(vgate)        v(vmid)        
-6.00000000e-06  4.64605958e-01 -6.00000000e-06  1.60000000e+00  1.40000000e+00 
-5.90000000e-06  4.68225940e-01 -5.90000000e-06  1.60000000e+00  1.40000000e+00 
-5.80000000e-06  4.71874554e-01 -5.80000000e-06  1.60000000e+00  1.40000000e+00 
-5.70000000e-06  4.75552517e-01 -5.70000000e-06  1.60000000e+00  1.40000000e+00 
-5.60000000e-06  4.79260576e-01 -5.60000000e-06  1.60000000e+00  1.40000000e+00 
-5.50000000e-06  4.82999509e-01 -5.50000000e-06  1.60000000e+00  1.40000000e+00 
-5.40000000e-06  4.86770130e-01 -5.40000000e-06  1.60000000e+00  1.40000000e+00 
-5.30000000e-06  4.90573288e-01 -5.30000000e-06  1.60000000e+00  1.40000000e+00 
-5.20000000e-06  4.94409871e-01 -5.20000000e-06  1.60000000e+00  1.40000000e+00 
-5.10000000e-06  4.98280807e-01 -5.10000000e-06  1.60000000e+00  1.40000000e+00 
-5.00000000e-06  5.02187071e-01 -5.00000000e-06  1.60000000e+00  1.40000000e+00 
-4.90000000e-06  5.06129683e-01 -4.90000000e-06  1.60000000e+00  1.40000000e+00 
-4.80000000e-06  5.10109713e-01 -4.80000000e-06  1.60000000e+00  1.40000000e+00 
-4.70000000e-06  5.14128287e-01 -4.70000000e-06  1.60000000e+00  1.40000000e+00 
-4.60000000e-06  5.18186588e-01 -4.60000000e-06  1.60000000e+00  1.40000000e+00 
-4.50000000e-06  5.22285863e-01 -4.50000000e-06  1.60000000e+00  1.40000000e+00 
-4.40000000e-06  5.26427424e-01 -4.40000000e-06  1.60000000e+00  1.40000000e+00 
-4.30000000e-06  5.30612659e-01 -4.30000000e-06  1.60000000e+00  1.40000000e+00 
-4.20000000e-06  5.34843034e-01 -4.20000000e-06  1.60000000e+00  1.40000000e+00 
-4.10000000e-06  5.39120100e-01 -4.10000000e-06  1.60000000e+00  1.40000000e+00 
-4.00000000e-06  5.43445502e-01 -4.00000000e-06  1.60000000e+00  1.40000000e+00 
-3.90000000e-06  5.47820988e-01 -3.90000000e-06  1.60000000e+00  1.40000000e+00 
-3.80000000e-06  5.52248415e-01 -3.80000000e-06  1.60000000e+00  1.40000000e+00 
-3.70000000e-06  5.56729763e-01 -3.70000000e-06  1.60000000e+00  1.40000000e+00 
-3.60000000e-06  5.61267147e-01 -3.60000000e-06  1.60000000e+00  1.40000000e+00 
-3.50000000e-06  5.65862827e-01 -3.50000000e-06  1.60000000e+00  1.40000000e+00 
-3.40000000e-06  5.70519229e-01 -3.40000000e-06  1.60000000e+00  1.40000000e+00 
-3.30000000e-06  5.75238957e-01 -3.30000000e-06  1.60000000e+00  1.40000000e+00 
-3.20000000e-06  5.80024819e-01 -3.20000000e-06  1.60000000e+00  1.40000000e+00 
-3.10000000e-06  5.84879847e-01 -3.10000000e-06  1.60000000e+00  1.40000000e+00 
-3.00000000e-06  5.89807324e-01 -3.00000000e-06  1.60000000e+00  1.40000000e+00 
-2.90000000e-06  5.94810820e-01 -2.90000000e-06  1.60000000e+00  1.40000000e+00 
-2.80000000e-06  5.99894222e-01 -2.80000000e-06  1.60000000e+00  1.40000000e+00 
-2.70000000e-06  6.05061785e-01 -2.70000000e-06  1.60000000e+00  1.40000000e+00 
-2.60000000e-06  6.10318182e-01 -2.60000000e-06  1.60000000e+00  1.40000000e+00 
-2.50000000e-06  6.15668562e-01 -2.50000000e-06  1.60000000e+00  1.40000000e+00 
-2.40000000e-06  6.21118630e-01 -2.40000000e-06  1.60000000e+00  1.40000000e+00 
-2.30000000e-06  6.26674731e-01 -2.30000000e-06  1.60000000e+00  1.40000000e+00 
-2.20000000e-06  6.32343966e-01 -2.20000000e-06  1.60000000e+00  1.40000000e+00 
-2.10000000e-06  6.38134318e-01 -2.10000000e-06  1.60000000e+00  1.40000000e+00 
-2.00000000e-06  6.44054827e-01 -2.00000000e-06  1.60000000e+00  1.40000000e+00 
-1.90000000e-06  6.50115792e-01 -1.90000000e-06  1.60000000e+00  1.40000000e+00 
-1.80000000e-06  6.56329036e-01 -1.80000000e-06  1.60000000e+00  1.40000000e+00 
-1.70000000e-06  6.62708247e-01 -1.70000000e-06  1.60000000e+00  1.40000000e+00 
-1.60000000e-06  6.69269409e-01 -1.60000000e-06  1.60000000e+00  1.40000000e+00 
-1.50000000e-06  6.76031384e-01 -1.50000000e-06  1.60000000e+00  1.40000000e+00 
-1.40000000e-06  6.83016680e-01 -1.40000000e-06  1.60000000e+00  1.40000000e+00 
-1.30000000e-06  6.90252505e-01 -1.30000000e-06  1.60000000e+00  1.40000000e+00 
-1.20000000e-06  6.97772226e-01 -1.20000000e-06  1.60000000e+00  1.40000000e+00 
-1.10000000e-06  7.05617456e-01 -1.10000000e-06  1.60000000e+00  1.40000000e+00 
-1.00000000e-06  7.13841121e-01 -1.00000000e-06  1.60000000e+00  1.40000000e+00 
-9.00000000e-07  7.22512091e-01 -9.00000000e-07  1.60000000e+00  1.40000000e+00 
-8.00000000e-07  7.31722513e-01 -8.00000000e-07  1.60000000e+00  1.40000000e+00 
-7.00000000e-07  7.41599933e-01 -7.00000000e-07  1.60000000e+00  1.40000000e+00 
-6.00000000e-07  7.52328623e-01 -6.00000000e-07  1.60000000e+00  1.40000000e+00 
-5.00000000e-07  7.64190112e-01 -5.00000000e-07  1.60000000e+00  1.40000000e+00 
-4.00000000e-07  7.77648567e-01 -4.00000000e-07  1.60000000e+00  1.40000000e+00 
-3.00000000e-07  7.93558958e-01 -3.00000000e-07  1.60000000e+00  1.40000000e+00 
-2.00000000e-07  8.13802784e-01 -2.00000000e-07  1.60000000e+00  1.40000000e+00 
-1.00000000e-07  8.44259131e-01 -1.00000000e-07  1.60000000e+00  1.40000000e+00 
-5.71747239e-21  1.00603598e+00 -5.71747239e-21  1.60000000e+00  1.40000000e+00 
 1.00000000e-07  1.20392232e+00  1.00000000e-07  1.60000000e+00  1.40000000e+00 
 2.00000000e-07  1.23625328e+00  2.00000000e-07  1.60000000e+00  1.40000000e+00 
 3.00000000e-07  1.25511805e+00  3.00000000e-07  1.60000000e+00  1.40000000e+00 
 4.00000000e-07  1.26853142e+00  4.00000000e-07  1.60000000e+00  1.40000000e+00 
 5.00000000e-07  1.27900105e+00  5.00000000e-07  1.60000000e+00  1.40000000e+00 
 6.00000000e-07  1.28764167e+00  6.00000000e-07  1.60000000e+00  1.40000000e+00 
 7.00000000e-07  1.29502795e+00  7.00000000e-07  1.60000000e+00  1.40000000e+00 
 8.00000000e-07  1.30150419e+00  8.00000000e-07  1.60000000e+00  1.40000000e+00 
 9.00000000e-07  1.30728097e+00  9.00000000e-07  1.60000000e+00  1.40000000e+00 
 1.00000000e-06  1.31251770e+00  1.00000000e-06  1.60000000e+00  1.40000000e+00 
 1.10000000e-06  1.31731008e+00  1.10000000e-06  1.60000000e+00  1.40000000e+00 
 1.20000000e-06  1.32174991e+00  1.20000000e-06  1.60000000e+00  1.40000000e+00 
 1.30000000e-06  1.32586982e+00  1.30000000e-06  1.60000000e+00  1.40000000e+00 
 1.40000000e-06  1.32974146e+00  1.40000000e-06  1.60000000e+00  1.40000000e+00 
 1.50000000e-06  1.33338724e+00  1.50000000e-06  1.60000000e+00  1.40000000e+00 
 1.60000000e-06  1.33683927e+00  1.60000000e-06  1.60000000e+00  1.40000000e+00 
 1.70000000e-06  1.34012092e+00  1.70000000e-06  1.60000000e+00  1.40000000e+00 
 1.80000000e-06  1.34325150e+00  1.80000000e-06  1.60000000e+00  1.40000000e+00 
 1.90000000e-06  1.34624722e+00  1.90000000e-06  1.60000000e+00  1.40000000e+00 
 2.00000000e-06  1.34912174e+00  2.00000000e-06  1.60000000e+00  1.40000000e+00 
 2.10000000e-06  1.35188674e+00  2.10000000e-06  1.60000000e+00  1.40000000e+00 
 2.20000000e-06  1.35455226e+00  2.20000000e-06  1.60000000e+00  1.40000000e+00 
 2.30000000e-06  1.35712699e+00  2.30000000e-06  1.60000000e+00  1.40000000e+00 
 2.40000000e-06  1.35961851e+00  2.40000000e-06  1.60000000e+00  1.40000000e+00 
 2.50000000e-06  1.36203347e+00  2.50000000e-06  1.60000000e+00  1.40000000e+00 
 2.60000000e-06  1.36437774e+00  2.60000000e-06  1.60000000e+00  1.40000000e+00 
 2.70000000e-06  1.36665651e+00  2.70000000e-06  1.60000000e+00  1.40000000e+00 
 2.80000000e-06  1.36887443e+00  2.80000000e-06  1.60000000e+00  1.40000000e+00 
 2.90000000e-06  1.37103563e+00  2.90000000e-06  1.60000000e+00  1.40000000e+00 
 3.00000000e-06  1.37314385e+00  3.00000000e-06  1.60000000e+00  1.40000000e+00 
 3.10000000e-06  1.37520244e+00  3.10000000e-06  1.60000000e+00  1.40000000e+00 
 3.20000000e-06  1.37721444e+00  3.20000000e-06  1.60000000e+00  1.40000000e+00 
 3.30000000e-06  1.37918262e+00  3.30000000e-06  1.60000000e+00  1.40000000e+00 
 3.40000000e-06  1.38110949e+00  3.40000000e-06  1.60000000e+00  1.40000000e+00 
 3.50000000e-06  1.38299735e+00  3.50000000e-06  1.60000000e+00  1.40000000e+00 
 3.60000000e-06  1.38485762e+00  3.60000000e-06  1.60000000e+00  1.40000000e+00 
 3.70000000e-06  1.38667240e+00  3.70000000e-06  1.60000000e+00  1.40000000e+00 
 3.80000000e-06  1.38845416e+00  3.80000000e-06  1.60000000e+00  1.40000000e+00 
 3.90000000e-06  1.39020452e+00  3.90000000e-06  1.60000000e+00  1.40000000e+00 
 4.00000000e-06  1.39192498e+00  4.00000000e-06  1.60000000e+00  1.40000000e+00 
 4.10000000e-06  1.39361690e+00  4.10000000e-06  1.60000000e+00  1.40000000e+00 
 4.20000000e-06  1.39528158e+00  4.20000000e-06  1.60000000e+00  1.40000000e+00 
 4.30000000e-06  1.39692024e+00  4.30000000e-06  1.60000000e+00  1.40000000e+00 
 4.40000000e-06  1.39853400e+00  4.40000000e-06  1.60000000e+00  1.40000000e+00 
 4.50000000e-06  1.40012390e+00  4.50000000e-06  1.60000000e+00  1.40000000e+00 
 4.60000000e-06  1.40169094e+00  4.60000000e-06  1.60000000e+00  1.40000000e+00 
 4.70000000e-06  1.40323602e+00  4.70000000e-06  1.60000000e+00  1.40000000e+00 
 4.80000000e-06  1.40476001e+00  4.80000000e-06  1.60000000e+00  1.40000000e+00 
 4.90000000e-06  1.40626372e+00  4.90000000e-06  1.60000000e+00  1.40000000e+00 
 5.00000000e-06  1.40774791e+00  5.00000000e-06  1.60000000e+00  1.40000000e+00 
 5.10000000e-06  1.40921330e+00  5.10000000e-06  1.60000000e+00  1.40000000e+00 
 5.20000000e-06  1.41066058e+00  5.20000000e-06  1.60000000e+00  1.40000000e+00 
 5.30000000e-06  1.41209037e+00  5.30000000e-06  1.60000000e+00  1.40000000e+00 
 5.40000000e-06  1.41350328e+00  5.40000000e-06  1.60000000e+00  1.40000000e+00 
 5.50000000e-06  1.41489990e+00  5.50000000e-06  1.60000000e+00  1.40000000e+00 
 5.60000000e-06  1.41628075e+00  5.60000000e-06  1.60000000e+00  1.40000000e+00 
 5.70000000e-06  1.41764636e+00  5.70000000e-06  1.60000000e+00  1.40000000e+00 
 5.80000000e-06  1.41899721e+00  5.80000000e-06  1.60000000e+00  1.40000000e+00 
 5.90000000e-06  1.42033377e+00  5.90000000e-06  1.60000000e+00  1.40000000e+00 
 6.00000000e-06  1.42165648e+00  6.00000000e-06  1.60000000e+00  1.40000000e+00 
