 i-sweep         v(vout)         i(viin)         v(vgate)        v(vmid)        
-6.00000000e-06 -7.21789648e-01 -6.00000000e-06  0.00000000e+00  1.00000000e+00 
-5.90000000e-06 -7.20754609e-01 -5.90000000e-06  0.00000000e+00  1.00000000e+00 
-5.80000000e-06 -7.19694174e-01 -5.80000000e-06  0.00000000e+00  1.00000000e+00 
-5.70000000e-06 -7.18607213e-01 -5.70000000e-06  0.00000000e+00  1.00000000e+00 
-5.60000000e-06 -7.17492524e-01 -5.60000000e-06  0.00000000e+00  1.00000000e+00 
-5.50000000e-06 -7.16348832e-01 -5.50000000e-06  0.00000000e+00  1.00000000e+00 
-5.40000000e-06 -7.15174783e-01 -5.40000000e-06  0.00000000e+00  1.00000000e+00 
-5.30000000e-06 -7.13968937e-01 -5.30000000e-06  0.00000000e+00  1.00000000e+00 
-5.20000000e-06 -7.12729763e-01 -5.20000000e-06  0.00000000e+00  1.00000000e+00 
-5.10000000e-06 -7.11455630e-01 -5.10000000e-06  0.00000000e+00  1.00000000e+00 
-5.00000000e-06 -7.10144803e-01 -5.00000000e-06  0.00000000e+00  1.00000000e+00 
-4.90000000e-06 -7.08795431e-01 -4.90000000e-06  0.00000000e+00  1.00000000e+00 
-4.80000000e-06 -7.07405542e-01 -4.80000000e-06  0.00000000e+00  1.00000000e+00 
-4.70000000e-06 -7.05973032e-01 -4.70000000e-06  0.00000000e+00  1.00000000e+00 
-4.60000000e-06 -7.04495656e-01 -4.60000000e-06  0.00000000e+00  1.00000000e+00 
-4.50000000e-06 -7.02971018e-01 -4.50000000e-06  0.00000000e+00  1.00000000e+00 
-4.40000000e-06 -7.01396559e-01 -4.40000000e-06  0.00000000e+00  1.00000000e+00 
-4.30000000e-06 -6.99769545e-01 -4.30000000e-06  0.00000000e+00  1.00000000e+00 
-4.20000000e-06 -6.98087056e-01 -4.20000000e-06  0.00000000e+00  1.00000000e+00 
-4.10000000e-06 -6.96345975e-01 -4.10000000e-06  0.00000000e+00  1.00000000e+00 
-4.00000000e-06 -6.94542967e-01 -4.00000000e-06  0.00000000e+00  1.00000000e+00 
-3.90000000e-06 -6.92674475e-01 -3.90000000e-06  0.00000000e+00  1.00000000e+00 
-3.80000000e-06 -6.90736702e-01 -3.80000000e-06  0.00000000e+00  1.00000000e+00 
-3.70000000e-06 -6.88725595e-01 -3.70000000e-06  0.00000000e+00  1.00000000e+00 
-3.60000000e-06 -6.86636833e-01 -3.60000000e-06  0.00000000e+00  1.00000000e+00 
-3.50000000e-06 -6.84465815e-01 -3.50000000e-06  0.00000000e+00  1.00000000e+00 
-3.40000000e-06 -6.82207644e-01 -3.40000000e-06  0.00000000e+00  1.00000000e+00 
-3.30000000e-06 -6.79857115e-01 -3.30000000e-06  0.00000000e+00  1.00000000e+00 
-3.20000000e-06 -6.77408708e-01 -3.20000000e-06  0.00000000e+00  1.00000000e+00 
-3.10000000e-06 -6.74856575e-01 -3.10000000e-06  0.00000000e+00  1.00000000e+00 
-3.00000000e-06 -6.72194532e-01 -3.00000000e-06  0.00000000e+00  1.00000000e+00 
-2.90000000e-06 -6.69416057e-01 -2.90000000e-06  0.00000000e+00  1.00000000e+00 
-2.80000000e-06 -6.66514281e-01 -2.80000000e-06  0.00000000e+00  1.00000000e+00 
-2.70000000e-06 -6.63481989e-01 -2.70000000e-06  0.00000000e+00  1.00000000e+00 
-2.60000000e-06 -6.60311607e-01 -2.60000000e-06  0.00000000e+00  1.00000000e+00 
-2.50000000e-06 -6.56995206e-01 -2.50000000e-06  0.00000000e+00  1.00000000e+00 
-2.40000000e-06 -6.53524479e-01 -2.40000000e-06  0.00000000e+00  1.00000000e+00 
-2.30000000e-06 -6.49890720e-01 -2.30000000e-06  0.00000000e+00  1.00000000e+00 
-2.20000000e-06 -6.46084786e-01 -2.20000000e-06  0.00000000e+00  1.00000000e+00 
-2.10000000e-06 -6.42097027e-01 -2.10000000e-06  0.00000000e+00  1.00000000e+00 
-2.00000000e-06 -6.37917183e-01 -2.00000000e-06  0.00000000e+00  1.00000000e+00 
-1.90000000e-06 -6.33534232e-01 -1.90000000e-06  0.00000000e+00  1.00000000e+00 
-1.80000000e-06 -6.28936167e-01 -1.80000000e-06  0.00000000e+00  1.00000000e+00 
-1.70000000e-06 -6.24109679e-01 -1.70000000e-06  0.00000000e+00  1.00000000e+00 
-1.60000000e-06 -6.19039724e-01 -1.60000000e-06  0.00000000e+00  1.00000000e+00 
-1.50000000e-06 -6.13708919e-01 -1.50000000e-06  0.00000000e+00  1.00000000e+00 
-1.40000000e-06 -6.08096719e-01 -1.40000000e-06  0.00000000e+00  1.00000000e+00 
-1.30000000e-06 -6.02178285e-01 -1.30000000e-06  0.00000000e+00  1.00000000e+00 
-1.20000000e-06 -5.95922904e-01 -1.20000000e-06  0.00000000e+00  1.00000000e+00 
-1.10000000e-06 -5.89291759e-01 -1.10000000e-06  0.00000000e+00  1.00000000e+00 
-1.00000000e-06 -5.82234686e-01 -1.00000000e-06  0.00000000e+00  1.00000000e+00 
-9.00000000e-07 -5.74685294e-01 -9.00000000e-07  0.00000000e+00  1.00000000e+00 
-8.00000000e-07 -5.66553344e-01 -8.00000000e-07  0.00000000e+00  1.00000000e+00 
-7.00000000e-07 -5.57712209e-01 -7.00000000e-07  0.00000000e+00  1.00000000e+00 
-6.00000000e-07 -5.47973892e-01 -6.00000000e-07  0.00000000e+00  1.00000000e+00 
-5.00000000e-07 -5.37055563e-01 -5.00000000e-07  0.00000000e+00  1.00000000e+00 
-4.00000000e-07 -5.24480042e-01 -4.00000000e-07  0.00000000e+00  1.00000000e+00 
-3.00000000e-07 -5.09365214e-01 -3.00000000e-07  0.00000000e+00  1.00000000e+00 
-2.00000000e-07 -4.89758901e-01 -2.00000000e-07  0.00000000e+00  1.00000000e+00 
-1.00000000e-07 -4.59519650e-01 -1.00000000e-07  0.00000000e+00  1.00000000e+00 
-5.71747239e-21  6.19903494e-01 -5.71747239e-21  0.00000000e+00  1.00000000e+00 
 1.00000000e-07  1.02239046e+00  1.00000000e-07  0.00000000e+00  1.00000000e+00 
 2.00000000e-07  1.05480679e+00  2.00000000e-07  0.00000000e+00  1.00000000e+00 
 3.00000000e-07  1.07368316e+00  3.00000000e-07  0.00000000e+00  1.00000000e+00 
 4.00000000e-07  1.08712395e+00  4.00000000e-07  0.00000000e+00  1.00000000e+00 
 5.00000000e-07  1.09762572e+00  5.00000000e-07  0.00000000e+00  1.00000000e+00 
 6.00000000e-07  1.10629331e+00  6.00000000e-07  0.00000000e+00  1.00000000e+00 
 7.00000000e-07  1.11369692e+00  7.00000000e-07  0.00000000e+00  1.00000000e+00 
 8.00000000e-07  1.12018826e+00  8.00000000e-07  0.00000000e+00  1.00000000e+00 
 9.00000000e-07  1.12598559e+00  9.00000000e-07  0.00000000e+00  1.00000000e+00 
 1.00000000e-06  1.13123734e+00  1.00000000e-06  0.00000000e+00  1.00000000e+00 
 1.10000000e-06  1.13604884e+00  1.10000000e-06  0.00000000e+00  1.00000000e+00 
 1.20000000e-06  1.14049753e+00  1.20000000e-06  0.00000000e+00  1.00000000e+00 
 1.30000000e-06  1.14464196e+00  1.30000000e-06  0.00000000e+00  1.00000000e+00 
 1.40000000e-06  1.14852745e+00  1.40000000e-06  0.00000000e+00  1.00000000e+00 
 1.50000000e-06  1.15219887e+00  1.50000000e-06  0.00000000e+00  1.00000000e+00 
 1.60000000e-06  1.15566394e+00  1.60000000e-06  0.00000000e+00  1.00000000e+00 
 1.70000000e-06  1.15895925e+00  1.70000000e-06  0.00000000e+00  1.00000000e+00 
 1.80000000e-06  1.16210385e+00  1.80000000e-06  0.00000000e+00  1.00000000e+00 
 1.90000000e-06  1.16511374e+00  1.90000000e-06  0.00000000e+00  1.00000000e+00 
 2.00000000e-06  1.16800252e+00  2.00000000e-06  0.00000000e+00  1.00000000e+00 
 2.10000000e-06  1.17078177e+00  2.10000000e-06  0.00000000e+00  1.00000000e+00 
 2.20000000e-06  1.17346150e+00  2.20000000e-06  0.00000000e+00  1.00000000e+00 
 2.30000000e-06  1.17605036e+00  2.30000000e-06  0.00000000e+00  1.00000000e+00 
 2.40000000e-06  1.17855594e+00  2.40000000e-06  0.00000000e+00  1.00000000e+00 
 2.50000000e-06  1.18098486e+00  2.50000000e-06  0.00000000e+00  1.00000000e+00 
 2.60000000e-06  1.18334300e+00  2.60000000e-06  0.00000000e+00  1.00000000e+00 
 2.70000000e-06  1.18563555e+00  2.70000000e-06  0.00000000e+00  1.00000000e+00 
 2.80000000e-06  1.18786714e+00  2.80000000e-06  0.00000000e+00  1.00000000e+00 
 2.90000000e-06  1.19004193e+00  2.90000000e-06  0.00000000e+00  1.00000000e+00 
 3.00000000e-06  1.19216364e+00  3.00000000e-06  0.00000000e+00  1.00000000e+00 
 3.10000000e-06  1.19423564e+00  3.10000000e-06  0.00000000e+00  1.00000000e+00 
 3.20000000e-06  1.19626096e+00  3.20000000e-06  0.00000000e+00  1.00000000e+00 
 3.30000000e-06  1.19824237e+00  3.30000000e-06  0.00000000e+00  1.00000000e+00 
 3.40000000e-06  1.20018239e+00  3.40000000e-06  0.00000000e+00  1.00000000e+00 
 3.50000000e-06  1.20208333e+00  3.50000000e-06  0.00000000e+00  1.00000000e+00 
 3.60000000e-06  1.20394728e+00  3.60000000e-06  0.00000000e+00  1.00000000e+00 
 3.70000000e-06  1.20577619e+00  3.70000000e-06  0.00000000e+00  1.00000000e+00 
 3.80000000e-06  1.20757183e+00  3.80000000e-06  0.00000000e+00  1.00000000e+00 
 3.90000000e-06  1.20933585e+00  3.90000000e-06  0.00000000e+00  1.00000000e+00 
 4.00000000e-06  1.21106978e+00  4.00000000e-06  0.00000000e+00  1.00000000e+00 
 4.10000000e-06  1.21277502e+00  4.10000000e-06  0.00000000e+00  1.00000000e+00 
 4.20000000e-06  1.21445288e+00  4.20000000e-06  0.00000000e+00  1.00000000e+00 
 4.30000000e-06  1.21610458e+00  4.30000000e-06  0.00000000e+00  1.00000000e+00 
 4.40000000e-06  1.21773125e+00  4.40000000e-06  0.00000000e+00  1.00000000e+00 
 4.50000000e-06  1.21933395e+00  4.50000000e-06  0.00000000e+00  1.00000000e+00 
 4.60000000e-06  1.22091368e+00  4.60000000e-06  0.00000000e+00  1.00000000e+00 
 4.70000000e-06  1.22247136e+00  4.70000000e-06  0.00000000e+00  1.00000000e+00 
 4.80000000e-06  1.22400786e+00  4.80000000e-06  0.00000000e+00  1.00000000e+00 
 4.90000000e-06  1.22552400e+00  4.90000000e-06  0.00000000e+00  1.00000000e+00 
 5.00000000e-06  1.22702662e+00  5.00000000e-06  0.00000000e+00  1.00000000e+00 
 5.10000000e-06  1.22850361e+00  5.10000000e-06  0.00000000e+00  1.00000000e+00 
 5.20000000e-06  1.22996250e+00  5.20000000e-06  0.00000000e+00  1.00000000e+00 
 5.30000000e-06  1.23140391e+00  5.30000000e-06  0.00000000e+00  1.00000000e+00 
 5.40000000e-06  1.23282846e+00  5.40000000e-06  0.00000000e+00  1.00000000e+00 
 5.50000000e-06  1.23423670e+00  5.50000000e-06  0.00000000e+00  1.00000000e+00 
 5.60000000e-06  1.23562918e+00  5.60000000e-06  0.00000000e+00  1.00000000e+00 
 5.70000000e-06  1.23700640e+00  5.70000000e-06  0.00000000e+00  1.00000000e+00 
 5.80000000e-06  1.23836886e+00  5.80000000e-06  0.00000000e+00  1.00000000e+00 
 5.90000000e-06  1.23971701e+00  5.90000000e-06  0.00000000e+00  1.00000000e+00 
 6.00000000e-06  1.24105129e+00  6.00000000e-06  0.00000000e+00  1.00000000e+00 
