 i-sweep         v(vout)         i(viin)         v(vgate)        v(vmid)        
-6.00000000e-06 -5.74998288e-01 -6.00000000e-06  3.00000000e-01  1.80000000e+00 
-5.90000000e-06 -5.71699430e-01 -5.90000000e-06  3.00000000e-01  1.80000000e+00 
-5.80000000e-06 -5.68371309e-01 -5.80000000e-06  3.00000000e-01  1.80000000e+00 
-5.70000000e-06 -5.65013772e-01 -5.70000000e-06  3.00000000e-01  1.80000000e+00 
-5.60000000e-06 -5.61626609e-01 -5.60000000e-06  3.00000000e-01  1.80000000e+00 
-5.50000000e-06 -5.58209550e-01 -5.50000000e-06  3.00000000e-01  1.80000000e+00 
-5.40000000e-06 -5.54762268e-01 -5.40000000e-06  3.00000000e-01  1.80000000e+00 
-5.30000000e-06 -5.51284375e-01 -5.30000000e-06  3.00000000e-01  1.80000000e+00 
-5.20000000e-06 -5.47775421e-01 -5.20000000e-06  3.00000000e-01  1.80000000e+00 
-5.10000000e-06 -5.44234899e-01 -5.10000000e-06  3.00000000e-01  1.80000000e+00 
-5.00000000e-06 -5.40662237e-01 -5.00000000e-06  3.00000000e-01  1.80000000e+00 
-4.90000000e-06 -5.37056799e-01 -4.90000000e-06  3.00000000e-01  1.80000000e+00 
-4.80000000e-06 -5.33417885e-01 -4.80000000e-06  3.00000000e-01  1.80000000e+00 
-4.70000000e-06 -5.29744728e-01 -4.70000000e-06  3.00000000e-01  1.80000000e+00 
-4.60000000e-06 -5.26036488e-01 -4.60000000e-06  3.00000000e-01  1.80000000e+00 
-4.50000000e-06 -5.22292256e-01 -4.50000000e-06  3.00000000e-01  1.80000000e+00 
-4.40000000e-06 -5.18511045e-01 -4.40000000e-06  3.00000000e-01  1.80000000e+00 
-4.30000000e-06 -5.14691786e-01 -4.30000000e-06  3.00000000e-01  1.80000000e+00 
-4.20000000e-06 -5.10833327e-01 -4.20000000e-06  3.00000000e-01  1.80000000e+00 
-4.10000000e-06 -5.06934425e-01 -4.10000000e-06  3.00000000e-01  1.80000000e+00 
-4.00000000e-06 -5.02993740e-01 -4.00000000e-06  3.00000000e-01  1.80000000e+00 
-3.90000000e-06 -4.99009828e-01 -3.90000000e-06  3.00000000e-01  1.80000000e+00 
-3.80000000e-06 -4.94981134e-01 -3.80000000e-06  3.00000000e-01  1.80000000e+00 
-3.70000000e-06 -4.90905978e-01 -3.70000000e-06  3.00000000e-01  1.80000000e+00 
-3.60000000e-06 -4.86782550e-01 -3.60000000e-06  3.00000000e-01  1.80000000e+00 
-3.50000000e-06 -4.82608893e-01 -3.50000000e-06  3.00000000e-01  1.80000000e+00 
-3.40000000e-06 -4.78382889e-01 -3.40000000e-06  3.00000000e-01  1.80000000e+00 
-3.30000000e-06 -4.74102244e-01 -3.30000000e-06  3.00000000e-01  1.80000000e+00 
-3.20000000e-06 -4.69764466e-01 -3.20000000e-06  3.00000000e-01  1.80000000e+00 
-3.10000000e-06 -4.65366842e-01 -3.10000000e-06  3.00000000e-01  1.80000000e+00 
-3.00000000e-06 -4.60906412e-01 -3.00000000e-06  3.00000000e-01  1.80000000e+00 
-2.90000000e-06 -4.56379939e-01 -2.90000000e-06  3.00000000e-01  1.80000000e+00 
-2.80000000e-06 -4.51783869e-01 -2.80000000e-06  3.00000000e-01  1.80000000e+00 
-2.70000000e-06 -4.47114288e-01 -2.70000000e-06  3.00000000e-01  1.80000000e+00 
-2.60000000e-06 -4.42366873e-01 -2.60000000e-06  3.00000000e-01  1.80000000e+00 
-2.50000000e-06 -4.37536826e-01 -2.50000000e-06  3.00000000e-01  1.80000000e+00 
-2.40000000e-06 -4.32618801e-01 -2.40000000e-06  3.00000000e-01  1.80000000e+00 
-2.30000000e-06 -4.27606813e-01 -2.30000000e-06  3.00000000e-01  1.80000000e+00 
-2.20000000e-06 -4.22494128e-01 -2.20000000e-06  3.00000000e-01  1.80000000e+00 
-2.10000000e-06 -4.17273127e-01 -2.10000000e-06  3.00000000e-01  1.80000000e+00 
-2.00000000e-06 -4.11935140e-01 -2.00000000e-06  3.00000000e-01  1.80000000e+00 
-1.90000000e-06 -4.06470232e-01 -1.90000000e-06  3.00000000e-01  1.80000000e+00 
-1.80000000e-06 -4.00866938e-01 -1.80000000e-06  3.00000000e-01  1.80000000e+00 
-1.70000000e-06 -3.95111923e-01 -1.70000000e-06  3.00000000e-01  1.80000000e+00 
-1.60000000e-06 -3.89189537e-01 -1.60000000e-06  3.00000000e-01  1.80000000e+00 
-1.50000000e-06 -3.83081235e-01 -1.50000000e-06  3.00000000e-01  1.80000000e+00 
-1.40000000e-06 -3.76764796e-01 -1.40000000e-06  3.00000000e-01  1.80000000e+00 
-1.30000000e-06 -3.70213260e-01 -1.30000000e-06  3.00000000e-01  1.80000000e+00 
-1.20000000e-06 -3.63393449e-01 -1.20000000e-06  3.00000000e-01  1.80000000e+00 
-1.10000000e-06 -3.56263853e-01 -1.10000000e-06  3.00000000e-01  1.80000000e+00 
-1.00000000e-06 -3.48771537e-01 -1.00000000e-06  3.00000000e-01  1.80000000e+00 
-9.00000000e-07 -3.40847430e-01 -9.00000000e-07  3.00000000e-01  1.80000000e+00 
-8.00000000e-07 -3.32398897e-01 -8.00000000e-07  3.00000000e-01  1.80000000e+00 
-7.00000000e-07 -3.23297415e-01 -7.00000000e-07  3.00000000e-01  1.80000000e+00 
-6.00000000e-07 -3.13356861e-01 -6.00000000e-07  3.00000000e-01  1.80000000e+00 
-5.00000000e-07 -3.02292153e-01 -5.00000000e-07  3.00000000e-01  1.80000000e+00 
-4.00000000e-07 -2.89631897e-01 -4.00000000e-07  3.00000000e-01  1.80000000e+00 
-3.00000000e-07 -2.74504716e-01 -3.00000000e-07  3.00000000e-01  1.80000000e+00 
-2.00000000e-07 -2.54983482e-01 -2.00000000e-07  3.00000000e-01  1.80000000e+00 
-1.00000000e-07 -2.25015873e-01 -1.00000000e-07  3.00000000e-01  1.80000000e+00 
-5.71747239e-21  9.00361587e-01 -5.71747239e-21  3.00000000e-01  1.80000000e+00 
 1.00000000e-07  1.52368394e+00  1.00000000e-07  3.00000000e-01  1.80000000e+00 
 2.00000000e-07  1.55582400e+00  2.00000000e-07  3.00000000e-01  1.80000000e+00 
 3.00000000e-07  1.57456755e+00  3.00000000e-07  3.00000000e-01  1.80000000e+00 
 4.00000000e-07  1.58791421e+00  4.00000000e-07  3.00000000e-01  1.80000000e+00 
 5.00000000e-07  1.59832452e+00  5.00000000e-07  3.00000000e-01  1.80000000e+00 
 6.00000000e-07  1.60691189e+00  6.00000000e-07  3.00000000e-01  1.80000000e+00 
 7.00000000e-07  1.61424953e+00  7.00000000e-07  3.00000000e-01  1.80000000e+00 
 8.00000000e-07  1.62067798e+00  8.00000000e-07  3.00000000e-01  1.80000000e+00 
 9.00000000e-07  1.62641545e+00  9.00000000e-07  3.00000000e-01  1.80000000e+00 
 1.00000000e-06  1.63160994e+00  1.00000000e-06  3.00000000e-01  1.80000000e+00 
 1.10000000e-06  1.63636639e+00  1.10000000e-06  3.00000000e-01  1.80000000e+00 
 1.20000000e-06  1.64076188e+00  1.20000000e-06  3.00000000e-01  1.80000000e+00 
 1.30000000e-06  1.64485469e+00  1.30000000e-06  3.00000000e-01  1.80000000e+00 
 1.40000000e-06  1.64868993e+00  1.40000000e-06  3.00000000e-01  1.80000000e+00 
 1.50000000e-06  1.65230327e+00  1.50000000e-06  3.00000000e-01  1.80000000e+00 
 1.60000000e-06  1.65572336e+00  1.60000000e-06  3.00000000e-01  1.80000000e+00 
 1.70000000e-06  1.65897359e+00  1.70000000e-06  3.00000000e-01  1.80000000e+00 
 1.80000000e-06  1.66207329e+00  1.80000000e-06  3.00000000e-01  1.80000000e+00 
 1.90000000e-06  1.66503862e+00  1.90000000e-06  3.00000000e-01  1.80000000e+00 
 2.00000000e-06  1.66788324e+00  2.00000000e-06  3.00000000e-01  1.80000000e+00 
 2.10000000e-06  1.67061879e+00  2.10000000e-06  3.00000000e-01  1.80000000e+00 
 2.20000000e-06  1.67325529e+00  2.20000000e-06  3.00000000e-01  1.80000000e+00 
 2.30000000e-06  1.67580139e+00  2.30000000e-06  3.00000000e-01  1.80000000e+00 
 2.40000000e-06  1.67826464e+00  2.40000000e-06  3.00000000e-01  1.80000000e+00 
 2.50000000e-06  1.68065168e+00  2.50000000e-06  3.00000000e-01  1.80000000e+00 
 2.60000000e-06  1.68296835e+00  2.60000000e-06  3.00000000e-01  1.80000000e+00 
 2.70000000e-06  1.68521983e+00  2.70000000e-06  3.00000000e-01  1.80000000e+00 
 2.80000000e-06  1.68741073e+00  2.80000000e-06  3.00000000e-01  1.80000000e+00 
 2.90000000e-06  1.68954518e+00  2.90000000e-06  3.00000000e-01  1.80000000e+00 
 3.00000000e-06  1.69162690e+00  3.00000000e-06  3.00000000e-01  1.80000000e+00 
 3.10000000e-06  1.69365922e+00  3.10000000e-06  3.00000000e-01  1.80000000e+00 
 3.20000000e-06  1.69564519e+00  3.20000000e-06  3.00000000e-01  1.80000000e+00 
 3.30000000e-06  1.69758754e+00  3.30000000e-06  3.00000000e-01  1.80000000e+00 
 3.40000000e-06  1.69948879e+00  3.40000000e-06  3.00000000e-01  1.80000000e+00 
 3.50000000e-06  1.70135122e+00  3.50000000e-06  3.00000000e-01  1.80000000e+00 
 3.60000000e-06  1.70317692e+00  3.60000000e-06  3.00000000e-01  1.80000000e+00 
 3.70000000e-06  1.70496783e+00  3.70000000e-06  3.00000000e-01  1.80000000e+00 
 3.80000000e-06  1.70672571e+00  3.80000000e-06  3.00000000e-01  1.80000000e+00 
 3.90000000e-06  1.70845220e+00  3.90000000e-06  3.00000000e-01  1.80000000e+00 
 4.00000000e-06  1.71014881e+00  4.00000000e-06  3.00000000e-01  1.80000000e+00 
 4.10000000e-06  1.71181694e+00  4.10000000e-06  3.00000000e-01  1.80000000e+00 
 4.20000000e-06  1.71345790e+00  4.20000000e-06  3.00000000e-01  1.80000000e+00 
 4.30000000e-06  1.71507290e+00  4.30000000e-06  3.00000000e-01  1.80000000e+00 
 4.40000000e-06  1.71666306e+00  4.40000000e-06  3.00000000e-01  1.80000000e+00 
 4.50000000e-06  1.71822944e+00  4.50000000e-06  3.00000000e-01  1.80000000e+00 
 4.60000000e-06  1.71977302e+00  4.60000000e-06  3.00000000e-01  1.80000000e+00 
 4.70000000e-06  1.72129472e+00  4.70000000e-06  3.00000000e-01  1.80000000e+00 
 4.80000000e-06  1.72279541e+00  4.80000000e-06  3.00000000e-01  1.80000000e+00 
 4.90000000e-06  1.72427590e+00  4.90000000e-06  3.00000000e-01  1.80000000e+00 
 5.00000000e-06  1.72573695e+00  5.00000000e-06  3.00000000e-01  1.80000000e+00 
 5.10000000e-06  1.72717929e+00  5.10000000e-06  3.00000000e-01  1.80000000e+00 
 5.20000000e-06  1.72860359e+00  5.20000000e-06  3.00000000e-01  1.80000000e+00 
 5.30000000e-06  1.73001049e+00  5.30000000e-06  3.00000000e-01  1.80000000e+00 
 5.40000000e-06  1.73140060e+00  5.40000000e-06  3.00000000e-01  1.80000000e+00 
 5.50000000e-06  1.73277449e+00  5.50000000e-06  3.00000000e-01  1.80000000e+00 
 5.60000000e-06  1.73413269e+00  5.60000000e-06  3.00000000e-01  1.80000000e+00 
 5.70000000e-06  1.73547573e+00  5.70000000e-06  3.00000000e-01  1.80000000e+00 
 5.80000000e-06  1.73680410e+00  5.80000000e-06  3.00000000e-01  1.80000000e+00 
 5.90000000e-06  1.73811825e+00  5.90000000e-06  3.00000000e-01  1.80000000e+00 
 6.00000000e-06  1.73941862e+00  6.00000000e-06  3.00000000e-01  1.80000000e+00 
