 i-sweep         v(vout)         i(viin)         v(vgate)        v(vmid)        
 0.00000000e+00  7.16221791e-01  0.00000000e+00  0.00000000e+00  1.30000000e+00 
 1.00000000e-07  1.12813680e+00  1.00000000e-07  0.00000000e+00  1.30000000e+00 
 2.00000000e-07  1.16051218e+00  2.00000000e-07  0.00000000e+00  1.30000000e+00 
 3.00000000e-07  1.17937850e+00  3.00000000e-07  0.00000000e+00  1.30000000e+00 
 4.00000000e-07  1.19281571e+00  4.00000000e-07  0.00000000e+00  1.30000000e+00 
 5.00000000e-07  1.20329755e+00  5.00000000e-07  0.00000000e+00  1.30000000e+00 
 6.00000000e-07  1.21194810e+00  6.00000000e-07  0.00000000e+00  1.30000000e+00 
 7.00000000e-07  1.21934311e+00  7.00000000e-07  0.00000000e+00  1.30000000e+00 
 8.00000000e-07  1.22582473e+00  8.00000000e-07  0.00000000e+00  1.30000000e+00 
 9.00000000e-07  1.23161217e+00  9.00000000e-07  0.00000000e+00  1.30000000e+00 
 1.00000000e-06  1.23685412e+00  1.00000000e-06  0.00000000e+00  1.30000000e+00 
 1.10000000e-06  1.24166775e+00  1.10000000e-06  0.00000000e+00  1.30000000e+00 
 1.20000000e-06  1.24610214e+00  1.20000000e-06  0.00000000e+00  1.30000000e+00 
 1.30000000e-06  1.25023448e+00  1.30000000e-06  0.00000000e+00  1.30000000e+00 
 1.40000000e-06  1.25410921e+00  1.40000000e-06  0.00000000e+00  1.30000000e+00 
 1.50000000e-06  1.25776162e+00  1.50000000e-06  0.00000000e+00  1.30000000e+00 
 1.60000000e-06  1.26122024e+00  1.60000000e-06  0.00000000e+00  1.30000000e+00 
 1.70000000e-06  1.26450839e+00  1.70000000e-06  0.00000000e+00  1.30000000e+00 
 1.80000000e-06  1.26764541e+00  1.80000000e-06  0.00000000e+00  1.30000000e+00 
 1.90000000e-06  1.27064747e+00  1.90000000e-06  0.00000000e+00  1.30000000e+00 
 2.00000000e-06  1.27352827e+00  2.00000000e-06  0.00000000e+00  1.30000000e+00 
 2.10000000e-06  1.27629947e+00  2.10000000e-06  0.00000000e+00  1.30000000e+00 
 2.20000000e-06  1.27897113e+00  2.20000000e-06  0.00000000e+00  1.30000000e+00 
 2.30000000e-06  1.28155193e+00  2.30000000e-06  0.00000000e+00  1.30000000e+00 
 2.40000000e-06  1.28404946e+00  2.40000000e-06  0.00000000e+00  1.30000000e+00 
 2.50000000e-06  1.28647038e+00  2.50000000e-06  0.00000000e+00  1.30000000e+00 
 2.60000000e-06  1.28882055e+00  2.60000000e-06  0.00000000e+00  1.30000000e+00 
 2.70000000e-06  1.29110517e+00  2.70000000e-06  0.00000000e+00  1.30000000e+00 
 2.80000000e-06  1.29332889e+00  2.80000000e-06  0.00000000e+00  1.30000000e+00 
 2.90000000e-06  1.29549585e+00  2.90000000e-06  0.00000000e+00  1.30000000e+00 
 3.00000000e-06  1.29760978e+00  3.00000000e-06  0.00000000e+00  1.30000000e+00 
 3.10000000e-06  1.29967405e+00  3.10000000e-06  0.00000000e+00  1.30000000e+00 
 3.20000000e-06  1.30169169e+00  3.20000000e-06  0.00000000e+00  1.30000000e+00 
 3.30000000e-06  1.30366546e+00  3.30000000e-06  0.00000000e+00  1.30000000e+00 
 3.40000000e-06  1.30559789e+00  3.40000000e-06  0.00000000e+00  1.30000000e+00 
 3.50000000e-06  1.30749127e+00  3.50000000e-06  0.00000000e+00  1.30000000e+00 
 3.60000000e-06  1.30935671e+00  3.60000000e-06  0.00000000e+00  1.30000000e+00 
 3.70000000e-06  1.31117686e+00  3.70000000e-06  0.00000000e+00  1.30000000e+00 
 3.80000000e-06  1.31296398e+00  3.80000000e-06  0.00000000e+00  1.30000000e+00 
 3.90000000e-06  1.31471968e+00  3.90000000e-06  0.00000000e+00  1.30000000e+00 
 4.00000000e-06  1.31644547e+00  4.00000000e-06  0.00000000e+00  1.30000000e+00 
 4.10000000e-06  1.31814272e+00  4.10000000e-06  0.00000000e+00  1.30000000e+00 
 4.20000000e-06  1.31981272e+00  4.20000000e-06  0.00000000e+00  1.30000000e+00 
 4.30000000e-06  1.32145668e+00  4.30000000e-06  0.00000000e+00  1.30000000e+00 
 4.40000000e-06  1.32307572e+00  4.40000000e-06  0.00000000e+00  1.30000000e+00 
 4.50000000e-06  1.32467088e+00  4.50000000e-06  0.00000000e+00  1.30000000e+00 
 4.60000000e-06  1.32624314e+00  4.60000000e-06  0.00000000e+00  1.30000000e+00 
 4.70000000e-06  1.32779343e+00  4.70000000e-06  0.00000000e+00  1.30000000e+00 
 4.80000000e-06  1.32932261e+00  4.80000000e-06  0.00000000e+00  1.30000000e+00 
 4.90000000e-06  1.33083149e+00  4.90000000e-06  0.00000000e+00  1.30000000e+00 
 5.00000000e-06  1.33232083e+00  5.00000000e-06  0.00000000e+00  1.30000000e+00 
 5.10000000e-06  1.33379135e+00  5.10000000e-06  0.00000000e+00  1.30000000e+00 
 5.20000000e-06  1.33524373e+00  5.20000000e-06  0.00000000e+00  1.30000000e+00 
 5.30000000e-06  1.33667861e+00  5.30000000e-06  0.00000000e+00  1.30000000e+00 
 5.40000000e-06  1.33809660e+00  5.40000000e-06  0.00000000e+00  1.30000000e+00 
 5.50000000e-06  1.33949826e+00  5.50000000e-06  0.00000000e+00  1.30000000e+00 
 5.60000000e-06  1.34088415e+00  5.60000000e-06  0.00000000e+00  1.30000000e+00 
 5.70000000e-06  1.34225478e+00  5.70000000e-06  0.00000000e+00  1.30000000e+00 
 5.80000000e-06  1.34361063e+00  5.80000000e-06  0.00000000e+00  1.30000000e+00 
 5.90000000e-06  1.34495217e+00  5.90000000e-06  0.00000000e+00  1.30000000e+00 
 6.00000000e-06  1.34627985e+00  6.00000000e-06  0.00000000e+00  1.30000000e+00 
 6.10000000e-06  1.34759408e+00  6.10000000e-06  0.00000000e+00  1.30000000e+00 
 6.20000000e-06  1.34889527e+00  6.20000000e-06  0.00000000e+00  1.30000000e+00 
 6.30000000e-06  1.35018380e+00  6.30000000e-06  0.00000000e+00  1.30000000e+00 
 6.40000000e-06  1.35146002e+00  6.40000000e-06  0.00000000e+00  1.30000000e+00 
 6.50000000e-06  1.35272430e+00  6.50000000e-06  0.00000000e+00  1.30000000e+00 
 6.60000000e-06  1.35397695e+00  6.60000000e-06  0.00000000e+00  1.30000000e+00 
 6.70000000e-06  1.35521831e+00  6.70000000e-06  0.00000000e+00  1.30000000e+00 
 6.80000000e-06  1.35644867e+00  6.80000000e-06  0.00000000e+00  1.30000000e+00 
 6.90000000e-06  1.35766832e+00  6.90000000e-06  0.00000000e+00  1.30000000e+00 
 7.00000000e-06  1.35887756e+00  7.00000000e-06  0.00000000e+00  1.30000000e+00 
 7.10000000e-06  1.36007663e+00  7.10000000e-06  0.00000000e+00  1.30000000e+00 
 7.20000000e-06  1.36126580e+00  7.20000000e-06  0.00000000e+00  1.30000000e+00 
 7.30000000e-06  1.36244532e+00  7.30000000e-06  0.00000000e+00  1.30000000e+00 
 7.40000000e-06  1.36361543e+00  7.40000000e-06  0.00000000e+00  1.30000000e+00 
 7.50000000e-06  1.36477634e+00  7.50000000e-06  0.00000000e+00  1.30000000e+00 
 7.60000000e-06  1.36592828e+00  7.60000000e-06  0.00000000e+00  1.30000000e+00 
 7.70000000e-06  1.36707147e+00  7.70000000e-06  0.00000000e+00  1.30000000e+00 
 7.80000000e-06  1.36820610e+00  7.80000000e-06  0.00000000e+00  1.30000000e+00 
 7.90000000e-06  1.36933236e+00  7.90000000e-06  0.00000000e+00  1.30000000e+00 
 8.00000000e-06  1.37045046e+00  8.00000000e-06  0.00000000e+00  1.30000000e+00 
 8.10000000e-06  1.37156056e+00  8.10000000e-06  0.00000000e+00  1.30000000e+00 
 8.20000000e-06  1.37266284e+00  8.20000000e-06  0.00000000e+00  1.30000000e+00 
 8.30000000e-06  1.37375748e+00  8.30000000e-06  0.00000000e+00  1.30000000e+00 
 8.40000000e-06  1.37484464e+00  8.40000000e-06  0.00000000e+00  1.30000000e+00 
 8.50000000e-06  1.37592446e+00  8.50000000e-06  0.00000000e+00  1.30000000e+00 
 8.60000000e-06  1.37699711e+00  8.60000000e-06  0.00000000e+00  1.30000000e+00 
 8.70000000e-06  1.37806274e+00  8.70000000e-06  0.00000000e+00  1.30000000e+00 
 8.80000000e-06  1.37912148e+00  8.80000000e-06  0.00000000e+00  1.30000000e+00 
 8.90000000e-06  1.38017347e+00  8.90000000e-06  0.00000000e+00  1.30000000e+00 
 9.00000000e-06  1.38121885e+00  9.00000000e-06  0.00000000e+00  1.30000000e+00 
 9.10000000e-06  1.38225774e+00  9.10000000e-06  0.00000000e+00  1.30000000e+00 
 9.20000000e-06  1.38329027e+00  9.20000000e-06  0.00000000e+00  1.30000000e+00 
 9.30000000e-06  1.38431656e+00  9.30000000e-06  0.00000000e+00  1.30000000e+00 
 9.40000000e-06  1.38533673e+00  9.40000000e-06  0.00000000e+00  1.30000000e+00 
 9.50000000e-06  1.38635090e+00  9.50000000e-06  0.00000000e+00  1.30000000e+00 
 9.60000000e-06  1.38735916e+00  9.60000000e-06  0.00000000e+00  1.30000000e+00 
 9.70000000e-06  1.38836164e+00  9.70000000e-06  0.00000000e+00  1.30000000e+00 
 9.80000000e-06  1.38935843e+00  9.80000000e-06  0.00000000e+00  1.30000000e+00 
 9.90000000e-06  1.39034964e+00  9.90000000e-06  0.00000000e+00  1.30000000e+00 
 1.00000000e-05  1.39133535e+00  1.00000000e-05  0.00000000e+00  1.30000000e+00 
 1.01000000e-05  1.39231568e+00  1.01000000e-05  0.00000000e+00  1.30000000e+00 
 1.02000000e-05  1.39329071e+00  1.02000000e-05  0.00000000e+00  1.30000000e+00 
 1.03000000e-05  1.39426053e+00  1.03000000e-05  0.00000000e+00  1.30000000e+00 
 1.04000000e-05  1.39522522e+00  1.04000000e-05  0.00000000e+00  1.30000000e+00 
 1.05000000e-05  1.39618488e+00  1.05000000e-05  0.00000000e+00  1.30000000e+00 
 1.06000000e-05  1.39713959e+00  1.06000000e-05  0.00000000e+00  1.30000000e+00 
 1.07000000e-05  1.39808942e+00  1.07000000e-05  0.00000000e+00  1.30000000e+00 
 1.08000000e-05  1.39903446e+00  1.08000000e-05  0.00000000e+00  1.30000000e+00 
 1.09000000e-05  1.39997479e+00  1.09000000e-05  0.00000000e+00  1.30000000e+00 
 1.10000000e-05  1.40091047e+00  1.10000000e-05  0.00000000e+00  1.30000000e+00 
 1.11000000e-05  1.40184157e+00  1.11000000e-05  0.00000000e+00  1.30000000e+00 
 1.12000000e-05  1.40276818e+00  1.12000000e-05  0.00000000e+00  1.30000000e+00 
 1.13000000e-05  1.40369036e+00  1.13000000e-05  0.00000000e+00  1.30000000e+00 
 1.14000000e-05  1.40460817e+00  1.14000000e-05  0.00000000e+00  1.30000000e+00 
 1.15000000e-05  1.40552169e+00  1.15000000e-05  0.00000000e+00  1.30000000e+00 
 1.16000000e-05  1.40643097e+00  1.16000000e-05  0.00000000e+00  1.30000000e+00 
 1.17000000e-05  1.40733608e+00  1.17000000e-05  0.00000000e+00  1.30000000e+00 
 1.18000000e-05  1.40823708e+00  1.18000000e-05  0.00000000e+00  1.30000000e+00 
 1.19000000e-05  1.40913402e+00  1.19000000e-05  0.00000000e+00  1.30000000e+00 
 1.20000000e-05  1.41002697e+00  1.20000000e-05  0.00000000e+00  1.30000000e+00 
 1.21000000e-05  1.41091599e+00  1.21000000e-05  0.00000000e+00  1.30000000e+00 
 1.22000000e-05  1.41180112e+00  1.22000000e-05  0.00000000e+00  1.30000000e+00 
 1.23000000e-05  1.41268243e+00  1.23000000e-05  0.00000000e+00  1.30000000e+00 
 1.24000000e-05  1.41355996e+00  1.24000000e-05  0.00000000e+00  1.30000000e+00 
 1.25000000e-05  1.41443377e+00  1.25000000e-05  0.00000000e+00  1.30000000e+00 
 1.26000000e-05  1.41530391e+00  1.26000000e-05  0.00000000e+00  1.30000000e+00 
 1.27000000e-05  1.41617042e+00  1.27000000e-05  0.00000000e+00  1.30000000e+00 
 1.28000000e-05  1.41703336e+00  1.28000000e-05  0.00000000e+00  1.30000000e+00 
 1.29000000e-05  1.41789277e+00  1.29000000e-05  0.00000000e+00  1.30000000e+00 
 1.30000000e-05  1.41874870e+00  1.30000000e-05  0.00000000e+00  1.30000000e+00 
 1.31000000e-05  1.41960119e+00  1.31000000e-05  0.00000000e+00  1.30000000e+00 
 1.32000000e-05  1.42045029e+00  1.32000000e-05  0.00000000e+00  1.30000000e+00 
 1.33000000e-05  1.42129604e+00  1.33000000e-05  0.00000000e+00  1.30000000e+00 
 1.34000000e-05  1.42213849e+00  1.34000000e-05  0.00000000e+00  1.30000000e+00 
 1.35000000e-05  1.42297767e+00  1.35000000e-05  0.00000000e+00  1.30000000e+00 
 1.36000000e-05  1.42381362e+00  1.36000000e-05  0.00000000e+00  1.30000000e+00 
 1.37000000e-05  1.42464640e+00  1.37000000e-05  0.00000000e+00  1.30000000e+00 
 1.38000000e-05  1.42547602e+00  1.38000000e-05  0.00000000e+00  1.30000000e+00 
 1.39000000e-05  1.42630254e+00  1.39000000e-05  0.00000000e+00  1.30000000e+00 
 1.40000000e-05  1.42712599e+00  1.40000000e-05  0.00000000e+00  1.30000000e+00 
 1.41000000e-05  1.42794640e+00  1.41000000e-05  0.00000000e+00  1.30000000e+00 
 1.42000000e-05  1.42876382e+00  1.42000000e-05  0.00000000e+00  1.30000000e+00 
 1.43000000e-05  1.42957828e+00  1.43000000e-05  0.00000000e+00  1.30000000e+00 
 1.44000000e-05  1.43038980e+00  1.44000000e-05  0.00000000e+00  1.30000000e+00 
 1.45000000e-05  1.43119844e+00  1.45000000e-05  0.00000000e+00  1.30000000e+00 
 1.46000000e-05  1.43200421e+00  1.46000000e-05  0.00000000e+00  1.30000000e+00 
 1.47000000e-05  1.43280716e+00  1.47000000e-05  0.00000000e+00  1.30000000e+00 
 1.48000000e-05  1.43360731e+00  1.48000000e-05  0.00000000e+00  1.30000000e+00 
 1.49000000e-05  1.43440470e+00  1.49000000e-05  0.00000000e+00  1.30000000e+00 
 1.50000000e-05  1.43519935e+00  1.50000000e-05  0.00000000e+00  1.30000000e+00 
 1.51000000e-05  1.43599130e+00  1.51000000e-05  0.00000000e+00  1.30000000e+00 
 1.52000000e-05  1.43678058e+00  1.52000000e-05  0.00000000e+00  1.30000000e+00 
 1.53000000e-05  1.43756721e+00  1.53000000e-05  0.00000000e+00  1.30000000e+00 
 1.54000000e-05  1.43835123e+00  1.54000000e-05  0.00000000e+00  1.30000000e+00 
 1.55000000e-05  1.43913266e+00  1.55000000e-05  0.00000000e+00  1.30000000e+00 
 1.56000000e-05  1.43991153e+00  1.56000000e-05  0.00000000e+00  1.30000000e+00 
 1.57000000e-05  1.44068786e+00  1.57000000e-05  0.00000000e+00  1.30000000e+00 
 1.58000000e-05  1.44146169e+00  1.58000000e-05  0.00000000e+00  1.30000000e+00 
 1.59000000e-05  1.44223304e+00  1.59000000e-05  0.00000000e+00  1.30000000e+00 
 1.60000000e-05  1.44300194e+00  1.60000000e-05  0.00000000e+00  1.30000000e+00 
 1.61000000e-05  1.44376841e+00  1.61000000e-05  0.00000000e+00  1.30000000e+00 
 1.62000000e-05  1.44453247e+00  1.62000000e-05  0.00000000e+00  1.30000000e+00 
 1.63000000e-05  1.44529415e+00  1.63000000e-05  0.00000000e+00  1.30000000e+00 
 1.64000000e-05  1.44605348e+00  1.64000000e-05  0.00000000e+00  1.30000000e+00 
 1.65000000e-05  1.44681048e+00  1.65000000e-05  0.00000000e+00  1.30000000e+00 
 1.66000000e-05  1.44756516e+00  1.66000000e-05  0.00000000e+00  1.30000000e+00 
 1.67000000e-05  1.44831756e+00  1.67000000e-05  0.00000000e+00  1.30000000e+00 
 1.68000000e-05  1.44906770e+00  1.68000000e-05  0.00000000e+00  1.30000000e+00 
 1.69000000e-05  1.44981559e+00  1.69000000e-05  0.00000000e+00  1.30000000e+00 
 1.70000000e-05  1.45056126e+00  1.70000000e-05  0.00000000e+00  1.30000000e+00 
 1.71000000e-05  1.45130474e+00  1.71000000e-05  0.00000000e+00  1.30000000e+00 
 1.72000000e-05  1.45204603e+00  1.72000000e-05  0.00000000e+00  1.30000000e+00 
 1.73000000e-05  1.45278815e+00  1.73000000e-05  0.00000000e+00  1.30000000e+00 
 1.74000000e-05  1.45352422e+00  1.74000000e-05  0.00000000e+00  1.30000000e+00 
 1.75000000e-05  1.45425858e+00  1.75000000e-05  0.00000000e+00  1.30000000e+00 
 1.76000000e-05  1.45499104e+00  1.76000000e-05  0.00000000e+00  1.30000000e+00 
 1.77000000e-05  1.45572152e+00  1.77000000e-05  0.00000000e+00  1.30000000e+00 
 1.78000000e-05  1.45645001e+00  1.78000000e-05  0.00000000e+00  1.30000000e+00 
 1.79000000e-05  1.45717649e+00  1.79000000e-05  0.00000000e+00  1.30000000e+00 
 1.80000000e-05  1.45790098e+00  1.80000000e-05  0.00000000e+00  1.30000000e+00 
 1.81000000e-05  1.45862348e+00  1.81000000e-05  0.00000000e+00  1.30000000e+00 
 1.82000000e-05  1.45934402e+00  1.82000000e-05  0.00000000e+00  1.30000000e+00 
 1.83000000e-05  1.46006259e+00  1.83000000e-05  0.00000000e+00  1.30000000e+00 
 1.84000000e-05  1.46078072e+00  1.84000000e-05  0.00000000e+00  1.30000000e+00 
 1.85000000e-05  1.46149490e+00  1.85000000e-05  0.00000000e+00  1.30000000e+00 
 1.86000000e-05  1.46220660e+00  1.86000000e-05  0.00000000e+00  1.30000000e+00 
 1.87000000e-05  1.46291755e+00  1.87000000e-05  0.00000000e+00  1.30000000e+00 
 1.88000000e-05  1.46362661e+00  1.88000000e-05  0.00000000e+00  1.30000000e+00 
 1.89000000e-05  1.46433381e+00  1.89000000e-05  0.00000000e+00  1.30000000e+00 
 1.90000000e-05  1.46503916e+00  1.90000000e-05  0.00000000e+00  1.30000000e+00 
 1.91000000e-05  1.46574359e+00  1.91000000e-05  0.00000000e+00  1.30000000e+00 
 1.92000000e-05  1.46644438e+00  1.92000000e-05  0.00000000e+00  1.30000000e+00 
 1.93000000e-05  1.46714427e+00  1.93000000e-05  0.00000000e+00  1.30000000e+00 
 1.94000000e-05  1.46784238e+00  1.94000000e-05  0.00000000e+00  1.30000000e+00 
 1.95000000e-05  1.46853871e+00  1.95000000e-05  0.00000000e+00  1.30000000e+00 
 1.96000000e-05  1.46923328e+00  1.96000000e-05  0.00000000e+00  1.30000000e+00 
 1.97000000e-05  1.46992611e+00  1.97000000e-05  0.00000000e+00  1.30000000e+00 
 1.98000000e-05  1.47061721e+00  1.98000000e-05  0.00000000e+00  1.30000000e+00 
 1.99000000e-05  1.47130802e+00  1.99000000e-05  0.00000000e+00  1.30000000e+00 
 2.00000000e-05  1.47199538e+00  2.00000000e-05  0.00000000e+00  1.30000000e+00 
 2.01000000e-05  1.47268103e+00  2.01000000e-05  0.00000000e+00  1.30000000e+00 
 2.02000000e-05  1.47336504e+00  2.02000000e-05  0.00000000e+00  1.30000000e+00 
 2.03000000e-05  1.47404746e+00  2.03000000e-05  0.00000000e+00  1.30000000e+00 
 2.04000000e-05  1.47472834e+00  2.04000000e-05  0.00000000e+00  1.30000000e+00 
 2.05000000e-05  1.47540765e+00  2.05000000e-05  0.00000000e+00  1.30000000e+00 
 2.06000000e-05  1.47608538e+00  2.06000000e-05  0.00000000e+00  1.30000000e+00 
 2.07000000e-05  1.47676151e+00  2.07000000e-05  0.00000000e+00  1.30000000e+00 
 2.08000000e-05  1.47743605e+00  2.08000000e-05  0.00000000e+00  1.30000000e+00 
 2.09000000e-05  1.47810901e+00  2.09000000e-05  0.00000000e+00  1.30000000e+00 
 2.10000000e-05  1.47878378e+00  2.10000000e-05  0.00000000e+00  1.30000000e+00 
 2.11000000e-05  1.47945219e+00  2.11000000e-05  0.00000000e+00  1.30000000e+00 
 2.12000000e-05  1.48011977e+00  2.12000000e-05  0.00000000e+00  1.30000000e+00 
 2.13000000e-05  1.48078613e+00  2.13000000e-05  0.00000000e+00  1.30000000e+00 
 2.14000000e-05  1.48145112e+00  2.14000000e-05  0.00000000e+00  1.30000000e+00 
 2.15000000e-05  1.48211468e+00  2.15000000e-05  0.00000000e+00  1.30000000e+00 
 2.16000000e-05  1.48277677e+00  2.16000000e-05  0.00000000e+00  1.30000000e+00 
 2.17000000e-05  1.48343740e+00  2.17000000e-05  0.00000000e+00  1.30000000e+00 
 2.18000000e-05  1.48409656e+00  2.18000000e-05  0.00000000e+00  1.30000000e+00 
 2.19000000e-05  1.48475426e+00  2.19000000e-05  0.00000000e+00  1.30000000e+00 
 2.20000000e-05  1.48541051e+00  2.20000000e-05  0.00000000e+00  1.30000000e+00 
 2.21000000e-05  1.48606532e+00  2.21000000e-05  0.00000000e+00  1.30000000e+00 
 2.22000000e-05  1.48671869e+00  2.22000000e-05  0.00000000e+00  1.30000000e+00 
 2.23000000e-05  1.48737064e+00  2.23000000e-05  0.00000000e+00  1.30000000e+00 
 2.24000000e-05  1.48802117e+00  2.24000000e-05  0.00000000e+00  1.30000000e+00 
 2.25000000e-05  1.48867124e+00  2.25000000e-05  0.00000000e+00  1.30000000e+00 
 2.26000000e-05  1.48931808e+00  2.26000000e-05  0.00000000e+00  1.30000000e+00 
 2.27000000e-05  1.48996437e+00  2.27000000e-05  0.00000000e+00  1.30000000e+00 
 2.28000000e-05  1.49060961e+00  2.28000000e-05  0.00000000e+00  1.30000000e+00 
 2.29000000e-05  1.49125362e+00  2.29000000e-05  0.00000000e+00  1.30000000e+00 
 2.30000000e-05  1.49189632e+00  2.30000000e-05  0.00000000e+00  1.30000000e+00 
 2.31000000e-05  1.49253767e+00  2.31000000e-05  0.00000000e+00  1.30000000e+00 
 2.32000000e-05  1.49317766e+00  2.32000000e-05  0.00000000e+00  1.30000000e+00 
 2.33000000e-05  1.49381630e+00  2.33000000e-05  0.00000000e+00  1.30000000e+00 
 2.34000000e-05  1.49445361e+00  2.34000000e-05  0.00000000e+00  1.30000000e+00 
 2.35000000e-05  1.49508959e+00  2.35000000e-05  0.00000000e+00  1.30000000e+00 
 2.36000000e-05  1.49572424e+00  2.36000000e-05  0.00000000e+00  1.30000000e+00 
 2.37000000e-05  1.49635355e+00  2.37000000e-05  0.00000000e+00  1.30000000e+00 
 2.38000000e-05  1.49698525e+00  2.38000000e-05  0.00000000e+00  1.30000000e+00 
 2.39000000e-05  1.49761567e+00  2.39000000e-05  0.00000000e+00  1.30000000e+00 
 2.40000000e-05  1.49824482e+00  2.40000000e-05  0.00000000e+00  1.30000000e+00 
 2.41000000e-05  1.49887271e+00  2.41000000e-05  0.00000000e+00  1.30000000e+00 
 2.42000000e-05  1.49949934e+00  2.42000000e-05  0.00000000e+00  1.30000000e+00 
 2.43000000e-05  1.50012473e+00  2.43000000e-05  0.00000000e+00  1.30000000e+00 
 2.44000000e-05  1.50074888e+00  2.44000000e-05  0.00000000e+00  1.30000000e+00 
 2.45000000e-05  1.50137179e+00  2.45000000e-05  0.00000000e+00  1.30000000e+00 
 2.46000000e-05  1.50199349e+00  2.46000000e-05  0.00000000e+00  1.30000000e+00 
 2.47000000e-05  1.50261397e+00  2.47000000e-05  0.00000000e+00  1.30000000e+00 
 2.48000000e-05  1.50323325e+00  2.48000000e-05  0.00000000e+00  1.30000000e+00 
 2.49000000e-05  1.50385133e+00  2.49000000e-05  0.00000000e+00  1.30000000e+00 
 2.50000000e-05  1.50446822e+00  2.50000000e-05  0.00000000e+00  1.30000000e+00 
