 i-sweep         v(vout)         i(viin)         v(vgate)        v(vmid)        
 0.00000000e+00  7.01029408e-01  0.00000000e+00  1.10000000e+00  8.00000000e-01 
 1.00000000e-07  1.01566219e+00  1.00000000e-07  1.10000000e+00  8.00000000e-01 
 2.00000000e-07  1.04789557e+00  2.00000000e-07  1.10000000e+00  8.00000000e-01 
 3.00000000e-07  1.06693731e+00  3.00000000e-07  1.10000000e+00  8.00000000e-01 
 4.00000000e-07  1.08022368e+00  4.00000000e-07  1.10000000e+00  8.00000000e-01 
 5.00000000e-07  1.09069865e+00  5.00000000e-07  1.10000000e+00  8.00000000e-01 
 6.00000000e-07  1.10013876e+00  6.00000000e-07  1.10000000e+00  8.00000000e-01 
 7.00000000e-07  1.10719647e+00  7.00000000e-07  1.10000000e+00  8.00000000e-01 
 8.00000000e-07  1.11360505e+00  8.00000000e-07  1.10000000e+00  8.00000000e-01 
 9.00000000e-07  1.11932534e+00  9.00000000e-07  1.10000000e+00  8.00000000e-01 
 1.00000000e-06  1.12452456e+00  1.00000000e-06  1.10000000e+00  8.00000000e-01 
 1.10000000e-06  1.12929715e+00  1.10000000e-06  1.10000000e+00  8.00000000e-01 
 1.20000000e-06  1.13371648e+00  1.20000000e-06  1.10000000e+00  8.00000000e-01 
 1.30000000e-06  1.13783823e+00  1.30000000e-06  1.10000000e+00  8.00000000e-01 
 1.40000000e-06  1.14170591e+00  1.40000000e-06  1.10000000e+00  8.00000000e-01 
 1.50000000e-06  1.14535408e+00  1.50000000e-06  1.10000000e+00  8.00000000e-01 
 1.60000000e-06  1.14881065e+00  1.60000000e-06  1.10000000e+00  8.00000000e-01 
 1.70000000e-06  1.15209850e+00  1.70000000e-06  1.10000000e+00  8.00000000e-01 
 1.80000000e-06  1.15523660e+00  1.80000000e-06  1.10000000e+00  8.00000000e-01 
 1.90000000e-06  1.15824086e+00  1.90000000e-06  1.10000000e+00  8.00000000e-01 
 2.00000000e-06  1.16112475e+00  2.00000000e-06  1.10000000e+00  8.00000000e-01 
 2.10000000e-06  1.16389977e+00  2.10000000e-06  1.10000000e+00  8.00000000e-01 
 2.20000000e-06  1.16657584e+00  2.20000000e-06  1.10000000e+00  8.00000000e-01 
 2.30000000e-06  1.16916152e+00  2.30000000e-06  1.10000000e+00  8.00000000e-01 
 2.40000000e-06  1.17166434e+00  2.40000000e-06  1.10000000e+00  8.00000000e-01 
 2.50000000e-06  1.17409087e+00  2.50000000e-06  1.10000000e+00  8.00000000e-01 
 2.60000000e-06  1.17644692e+00  2.60000000e-06  1.10000000e+00  8.00000000e-01 
 2.70000000e-06  1.17873765e+00  2.70000000e-06  1.10000000e+00  8.00000000e-01 
 2.80000000e-06  1.18096766e+00  2.80000000e-06  1.10000000e+00  8.00000000e-01 
 2.90000000e-06  1.18314107e+00  2.90000000e-06  1.10000000e+00  8.00000000e-01 
 3.00000000e-06  1.18526158e+00  3.00000000e-06  1.10000000e+00  8.00000000e-01 
 3.10000000e-06  1.18733253e+00  3.10000000e-06  1.10000000e+00  8.00000000e-01 
 3.20000000e-06  1.18935695e+00  3.20000000e-06  1.10000000e+00  8.00000000e-01 
 3.30000000e-06  1.19133758e+00  3.30000000e-06  1.10000000e+00  8.00000000e-01 
 3.40000000e-06  1.19327693e+00  3.40000000e-06  1.10000000e+00  8.00000000e-01 
 3.50000000e-06  1.19517728e+00  3.50000000e-06  1.10000000e+00  8.00000000e-01 
 3.60000000e-06  1.19704074e+00  3.60000000e-06  1.10000000e+00  8.00000000e-01 
 3.70000000e-06  1.19886922e+00  3.70000000e-06  1.10000000e+00  8.00000000e-01 
 3.80000000e-06  1.20066451e+00  3.80000000e-06  1.10000000e+00  8.00000000e-01 
 3.90000000e-06  1.20242824e+00  3.90000000e-06  1.10000000e+00  8.00000000e-01 
 4.00000000e-06  1.20416193e+00  4.00000000e-06  1.10000000e+00  8.00000000e-01 
 4.10000000e-06  1.20586698e+00  4.10000000e-06  1.10000000e+00  8.00000000e-01 
 4.20000000e-06  1.20754469e+00  4.20000000e-06  1.10000000e+00  8.00000000e-01 
 4.30000000e-06  1.20919629e+00  4.30000000e-06  1.10000000e+00  8.00000000e-01 
 4.40000000e-06  1.21082289e+00  4.40000000e-06  1.10000000e+00  8.00000000e-01 
 4.50000000e-06  1.21242556e+00  4.50000000e-06  1.10000000e+00  8.00000000e-01 
 4.60000000e-06  1.21400528e+00  4.60000000e-06  1.10000000e+00  8.00000000e-01 
 4.70000000e-06  1.21556298e+00  4.70000000e-06  1.10000000e+00  8.00000000e-01 
 4.80000000e-06  1.21709953e+00  4.80000000e-06  1.10000000e+00  8.00000000e-01 
 4.90000000e-06  1.21861574e+00  4.90000000e-06  1.10000000e+00  8.00000000e-01 
 5.00000000e-06  1.22011238e+00  5.00000000e-06  1.10000000e+00  8.00000000e-01 
 5.10000000e-06  1.22159017e+00  5.10000000e-06  1.10000000e+00  8.00000000e-01 
 5.20000000e-06  1.22304979e+00  5.20000000e-06  1.10000000e+00  8.00000000e-01 
 5.30000000e-06  1.22449188e+00  5.30000000e-06  1.10000000e+00  8.00000000e-01 
 5.40000000e-06  1.22591705e+00  5.40000000e-06  1.10000000e+00  8.00000000e-01 
 5.50000000e-06  1.22732588e+00  5.50000000e-06  1.10000000e+00  8.00000000e-01 
 5.60000000e-06  1.22871891e+00  5.60000000e-06  1.10000000e+00  8.00000000e-01 
 5.70000000e-06  1.23009666e+00  5.70000000e-06  1.10000000e+00  8.00000000e-01 
 5.80000000e-06  1.23145961e+00  5.80000000e-06  1.10000000e+00  8.00000000e-01 
 5.90000000e-06  1.23280824e+00  5.90000000e-06  1.10000000e+00  8.00000000e-01 
 6.00000000e-06  1.23414297e+00  6.00000000e-06  1.10000000e+00  8.00000000e-01 
 6.10000000e-06  1.23546425e+00  6.10000000e-06  1.10000000e+00  8.00000000e-01 
 6.20000000e-06  1.23677246e+00  6.20000000e-06  1.10000000e+00  8.00000000e-01 
 6.30000000e-06  1.23806799e+00  6.30000000e-06  1.10000000e+00  8.00000000e-01 
 6.40000000e-06  1.23935120e+00  6.40000000e-06  1.10000000e+00  8.00000000e-01 
 6.50000000e-06  1.24062245e+00  6.50000000e-06  1.10000000e+00  8.00000000e-01 
 6.60000000e-06  1.24188206e+00  6.60000000e-06  1.10000000e+00  8.00000000e-01 
 6.70000000e-06  1.24313035e+00  6.70000000e-06  1.10000000e+00  8.00000000e-01 
 6.80000000e-06  1.24436763e+00  6.80000000e-06  1.10000000e+00  8.00000000e-01 
 6.90000000e-06  1.24559420e+00  6.90000000e-06  1.10000000e+00  8.00000000e-01 
 7.00000000e-06  1.24681032e+00  7.00000000e-06  1.10000000e+00  8.00000000e-01 
 7.10000000e-06  1.24801627e+00  7.10000000e-06  1.10000000e+00  8.00000000e-01 
 7.20000000e-06  1.24921230e+00  7.20000000e-06  1.10000000e+00  8.00000000e-01 
 7.30000000e-06  1.25039866e+00  7.30000000e-06  1.10000000e+00  8.00000000e-01 
 7.40000000e-06  1.25157559e+00  7.40000000e-06  1.10000000e+00  8.00000000e-01 
 7.50000000e-06  1.25274332e+00  7.50000000e-06  1.10000000e+00  8.00000000e-01 
 7.60000000e-06  1.25390207e+00  7.60000000e-06  1.10000000e+00  8.00000000e-01 
 7.70000000e-06  1.25505204e+00  7.70000000e-06  1.10000000e+00  8.00000000e-01 
 7.80000000e-06  1.25619343e+00  7.80000000e-06  1.10000000e+00  8.00000000e-01 
 7.90000000e-06  1.25732646e+00  7.90000000e-06  1.10000000e+00  8.00000000e-01 
 8.00000000e-06  1.25845129e+00  8.00000000e-06  1.10000000e+00  8.00000000e-01 
 8.10000000e-06  1.25956812e+00  8.10000000e-06  1.10000000e+00  8.00000000e-01 
 8.20000000e-06  1.26067712e+00  8.20000000e-06  1.10000000e+00  8.00000000e-01 
 8.30000000e-06  1.26177846e+00  8.30000000e-06  1.10000000e+00  8.00000000e-01 
 8.40000000e-06  1.26287230e+00  8.40000000e-06  1.10000000e+00  8.00000000e-01 
 8.50000000e-06  1.26395880e+00  8.50000000e-06  1.10000000e+00  8.00000000e-01 
 8.60000000e-06  1.26503811e+00  8.60000000e-06  1.10000000e+00  8.00000000e-01 
 8.70000000e-06  1.26611038e+00  8.70000000e-06  1.10000000e+00  8.00000000e-01 
 8.80000000e-06  1.26717576e+00  8.80000000e-06  1.10000000e+00  8.00000000e-01 
 8.90000000e-06  1.26823437e+00  8.90000000e-06  1.10000000e+00  8.00000000e-01 
 9.00000000e-06  1.26928635e+00  9.00000000e-06  1.10000000e+00  8.00000000e-01 
 9.10000000e-06  1.27033184e+00  9.10000000e-06  1.10000000e+00  8.00000000e-01 
 9.20000000e-06  1.27137095e+00  9.20000000e-06  1.10000000e+00  8.00000000e-01 
 9.30000000e-06  1.27240382e+00  9.30000000e-06  1.10000000e+00  8.00000000e-01 
 9.40000000e-06  1.27343055e+00  9.40000000e-06  1.10000000e+00  8.00000000e-01 
 9.50000000e-06  1.27445125e+00  9.50000000e-06  1.10000000e+00  8.00000000e-01 
 9.60000000e-06  1.27546605e+00  9.60000000e-06  1.10000000e+00  8.00000000e-01 
 9.70000000e-06  1.27647505e+00  9.70000000e-06  1.10000000e+00  8.00000000e-01 
 9.80000000e-06  1.27747835e+00  9.80000000e-06  1.10000000e+00  8.00000000e-01 
 9.90000000e-06  1.27847605e+00  9.90000000e-06  1.10000000e+00  8.00000000e-01 
 1.00000000e-05  1.27946825e+00  1.00000000e-05  1.10000000e+00  8.00000000e-01 
 1.01000000e-05  1.28045505e+00  1.01000000e-05  1.10000000e+00  8.00000000e-01 
 1.02000000e-05  1.28143654e+00  1.02000000e-05  1.10000000e+00  8.00000000e-01 
 1.03000000e-05  1.28241281e+00  1.03000000e-05  1.10000000e+00  8.00000000e-01 
 1.04000000e-05  1.28338394e+00  1.04000000e-05  1.10000000e+00  8.00000000e-01 
 1.05000000e-05  1.28435003e+00  1.05000000e-05  1.10000000e+00  8.00000000e-01 
 1.06000000e-05  1.28531116e+00  1.06000000e-05  1.10000000e+00  8.00000000e-01 
 1.07000000e-05  1.28626739e+00  1.07000000e-05  1.10000000e+00  8.00000000e-01 
 1.08000000e-05  1.28721883e+00  1.08000000e-05  1.10000000e+00  8.00000000e-01 
 1.09000000e-05  1.28816553e+00  1.09000000e-05  1.10000000e+00  8.00000000e-01 
 1.10000000e-05  1.28910758e+00  1.10000000e-05  1.10000000e+00  8.00000000e-01 
 1.11000000e-05  1.29004505e+00  1.11000000e-05  1.10000000e+00  8.00000000e-01 
 1.12000000e-05  1.29097801e+00  1.12000000e-05  1.10000000e+00  8.00000000e-01 
 1.13000000e-05  1.29190653e+00  1.13000000e-05  1.10000000e+00  8.00000000e-01 
 1.14000000e-05  1.29283067e+00  1.14000000e-05  1.10000000e+00  8.00000000e-01 
 1.15000000e-05  1.29375051e+00  1.15000000e-05  1.10000000e+00  8.00000000e-01 
 1.16000000e-05  1.29466610e+00  1.16000000e-05  1.10000000e+00  8.00000000e-01 
 1.17000000e-05  1.29557750e+00  1.17000000e-05  1.10000000e+00  8.00000000e-01 
 1.18000000e-05  1.29648479e+00  1.18000000e-05  1.10000000e+00  8.00000000e-01 
 1.19000000e-05  1.29738801e+00  1.19000000e-05  1.10000000e+00  8.00000000e-01 
 1.20000000e-05  1.29828723e+00  1.20000000e-05  1.10000000e+00  8.00000000e-01 
 1.21000000e-05  1.29918251e+00  1.21000000e-05  1.10000000e+00  8.00000000e-01 
 1.22000000e-05  1.30007389e+00  1.22000000e-05  1.10000000e+00  8.00000000e-01 
 1.23000000e-05  1.30096144e+00  1.23000000e-05  1.10000000e+00  8.00000000e-01 
 1.24000000e-05  1.30184520e+00  1.24000000e-05  1.10000000e+00  8.00000000e-01 
 1.25000000e-05  1.30272523e+00  1.25000000e-05  1.10000000e+00  8.00000000e-01 
 1.26000000e-05  1.30360157e+00  1.26000000e-05  1.10000000e+00  8.00000000e-01 
 1.27000000e-05  1.30447429e+00  1.27000000e-05  1.10000000e+00  8.00000000e-01 
 1.28000000e-05  1.30534342e+00  1.28000000e-05  1.10000000e+00  8.00000000e-01 
 1.29000000e-05  1.30620901e+00  1.29000000e-05  1.10000000e+00  8.00000000e-01 
 1.30000000e-05  1.30707111e+00  1.30000000e-05  1.10000000e+00  8.00000000e-01 
 1.31000000e-05  1.30792977e+00  1.31000000e-05  1.10000000e+00  8.00000000e-01 
 1.32000000e-05  1.30878502e+00  1.32000000e-05  1.10000000e+00  8.00000000e-01 
 1.33000000e-05  1.30963692e+00  1.33000000e-05  1.10000000e+00  8.00000000e-01 
 1.34000000e-05  1.31048550e+00  1.34000000e-05  1.10000000e+00  8.00000000e-01 
 1.35000000e-05  1.31133081e+00  1.35000000e-05  1.10000000e+00  8.00000000e-01 
 1.36000000e-05  1.31217288e+00  1.36000000e-05  1.10000000e+00  8.00000000e-01 
 1.37000000e-05  1.31301176e+00  1.37000000e-05  1.10000000e+00  8.00000000e-01 
 1.38000000e-05  1.31384749e+00  1.38000000e-05  1.10000000e+00  8.00000000e-01 
 1.39000000e-05  1.31468010e+00  1.39000000e-05  1.10000000e+00  8.00000000e-01 
 1.40000000e-05  1.31550963e+00  1.40000000e-05  1.10000000e+00  8.00000000e-01 
 1.41000000e-05  1.31633612e+00  1.41000000e-05  1.10000000e+00  8.00000000e-01 
 1.42000000e-05  1.31715961e+00  1.42000000e-05  1.10000000e+00  8.00000000e-01 
 1.43000000e-05  1.31798012e+00  1.43000000e-05  1.10000000e+00  8.00000000e-01 
 1.44000000e-05  1.31879770e+00  1.44000000e-05  1.10000000e+00  8.00000000e-01 
 1.45000000e-05  1.31961238e+00  1.45000000e-05  1.10000000e+00  8.00000000e-01 
 1.46000000e-05  1.32042419e+00  1.46000000e-05  1.10000000e+00  8.00000000e-01 
 1.47000000e-05  1.32123316e+00  1.47000000e-05  1.10000000e+00  8.00000000e-01 
 1.48000000e-05  1.32203933e+00  1.48000000e-05  1.10000000e+00  8.00000000e-01 
 1.49000000e-05  1.32284273e+00  1.49000000e-05  1.10000000e+00  8.00000000e-01 
 1.50000000e-05  1.32364339e+00  1.50000000e-05  1.10000000e+00  8.00000000e-01 
 1.51000000e-05  1.32444133e+00  1.51000000e-05  1.10000000e+00  8.00000000e-01 
 1.52000000e-05  1.32523660e+00  1.52000000e-05  1.10000000e+00  8.00000000e-01 
 1.53000000e-05  1.32602921e+00  1.53000000e-05  1.10000000e+00  8.00000000e-01 
 1.54000000e-05  1.32681920e+00  1.54000000e-05  1.10000000e+00  8.00000000e-01 
 1.55000000e-05  1.32760659e+00  1.55000000e-05  1.10000000e+00  8.00000000e-01 
 1.56000000e-05  1.32839142e+00  1.56000000e-05  1.10000000e+00  8.00000000e-01 
 1.57000000e-05  1.32917370e+00  1.57000000e-05  1.10000000e+00  8.00000000e-01 
 1.58000000e-05  1.32995347e+00  1.58000000e-05  1.10000000e+00  8.00000000e-01 
 1.59000000e-05  1.33073076e+00  1.59000000e-05  1.10000000e+00  8.00000000e-01 
 1.60000000e-05  1.33150558e+00  1.60000000e-05  1.10000000e+00  8.00000000e-01 
 1.61000000e-05  1.33227797e+00  1.61000000e-05  1.10000000e+00  8.00000000e-01 
 1.62000000e-05  1.33304794e+00  1.62000000e-05  1.10000000e+00  8.00000000e-01 
 1.63000000e-05  1.33381553e+00  1.63000000e-05  1.10000000e+00  8.00000000e-01 
 1.64000000e-05  1.33458076e+00  1.64000000e-05  1.10000000e+00  8.00000000e-01 
 1.65000000e-05  1.33534364e+00  1.65000000e-05  1.10000000e+00  8.00000000e-01 
 1.66000000e-05  1.33610421e+00  1.66000000e-05  1.10000000e+00  8.00000000e-01 
 1.67000000e-05  1.33686249e+00  1.67000000e-05  1.10000000e+00  8.00000000e-01 
 1.68000000e-05  1.33761849e+00  1.68000000e-05  1.10000000e+00  8.00000000e-01 
 1.69000000e-05  1.33837225e+00  1.69000000e-05  1.10000000e+00  8.00000000e-01 
 1.70000000e-05  1.33912378e+00  1.70000000e-05  1.10000000e+00  8.00000000e-01 
 1.71000000e-05  1.33987311e+00  1.71000000e-05  1.10000000e+00  8.00000000e-01 
 1.72000000e-05  1.34062025e+00  1.72000000e-05  1.10000000e+00  8.00000000e-01 
 1.73000000e-05  1.34136523e+00  1.73000000e-05  1.10000000e+00  8.00000000e-01 
 1.74000000e-05  1.34210806e+00  1.74000000e-05  1.10000000e+00  8.00000000e-01 
 1.75000000e-05  1.34284877e+00  1.75000000e-05  1.10000000e+00  8.00000000e-01 
 1.76000000e-05  1.34358738e+00  1.76000000e-05  1.10000000e+00  8.00000000e-01 
 1.77000000e-05  1.34432391e+00  1.77000000e-05  1.10000000e+00  8.00000000e-01 
 1.78000000e-05  1.34505837e+00  1.78000000e-05  1.10000000e+00  8.00000000e-01 
 1.79000000e-05  1.34579078e+00  1.79000000e-05  1.10000000e+00  8.00000000e-01 
 1.80000000e-05  1.34652117e+00  1.80000000e-05  1.10000000e+00  8.00000000e-01 
 1.81000000e-05  1.34724955e+00  1.81000000e-05  1.10000000e+00  8.00000000e-01 
 1.82000000e-05  1.34797594e+00  1.82000000e-05  1.10000000e+00  8.00000000e-01 
 1.83000000e-05  1.34870035e+00  1.83000000e-05  1.10000000e+00  8.00000000e-01 
 1.84000000e-05  1.34942281e+00  1.84000000e-05  1.10000000e+00  8.00000000e-01 
 1.85000000e-05  1.35014333e+00  1.85000000e-05  1.10000000e+00  8.00000000e-01 
 1.86000000e-05  1.35086193e+00  1.86000000e-05  1.10000000e+00  8.00000000e-01 
 1.87000000e-05  1.35157863e+00  1.87000000e-05  1.10000000e+00  8.00000000e-01 
 1.88000000e-05  1.35229343e+00  1.88000000e-05  1.10000000e+00  8.00000000e-01 
 1.89000000e-05  1.35300637e+00  1.89000000e-05  1.10000000e+00  8.00000000e-01 
 1.90000000e-05  1.35371745e+00  1.90000000e-05  1.10000000e+00  8.00000000e-01 
 1.91000000e-05  1.35442669e+00  1.91000000e-05  1.10000000e+00  8.00000000e-01 
 1.92000000e-05  1.35513410e+00  1.92000000e-05  1.10000000e+00  8.00000000e-01 
 1.93000000e-05  1.35583971e+00  1.93000000e-05  1.10000000e+00  8.00000000e-01 
 1.94000000e-05  1.35654352e+00  1.94000000e-05  1.10000000e+00  8.00000000e-01 
 1.95000000e-05  1.35724555e+00  1.95000000e-05  1.10000000e+00  8.00000000e-01 
 1.96000000e-05  1.35794582e+00  1.96000000e-05  1.10000000e+00  8.00000000e-01 
 1.97000000e-05  1.35864434e+00  1.97000000e-05  1.10000000e+00  8.00000000e-01 
 1.98000000e-05  1.35934112e+00  1.98000000e-05  1.10000000e+00  8.00000000e-01 
 1.99000000e-05  1.36003618e+00  1.99000000e-05  1.10000000e+00  8.00000000e-01 
 2.00000000e-05  1.36072953e+00  2.00000000e-05  1.10000000e+00  8.00000000e-01 
 2.01000000e-05  1.36142119e+00  2.01000000e-05  1.10000000e+00  8.00000000e-01 
 2.02000000e-05  1.36211117e+00  2.02000000e-05  1.10000000e+00  8.00000000e-01 
 2.03000000e-05  1.36279948e+00  2.03000000e-05  1.10000000e+00  8.00000000e-01 
 2.04000000e-05  1.36348614e+00  2.04000000e-05  1.10000000e+00  8.00000000e-01 
 2.05000000e-05  1.36417116e+00  2.05000000e-05  1.10000000e+00  8.00000000e-01 
 2.06000000e-05  1.36485455e+00  2.06000000e-05  1.10000000e+00  8.00000000e-01 
 2.07000000e-05  1.36553632e+00  2.07000000e-05  1.10000000e+00  8.00000000e-01 
 2.08000000e-05  1.36621649e+00  2.08000000e-05  1.10000000e+00  8.00000000e-01 
 2.09000000e-05  1.36689507e+00  2.09000000e-05  1.10000000e+00  8.00000000e-01 
 2.10000000e-05  1.36757207e+00  2.10000000e-05  1.10000000e+00  8.00000000e-01 
 2.11000000e-05  1.36824751e+00  2.11000000e-05  1.10000000e+00  8.00000000e-01 
 2.12000000e-05  1.36892139e+00  2.12000000e-05  1.10000000e+00  8.00000000e-01 
 2.13000000e-05  1.36959373e+00  2.13000000e-05  1.10000000e+00  8.00000000e-01 
 2.14000000e-05  1.37026453e+00  2.14000000e-05  1.10000000e+00  8.00000000e-01 
 2.15000000e-05  1.37093382e+00  2.15000000e-05  1.10000000e+00  8.00000000e-01 
 2.16000000e-05  1.37160160e+00  2.16000000e-05  1.10000000e+00  8.00000000e-01 
 2.17000000e-05  1.37226788e+00  2.17000000e-05  1.10000000e+00  8.00000000e-01 
 2.18000000e-05  1.37293267e+00  2.18000000e-05  1.10000000e+00  8.00000000e-01 
 2.19000000e-05  1.37359599e+00  2.19000000e-05  1.10000000e+00  8.00000000e-01 
 2.20000000e-05  1.37425784e+00  2.20000000e-05  1.10000000e+00  8.00000000e-01 
 2.21000000e-05  1.37491824e+00  2.21000000e-05  1.10000000e+00  8.00000000e-01 
 2.22000000e-05  1.37557720e+00  2.22000000e-05  1.10000000e+00  8.00000000e-01 
 2.23000000e-05  1.37623472e+00  2.23000000e-05  1.10000000e+00  8.00000000e-01 
 2.24000000e-05  1.37689082e+00  2.24000000e-05  1.10000000e+00  8.00000000e-01 
 2.25000000e-05  1.37754551e+00  2.25000000e-05  1.10000000e+00  8.00000000e-01 
 2.26000000e-05  1.37819879e+00  2.26000000e-05  1.10000000e+00  8.00000000e-01 
 2.27000000e-05  1.37885068e+00  2.27000000e-05  1.10000000e+00  8.00000000e-01 
 2.28000000e-05  1.37950119e+00  2.28000000e-05  1.10000000e+00  8.00000000e-01 
 2.29000000e-05  1.38015032e+00  2.29000000e-05  1.10000000e+00  8.00000000e-01 
 2.30000000e-05  1.38079809e+00  2.30000000e-05  1.10000000e+00  8.00000000e-01 
 2.31000000e-05  1.38144450e+00  2.31000000e-05  1.10000000e+00  8.00000000e-01 
 2.32000000e-05  1.38208957e+00  2.32000000e-05  1.10000000e+00  8.00000000e-01 
 2.33000000e-05  1.38273330e+00  2.33000000e-05  1.10000000e+00  8.00000000e-01 
 2.34000000e-05  1.38337570e+00  2.34000000e-05  1.10000000e+00  8.00000000e-01 
 2.35000000e-05  1.38401679e+00  2.35000000e-05  1.10000000e+00  8.00000000e-01 
 2.36000000e-05  1.38465656e+00  2.36000000e-05  1.10000000e+00  8.00000000e-01 
 2.37000000e-05  1.38529504e+00  2.37000000e-05  1.10000000e+00  8.00000000e-01 
 2.38000000e-05  1.38593222e+00  2.38000000e-05  1.10000000e+00  8.00000000e-01 
 2.39000000e-05  1.38656812e+00  2.39000000e-05  1.10000000e+00  8.00000000e-01 
 2.40000000e-05  1.38720274e+00  2.40000000e-05  1.10000000e+00  8.00000000e-01 
 2.41000000e-05  1.38783610e+00  2.41000000e-05  1.10000000e+00  8.00000000e-01 
 2.42000000e-05  1.38846820e+00  2.42000000e-05  1.10000000e+00  8.00000000e-01 
 2.43000000e-05  1.38909905e+00  2.43000000e-05  1.10000000e+00  8.00000000e-01 
 2.44000000e-05  1.38972865e+00  2.44000000e-05  1.10000000e+00  8.00000000e-01 
 2.45000000e-05  1.39035703e+00  2.45000000e-05  1.10000000e+00  8.00000000e-01 
 2.46000000e-05  1.39098417e+00  2.46000000e-05  1.10000000e+00  8.00000000e-01 
 2.47000000e-05  1.39161010e+00  2.47000000e-05  1.10000000e+00  8.00000000e-01 
 2.48000000e-05  1.39223482e+00  2.48000000e-05  1.10000000e+00  8.00000000e-01 
 2.49000000e-05  1.39285833e+00  2.49000000e-05  1.10000000e+00  8.00000000e-01 
 2.50000000e-05  1.39348065e+00  2.50000000e-05  1.10000000e+00  8.00000000e-01 
 2.51000000e-05  1.39410178e+00  2.51000000e-05  1.10000000e+00  8.00000000e-01 
 2.52000000e-05  1.39472173e+00  2.52000000e-05  1.10000000e+00  8.00000000e-01 
 2.53000000e-05  1.39534051e+00  2.53000000e-05  1.10000000e+00  8.00000000e-01 
 2.54000000e-05  1.39595812e+00  2.54000000e-05  1.10000000e+00  8.00000000e-01 
 2.55000000e-05  1.39657458e+00  2.55000000e-05  1.10000000e+00  8.00000000e-01 
 2.56000000e-05  1.39718988e+00  2.56000000e-05  1.10000000e+00  8.00000000e-01 
 2.57000000e-05  1.39780404e+00  2.57000000e-05  1.10000000e+00  8.00000000e-01 
 2.58000000e-05  1.39841706e+00  2.58000000e-05  1.10000000e+00  8.00000000e-01 
 2.59000000e-05  1.39902895e+00  2.59000000e-05  1.10000000e+00  8.00000000e-01 
 2.60000000e-05  1.39963972e+00  2.60000000e-05  1.10000000e+00  8.00000000e-01 
 2.61000000e-05  1.40024937e+00  2.61000000e-05  1.10000000e+00  8.00000000e-01 
 2.62000000e-05  1.40085791e+00  2.62000000e-05  1.10000000e+00  8.00000000e-01 
 2.63000000e-05  1.40146534e+00  2.63000000e-05  1.10000000e+00  8.00000000e-01 
 2.64000000e-05  1.40207168e+00  2.64000000e-05  1.10000000e+00  8.00000000e-01 
 2.65000000e-05  1.40267693e+00  2.65000000e-05  1.10000000e+00  8.00000000e-01 
 2.66000000e-05  1.40328110e+00  2.66000000e-05  1.10000000e+00  8.00000000e-01 
 2.67000000e-05  1.40388419e+00  2.67000000e-05  1.10000000e+00  8.00000000e-01 
 2.68000000e-05  1.40448620e+00  2.68000000e-05  1.10000000e+00  8.00000000e-01 
 2.69000000e-05  1.40508716e+00  2.69000000e-05  1.10000000e+00  8.00000000e-01 
 2.70000000e-05  1.40568705e+00  2.70000000e-05  1.10000000e+00  8.00000000e-01 
 2.71000000e-05  1.40628589e+00  2.71000000e-05  1.10000000e+00  8.00000000e-01 
 2.72000000e-05  1.40688368e+00  2.72000000e-05  1.10000000e+00  8.00000000e-01 
 2.73000000e-05  1.40748044e+00  2.73000000e-05  1.10000000e+00  8.00000000e-01 
 2.74000000e-05  1.40807615e+00  2.74000000e-05  1.10000000e+00  8.00000000e-01 
 2.75000000e-05  1.40867084e+00  2.75000000e-05  1.10000000e+00  8.00000000e-01 
 2.76000000e-05  1.40926451e+00  2.76000000e-05  1.10000000e+00  8.00000000e-01 
 2.77000000e-05  1.40985716e+00  2.77000000e-05  1.10000000e+00  8.00000000e-01 
 2.78000000e-05  1.41044880e+00  2.78000000e-05  1.10000000e+00  8.00000000e-01 
 2.79000000e-05  1.41103943e+00  2.79000000e-05  1.10000000e+00  8.00000000e-01 
 2.80000000e-05  1.41162906e+00  2.80000000e-05  1.10000000e+00  8.00000000e-01 
 2.81000000e-05  1.41221770e+00  2.81000000e-05  1.10000000e+00  8.00000000e-01 
 2.82000000e-05  1.41280535e+00  2.82000000e-05  1.10000000e+00  8.00000000e-01 
 2.83000000e-05  1.41339201e+00  2.83000000e-05  1.10000000e+00  8.00000000e-01 
 2.84000000e-05  1.41397770e+00  2.84000000e-05  1.10000000e+00  8.00000000e-01 
 2.85000000e-05  1.41456242e+00  2.85000000e-05  1.10000000e+00  8.00000000e-01 
 2.86000000e-05  1.41514616e+00  2.86000000e-05  1.10000000e+00  8.00000000e-01 
 2.87000000e-05  1.41572895e+00  2.87000000e-05  1.10000000e+00  8.00000000e-01 
 2.88000000e-05  1.41631077e+00  2.88000000e-05  1.10000000e+00  8.00000000e-01 
 2.89000000e-05  1.41689165e+00  2.89000000e-05  1.10000000e+00  8.00000000e-01 
 2.90000000e-05  1.41747158e+00  2.90000000e-05  1.10000000e+00  8.00000000e-01 
 2.91000000e-05  1.41805056e+00  2.91000000e-05  1.10000000e+00  8.00000000e-01 
 2.92000000e-05  1.41862861e+00  2.92000000e-05  1.10000000e+00  8.00000000e-01 
 2.93000000e-05  1.41920573e+00  2.93000000e-05  1.10000000e+00  8.00000000e-01 
 2.94000000e-05  1.41978192e+00  2.94000000e-05  1.10000000e+00  8.00000000e-01 
 2.95000000e-05  1.42035719e+00  2.95000000e-05  1.10000000e+00  8.00000000e-01 
 2.96000000e-05  1.42093155e+00  2.96000000e-05  1.10000000e+00  8.00000000e-01 
 2.97000000e-05  1.42150499e+00  2.97000000e-05  1.10000000e+00  8.00000000e-01 
 2.98000000e-05  1.42207752e+00  2.98000000e-05  1.10000000e+00  8.00000000e-01 
 2.99000000e-05  1.42264915e+00  2.99000000e-05  1.10000000e+00  8.00000000e-01 
 3.00000000e-05  1.42321988e+00  3.00000000e-05  1.10000000e+00  8.00000000e-01 
