 i-sweep         v(vout)         i(viin)         v(vgate)        v(vmid)        
-6.00000000e-06  4.64009700e-01 -6.00000000e-06  1.60000000e+00  1.30000000e+00 
-5.90000000e-06  4.67632806e-01 -5.90000000e-06  1.60000000e+00  1.30000000e+00 
-5.80000000e-06  4.71284576e-01 -5.80000000e-06  1.60000000e+00  1.30000000e+00 
-5.70000000e-06  4.74965729e-01 -5.70000000e-06  1.60000000e+00  1.30000000e+00 
-5.60000000e-06  4.78677011e-01 -5.60000000e-06  1.60000000e+00  1.30000000e+00 
-5.50000000e-06  4.82419203e-01 -5.50000000e-06  1.60000000e+00  1.30000000e+00 
-5.40000000e-06  4.86193119e-01 -5.40000000e-06  1.60000000e+00  1.30000000e+00 
-5.30000000e-06  4.89999609e-01 -5.30000000e-06  1.60000000e+00  1.30000000e+00 
-5.20000000e-06  4.93839563e-01 -5.20000000e-06  1.60000000e+00  1.30000000e+00 
-5.10000000e-06  4.97713910e-01 -5.10000000e-06  1.60000000e+00  1.30000000e+00 
-5.00000000e-06  5.01623625e-01 -5.00000000e-06  1.60000000e+00  1.30000000e+00 
-4.90000000e-06  5.05569731e-01 -4.90000000e-06  1.60000000e+00  1.30000000e+00 
-4.80000000e-06  5.09553299e-01 -4.80000000e-06  1.60000000e+00  1.30000000e+00 
-4.70000000e-06  5.13575456e-01 -4.70000000e-06  1.60000000e+00  1.30000000e+00 
-4.60000000e-06  5.17637387e-01 -4.60000000e-06  1.60000000e+00  1.30000000e+00 
-4.50000000e-06  5.21740340e-01 -4.50000000e-06  1.60000000e+00  1.30000000e+00 
-4.40000000e-06  5.25885630e-01 -4.40000000e-06  1.60000000e+00  1.30000000e+00 
-4.30000000e-06  5.30074646e-01 -4.30000000e-06  1.60000000e+00  1.30000000e+00 
-4.20000000e-06  5.34308855e-01 -4.20000000e-06  1.60000000e+00  1.30000000e+00 
-4.10000000e-06  5.38589812e-01 -4.10000000e-06  1.60000000e+00  1.30000000e+00 
-4.00000000e-06  5.42919162e-01 -4.00000000e-06  1.60000000e+00  1.30000000e+00 
-3.90000000e-06  5.47298657e-01 -3.90000000e-06  1.60000000e+00  1.30000000e+00 
-3.80000000e-06  5.51730154e-01 -3.80000000e-06  1.60000000e+00  1.30000000e+00 
-3.70000000e-06  5.56215638e-01 -3.70000000e-06  1.60000000e+00  1.30000000e+00 
-3.60000000e-06  5.60757224e-01 -3.60000000e-06  1.60000000e+00  1.30000000e+00 
-3.50000000e-06  5.65357177e-01 -3.50000000e-06  1.60000000e+00  1.30000000e+00 
-3.40000000e-06  5.70017924e-01 -3.40000000e-06  1.60000000e+00  1.30000000e+00 
-3.30000000e-06  5.74742072e-01 -3.30000000e-06  1.60000000e+00  1.30000000e+00 
-3.20000000e-06  5.79532433e-01 -3.20000000e-06  1.60000000e+00  1.30000000e+00 
-3.10000000e-06  5.84392040e-01 -3.10000000e-06  1.60000000e+00  1.30000000e+00 
-3.00000000e-06  5.89324181e-01 -3.00000000e-06  1.60000000e+00  1.30000000e+00 
-2.90000000e-06  5.94332428e-01 -2.90000000e-06  1.60000000e+00  1.30000000e+00 
-2.80000000e-06  5.99420673e-01 -2.80000000e-06  1.60000000e+00  1.30000000e+00 
-2.70000000e-06  6.04593173e-01 -2.70000000e-06  1.60000000e+00  1.30000000e+00 
-2.60000000e-06  6.09854605e-01 -2.60000000e-06  1.60000000e+00  1.30000000e+00 
-2.50000000e-06  6.15210121e-01 -2.50000000e-06  1.60000000e+00  1.30000000e+00 
-2.40000000e-06  6.20665430e-01 -2.40000000e-06  1.60000000e+00  1.30000000e+00 
-2.30000000e-06  6.26226880e-01 -2.30000000e-06  1.60000000e+00  1.30000000e+00 
-2.20000000e-06  6.31901576e-01 -2.20000000e-06  1.60000000e+00  1.30000000e+00 
-2.10000000e-06  6.37697505e-01 -2.10000000e-06  1.60000000e+00  1.30000000e+00 
-2.00000000e-06  6.43623708e-01 -2.00000000e-06  1.60000000e+00  1.30000000e+00 
-1.90000000e-06  6.49690487e-01 -1.90000000e-06  1.60000000e+00  1.30000000e+00 
-1.80000000e-06  6.55909668e-01 -1.80000000e-06  1.60000000e+00  1.30000000e+00 
-1.70000000e-06  6.62294938e-01 -1.70000000e-06  1.60000000e+00  1.30000000e+00 
-1.60000000e-06  6.68862283e-01 -1.60000000e-06  1.60000000e+00  1.30000000e+00 
-1.50000000e-06  6.75630562e-01 -1.50000000e-06  1.60000000e+00  1.30000000e+00 
-1.40000000e-06  6.82622279e-01 -1.40000000e-06  1.60000000e+00  1.30000000e+00 
-1.30000000e-06  6.89864634e-01 -1.30000000e-06  1.60000000e+00  1.30000000e+00 
-1.20000000e-06  6.97390980e-01 -1.20000000e-06  1.60000000e+00  1.30000000e+00 
-1.10000000e-06  7.05242914e-01 -1.10000000e-06  1.60000000e+00  1.30000000e+00 
-1.00000000e-06  7.13473328e-01 -1.00000000e-06  1.60000000e+00  1.30000000e+00 
-9.00000000e-07  7.22151051e-01 -9.00000000e-07  1.60000000e+00  1.30000000e+00 
-8.00000000e-07  7.31368157e-01 -8.00000000e-07  1.60000000e+00  1.30000000e+00 
-7.00000000e-07  7.41252081e-01 -7.00000000e-07  1.60000000e+00  1.30000000e+00 
-6.00000000e-07  7.51986913e-01 -6.00000000e-07  1.60000000e+00  1.30000000e+00 
-5.00000000e-07  7.63853857e-01 -5.00000000e-07  1.60000000e+00  1.30000000e+00 
-4.00000000e-07  7.77316459e-01 -4.00000000e-07  1.60000000e+00  1.30000000e+00 
-3.00000000e-07  7.93228308e-01 -3.00000000e-07  1.60000000e+00  1.30000000e+00 
-2.00000000e-07  8.13467092e-01 -2.00000000e-07  1.60000000e+00  1.30000000e+00 
-1.00000000e-07  8.43889928e-01 -1.00000000e-07  1.60000000e+00  1.30000000e+00 
-5.71747239e-21  9.69971049e-01 -5.71747239e-21  1.60000000e+00  1.30000000e+00 
 1.00000000e-07  1.12814320e+00  1.00000000e-07  1.60000000e+00  1.30000000e+00 
 2.00000000e-07  1.16051420e+00  2.00000000e-07  1.60000000e+00  1.30000000e+00 
 3.00000000e-07  1.17937885e+00  3.00000000e-07  1.60000000e+00  1.30000000e+00 
 4.00000000e-07  1.19280606e+00  4.00000000e-07  1.60000000e+00  1.30000000e+00 
 5.00000000e-07  1.20329615e+00  5.00000000e-07  1.60000000e+00  1.30000000e+00 
 6.00000000e-07  1.21194882e+00  6.00000000e-07  1.60000000e+00  1.30000000e+00 
 7.00000000e-07  1.21934318e+00  7.00000000e-07  1.60000000e+00  1.30000000e+00 
 8.00000000e-07  1.22582477e+00  8.00000000e-07  1.60000000e+00  1.30000000e+00 
 9.00000000e-07  1.23161219e+00  9.00000000e-07  1.60000000e+00  1.30000000e+00 
 1.00000000e-06  1.23685413e+00  1.00000000e-06  1.60000000e+00  1.30000000e+00 
 1.10000000e-06  1.24166444e+00  1.10000000e-06  1.60000000e+00  1.30000000e+00 
 1.20000000e-06  1.24609793e+00  1.20000000e-06  1.60000000e+00  1.30000000e+00 
 1.30000000e-06  1.25023040e+00  1.30000000e-06  1.60000000e+00  1.30000000e+00 
 1.40000000e-06  1.25410674e+00  1.40000000e-06  1.60000000e+00  1.30000000e+00 
 1.50000000e-06  1.25776004e+00  1.50000000e-06  1.60000000e+00  1.30000000e+00 
 1.60000000e-06  1.26121935e+00  1.60000000e-06  1.60000000e+00  1.30000000e+00 
 1.70000000e-06  1.26450779e+00  1.70000000e-06  1.60000000e+00  1.30000000e+00 
 1.80000000e-06  1.26764540e+00  1.80000000e-06  1.60000000e+00  1.30000000e+00 
 1.90000000e-06  1.27065479e+00  1.90000000e-06  1.60000000e+00  1.30000000e+00 
 2.00000000e-06  1.27352813e+00  2.00000000e-06  1.60000000e+00  1.30000000e+00 
 2.10000000e-06  1.27629944e+00  2.10000000e-06  1.60000000e+00  1.30000000e+00 
 2.20000000e-06  1.27897124e+00  2.20000000e-06  1.60000000e+00  1.30000000e+00 
 2.30000000e-06  1.28155266e+00  2.30000000e-06  1.60000000e+00  1.30000000e+00 
 2.40000000e-06  1.28404945e+00  2.40000000e-06  1.60000000e+00  1.30000000e+00 
 2.50000000e-06  1.28647037e+00  2.50000000e-06  1.60000000e+00  1.30000000e+00 
 2.60000000e-06  1.28882054e+00  2.60000000e-06  1.60000000e+00  1.30000000e+00 
 2.70000000e-06  1.29110517e+00  2.70000000e-06  1.60000000e+00  1.30000000e+00 
 2.80000000e-06  1.29332889e+00  2.80000000e-06  1.60000000e+00  1.30000000e+00 
 2.90000000e-06  1.29549585e+00  2.90000000e-06  1.60000000e+00  1.30000000e+00 
 3.00000000e-06  1.29760978e+00  3.00000000e-06  1.60000000e+00  1.30000000e+00 
 3.10000000e-06  1.29967405e+00  3.10000000e-06  1.60000000e+00  1.30000000e+00 
 3.20000000e-06  1.30169169e+00  3.20000000e-06  1.60000000e+00  1.30000000e+00 
 3.30000000e-06  1.30366546e+00  3.30000000e-06  1.60000000e+00  1.30000000e+00 
 3.40000000e-06  1.30559789e+00  3.40000000e-06  1.60000000e+00  1.30000000e+00 
 3.50000000e-06  1.30749960e+00  3.50000000e-06  1.60000000e+00  1.30000000e+00 
 3.60000000e-06  1.30935480e+00  3.60000000e-06  1.60000000e+00  1.30000000e+00 
 3.70000000e-06  1.31117521e+00  3.70000000e-06  1.60000000e+00  1.30000000e+00 
 3.80000000e-06  1.31296255e+00  3.80000000e-06  1.60000000e+00  1.30000000e+00 
 3.90000000e-06  1.31471844e+00  3.90000000e-06  1.60000000e+00  1.30000000e+00 
 4.00000000e-06  1.31644439e+00  4.00000000e-06  1.60000000e+00  1.30000000e+00 
 4.10000000e-06  1.31814179e+00  4.10000000e-06  1.60000000e+00  1.30000000e+00 
 4.20000000e-06  1.31981191e+00  4.20000000e-06  1.60000000e+00  1.30000000e+00 
 4.30000000e-06  1.32145598e+00  4.30000000e-06  1.60000000e+00  1.30000000e+00 
 4.40000000e-06  1.32307511e+00  4.40000000e-06  1.60000000e+00  1.30000000e+00 
 4.50000000e-06  1.32467035e+00  4.50000000e-06  1.60000000e+00  1.30000000e+00 
 4.60000000e-06  1.32624269e+00  4.60000000e-06  1.60000000e+00  1.30000000e+00 
 4.70000000e-06  1.32779304e+00  4.70000000e-06  1.60000000e+00  1.30000000e+00 
 4.80000000e-06  1.32932227e+00  4.80000000e-06  1.60000000e+00  1.30000000e+00 
 4.90000000e-06  1.33083120e+00  4.90000000e-06  1.60000000e+00  1.30000000e+00 
 5.00000000e-06  1.33232058e+00  5.00000000e-06  1.60000000e+00  1.30000000e+00 
 5.10000000e-06  1.33379113e+00  5.10000000e-06  1.60000000e+00  1.30000000e+00 
 5.20000000e-06  1.33524354e+00  5.20000000e-06  1.60000000e+00  1.30000000e+00 
 5.30000000e-06  1.33667845e+00  5.30000000e-06  1.60000000e+00  1.30000000e+00 
 5.40000000e-06  1.33809646e+00  5.40000000e-06  1.60000000e+00  1.30000000e+00 
 5.50000000e-06  1.33949815e+00  5.50000000e-06  1.60000000e+00  1.30000000e+00 
 5.60000000e-06  1.34088405e+00  5.60000000e-06  1.60000000e+00  1.30000000e+00 
 5.70000000e-06  1.34225469e+00  5.70000000e-06  1.60000000e+00  1.30000000e+00 
 5.80000000e-06  1.34361056e+00  5.80000000e-06  1.60000000e+00  1.30000000e+00 
 5.90000000e-06  1.34495212e+00  5.90000000e-06  1.60000000e+00  1.30000000e+00 
 6.00000000e-06  1.34627981e+00  6.00000000e-06  1.60000000e+00  1.30000000e+00 
