 i-sweep         v(vout)         i(viin)         v(vgate)        v(vmid)        
 0.00000000e+00  6.99999269e-01  0.00000000e+00  1.80000000e+00  7.00000000e-01 
 1.00000000e-07  7.04553245e-01  1.00000000e-07  1.80000000e+00  7.00000000e-01 
 2.00000000e-07  7.09195027e-01  2.00000000e-07  1.80000000e+00  7.00000000e-01 
 3.00000000e-07  7.13899509e-01  3.00000000e-07  1.80000000e+00  7.00000000e-01 
 4.00000000e-07  7.18669046e-01  4.00000000e-07  1.80000000e+00  7.00000000e-01 
 5.00000000e-07  7.23506269e-01  5.00000000e-07  1.80000000e+00  7.00000000e-01 
 6.00000000e-07  7.28414085e-01  6.00000000e-07  1.80000000e+00  7.00000000e-01 
 7.00000000e-07  7.33395617e-01  7.00000000e-07  1.80000000e+00  7.00000000e-01 
 8.00000000e-07  7.38454219e-01  8.00000000e-07  1.80000000e+00  7.00000000e-01 
 9.00000000e-07  7.43593506e-01  9.00000000e-07  1.80000000e+00  7.00000000e-01 
 1.00000000e-06  7.48817381e-01  1.00000000e-06  1.80000000e+00  7.00000000e-01 
 1.10000000e-06  7.54130064e-01  1.10000000e-06  1.80000000e+00  7.00000000e-01 
 1.20000000e-06  7.59536137e-01  1.20000000e-06  1.80000000e+00  7.00000000e-01 
 1.30000000e-06  7.65040578e-01  1.30000000e-06  1.80000000e+00  7.00000000e-01 
 1.40000000e-06  7.70648816e-01  1.40000000e-06  1.80000000e+00  7.00000000e-01 
 1.50000000e-06  7.76366788e-01  1.50000000e-06  1.80000000e+00  7.00000000e-01 
 1.60000000e-06  7.82201006e-01  1.60000000e-06  1.80000000e+00  7.00000000e-01 
 1.70000000e-06  7.88158636e-01  1.70000000e-06  1.80000000e+00  7.00000000e-01 
 1.80000000e-06  7.94247591e-01  1.80000000e-06  1.80000000e+00  7.00000000e-01 
 1.90000000e-06  8.00476644e-01  1.90000000e-06  1.80000000e+00  7.00000000e-01 
 2.00000000e-06  8.06855559e-01  2.00000000e-06  1.80000000e+00  7.00000000e-01 
 2.10000000e-06  8.13395254e-01  2.10000000e-06  1.80000000e+00  7.00000000e-01 
 2.20000000e-06  8.20107988e-01  2.20000000e-06  1.80000000e+00  7.00000000e-01 
 2.30000000e-06  8.27007606e-01  2.30000000e-06  1.80000000e+00  7.00000000e-01 
 2.40000000e-06  8.34109823e-01  2.40000000e-06  1.80000000e+00  7.00000000e-01 
 2.50000000e-06  8.41432586e-01  2.50000000e-06  1.80000000e+00  7.00000000e-01 
 2.60000000e-06  8.48996521e-01  2.60000000e-06  1.80000000e+00  7.00000000e-01 
 2.70000000e-06  8.56825500e-01  2.70000000e-06  1.80000000e+00  7.00000000e-01 
 2.80000000e-06  8.64947348e-01  2.80000000e-06  1.80000000e+00  7.00000000e-01 
 2.90000000e-06  8.73394761e-01  2.90000000e-06  1.80000000e+00  7.00000000e-01 
 3.00000000e-06  8.82206466e-01  3.00000000e-06  1.80000000e+00  7.00000000e-01 
 3.10000000e-06  8.91428722e-01  3.10000000e-06  1.80000000e+00  7.00000000e-01 
 3.20000000e-06  9.01117238e-01  3.20000000e-06  1.80000000e+00  7.00000000e-01 
 3.30000000e-06  9.11339585e-01  3.30000000e-06  1.80000000e+00  7.00000000e-01 
 3.40000000e-06  9.22178128e-01  3.40000000e-06  1.80000000e+00  7.00000000e-01 
 3.50000000e-06  9.33733194e-01  3.50000000e-06  1.80000000e+00  7.00000000e-01 
 3.60000000e-06  9.46125474e-01  3.60000000e-06  1.80000000e+00  7.00000000e-01 
 3.70000000e-06  9.59494411e-01  3.70000000e-06  1.80000000e+00  7.00000000e-01 
 3.80000000e-06  9.73983643e-01  3.80000000e-06  1.80000000e+00  7.00000000e-01 
 3.90000000e-06  9.89690918e-01  3.90000000e-06  1.80000000e+00  7.00000000e-01 
 4.00000000e-06  1.00700382e+00  4.00000000e-06  1.80000000e+00  7.00000000e-01 
 4.10000000e-06  1.02405244e+00  4.10000000e-06  1.80000000e+00  7.00000000e-01 
 4.20000000e-06  1.04043003e+00  4.20000000e-06  1.80000000e+00  7.00000000e-01 
 4.30000000e-06  1.05519482e+00  4.30000000e-06  1.80000000e+00  7.00000000e-01 
 4.40000000e-06  1.06796985e+00  4.40000000e-06  1.80000000e+00  7.00000000e-01 
 4.50000000e-06  1.07975773e+00  4.50000000e-06  1.80000000e+00  7.00000000e-01 
 4.60000000e-06  1.08882762e+00  4.60000000e-06  1.80000000e+00  7.00000000e-01 
 4.70000000e-06  1.09686599e+00  4.70000000e-06  1.80000000e+00  7.00000000e-01 
 4.80000000e-06  1.10393989e+00  4.80000000e-06  1.80000000e+00  7.00000000e-01 
 4.90000000e-06  1.11027098e+00  4.90000000e-06  1.80000000e+00  7.00000000e-01 
 5.00000000e-06  1.11600034e+00  5.00000000e-06  1.80000000e+00  7.00000000e-01 
 5.10000000e-06  1.12123700e+00  5.10000000e-06  1.80000000e+00  7.00000000e-01 
 5.20000000e-06  1.12606393e+00  5.20000000e-06  1.80000000e+00  7.00000000e-01 
 5.30000000e-06  1.13054563e+00  5.30000000e-06  1.80000000e+00  7.00000000e-01 
 5.40000000e-06  1.13473293e+00  5.40000000e-06  1.80000000e+00  7.00000000e-01 
 5.50000000e-06  1.13866650e+00  5.50000000e-06  1.80000000e+00  7.00000000e-01 
 5.60000000e-06  1.14237931e+00  5.60000000e-06  1.80000000e+00  7.00000000e-01 
 5.70000000e-06  1.14589838e+00  5.70000000e-06  1.80000000e+00  7.00000000e-01 
 5.80000000e-06  1.14924612e+00  5.80000000e-06  1.80000000e+00  7.00000000e-01 
 5.90000000e-06  1.15244132e+00  5.90000000e-06  1.80000000e+00  7.00000000e-01 
 6.00000000e-06  1.15549982e+00  6.00000000e-06  1.80000000e+00  7.00000000e-01 
 6.10000000e-06  1.15843515e+00  6.10000000e-06  1.80000000e+00  7.00000000e-01 
 6.20000000e-06  1.16125891e+00  6.20000000e-06  1.80000000e+00  7.00000000e-01 
 6.30000000e-06  1.16398115e+00  6.30000000e-06  1.80000000e+00  7.00000000e-01 
 6.40000000e-06  1.16661058e+00  6.40000000e-06  1.80000000e+00  7.00000000e-01 
 6.50000000e-06  1.16915487e+00  6.50000000e-06  1.80000000e+00  7.00000000e-01 
 6.60000000e-06  1.17162074e+00  6.60000000e-06  1.80000000e+00  7.00000000e-01 
 6.70000000e-06  1.17401413e+00  6.70000000e-06  1.80000000e+00  7.00000000e-01 
 6.80000000e-06  1.17634035e+00  6.80000000e-06  1.80000000e+00  7.00000000e-01 
 6.90000000e-06  1.17860412e+00  6.90000000e-06  1.80000000e+00  7.00000000e-01 
 7.00000000e-06  1.18080967e+00  7.00000000e-06  1.80000000e+00  7.00000000e-01 
 7.10000000e-06  1.18296081e+00  7.10000000e-06  1.80000000e+00  7.00000000e-01 
 7.20000000e-06  1.18506098e+00  7.20000000e-06  1.80000000e+00  7.00000000e-01 
 7.30000000e-06  1.18711331e+00  7.30000000e-06  1.80000000e+00  7.00000000e-01 
 7.40000000e-06  1.18912062e+00  7.40000000e-06  1.80000000e+00  7.00000000e-01 
 7.50000000e-06  1.19108550e+00  7.50000000e-06  1.80000000e+00  7.00000000e-01 
 7.60000000e-06  1.19301031e+00  7.60000000e-06  1.80000000e+00  7.00000000e-01 
 7.70000000e-06  1.19489721e+00  7.70000000e-06  1.80000000e+00  7.00000000e-01 
 7.80000000e-06  1.19674819e+00  7.80000000e-06  1.80000000e+00  7.00000000e-01 
 7.90000000e-06  1.19856509e+00  7.90000000e-06  1.80000000e+00  7.00000000e-01 
 8.00000000e-06  1.20034959e+00  8.00000000e-06  1.80000000e+00  7.00000000e-01 
 8.10000000e-06  1.20210326e+00  8.10000000e-06  1.80000000e+00  7.00000000e-01 
 8.20000000e-06  1.20382755e+00  8.20000000e-06  1.80000000e+00  7.00000000e-01 
 8.30000000e-06  1.20552380e+00  8.30000000e-06  1.80000000e+00  7.00000000e-01 
 8.40000000e-06  1.20719327e+00  8.40000000e-06  1.80000000e+00  7.00000000e-01 
 8.50000000e-06  1.20883713e+00  8.50000000e-06  1.80000000e+00  7.00000000e-01 
 8.60000000e-06  1.21045646e+00  8.60000000e-06  1.80000000e+00  7.00000000e-01 
 8.70000000e-06  1.21205228e+00  8.70000000e-06  1.80000000e+00  7.00000000e-01 
 8.80000000e-06  1.21362555e+00  8.80000000e-06  1.80000000e+00  7.00000000e-01 
 8.90000000e-06  1.21517716e+00  8.90000000e-06  1.80000000e+00  7.00000000e-01 
 9.00000000e-06  1.21670795e+00  9.00000000e-06  1.80000000e+00  7.00000000e-01 
 9.10000000e-06  1.21821872e+00  9.10000000e-06  1.80000000e+00  7.00000000e-01 
 9.20000000e-06  1.21971020e+00  9.20000000e-06  1.80000000e+00  7.00000000e-01 
 9.30000000e-06  1.22118311e+00  9.30000000e-06  1.80000000e+00  7.00000000e-01 
 9.40000000e-06  1.22263809e+00  9.40000000e-06  1.80000000e+00  7.00000000e-01 
 9.50000000e-06  1.22407578e+00  9.50000000e-06  1.80000000e+00  7.00000000e-01 
 9.60000000e-06  1.22549677e+00  9.60000000e-06  1.80000000e+00  7.00000000e-01 
 9.70000000e-06  1.22690161e+00  9.70000000e-06  1.80000000e+00  7.00000000e-01 
 9.80000000e-06  1.22829085e+00  9.80000000e-06  1.80000000e+00  7.00000000e-01 
 9.90000000e-06  1.22966498e+00  9.90000000e-06  1.80000000e+00  7.00000000e-01 
 1.00000000e-05  1.23102448e+00  1.00000000e-05  1.80000000e+00  7.00000000e-01 
 1.01000000e-05  1.23236981e+00  1.01000000e-05  1.80000000e+00  7.00000000e-01 
 1.02000000e-05  1.23370141e+00  1.02000000e-05  1.80000000e+00  7.00000000e-01 
 1.03000000e-05  1.23501967e+00  1.03000000e-05  1.80000000e+00  7.00000000e-01 
 1.04000000e-05  1.23632501e+00  1.04000000e-05  1.80000000e+00  7.00000000e-01 
 1.05000000e-05  1.23761778e+00  1.05000000e-05  1.80000000e+00  7.00000000e-01 
 1.06000000e-05  1.23889836e+00  1.06000000e-05  1.80000000e+00  7.00000000e-01 
 1.07000000e-05  1.24016707e+00  1.07000000e-05  1.80000000e+00  7.00000000e-01 
 1.08000000e-05  1.24142426e+00  1.08000000e-05  1.80000000e+00  7.00000000e-01 
 1.09000000e-05  1.24267022e+00  1.09000000e-05  1.80000000e+00  7.00000000e-01 
 1.10000000e-05  1.24390527e+00  1.10000000e-05  1.80000000e+00  7.00000000e-01 
 1.11000000e-05  1.24512969e+00  1.11000000e-05  1.80000000e+00  7.00000000e-01 
 1.12000000e-05  1.24634374e+00  1.12000000e-05  1.80000000e+00  7.00000000e-01 
 1.13000000e-05  1.24754771e+00  1.13000000e-05  1.80000000e+00  7.00000000e-01 
 1.14000000e-05  1.24874183e+00  1.14000000e-05  1.80000000e+00  7.00000000e-01 
 1.15000000e-05  1.24992635e+00  1.15000000e-05  1.80000000e+00  7.00000000e-01 
 1.16000000e-05  1.25110151e+00  1.16000000e-05  1.80000000e+00  7.00000000e-01 
 1.17000000e-05  1.25226754e+00  1.17000000e-05  1.80000000e+00  7.00000000e-01 
 1.18000000e-05  1.25342463e+00  1.18000000e-05  1.80000000e+00  7.00000000e-01 
 1.19000000e-05  1.25457302e+00  1.19000000e-05  1.80000000e+00  7.00000000e-01 
 1.20000000e-05  1.25571288e+00  1.20000000e-05  1.80000000e+00  7.00000000e-01 
 1.21000000e-05  1.25684443e+00  1.21000000e-05  1.80000000e+00  7.00000000e-01 
 1.22000000e-05  1.25796784e+00  1.22000000e-05  1.80000000e+00  7.00000000e-01 
 1.23000000e-05  1.25908329e+00  1.23000000e-05  1.80000000e+00  7.00000000e-01 
 1.24000000e-05  1.26019096e+00  1.24000000e-05  1.80000000e+00  7.00000000e-01 
 1.25000000e-05  1.26129101e+00  1.25000000e-05  1.80000000e+00  7.00000000e-01 
 1.26000000e-05  1.26238360e+00  1.26000000e-05  1.80000000e+00  7.00000000e-01 
 1.27000000e-05  1.26346890e+00  1.27000000e-05  1.80000000e+00  7.00000000e-01 
 1.28000000e-05  1.26454704e+00  1.28000000e-05  1.80000000e+00  7.00000000e-01 
 1.29000000e-05  1.26561819e+00  1.29000000e-05  1.80000000e+00  7.00000000e-01 
 1.30000000e-05  1.26668247e+00  1.30000000e-05  1.80000000e+00  7.00000000e-01 
 1.31000000e-05  1.26774002e+00  1.31000000e-05  1.80000000e+00  7.00000000e-01 
 1.32000000e-05  1.26879098e+00  1.32000000e-05  1.80000000e+00  7.00000000e-01 
 1.33000000e-05  1.26983548e+00  1.33000000e-05  1.80000000e+00  7.00000000e-01 
 1.34000000e-05  1.27087363e+00  1.34000000e-05  1.80000000e+00  7.00000000e-01 
 1.35000000e-05  1.27190556e+00  1.35000000e-05  1.80000000e+00  7.00000000e-01 
 1.36000000e-05  1.27293138e+00  1.36000000e-05  1.80000000e+00  7.00000000e-01 
 1.37000000e-05  1.27395121e+00  1.37000000e-05  1.80000000e+00  7.00000000e-01 
 1.38000000e-05  1.27496516e+00  1.38000000e-05  1.80000000e+00  7.00000000e-01 
 1.39000000e-05  1.27597333e+00  1.39000000e-05  1.80000000e+00  7.00000000e-01 
 1.40000000e-05  1.27697582e+00  1.40000000e-05  1.80000000e+00  7.00000000e-01 
 1.41000000e-05  1.27797274e+00  1.41000000e-05  1.80000000e+00  7.00000000e-01 
 1.42000000e-05  1.27896419e+00  1.42000000e-05  1.80000000e+00  7.00000000e-01 
 1.43000000e-05  1.27995025e+00  1.43000000e-05  1.80000000e+00  7.00000000e-01 
 1.44000000e-05  1.28093102e+00  1.44000000e-05  1.80000000e+00  7.00000000e-01 
 1.45000000e-05  1.28190660e+00  1.45000000e-05  1.80000000e+00  7.00000000e-01 
 1.46000000e-05  1.28287706e+00  1.46000000e-05  1.80000000e+00  7.00000000e-01 
 1.47000000e-05  1.28384249e+00  1.47000000e-05  1.80000000e+00  7.00000000e-01 
 1.48000000e-05  1.28480297e+00  1.48000000e-05  1.80000000e+00  7.00000000e-01 
 1.49000000e-05  1.28575859e+00  1.49000000e-05  1.80000000e+00  7.00000000e-01 
 1.50000000e-05  1.28670942e+00  1.50000000e-05  1.80000000e+00  7.00000000e-01 
 1.51000000e-05  1.28765553e+00  1.51000000e-05  1.80000000e+00  7.00000000e-01 
 1.52000000e-05  1.28859701e+00  1.52000000e-05  1.80000000e+00  7.00000000e-01 
 1.53000000e-05  1.28953392e+00  1.53000000e-05  1.80000000e+00  7.00000000e-01 
 1.54000000e-05  1.29046634e+00  1.54000000e-05  1.80000000e+00  7.00000000e-01 
 1.55000000e-05  1.29139433e+00  1.55000000e-05  1.80000000e+00  7.00000000e-01 
 1.56000000e-05  1.29231796e+00  1.56000000e-05  1.80000000e+00  7.00000000e-01 
 1.57000000e-05  1.29323729e+00  1.57000000e-05  1.80000000e+00  7.00000000e-01 
 1.58000000e-05  1.29415239e+00  1.58000000e-05  1.80000000e+00  7.00000000e-01 
 1.59000000e-05  1.29506332e+00  1.59000000e-05  1.80000000e+00  7.00000000e-01 
 1.60000000e-05  1.29597015e+00  1.60000000e-05  1.80000000e+00  7.00000000e-01 
 1.61000000e-05  1.29687292e+00  1.61000000e-05  1.80000000e+00  7.00000000e-01 
 1.62000000e-05  1.29777170e+00  1.62000000e-05  1.80000000e+00  7.00000000e-01 
 1.63000000e-05  1.29866654e+00  1.63000000e-05  1.80000000e+00  7.00000000e-01 
 1.64000000e-05  1.29955751e+00  1.64000000e-05  1.80000000e+00  7.00000000e-01 
 1.65000000e-05  1.30044465e+00  1.65000000e-05  1.80000000e+00  7.00000000e-01 
 1.66000000e-05  1.30132801e+00  1.66000000e-05  1.80000000e+00  7.00000000e-01 
 1.67000000e-05  1.30220765e+00  1.67000000e-05  1.80000000e+00  7.00000000e-01 
 1.68000000e-05  1.30308362e+00  1.68000000e-05  1.80000000e+00  7.00000000e-01 
 1.69000000e-05  1.30395596e+00  1.69000000e-05  1.80000000e+00  7.00000000e-01 
 1.70000000e-05  1.30482473e+00  1.70000000e-05  1.80000000e+00  7.00000000e-01 
 1.71000000e-05  1.30568997e+00  1.71000000e-05  1.80000000e+00  7.00000000e-01 
 1.72000000e-05  1.30655173e+00  1.72000000e-05  1.80000000e+00  7.00000000e-01 
 1.73000000e-05  1.30741005e+00  1.73000000e-05  1.80000000e+00  7.00000000e-01 
 1.74000000e-05  1.30826498e+00  1.74000000e-05  1.80000000e+00  7.00000000e-01 
 1.75000000e-05  1.30911656e+00  1.75000000e-05  1.80000000e+00  7.00000000e-01 
 1.76000000e-05  1.30996483e+00  1.76000000e-05  1.80000000e+00  7.00000000e-01 
 1.77000000e-05  1.31080983e+00  1.77000000e-05  1.80000000e+00  7.00000000e-01 
 1.78000000e-05  1.31165161e+00  1.78000000e-05  1.80000000e+00  7.00000000e-01 
 1.79000000e-05  1.31249020e+00  1.79000000e-05  1.80000000e+00  7.00000000e-01 
 1.80000000e-05  1.31332565e+00  1.80000000e-05  1.80000000e+00  7.00000000e-01 
 1.81000000e-05  1.31415799e+00  1.81000000e-05  1.80000000e+00  7.00000000e-01 
 1.82000000e-05  1.31498725e+00  1.82000000e-05  1.80000000e+00  7.00000000e-01 
 1.83000000e-05  1.31581348e+00  1.83000000e-05  1.80000000e+00  7.00000000e-01 
 1.84000000e-05  1.31663671e+00  1.84000000e-05  1.80000000e+00  7.00000000e-01 
 1.85000000e-05  1.31745697e+00  1.85000000e-05  1.80000000e+00  7.00000000e-01 
 1.86000000e-05  1.31827430e+00  1.86000000e-05  1.80000000e+00  7.00000000e-01 
 1.87000000e-05  1.31908874e+00  1.87000000e-05  1.80000000e+00  7.00000000e-01 
 1.88000000e-05  1.31990032e+00  1.88000000e-05  1.80000000e+00  7.00000000e-01 
 1.89000000e-05  1.32070906e+00  1.89000000e-05  1.80000000e+00  7.00000000e-01 
 1.90000000e-05  1.32151501e+00  1.90000000e-05  1.80000000e+00  7.00000000e-01 
 1.91000000e-05  1.32231819e+00  1.91000000e-05  1.80000000e+00  7.00000000e-01 
 1.92000000e-05  1.32311863e+00  1.92000000e-05  1.80000000e+00  7.00000000e-01 
 1.93000000e-05  1.32391637e+00  1.93000000e-05  1.80000000e+00  7.00000000e-01 
 1.94000000e-05  1.32471143e+00  1.94000000e-05  1.80000000e+00  7.00000000e-01 
 1.95000000e-05  1.32550385e+00  1.95000000e-05  1.80000000e+00  7.00000000e-01 
 1.96000000e-05  1.32629364e+00  1.96000000e-05  1.80000000e+00  7.00000000e-01 
 1.97000000e-05  1.32708084e+00  1.97000000e-05  1.80000000e+00  7.00000000e-01 
 1.98000000e-05  1.32786549e+00  1.98000000e-05  1.80000000e+00  7.00000000e-01 
 1.99000000e-05  1.32864759e+00  1.99000000e-05  1.80000000e+00  7.00000000e-01 
 2.00000000e-05  1.32942719e+00  2.00000000e-05  1.80000000e+00  7.00000000e-01 
 2.01000000e-05  1.33020430e+00  2.01000000e-05  1.80000000e+00  7.00000000e-01 
 2.02000000e-05  1.33097895e+00  2.02000000e-05  1.80000000e+00  7.00000000e-01 
 2.03000000e-05  1.33175117e+00  2.03000000e-05  1.80000000e+00  7.00000000e-01 
 2.04000000e-05  1.33252099e+00  2.04000000e-05  1.80000000e+00  7.00000000e-01 
 2.05000000e-05  1.33328842e+00  2.05000000e-05  1.80000000e+00  7.00000000e-01 
 2.06000000e-05  1.33405349e+00  2.06000000e-05  1.80000000e+00  7.00000000e-01 
 2.07000000e-05  1.33481622e+00  2.07000000e-05  1.80000000e+00  7.00000000e-01 
 2.08000000e-05  1.33557665e+00  2.08000000e-05  1.80000000e+00  7.00000000e-01 
 2.09000000e-05  1.33633478e+00  2.09000000e-05  1.80000000e+00  7.00000000e-01 
 2.10000000e-05  1.33709065e+00  2.10000000e-05  1.80000000e+00  7.00000000e-01 
 2.11000000e-05  1.33784427e+00  2.11000000e-05  1.80000000e+00  7.00000000e-01 
 2.12000000e-05  1.33859567e+00  2.12000000e-05  1.80000000e+00  7.00000000e-01 
 2.13000000e-05  1.33934486e+00  2.13000000e-05  1.80000000e+00  7.00000000e-01 
 2.14000000e-05  1.34009187e+00  2.14000000e-05  1.80000000e+00  7.00000000e-01 
 2.15000000e-05  1.34083673e+00  2.15000000e-05  1.80000000e+00  7.00000000e-01 
 2.16000000e-05  1.34157944e+00  2.16000000e-05  1.80000000e+00  7.00000000e-01 
 2.17000000e-05  1.34232003e+00  2.17000000e-05  1.80000000e+00  7.00000000e-01 
 2.18000000e-05  1.34305853e+00  2.18000000e-05  1.80000000e+00  7.00000000e-01 
 2.19000000e-05  1.34379494e+00  2.19000000e-05  1.80000000e+00  7.00000000e-01 
 2.20000000e-05  1.34452929e+00  2.20000000e-05  1.80000000e+00  7.00000000e-01 
 2.21000000e-05  1.34526159e+00  2.21000000e-05  1.80000000e+00  7.00000000e-01 
 2.22000000e-05  1.34599188e+00  2.22000000e-05  1.80000000e+00  7.00000000e-01 
 2.23000000e-05  1.34672015e+00  2.23000000e-05  1.80000000e+00  7.00000000e-01 
 2.24000000e-05  1.34744644e+00  2.24000000e-05  1.80000000e+00  7.00000000e-01 
 2.25000000e-05  1.34817076e+00  2.25000000e-05  1.80000000e+00  7.00000000e-01 
 2.26000000e-05  1.34889312e+00  2.26000000e-05  1.80000000e+00  7.00000000e-01 
 2.27000000e-05  1.34961355e+00  2.27000000e-05  1.80000000e+00  7.00000000e-01 
 2.28000000e-05  1.35033206e+00  2.28000000e-05  1.80000000e+00  7.00000000e-01 
 2.29000000e-05  1.35104866e+00  2.29000000e-05  1.80000000e+00  7.00000000e-01 
 2.30000000e-05  1.35176338e+00  2.30000000e-05  1.80000000e+00  7.00000000e-01 
 2.31000000e-05  1.35247623e+00  2.31000000e-05  1.80000000e+00  7.00000000e-01 
 2.32000000e-05  1.35318723e+00  2.32000000e-05  1.80000000e+00  7.00000000e-01 
 2.33000000e-05  1.35389639e+00  2.33000000e-05  1.80000000e+00  7.00000000e-01 
 2.34000000e-05  1.35460372e+00  2.34000000e-05  1.80000000e+00  7.00000000e-01 
 2.35000000e-05  1.35530925e+00  2.35000000e-05  1.80000000e+00  7.00000000e-01 
 2.36000000e-05  1.35601299e+00  2.36000000e-05  1.80000000e+00  7.00000000e-01 
 2.37000000e-05  1.35671495e+00  2.37000000e-05  1.80000000e+00  7.00000000e-01 
 2.38000000e-05  1.35741515e+00  2.38000000e-05  1.80000000e+00  7.00000000e-01 
 2.39000000e-05  1.35811359e+00  2.39000000e-05  1.80000000e+00  7.00000000e-01 
 2.40000000e-05  1.35881031e+00  2.40000000e-05  1.80000000e+00  7.00000000e-01 
 2.41000000e-05  1.35950530e+00  2.41000000e-05  1.80000000e+00  7.00000000e-01 
 2.42000000e-05  1.36019859e+00  2.42000000e-05  1.80000000e+00  7.00000000e-01 
 2.43000000e-05  1.36089019e+00  2.43000000e-05  1.80000000e+00  7.00000000e-01 
 2.44000000e-05  1.36158011e+00  2.44000000e-05  1.80000000e+00  7.00000000e-01 
 2.45000000e-05  1.36226836e+00  2.45000000e-05  1.80000000e+00  7.00000000e-01 
 2.46000000e-05  1.36295496e+00  2.46000000e-05  1.80000000e+00  7.00000000e-01 
 2.47000000e-05  1.36363992e+00  2.47000000e-05  1.80000000e+00  7.00000000e-01 
 2.48000000e-05  1.36432325e+00  2.48000000e-05  1.80000000e+00  7.00000000e-01 
 2.49000000e-05  1.36500497e+00  2.49000000e-05  1.80000000e+00  7.00000000e-01 
 2.50000000e-05  1.36568509e+00  2.50000000e-05  1.80000000e+00  7.00000000e-01 
 2.51000000e-05  1.36636362e+00  2.51000000e-05  1.80000000e+00  7.00000000e-01 
 2.52000000e-05  1.36704057e+00  2.52000000e-05  1.80000000e+00  7.00000000e-01 
 2.53000000e-05  1.36771596e+00  2.53000000e-05  1.80000000e+00  7.00000000e-01 
 2.54000000e-05  1.36838980e+00  2.54000000e-05  1.80000000e+00  7.00000000e-01 
 2.55000000e-05  1.36906209e+00  2.55000000e-05  1.80000000e+00  7.00000000e-01 
 2.56000000e-05  1.36973285e+00  2.56000000e-05  1.80000000e+00  7.00000000e-01 
 2.57000000e-05  1.37040210e+00  2.57000000e-05  1.80000000e+00  7.00000000e-01 
 2.58000000e-05  1.37106984e+00  2.58000000e-05  1.80000000e+00  7.00000000e-01 
 2.59000000e-05  1.37173608e+00  2.59000000e-05  1.80000000e+00  7.00000000e-01 
 2.60000000e-05  1.37240083e+00  2.60000000e-05  1.80000000e+00  7.00000000e-01 
 2.61000000e-05  1.37306412e+00  2.61000000e-05  1.80000000e+00  7.00000000e-01 
 2.62000000e-05  1.37372593e+00  2.62000000e-05  1.80000000e+00  7.00000000e-01 
 2.63000000e-05  1.37438630e+00  2.63000000e-05  1.80000000e+00  7.00000000e-01 
 2.64000000e-05  1.37504522e+00  2.64000000e-05  1.80000000e+00  7.00000000e-01 
 2.65000000e-05  1.37570271e+00  2.65000000e-05  1.80000000e+00  7.00000000e-01 
 2.66000000e-05  1.37635878e+00  2.66000000e-05  1.80000000e+00  7.00000000e-01 
 2.67000000e-05  1.37701344e+00  2.67000000e-05  1.80000000e+00  7.00000000e-01 
 2.68000000e-05  1.37766669e+00  2.68000000e-05  1.80000000e+00  7.00000000e-01 
 2.69000000e-05  1.37831855e+00  2.69000000e-05  1.80000000e+00  7.00000000e-01 
 2.70000000e-05  1.37896903e+00  2.70000000e-05  1.80000000e+00  7.00000000e-01 
 2.71000000e-05  1.37961814e+00  2.71000000e-05  1.80000000e+00  7.00000000e-01 
 2.72000000e-05  1.38026588e+00  2.72000000e-05  1.80000000e+00  7.00000000e-01 
 2.73000000e-05  1.38091227e+00  2.73000000e-05  1.80000000e+00  7.00000000e-01 
 2.74000000e-05  1.38155731e+00  2.74000000e-05  1.80000000e+00  7.00000000e-01 
 2.75000000e-05  1.38220102e+00  2.75000000e-05  1.80000000e+00  7.00000000e-01 
 2.76000000e-05  1.38284340e+00  2.76000000e-05  1.80000000e+00  7.00000000e-01 
 2.77000000e-05  1.38348447e+00  2.77000000e-05  1.80000000e+00  7.00000000e-01 
 2.78000000e-05  1.38412422e+00  2.78000000e-05  1.80000000e+00  7.00000000e-01 
 2.79000000e-05  1.38476268e+00  2.79000000e-05  1.80000000e+00  7.00000000e-01 
 2.80000000e-05  1.38539984e+00  2.80000000e-05  1.80000000e+00  7.00000000e-01 
 2.81000000e-05  1.38603573e+00  2.81000000e-05  1.80000000e+00  7.00000000e-01 
 2.82000000e-05  1.38667033e+00  2.82000000e-05  1.80000000e+00  7.00000000e-01 
 2.83000000e-05  1.38730368e+00  2.83000000e-05  1.80000000e+00  7.00000000e-01 
 2.84000000e-05  1.38793576e+00  2.84000000e-05  1.80000000e+00  7.00000000e-01 
 2.85000000e-05  1.38856659e+00  2.85000000e-05  1.80000000e+00  7.00000000e-01 
 2.86000000e-05  1.38919619e+00  2.86000000e-05  1.80000000e+00  7.00000000e-01 
 2.87000000e-05  1.38982455e+00  2.87000000e-05  1.80000000e+00  7.00000000e-01 
 2.88000000e-05  1.39045168e+00  2.88000000e-05  1.80000000e+00  7.00000000e-01 
 2.89000000e-05  1.39107760e+00  2.89000000e-05  1.80000000e+00  7.00000000e-01 
 2.90000000e-05  1.39170231e+00  2.90000000e-05  1.80000000e+00  7.00000000e-01 
 2.91000000e-05  1.39232581e+00  2.91000000e-05  1.80000000e+00  7.00000000e-01 
 2.92000000e-05  1.39294812e+00  2.92000000e-05  1.80000000e+00  7.00000000e-01 
 2.93000000e-05  1.39356924e+00  2.93000000e-05  1.80000000e+00  7.00000000e-01 
 2.94000000e-05  1.39418919e+00  2.94000000e-05  1.80000000e+00  7.00000000e-01 
 2.95000000e-05  1.39480796e+00  2.95000000e-05  1.80000000e+00  7.00000000e-01 
 2.96000000e-05  1.39542557e+00  2.96000000e-05  1.80000000e+00  7.00000000e-01 
 2.97000000e-05  1.39604201e+00  2.97000000e-05  1.80000000e+00  7.00000000e-01 
 2.98000000e-05  1.39665731e+00  2.98000000e-05  1.80000000e+00  7.00000000e-01 
 2.99000000e-05  1.39727147e+00  2.99000000e-05  1.80000000e+00  7.00000000e-01 
 3.00000000e-05  1.39788448e+00  3.00000000e-05  1.80000000e+00  7.00000000e-01 
