 i-sweep         v(vout)         i(viin)         v(vgate)        v(vmid)        
-6.00000000e-06 -3.44695176e-01 -6.00000000e-06  6.00000000e-01  1.20000000e+00 
-5.90000000e-06 -3.41303288e-01 -5.90000000e-06  6.00000000e-01  1.20000000e+00 
-5.80000000e-06 -3.37885136e-01 -5.80000000e-06  6.00000000e-01  1.20000000e+00 
-5.70000000e-06 -3.34440067e-01 -5.70000000e-06  6.00000000e-01  1.20000000e+00 
-5.60000000e-06 -3.30967400e-01 -5.60000000e-06  6.00000000e-01  1.20000000e+00 
-5.50000000e-06 -3.27466424e-01 -5.50000000e-06  6.00000000e-01  1.20000000e+00 
-5.40000000e-06 -3.23936399e-01 -5.40000000e-06  6.00000000e-01  1.20000000e+00 
-5.30000000e-06 -3.20376553e-01 -5.30000000e-06  6.00000000e-01  1.20000000e+00 
-5.20000000e-06 -3.16786079e-01 -5.20000000e-06  6.00000000e-01  1.20000000e+00 
-5.10000000e-06 -3.13164133e-01 -5.10000000e-06  6.00000000e-01  1.20000000e+00 
-5.00000000e-06 -3.09509829e-01 -5.00000000e-06  6.00000000e-01  1.20000000e+00 
-4.90000000e-06 -3.05822243e-01 -4.90000000e-06  6.00000000e-01  1.20000000e+00 
-4.80000000e-06 -3.02100402e-01 -4.80000000e-06  6.00000000e-01  1.20000000e+00 
-4.70000000e-06 -2.98343285e-01 -4.70000000e-06  6.00000000e-01  1.20000000e+00 
-4.60000000e-06 -2.94549818e-01 -4.60000000e-06  6.00000000e-01  1.20000000e+00 
-4.50000000e-06 -2.90718872e-01 -4.50000000e-06  6.00000000e-01  1.20000000e+00 
-4.40000000e-06 -2.86849254e-01 -4.40000000e-06  6.00000000e-01  1.20000000e+00 
-4.30000000e-06 -2.82939705e-01 -4.30000000e-06  6.00000000e-01  1.20000000e+00 
-4.20000000e-06 -2.78988893e-01 -4.20000000e-06  6.00000000e-01  1.20000000e+00 
-4.10000000e-06 -2.74995409e-01 -4.10000000e-06  6.00000000e-01  1.20000000e+00 
-4.00000000e-06 -2.70957756e-01 -4.00000000e-06  6.00000000e-01  1.20000000e+00 
-3.90000000e-06 -2.66874343e-01 -3.90000000e-06  6.00000000e-01  1.20000000e+00 
-3.80000000e-06 -2.62743478e-01 -3.80000000e-06  6.00000000e-01  1.20000000e+00 
-3.70000000e-06 -2.58563353e-01 -3.70000000e-06  6.00000000e-01  1.20000000e+00 
-3.60000000e-06 -2.54332036e-01 -3.60000000e-06  6.00000000e-01  1.20000000e+00 
-3.50000000e-06 -2.50047457e-01 -3.50000000e-06  6.00000000e-01  1.20000000e+00 
-3.40000000e-06 -2.45707391e-01 -3.40000000e-06  6.00000000e-01  1.20000000e+00 
-3.30000000e-06 -2.41309443e-01 -3.30000000e-06  6.00000000e-01  1.20000000e+00 
-3.20000000e-06 -2.36851028e-01 -3.20000000e-06  6.00000000e-01  1.20000000e+00 
-3.10000000e-06 -2.32329347e-01 -3.10000000e-06  6.00000000e-01  1.20000000e+00 
-3.00000000e-06 -2.27741357e-01 -3.00000000e-06  6.00000000e-01  1.20000000e+00 
-2.90000000e-06 -2.23083747e-01 -2.90000000e-06  6.00000000e-01  1.20000000e+00 
-2.80000000e-06 -2.18352894e-01 -2.80000000e-06  6.00000000e-01  1.20000000e+00 
-2.70000000e-06 -2.13544824e-01 -2.70000000e-06  6.00000000e-01  1.20000000e+00 
-2.60000000e-06 -2.08655158e-01 -2.60000000e-06  6.00000000e-01  1.20000000e+00 
-2.50000000e-06 -2.03679052e-01 -2.50000000e-06  6.00000000e-01  1.20000000e+00 
-2.40000000e-06 -1.98611124e-01 -2.40000000e-06  6.00000000e-01  1.20000000e+00 
-2.30000000e-06 -1.93445360e-01 -2.30000000e-06  6.00000000e-01  1.20000000e+00 
-2.20000000e-06 -1.88175013e-01 -2.20000000e-06  6.00000000e-01  1.20000000e+00 
-2.10000000e-06 -1.82792462e-01 -2.10000000e-06  6.00000000e-01  1.20000000e+00 
-2.00000000e-06 -1.77289048e-01 -2.00000000e-06  6.00000000e-01  1.20000000e+00 
-1.90000000e-06 -1.71654870e-01 -1.90000000e-06  6.00000000e-01  1.20000000e+00 
-1.80000000e-06 -1.65878518e-01 -1.80000000e-06  6.00000000e-01  1.20000000e+00 
-1.70000000e-06 -1.59946738e-01 -1.70000000e-06  6.00000000e-01  1.20000000e+00 
-1.60000000e-06 -1.53843994e-01 -1.60000000e-06  6.00000000e-01  1.20000000e+00 
-1.50000000e-06 -1.47551896e-01 -1.50000000e-06  6.00000000e-01  1.20000000e+00 
-1.40000000e-06 -1.41048429e-01 -1.40000000e-06  6.00000000e-01  1.20000000e+00 
-1.30000000e-06 -1.34306905e-01 -1.30000000e-06  6.00000000e-01  1.20000000e+00 
-1.20000000e-06 -1.27294503e-01 -1.20000000e-06  6.00000000e-01  1.20000000e+00 
-1.10000000e-06 -1.19970186e-01 -1.10000000e-06  6.00000000e-01  1.20000000e+00 
-1.00000000e-06 -1.12281651e-01 -1.00000000e-06  6.00000000e-01  1.20000000e+00 
-9.00000000e-07 -1.04160686e-01 -9.00000000e-07  6.00000000e-01  1.20000000e+00 
-8.00000000e-07 -9.55158551e-02 -8.00000000e-07  6.00000000e-01  1.20000000e+00 
-7.00000000e-07 -8.62203704e-02 -7.00000000e-07  6.00000000e-01  1.20000000e+00 
-6.00000000e-07 -7.60907043e-02 -6.00000000e-07  6.00000000e-01  1.20000000e+00 
-5.00000000e-07 -6.48460069e-02 -5.00000000e-07  6.00000000e-01  1.20000000e+00 
-4.00000000e-07 -5.20222410e-02 -4.00000000e-07  6.00000000e-01  1.20000000e+00 
-3.00000000e-07 -3.67625927e-02 -3.00000000e-07  6.00000000e-01  1.20000000e+00 
-2.00000000e-07 -1.71747167e-02 -2.00000000e-07  6.00000000e-01  1.20000000e+00 
-1.00000000e-07  1.26752622e-02 -1.00000000e-07  6.00000000e-01  1.20000000e+00 
-5.71747239e-21  6.65554195e-01 -5.71747239e-21  6.00000000e-01  1.20000000e+00 
 1.00000000e-07  1.07197897e+00  1.00000000e-07  6.00000000e-01  1.20000000e+00 
 2.00000000e-07  1.10437314e+00  2.00000000e-07  6.00000000e-01  1.20000000e+00 
 3.00000000e-07  1.12324951e+00  3.00000000e-07  6.00000000e-01  1.20000000e+00 
 4.00000000e-07  1.13669430e+00  4.00000000e-07  6.00000000e-01  1.20000000e+00 
 5.00000000e-07  1.14718310e+00  5.00000000e-07  6.00000000e-01  1.20000000e+00 
 6.00000000e-07  1.15583997e+00  6.00000000e-07  6.00000000e-01  1.20000000e+00 
 7.00000000e-07  1.16324093e+00  7.00000000e-07  6.00000000e-01  1.20000000e+00 
 8.00000000e-07  1.16972825e+00  8.00000000e-07  6.00000000e-01  1.20000000e+00 
 9.00000000e-07  1.17552120e+00  9.00000000e-07  6.00000000e-01  1.20000000e+00 
 1.00000000e-06  1.18076850e+00  1.00000000e-06  6.00000000e-01  1.20000000e+00 
 1.10000000e-06  1.18558728e+00  1.10000000e-06  6.00000000e-01  1.20000000e+00 
 1.20000000e-06  1.19002680e+00  1.20000000e-06  6.00000000e-01  1.20000000e+00 
 1.30000000e-06  1.19416417e+00  1.30000000e-06  6.00000000e-01  1.20000000e+00 
 1.40000000e-06  1.19804383e+00  1.40000000e-06  6.00000000e-01  1.20000000e+00 
 1.50000000e-06  1.20170109e+00  1.50000000e-06  6.00000000e-01  1.20000000e+00 
 1.60000000e-06  1.20516447e+00  1.60000000e-06  6.00000000e-01  1.20000000e+00 
 1.70000000e-06  1.20845733e+00  1.70000000e-06  6.00000000e-01  1.20000000e+00 
 1.80000000e-06  1.21159899e+00  1.80000000e-06  6.00000000e-01  1.20000000e+00 
 1.90000000e-06  1.21460564e+00  1.90000000e-06  6.00000000e-01  1.20000000e+00 
 2.00000000e-06  1.21749097e+00  2.00000000e-06  6.00000000e-01  1.20000000e+00 
 2.10000000e-06  1.22026667e+00  2.10000000e-06  6.00000000e-01  1.20000000e+00 
 2.20000000e-06  1.22294276e+00  2.20000000e-06  6.00000000e-01  1.20000000e+00 
 2.30000000e-06  1.22552796e+00  2.30000000e-06  6.00000000e-01  1.20000000e+00 
 2.40000000e-06  1.22802986e+00  2.40000000e-06  6.00000000e-01  1.20000000e+00 
 2.50000000e-06  1.23045509e+00  2.50000000e-06  6.00000000e-01  1.20000000e+00 
 2.60000000e-06  1.23280955e+00  2.60000000e-06  6.00000000e-01  1.20000000e+00 
 2.70000000e-06  1.23509843e+00  2.70000000e-06  6.00000000e-01  1.20000000e+00 
 2.80000000e-06  1.23732637e+00  2.80000000e-06  6.00000000e-01  1.20000000e+00 
 2.90000000e-06  1.23949752e+00  2.90000000e-06  6.00000000e-01  1.20000000e+00 
 3.00000000e-06  1.24161561e+00  3.00000000e-06  6.00000000e-01  1.20000000e+00 
 3.10000000e-06  1.24368400e+00  3.10000000e-06  6.00000000e-01  1.20000000e+00 
 3.20000000e-06  1.24570575e+00  3.20000000e-06  6.00000000e-01  1.20000000e+00 
 3.30000000e-06  1.24768360e+00  3.30000000e-06  6.00000000e-01  1.20000000e+00 
 3.40000000e-06  1.24962008e+00  3.40000000e-06  6.00000000e-01  1.20000000e+00 
 3.50000000e-06  1.25151749e+00  3.50000000e-06  6.00000000e-01  1.20000000e+00 
 3.60000000e-06  1.25337794e+00  3.60000000e-06  6.00000000e-01  1.20000000e+00 
 3.70000000e-06  1.25521112e+00  3.70000000e-06  6.00000000e-01  1.20000000e+00 
 3.80000000e-06  1.25700219e+00  3.80000000e-06  6.00000000e-01  1.20000000e+00 
 3.90000000e-06  1.25876183e+00  3.90000000e-06  6.00000000e-01  1.20000000e+00 
 4.00000000e-06  1.26049153e+00  4.00000000e-06  6.00000000e-01  1.20000000e+00 
 4.10000000e-06  1.26219268e+00  4.10000000e-06  6.00000000e-01  1.20000000e+00 
 4.20000000e-06  1.26386656e+00  4.20000000e-06  6.00000000e-01  1.20000000e+00 
 4.30000000e-06  1.26551438e+00  4.30000000e-06  6.00000000e-01  1.20000000e+00 
 4.40000000e-06  1.26713726e+00  4.40000000e-06  6.00000000e-01  1.20000000e+00 
 4.50000000e-06  1.26873625e+00  4.50000000e-06  6.00000000e-01  1.20000000e+00 
 4.60000000e-06  1.27031233e+00  4.60000000e-06  6.00000000e-01  1.20000000e+00 
 4.70000000e-06  1.27186641e+00  4.70000000e-06  6.00000000e-01  1.20000000e+00 
 4.80000000e-06  1.27339937e+00  4.80000000e-06  6.00000000e-01  1.20000000e+00 
 4.90000000e-06  1.27491201e+00  4.90000000e-06  6.00000000e-01  1.20000000e+00 
 5.00000000e-06  1.27640509e+00  5.00000000e-06  6.00000000e-01  1.20000000e+00 
 5.10000000e-06  1.27787935e+00  5.10000000e-06  6.00000000e-01  1.20000000e+00 
 5.20000000e-06  1.27933545e+00  5.20000000e-06  6.00000000e-01  1.20000000e+00 
 5.30000000e-06  1.28077403e+00  5.30000000e-06  6.00000000e-01  1.20000000e+00 
 5.40000000e-06  1.28219571e+00  5.40000000e-06  6.00000000e-01  1.20000000e+00 
 5.50000000e-06  1.28360105e+00  5.50000000e-06  6.00000000e-01  1.20000000e+00 
 5.60000000e-06  1.28499061e+00  5.60000000e-06  6.00000000e-01  1.20000000e+00 
 5.70000000e-06  1.28636488e+00  5.70000000e-06  6.00000000e-01  1.20000000e+00 
 5.80000000e-06  1.28772438e+00  5.80000000e-06  6.00000000e-01  1.20000000e+00 
 5.90000000e-06  1.28906955e+00  5.90000000e-06  6.00000000e-01  1.20000000e+00 
 6.00000000e-06  1.29040084e+00  6.00000000e-06  6.00000000e-01  1.20000000e+00 
