 i-sweep         v(vout)         i(viin)         v(vgate)        v(vmid)        
 0.00000000e+00  7.83005577e-01  0.00000000e+00  1.30000000e+00  9.00000000e-01 
 1.00000000e-07  1.01681358e+00  1.00000000e-07  1.30000000e+00  9.00000000e-01 
 2.00000000e-07  1.04909268e+00  2.00000000e-07  1.30000000e+00  9.00000000e-01 
 3.00000000e-07  1.06813412e+00  3.00000000e-07  1.30000000e+00  9.00000000e-01 
 4.00000000e-07  1.08142056e+00  4.00000000e-07  1.30000000e+00  9.00000000e-01 
 5.00000000e-07  1.09189552e+00  5.00000000e-07  1.30000000e+00  9.00000000e-01 
 6.00000000e-07  1.10133559e+00  6.00000000e-07  1.30000000e+00  9.00000000e-01 
 7.00000000e-07  1.10839323e+00  7.00000000e-07  1.30000000e+00  9.00000000e-01 
 8.00000000e-07  1.11480174e+00  8.00000000e-07  1.30000000e+00  9.00000000e-01 
 9.00000000e-07  1.12052196e+00  9.00000000e-07  1.30000000e+00  9.00000000e-01 
 1.00000000e-06  1.12572109e+00  1.00000000e-06  1.30000000e+00  9.00000000e-01 
 1.10000000e-06  1.13049360e+00  1.10000000e-06  1.30000000e+00  9.00000000e-01 
 1.20000000e-06  1.13491283e+00  1.20000000e-06  1.30000000e+00  9.00000000e-01 
 1.30000000e-06  1.13903451e+00  1.30000000e-06  1.30000000e+00  9.00000000e-01 
 1.40000000e-06  1.14290210e+00  1.40000000e-06  1.30000000e+00  9.00000000e-01 
 1.50000000e-06  1.14655017e+00  1.50000000e-06  1.30000000e+00  9.00000000e-01 
 1.60000000e-06  1.15000665e+00  1.60000000e-06  1.30000000e+00  9.00000000e-01 
 1.70000000e-06  1.15329441e+00  1.70000000e-06  1.30000000e+00  9.00000000e-01 
 1.80000000e-06  1.15643243e+00  1.80000000e-06  1.30000000e+00  9.00000000e-01 
 1.90000000e-06  1.15943660e+00  1.90000000e-06  1.30000000e+00  9.00000000e-01 
 2.00000000e-06  1.16232040e+00  2.00000000e-06  1.30000000e+00  9.00000000e-01 
 2.10000000e-06  1.16509534e+00  2.10000000e-06  1.30000000e+00  9.00000000e-01 
 2.20000000e-06  1.16777131e+00  2.20000000e-06  1.30000000e+00  9.00000000e-01 
 2.30000000e-06  1.17035691e+00  2.30000000e-06  1.30000000e+00  9.00000000e-01 
 2.40000000e-06  1.17285964e+00  2.40000000e-06  1.30000000e+00  9.00000000e-01 
 2.50000000e-06  1.17528608e+00  2.50000000e-06  1.30000000e+00  9.00000000e-01 
 2.60000000e-06  1.17764204e+00  2.60000000e-06  1.30000000e+00  9.00000000e-01 
 2.70000000e-06  1.17993269e+00  2.70000000e-06  1.30000000e+00  9.00000000e-01 
 2.80000000e-06  1.18216262e+00  2.80000000e-06  1.30000000e+00  9.00000000e-01 
 2.90000000e-06  1.18433594e+00  2.90000000e-06  1.30000000e+00  9.00000000e-01 
 3.00000000e-06  1.18645637e+00  3.00000000e-06  1.30000000e+00  9.00000000e-01 
 3.10000000e-06  1.18852723e+00  3.10000000e-06  1.30000000e+00  9.00000000e-01 
 3.20000000e-06  1.19055157e+00  3.20000000e-06  1.30000000e+00  9.00000000e-01 
 3.30000000e-06  1.19253211e+00  3.30000000e-06  1.30000000e+00  9.00000000e-01 
 3.40000000e-06  1.19447138e+00  3.40000000e-06  1.30000000e+00  9.00000000e-01 
 3.50000000e-06  1.19637165e+00  3.50000000e-06  1.30000000e+00  9.00000000e-01 
 3.60000000e-06  1.19823502e+00  3.60000000e-06  1.30000000e+00  9.00000000e-01 
 3.70000000e-06  1.20006342e+00  3.70000000e-06  1.30000000e+00  9.00000000e-01 
 3.80000000e-06  1.20185863e+00  3.80000000e-06  1.30000000e+00  9.00000000e-01 
 3.90000000e-06  1.20362228e+00  3.90000000e-06  1.30000000e+00  9.00000000e-01 
 4.00000000e-06  1.20535589e+00  4.00000000e-06  1.30000000e+00  9.00000000e-01 
 4.10000000e-06  1.20706086e+00  4.10000000e-06  1.30000000e+00  9.00000000e-01 
 4.20000000e-06  1.20873849e+00  4.20000000e-06  1.30000000e+00  9.00000000e-01 
 4.30000000e-06  1.21039000e+00  4.30000000e-06  1.30000000e+00  9.00000000e-01 
 4.40000000e-06  1.21201653e+00  4.40000000e-06  1.30000000e+00  9.00000000e-01 
 4.50000000e-06  1.21361912e+00  4.50000000e-06  1.30000000e+00  9.00000000e-01 
 4.60000000e-06  1.21519876e+00  4.60000000e-06  1.30000000e+00  9.00000000e-01 
 4.70000000e-06  1.21675638e+00  4.70000000e-06  1.30000000e+00  9.00000000e-01 
 4.80000000e-06  1.21829285e+00  4.80000000e-06  1.30000000e+00  9.00000000e-01 
 4.90000000e-06  1.21980898e+00  4.90000000e-06  1.30000000e+00  9.00000000e-01 
 5.00000000e-06  1.22130554e+00  5.00000000e-06  1.30000000e+00  9.00000000e-01 
 5.10000000e-06  1.22278325e+00  5.10000000e-06  1.30000000e+00  9.00000000e-01 
 5.20000000e-06  1.22424280e+00  5.20000000e-06  1.30000000e+00  9.00000000e-01 
 5.30000000e-06  1.22568481e+00  5.30000000e-06  1.30000000e+00  9.00000000e-01 
 5.40000000e-06  1.22710991e+00  5.40000000e-06  1.30000000e+00  9.00000000e-01 
 5.50000000e-06  1.22851866e+00  5.50000000e-06  1.30000000e+00  9.00000000e-01 
 5.60000000e-06  1.22991161e+00  5.60000000e-06  1.30000000e+00  9.00000000e-01 
 5.70000000e-06  1.23128928e+00  5.70000000e-06  1.30000000e+00  9.00000000e-01 
 5.80000000e-06  1.23265216e+00  5.80000000e-06  1.30000000e+00  9.00000000e-01 
 5.90000000e-06  1.23400071e+00  5.90000000e-06  1.30000000e+00  9.00000000e-01 
 6.00000000e-06  1.23533537e+00  6.00000000e-06  1.30000000e+00  9.00000000e-01 
 6.10000000e-06  1.23665657e+00  6.10000000e-06  1.30000000e+00  9.00000000e-01 
 6.20000000e-06  1.23796470e+00  6.20000000e-06  1.30000000e+00  9.00000000e-01 
 6.30000000e-06  1.23926016e+00  6.30000000e-06  1.30000000e+00  9.00000000e-01 
 6.40000000e-06  1.24054330e+00  6.40000000e-06  1.30000000e+00  9.00000000e-01 
 6.50000000e-06  1.24181447e+00  6.50000000e-06  1.30000000e+00  9.00000000e-01 
 6.60000000e-06  1.24307400e+00  6.60000000e-06  1.30000000e+00  9.00000000e-01 
 6.70000000e-06  1.24432222e+00  6.70000000e-06  1.30000000e+00  9.00000000e-01 
 6.80000000e-06  1.24555943e+00  6.80000000e-06  1.30000000e+00  9.00000000e-01 
 6.90000000e-06  1.24678592e+00  6.90000000e-06  1.30000000e+00  9.00000000e-01 
 7.00000000e-06  1.24800197e+00  7.00000000e-06  1.30000000e+00  9.00000000e-01 
 7.10000000e-06  1.24920784e+00  7.10000000e-06  1.30000000e+00  9.00000000e-01 
 7.20000000e-06  1.25040380e+00  7.20000000e-06  1.30000000e+00  9.00000000e-01 
 7.30000000e-06  1.25159009e+00  7.30000000e-06  1.30000000e+00  9.00000000e-01 
 7.40000000e-06  1.25276695e+00  7.40000000e-06  1.30000000e+00  9.00000000e-01 
 7.50000000e-06  1.25393461e+00  7.50000000e-06  1.30000000e+00  9.00000000e-01 
 7.60000000e-06  1.25509328e+00  7.60000000e-06  1.30000000e+00  9.00000000e-01 
 7.70000000e-06  1.25624318e+00  7.70000000e-06  1.30000000e+00  9.00000000e-01 
 7.80000000e-06  1.25738450e+00  7.80000000e-06  1.30000000e+00  9.00000000e-01 
 7.90000000e-06  1.25851745e+00  7.90000000e-06  1.30000000e+00  9.00000000e-01 
 8.00000000e-06  1.25964222e+00  8.00000000e-06  1.30000000e+00  9.00000000e-01 
 8.10000000e-06  1.26075898e+00  8.10000000e-06  1.30000000e+00  9.00000000e-01 
 8.20000000e-06  1.26186790e+00  8.20000000e-06  1.30000000e+00  9.00000000e-01 
 8.30000000e-06  1.26296917e+00  8.30000000e-06  1.30000000e+00  9.00000000e-01 
 8.40000000e-06  1.26406294e+00  8.40000000e-06  1.30000000e+00  9.00000000e-01 
 8.50000000e-06  1.26514937e+00  8.50000000e-06  1.30000000e+00  9.00000000e-01 
 8.60000000e-06  1.26622861e+00  8.60000000e-06  1.30000000e+00  9.00000000e-01 
 8.70000000e-06  1.26730081e+00  8.70000000e-06  1.30000000e+00  9.00000000e-01 
 8.80000000e-06  1.26836611e+00  8.80000000e-06  1.30000000e+00  9.00000000e-01 
 8.90000000e-06  1.26942465e+00  8.90000000e-06  1.30000000e+00  9.00000000e-01 
 9.00000000e-06  1.27047657e+00  9.00000000e-06  1.30000000e+00  9.00000000e-01 
 9.10000000e-06  1.27152199e+00  9.10000000e-06  1.30000000e+00  9.00000000e-01 
 9.20000000e-06  1.27256103e+00  9.20000000e-06  1.30000000e+00  9.00000000e-01 
 9.30000000e-06  1.27359382e+00  9.30000000e-06  1.30000000e+00  9.00000000e-01 
 9.40000000e-06  1.27462048e+00  9.40000000e-06  1.30000000e+00  9.00000000e-01 
 9.50000000e-06  1.27564112e+00  9.50000000e-06  1.30000000e+00  9.00000000e-01 
 9.60000000e-06  1.27665585e+00  9.60000000e-06  1.30000000e+00  9.00000000e-01 
 9.70000000e-06  1.27766478e+00  9.70000000e-06  1.30000000e+00  9.00000000e-01 
 9.80000000e-06  1.27866801e+00  9.80000000e-06  1.30000000e+00  9.00000000e-01 
 9.90000000e-06  1.27966564e+00  9.90000000e-06  1.30000000e+00  9.00000000e-01 
 1.00000000e-05  1.28065777e+00  1.00000000e-05  1.30000000e+00  9.00000000e-01 
 1.01000000e-05  1.28164451e+00  1.01000000e-05  1.30000000e+00  9.00000000e-01 
 1.02000000e-05  1.28262593e+00  1.02000000e-05  1.30000000e+00  9.00000000e-01 
 1.03000000e-05  1.28360213e+00  1.03000000e-05  1.30000000e+00  9.00000000e-01 
 1.04000000e-05  1.28457319e+00  1.04000000e-05  1.30000000e+00  9.00000000e-01 
 1.05000000e-05  1.28553921e+00  1.05000000e-05  1.30000000e+00  9.00000000e-01 
 1.06000000e-05  1.28650027e+00  1.06000000e-05  1.30000000e+00  9.00000000e-01 
 1.07000000e-05  1.28745644e+00  1.07000000e-05  1.30000000e+00  9.00000000e-01 
 1.08000000e-05  1.28840780e+00  1.08000000e-05  1.30000000e+00  9.00000000e-01 
 1.09000000e-05  1.28935444e+00  1.09000000e-05  1.30000000e+00  9.00000000e-01 
 1.10000000e-05  1.29029642e+00  1.10000000e-05  1.30000000e+00  9.00000000e-01 
 1.11000000e-05  1.29123383e+00  1.11000000e-05  1.30000000e+00  9.00000000e-01 
 1.12000000e-05  1.29216672e+00  1.12000000e-05  1.30000000e+00  9.00000000e-01 
 1.13000000e-05  1.29309517e+00  1.13000000e-05  1.30000000e+00  9.00000000e-01 
 1.14000000e-05  1.29401924e+00  1.14000000e-05  1.30000000e+00  9.00000000e-01 
 1.15000000e-05  1.29493901e+00  1.15000000e-05  1.30000000e+00  9.00000000e-01 
 1.16000000e-05  1.29585453e+00  1.16000000e-05  1.30000000e+00  9.00000000e-01 
 1.17000000e-05  1.29676587e+00  1.17000000e-05  1.30000000e+00  9.00000000e-01 
 1.18000000e-05  1.29767309e+00  1.18000000e-05  1.30000000e+00  9.00000000e-01 
 1.19000000e-05  1.29857625e+00  1.19000000e-05  1.30000000e+00  9.00000000e-01 
 1.20000000e-05  1.29947541e+00  1.20000000e-05  1.30000000e+00  9.00000000e-01 
 1.21000000e-05  1.30037061e+00  1.21000000e-05  1.30000000e+00  9.00000000e-01 
 1.22000000e-05  1.30126193e+00  1.22000000e-05  1.30000000e+00  9.00000000e-01 
 1.23000000e-05  1.30214941e+00  1.23000000e-05  1.30000000e+00  9.00000000e-01 
 1.24000000e-05  1.30303311e+00  1.24000000e-05  1.30000000e+00  9.00000000e-01 
 1.25000000e-05  1.30391307e+00  1.25000000e-05  1.30000000e+00  9.00000000e-01 
 1.26000000e-05  1.30478935e+00  1.26000000e-05  1.30000000e+00  9.00000000e-01 
 1.27000000e-05  1.30566200e+00  1.27000000e-05  1.30000000e+00  9.00000000e-01 
 1.28000000e-05  1.30653106e+00  1.28000000e-05  1.30000000e+00  9.00000000e-01 
 1.29000000e-05  1.30739659e+00  1.29000000e-05  1.30000000e+00  9.00000000e-01 
 1.30000000e-05  1.30825862e+00  1.30000000e-05  1.30000000e+00  9.00000000e-01 
 1.31000000e-05  1.30911721e+00  1.31000000e-05  1.30000000e+00  9.00000000e-01 
 1.32000000e-05  1.30997240e+00  1.32000000e-05  1.30000000e+00  9.00000000e-01 
 1.33000000e-05  1.31082424e+00  1.33000000e-05  1.30000000e+00  9.00000000e-01 
 1.34000000e-05  1.31167275e+00  1.34000000e-05  1.30000000e+00  9.00000000e-01 
 1.35000000e-05  1.31251800e+00  1.35000000e-05  1.30000000e+00  9.00000000e-01 
 1.36000000e-05  1.31336001e+00  1.36000000e-05  1.30000000e+00  9.00000000e-01 
 1.37000000e-05  1.31419882e+00  1.37000000e-05  1.30000000e+00  9.00000000e-01 
 1.38000000e-05  1.31503449e+00  1.38000000e-05  1.30000000e+00  9.00000000e-01 
 1.39000000e-05  1.31586703e+00  1.39000000e-05  1.30000000e+00  9.00000000e-01 
 1.40000000e-05  1.31669650e+00  1.40000000e-05  1.30000000e+00  9.00000000e-01 
 1.41000000e-05  1.31752293e+00  1.41000000e-05  1.30000000e+00  9.00000000e-01 
 1.42000000e-05  1.31834635e+00  1.42000000e-05  1.30000000e+00  9.00000000e-01 
 1.43000000e-05  1.31916680e+00  1.43000000e-05  1.30000000e+00  9.00000000e-01 
 1.44000000e-05  1.31998432e+00  1.44000000e-05  1.30000000e+00  9.00000000e-01 
 1.45000000e-05  1.32079893e+00  1.45000000e-05  1.30000000e+00  9.00000000e-01 
 1.46000000e-05  1.32161067e+00  1.46000000e-05  1.30000000e+00  9.00000000e-01 
 1.47000000e-05  1.32241958e+00  1.47000000e-05  1.30000000e+00  9.00000000e-01 
 1.48000000e-05  1.32322569e+00  1.48000000e-05  1.30000000e+00  9.00000000e-01 
 1.49000000e-05  1.32402902e+00  1.49000000e-05  1.30000000e+00  9.00000000e-01 
 1.50000000e-05  1.32482962e+00  1.50000000e-05  1.30000000e+00  9.00000000e-01 
 1.51000000e-05  1.32562750e+00  1.51000000e-05  1.30000000e+00  9.00000000e-01 
 1.52000000e-05  1.32642270e+00  1.52000000e-05  1.30000000e+00  9.00000000e-01 
 1.53000000e-05  1.32721525e+00  1.53000000e-05  1.30000000e+00  9.00000000e-01 
 1.54000000e-05  1.32800517e+00  1.54000000e-05  1.30000000e+00  9.00000000e-01 
 1.55000000e-05  1.32879251e+00  1.55000000e-05  1.30000000e+00  9.00000000e-01 
 1.56000000e-05  1.32957727e+00  1.56000000e-05  1.30000000e+00  9.00000000e-01 
 1.57000000e-05  1.33035949e+00  1.57000000e-05  1.30000000e+00  9.00000000e-01 
 1.58000000e-05  1.33113920e+00  1.58000000e-05  1.30000000e+00  9.00000000e-01 
 1.59000000e-05  1.33191642e+00  1.59000000e-05  1.30000000e+00  9.00000000e-01 
 1.60000000e-05  1.33269118e+00  1.60000000e-05  1.30000000e+00  9.00000000e-01 
 1.61000000e-05  1.33346351e+00  1.61000000e-05  1.30000000e+00  9.00000000e-01 
 1.62000000e-05  1.33423342e+00  1.62000000e-05  1.30000000e+00  9.00000000e-01 
 1.63000000e-05  1.33500094e+00  1.63000000e-05  1.30000000e+00  9.00000000e-01 
 1.64000000e-05  1.33576611e+00  1.64000000e-05  1.30000000e+00  9.00000000e-01 
 1.65000000e-05  1.33652893e+00  1.65000000e-05  1.30000000e+00  9.00000000e-01 
 1.66000000e-05  1.33728944e+00  1.66000000e-05  1.30000000e+00  9.00000000e-01 
 1.67000000e-05  1.33804765e+00  1.67000000e-05  1.30000000e+00  9.00000000e-01 
 1.68000000e-05  1.33880360e+00  1.68000000e-05  1.30000000e+00  9.00000000e-01 
 1.69000000e-05  1.33955729e+00  1.69000000e-05  1.30000000e+00  9.00000000e-01 
 1.70000000e-05  1.34030876e+00  1.70000000e-05  1.30000000e+00  9.00000000e-01 
 1.71000000e-05  1.34105803e+00  1.71000000e-05  1.30000000e+00  9.00000000e-01 
 1.72000000e-05  1.34180510e+00  1.72000000e-05  1.30000000e+00  9.00000000e-01 
 1.73000000e-05  1.34255002e+00  1.73000000e-05  1.30000000e+00  9.00000000e-01 
 1.74000000e-05  1.34329279e+00  1.74000000e-05  1.30000000e+00  9.00000000e-01 
 1.75000000e-05  1.34403345e+00  1.75000000e-05  1.30000000e+00  9.00000000e-01 
 1.76000000e-05  1.34477199e+00  1.76000000e-05  1.30000000e+00  9.00000000e-01 
 1.77000000e-05  1.34550846e+00  1.77000000e-05  1.30000000e+00  9.00000000e-01 
 1.78000000e-05  1.34624286e+00  1.78000000e-05  1.30000000e+00  9.00000000e-01 
 1.79000000e-05  1.34697521e+00  1.79000000e-05  1.30000000e+00  9.00000000e-01 
 1.80000000e-05  1.34770554e+00  1.80000000e-05  1.30000000e+00  9.00000000e-01 
 1.81000000e-05  1.34843385e+00  1.81000000e-05  1.30000000e+00  9.00000000e-01 
 1.82000000e-05  1.34916018e+00  1.82000000e-05  1.30000000e+00  9.00000000e-01 
 1.83000000e-05  1.34988453e+00  1.83000000e-05  1.30000000e+00  9.00000000e-01 
 1.84000000e-05  1.35060693e+00  1.84000000e-05  1.30000000e+00  9.00000000e-01 
 1.85000000e-05  1.35132739e+00  1.85000000e-05  1.30000000e+00  9.00000000e-01 
 1.86000000e-05  1.35204593e+00  1.86000000e-05  1.30000000e+00  9.00000000e-01 
 1.87000000e-05  1.35276257e+00  1.87000000e-05  1.30000000e+00  9.00000000e-01 
 1.88000000e-05  1.35347731e+00  1.88000000e-05  1.30000000e+00  9.00000000e-01 
 1.89000000e-05  1.35419019e+00  1.89000000e-05  1.30000000e+00  9.00000000e-01 
 1.90000000e-05  1.35490121e+00  1.90000000e-05  1.30000000e+00  9.00000000e-01 
 1.91000000e-05  1.35561039e+00  1.91000000e-05  1.30000000e+00  9.00000000e-01 
 1.92000000e-05  1.35631774e+00  1.92000000e-05  1.30000000e+00  9.00000000e-01 
 1.93000000e-05  1.35702329e+00  1.93000000e-05  1.30000000e+00  9.00000000e-01 
 1.94000000e-05  1.35772704e+00  1.94000000e-05  1.30000000e+00  9.00000000e-01 
 1.95000000e-05  1.35842901e+00  1.95000000e-05  1.30000000e+00  9.00000000e-01 
 1.96000000e-05  1.35912922e+00  1.96000000e-05  1.30000000e+00  9.00000000e-01 
 1.97000000e-05  1.35982768e+00  1.97000000e-05  1.30000000e+00  9.00000000e-01 
 1.98000000e-05  1.36052440e+00  1.98000000e-05  1.30000000e+00  9.00000000e-01 
 1.99000000e-05  1.36121940e+00  1.99000000e-05  1.30000000e+00  9.00000000e-01 
 2.00000000e-05  1.36191269e+00  2.00000000e-05  1.30000000e+00  9.00000000e-01 
 2.01000000e-05  1.36260429e+00  2.01000000e-05  1.30000000e+00  9.00000000e-01 
 2.02000000e-05  1.36329421e+00  2.02000000e-05  1.30000000e+00  9.00000000e-01 
 2.03000000e-05  1.36398246e+00  2.03000000e-05  1.30000000e+00  9.00000000e-01 
 2.04000000e-05  1.36466906e+00  2.04000000e-05  1.30000000e+00  9.00000000e-01 
 2.05000000e-05  1.36535402e+00  2.05000000e-05  1.30000000e+00  9.00000000e-01 
 2.06000000e-05  1.36603735e+00  2.06000000e-05  1.30000000e+00  9.00000000e-01 
 2.07000000e-05  1.36671906e+00  2.07000000e-05  1.30000000e+00  9.00000000e-01 
 2.08000000e-05  1.36739917e+00  2.08000000e-05  1.30000000e+00  9.00000000e-01 
 2.09000000e-05  1.36807769e+00  2.09000000e-05  1.30000000e+00  9.00000000e-01 
 2.10000000e-05  1.36875463e+00  2.10000000e-05  1.30000000e+00  9.00000000e-01 
 2.11000000e-05  1.36943001e+00  2.11000000e-05  1.30000000e+00  9.00000000e-01 
 2.12000000e-05  1.37010383e+00  2.12000000e-05  1.30000000e+00  9.00000000e-01 
 2.13000000e-05  1.37077611e+00  2.13000000e-05  1.30000000e+00  9.00000000e-01 
 2.14000000e-05  1.37144686e+00  2.14000000e-05  1.30000000e+00  9.00000000e-01 
 2.15000000e-05  1.37211609e+00  2.15000000e-05  1.30000000e+00  9.00000000e-01 
 2.16000000e-05  1.37278381e+00  2.16000000e-05  1.30000000e+00  9.00000000e-01 
 2.17000000e-05  1.37345003e+00  2.17000000e-05  1.30000000e+00  9.00000000e-01 
 2.18000000e-05  1.37411476e+00  2.18000000e-05  1.30000000e+00  9.00000000e-01 
 2.19000000e-05  1.37477802e+00  2.19000000e-05  1.30000000e+00  9.00000000e-01 
 2.20000000e-05  1.37543982e+00  2.20000000e-05  1.30000000e+00  9.00000000e-01 
 2.21000000e-05  1.37610016e+00  2.21000000e-05  1.30000000e+00  9.00000000e-01 
 2.22000000e-05  1.37675906e+00  2.22000000e-05  1.30000000e+00  9.00000000e-01 
 2.23000000e-05  1.37741652e+00  2.23000000e-05  1.30000000e+00  9.00000000e-01 
 2.24000000e-05  1.37807256e+00  2.24000000e-05  1.30000000e+00  9.00000000e-01 
 2.25000000e-05  1.37872719e+00  2.25000000e-05  1.30000000e+00  9.00000000e-01 
 2.26000000e-05  1.37938042e+00  2.26000000e-05  1.30000000e+00  9.00000000e-01 
 2.27000000e-05  1.38003225e+00  2.27000000e-05  1.30000000e+00  9.00000000e-01 
 2.28000000e-05  1.38068270e+00  2.28000000e-05  1.30000000e+00  9.00000000e-01 
 2.29000000e-05  1.38133177e+00  2.29000000e-05  1.30000000e+00  9.00000000e-01 
 2.30000000e-05  1.38197948e+00  2.30000000e-05  1.30000000e+00  9.00000000e-01 
 2.31000000e-05  1.38262584e+00  2.31000000e-05  1.30000000e+00  9.00000000e-01 
 2.32000000e-05  1.38327085e+00  2.32000000e-05  1.30000000e+00  9.00000000e-01 
 2.33000000e-05  1.38391452e+00  2.33000000e-05  1.30000000e+00  9.00000000e-01 
 2.34000000e-05  1.38455686e+00  2.34000000e-05  1.30000000e+00  9.00000000e-01 
 2.35000000e-05  1.38519789e+00  2.35000000e-05  1.30000000e+00  9.00000000e-01 
 2.36000000e-05  1.38583761e+00  2.36000000e-05  1.30000000e+00  9.00000000e-01 
 2.37000000e-05  1.38647602e+00  2.37000000e-05  1.30000000e+00  9.00000000e-01 
 2.38000000e-05  1.38711315e+00  2.38000000e-05  1.30000000e+00  9.00000000e-01 
 2.39000000e-05  1.38774899e+00  2.39000000e-05  1.30000000e+00  9.00000000e-01 
 2.40000000e-05  1.38838356e+00  2.40000000e-05  1.30000000e+00  9.00000000e-01 
 2.41000000e-05  1.38901686e+00  2.41000000e-05  1.30000000e+00  9.00000000e-01 
 2.42000000e-05  1.38964890e+00  2.42000000e-05  1.30000000e+00  9.00000000e-01 
 2.43000000e-05  1.39027969e+00  2.43000000e-05  1.30000000e+00  9.00000000e-01 
 2.44000000e-05  1.39090924e+00  2.44000000e-05  1.30000000e+00  9.00000000e-01 
 2.45000000e-05  1.39153755e+00  2.45000000e-05  1.30000000e+00  9.00000000e-01 
 2.46000000e-05  1.39216464e+00  2.46000000e-05  1.30000000e+00  9.00000000e-01 
 2.47000000e-05  1.39279051e+00  2.47000000e-05  1.30000000e+00  9.00000000e-01 
 2.48000000e-05  1.39341517e+00  2.48000000e-05  1.30000000e+00  9.00000000e-01 
 2.49000000e-05  1.39403863e+00  2.49000000e-05  1.30000000e+00  9.00000000e-01 
 2.50000000e-05  1.39466089e+00  2.50000000e-05  1.30000000e+00  9.00000000e-01 
 2.51000000e-05  1.39528196e+00  2.51000000e-05  1.30000000e+00  9.00000000e-01 
 2.52000000e-05  1.39590186e+00  2.52000000e-05  1.30000000e+00  9.00000000e-01 
 2.53000000e-05  1.39652058e+00  2.53000000e-05  1.30000000e+00  9.00000000e-01 
 2.54000000e-05  1.39713813e+00  2.54000000e-05  1.30000000e+00  9.00000000e-01 
 2.55000000e-05  1.39775453e+00  2.55000000e-05  1.30000000e+00  9.00000000e-01 
 2.56000000e-05  1.39836978e+00  2.56000000e-05  1.30000000e+00  9.00000000e-01 
 2.57000000e-05  1.39898388e+00  2.57000000e-05  1.30000000e+00  9.00000000e-01 
 2.58000000e-05  1.39959684e+00  2.58000000e-05  1.30000000e+00  9.00000000e-01 
 2.59000000e-05  1.40020868e+00  2.59000000e-05  1.30000000e+00  9.00000000e-01 
 2.60000000e-05  1.40081939e+00  2.60000000e-05  1.30000000e+00  9.00000000e-01 
 2.61000000e-05  1.40142898e+00  2.61000000e-05  1.30000000e+00  9.00000000e-01 
 2.62000000e-05  1.40203746e+00  2.62000000e-05  1.30000000e+00  9.00000000e-01 
 2.63000000e-05  1.40264484e+00  2.63000000e-05  1.30000000e+00  9.00000000e-01 
 2.64000000e-05  1.40325113e+00  2.64000000e-05  1.30000000e+00  9.00000000e-01 
 2.65000000e-05  1.40385632e+00  2.65000000e-05  1.30000000e+00  9.00000000e-01 
 2.66000000e-05  1.40446043e+00  2.66000000e-05  1.30000000e+00  9.00000000e-01 
 2.67000000e-05  1.40506346e+00  2.67000000e-05  1.30000000e+00  9.00000000e-01 
 2.68000000e-05  1.40566542e+00  2.68000000e-05  1.30000000e+00  9.00000000e-01 
 2.69000000e-05  1.40626632e+00  2.69000000e-05  1.30000000e+00  9.00000000e-01 
 2.70000000e-05  1.40686615e+00  2.70000000e-05  1.30000000e+00  9.00000000e-01 
 2.71000000e-05  1.40746494e+00  2.71000000e-05  1.30000000e+00  9.00000000e-01 
 2.72000000e-05  1.40806267e+00  2.72000000e-05  1.30000000e+00  9.00000000e-01 
 2.73000000e-05  1.40865937e+00  2.73000000e-05  1.30000000e+00  9.00000000e-01 
 2.74000000e-05  1.40925503e+00  2.74000000e-05  1.30000000e+00  9.00000000e-01 
 2.75000000e-05  1.40984967e+00  2.75000000e-05  1.30000000e+00  9.00000000e-01 
 2.76000000e-05  1.41044328e+00  2.76000000e-05  1.30000000e+00  9.00000000e-01 
 2.77000000e-05  1.41103587e+00  2.77000000e-05  1.30000000e+00  9.00000000e-01 
 2.78000000e-05  1.41162745e+00  2.78000000e-05  1.30000000e+00  9.00000000e-01 
 2.79000000e-05  1.41221803e+00  2.79000000e-05  1.30000000e+00  9.00000000e-01 
 2.80000000e-05  1.41280761e+00  2.80000000e-05  1.30000000e+00  9.00000000e-01 
 2.81000000e-05  1.41339619e+00  2.81000000e-05  1.30000000e+00  9.00000000e-01 
 2.82000000e-05  1.41398378e+00  2.82000000e-05  1.30000000e+00  9.00000000e-01 
 2.83000000e-05  1.41457039e+00  2.83000000e-05  1.30000000e+00  9.00000000e-01 
 2.84000000e-05  1.41515602e+00  2.84000000e-05  1.30000000e+00  9.00000000e-01 
 2.85000000e-05  1.41574068e+00  2.85000000e-05  1.30000000e+00  9.00000000e-01 
 2.86000000e-05  1.41632437e+00  2.86000000e-05  1.30000000e+00  9.00000000e-01 
 2.87000000e-05  1.41690710e+00  2.87000000e-05  1.30000000e+00  9.00000000e-01 
 2.88000000e-05  1.41748887e+00  2.88000000e-05  1.30000000e+00  9.00000000e-01 
 2.89000000e-05  1.41806969e+00  2.89000000e-05  1.30000000e+00  9.00000000e-01 
 2.90000000e-05  1.41864956e+00  2.90000000e-05  1.30000000e+00  9.00000000e-01 
 2.91000000e-05  1.41922849e+00  2.91000000e-05  1.30000000e+00  9.00000000e-01 
 2.92000000e-05  1.41980649e+00  2.92000000e-05  1.30000000e+00  9.00000000e-01 
 2.93000000e-05  1.42038355e+00  2.93000000e-05  1.30000000e+00  9.00000000e-01 
 2.94000000e-05  1.42095969e+00  2.94000000e-05  1.30000000e+00  9.00000000e-01 
 2.95000000e-05  1.42153490e+00  2.95000000e-05  1.30000000e+00  9.00000000e-01 
 2.96000000e-05  1.42210920e+00  2.96000000e-05  1.30000000e+00  9.00000000e-01 
 2.97000000e-05  1.42268258e+00  2.97000000e-05  1.30000000e+00  9.00000000e-01 
 2.98000000e-05  1.42325506e+00  2.98000000e-05  1.30000000e+00  9.00000000e-01 
 2.99000000e-05  1.42382664e+00  2.99000000e-05  1.30000000e+00  9.00000000e-01 
 3.00000000e-05  1.42439731e+00  3.00000000e-05  1.30000000e+00  9.00000000e-01 
