 i-sweep         v(vout)         i(viin)         v(vgate)        v(vmid)        
 0.00000000e+00  5.00000110e-01  0.00000000e+00  1.30000000e+00  5.00000000e-01 
 1.00000000e-07  5.14624595e-01  1.00000000e-07  1.30000000e+00  5.00000000e-01 
 2.00000000e-07  5.31177435e-01  2.00000000e-07  1.30000000e+00  5.00000000e-01 
 3.00000000e-07  5.50666606e-01  3.00000000e-07  1.30000000e+00  5.00000000e-01 
 4.00000000e-07  5.75419659e-01  4.00000000e-07  1.30000000e+00  5.00000000e-01 
 5.00000000e-07  6.14055956e-01  5.00000000e-07  1.30000000e+00  5.00000000e-01 
 6.00000000e-07  9.30248247e-01  6.00000000e-07  1.30000000e+00  5.00000000e-01 
 7.00000000e-07  1.02094746e+00  7.00000000e-07  1.30000000e+00  5.00000000e-01 
 8.00000000e-07  1.05034143e+00  8.00000000e-07  1.30000000e+00  5.00000000e-01 
 9.00000000e-07  1.06824682e+00  9.00000000e-07  1.30000000e+00  5.00000000e-01 
 1.00000000e-06  1.08121769e+00  1.00000000e-06  1.30000000e+00  5.00000000e-01 
 1.10000000e-06  1.09144391e+00  1.10000000e-06  1.30000000e+00  5.00000000e-01 
 1.20000000e-06  1.09992826e+00  1.20000000e-06  1.30000000e+00  5.00000000e-01 
 1.30000000e-06  1.10720954e+00  1.30000000e-06  1.30000000e+00  5.00000000e-01 
 1.40000000e-06  1.11361013e+00  1.40000000e-06  1.30000000e+00  5.00000000e-01 
 1.50000000e-06  1.11933972e+00  1.50000000e-06  1.30000000e+00  5.00000000e-01 
 1.60000000e-06  1.12453243e+00  1.60000000e-06  1.30000000e+00  5.00000000e-01 
 1.70000000e-06  1.12929909e+00  1.70000000e-06  1.30000000e+00  5.00000000e-01 
 1.80000000e-06  1.13371912e+00  1.80000000e-06  1.30000000e+00  5.00000000e-01 
 1.90000000e-06  1.13782926e+00  1.90000000e-06  1.30000000e+00  5.00000000e-01 
 2.00000000e-06  1.14168650e+00  2.00000000e-06  1.30000000e+00  5.00000000e-01 
 2.10000000e-06  1.14532514e+00  2.10000000e-06  1.30000000e+00  5.00000000e-01 
 2.20000000e-06  1.14877292e+00  2.20000000e-06  1.30000000e+00  5.00000000e-01 
 2.30000000e-06  1.15205260e+00  2.30000000e-06  1.30000000e+00  5.00000000e-01 
 2.40000000e-06  1.15518308e+00  2.40000000e-06  1.30000000e+00  5.00000000e-01 
 2.50000000e-06  1.15818022e+00  2.50000000e-06  1.30000000e+00  5.00000000e-01 
 2.60000000e-06  1.16105744e+00  2.60000000e-06  1.30000000e+00  5.00000000e-01 
 2.70000000e-06  1.16382620e+00  2.70000000e-06  1.30000000e+00  5.00000000e-01 
 2.80000000e-06  1.16649638e+00  2.80000000e-06  1.30000000e+00  5.00000000e-01 
 2.90000000e-06  1.16907654e+00  2.90000000e-06  1.30000000e+00  5.00000000e-01 
 3.00000000e-06  1.17157414e+00  3.00000000e-06  1.30000000e+00  5.00000000e-01 
 3.10000000e-06  1.17399575e+00  3.10000000e-06  1.30000000e+00  5.00000000e-01 
 3.20000000e-06  1.17634716e+00  3.20000000e-06  1.30000000e+00  5.00000000e-01 
 3.30000000e-06  1.17863351e+00  3.30000000e-06  1.30000000e+00  5.00000000e-01 
 3.40000000e-06  1.18085936e+00  3.40000000e-06  1.30000000e+00  5.00000000e-01 
 3.50000000e-06  1.18302884e+00  3.50000000e-06  1.30000000e+00  5.00000000e-01 
 3.60000000e-06  1.18514561e+00  3.60000000e-06  1.30000000e+00  5.00000000e-01 
 3.70000000e-06  1.18721301e+00  3.70000000e-06  1.30000000e+00  5.00000000e-01 
 3.80000000e-06  1.18923405e+00  3.80000000e-06  1.30000000e+00  5.00000000e-01 
 3.90000000e-06  1.19121146e+00  3.90000000e-06  1.30000000e+00  5.00000000e-01 
 4.00000000e-06  1.19314774e+00  4.00000000e-06  1.30000000e+00  5.00000000e-01 
 4.10000000e-06  1.19504516e+00  4.10000000e-06  1.30000000e+00  5.00000000e-01 
 4.20000000e-06  1.19690582e+00  4.20000000e-06  1.30000000e+00  5.00000000e-01 
 4.30000000e-06  1.19873863e+00  4.30000000e-06  1.30000000e+00  5.00000000e-01 
 4.40000000e-06  1.20053028e+00  4.40000000e-06  1.30000000e+00  5.00000000e-01 
 4.50000000e-06  1.20229065e+00  4.50000000e-06  1.30000000e+00  5.00000000e-01 
 4.60000000e-06  1.20402122e+00  4.60000000e-06  1.30000000e+00  5.00000000e-01 
 4.70000000e-06  1.20572336e+00  4.70000000e-06  1.30000000e+00  5.00000000e-01 
 4.80000000e-06  1.20739836e+00  4.80000000e-06  1.30000000e+00  5.00000000e-01 
 4.90000000e-06  1.20904741e+00  4.90000000e-06  1.30000000e+00  5.00000000e-01 
 5.00000000e-06  1.21067162e+00  5.00000000e-06  1.30000000e+00  5.00000000e-01 
 5.10000000e-06  1.21227202e+00  5.10000000e-06  1.30000000e+00  5.00000000e-01 
 5.20000000e-06  1.21384960e+00  5.20000000e-06  1.30000000e+00  5.00000000e-01 
 5.30000000e-06  1.21540526e+00  5.30000000e-06  1.30000000e+00  5.00000000e-01 
 5.40000000e-06  1.21693987e+00  5.40000000e-06  1.30000000e+00  5.00000000e-01 
 5.50000000e-06  1.21845423e+00  5.50000000e-06  1.30000000e+00  5.00000000e-01 
 5.60000000e-06  1.21994909e+00  5.60000000e-06  1.30000000e+00  5.00000000e-01 
 5.70000000e-06  1.22142519e+00  5.70000000e-06  1.30000000e+00  5.00000000e-01 
 5.80000000e-06  1.22288318e+00  5.80000000e-06  1.30000000e+00  5.00000000e-01 
 5.90000000e-06  1.22432371e+00  5.90000000e-06  1.30000000e+00  5.00000000e-01 
 6.00000000e-06  1.22574737e+00  6.00000000e-06  1.30000000e+00  5.00000000e-01 
 6.10000000e-06  1.22715475e+00  6.10000000e-06  1.30000000e+00  5.00000000e-01 
 6.20000000e-06  1.22854638e+00  6.20000000e-06  1.30000000e+00  5.00000000e-01 
 6.30000000e-06  1.22992277e+00  6.30000000e-06  1.30000000e+00  5.00000000e-01 
 6.40000000e-06  1.23128442e+00  6.40000000e-06  1.30000000e+00  5.00000000e-01 
 6.50000000e-06  1.23263177e+00  6.50000000e-06  1.30000000e+00  5.00000000e-01 
 6.60000000e-06  1.23396528e+00  6.60000000e-06  1.30000000e+00  5.00000000e-01 
 6.70000000e-06  1.23528537e+00  6.70000000e-06  1.30000000e+00  5.00000000e-01 
 6.80000000e-06  1.23659242e+00  6.80000000e-06  1.30000000e+00  5.00000000e-01 
 6.90000000e-06  1.23788683e+00  6.90000000e-06  1.30000000e+00  5.00000000e-01 
 7.00000000e-06  1.23916895e+00  7.00000000e-06  1.30000000e+00  5.00000000e-01 
 7.10000000e-06  1.24043914e+00  7.10000000e-06  1.30000000e+00  5.00000000e-01 
 7.20000000e-06  1.24169771e+00  7.20000000e-06  1.30000000e+00  5.00000000e-01 
 7.30000000e-06  1.24294500e+00  7.30000000e-06  1.30000000e+00  5.00000000e-01 
 7.40000000e-06  1.24418131e+00  7.40000000e-06  1.30000000e+00  5.00000000e-01 
 7.50000000e-06  1.24540691e+00  7.50000000e-06  1.30000000e+00  5.00000000e-01 
 7.60000000e-06  1.24662210e+00  7.60000000e-06  1.30000000e+00  5.00000000e-01 
 7.70000000e-06  1.24782714e+00  7.70000000e-06  1.30000000e+00  5.00000000e-01 
 7.80000000e-06  1.24902229e+00  7.80000000e-06  1.30000000e+00  5.00000000e-01 
 7.90000000e-06  1.25020779e+00  7.90000000e-06  1.30000000e+00  5.00000000e-01 
 8.00000000e-06  1.25138388e+00  8.00000000e-06  1.30000000e+00  5.00000000e-01 
 8.10000000e-06  1.25255078e+00  8.10000000e-06  1.30000000e+00  5.00000000e-01 
 8.20000000e-06  1.25370872e+00  8.20000000e-06  1.30000000e+00  5.00000000e-01 
 8.30000000e-06  1.25485790e+00  8.30000000e-06  1.30000000e+00  5.00000000e-01 
 8.40000000e-06  1.25599852e+00  8.40000000e-06  1.30000000e+00  5.00000000e-01 
 8.50000000e-06  1.25713079e+00  8.50000000e-06  1.30000000e+00  5.00000000e-01 
 8.60000000e-06  1.25825489e+00  8.60000000e-06  1.30000000e+00  5.00000000e-01 
 8.70000000e-06  1.25937099e+00  8.70000000e-06  1.30000000e+00  5.00000000e-01 
 8.80000000e-06  1.26047928e+00  8.80000000e-06  1.30000000e+00  5.00000000e-01 
 8.90000000e-06  1.26157993e+00  8.90000000e-06  1.30000000e+00  5.00000000e-01 
 9.00000000e-06  1.26267309e+00  9.00000000e-06  1.30000000e+00  5.00000000e-01 
 9.10000000e-06  1.26375892e+00  9.10000000e-06  1.30000000e+00  5.00000000e-01 
 9.20000000e-06  1.26483758e+00  9.20000000e-06  1.30000000e+00  5.00000000e-01 
 9.30000000e-06  1.26590921e+00  9.30000000e-06  1.30000000e+00  5.00000000e-01 
 9.40000000e-06  1.26697395e+00  9.40000000e-06  1.30000000e+00  5.00000000e-01 
 9.50000000e-06  1.26803194e+00  9.50000000e-06  1.30000000e+00  5.00000000e-01 
 9.60000000e-06  1.26908332e+00  9.60000000e-06  1.30000000e+00  5.00000000e-01 
 9.70000000e-06  1.27012821e+00  9.70000000e-06  1.30000000e+00  5.00000000e-01 
 9.80000000e-06  1.27116674e+00  9.80000000e-06  1.30000000e+00  5.00000000e-01 
 9.90000000e-06  1.27219903e+00  9.90000000e-06  1.30000000e+00  5.00000000e-01 
 1.00000000e-05  1.27322520e+00  1.00000000e-05  1.30000000e+00  5.00000000e-01 
 1.01000000e-05  1.27424535e+00  1.01000000e-05  1.30000000e+00  5.00000000e-01 
 1.02000000e-05  1.27525960e+00  1.02000000e-05  1.30000000e+00  5.00000000e-01 
 1.03000000e-05  1.27626807e+00  1.03000000e-05  1.30000000e+00  5.00000000e-01 
 1.04000000e-05  1.27727431e+00  1.04000000e-05  1.30000000e+00  5.00000000e-01 
 1.05000000e-05  1.27826928e+00  1.05000000e-05  1.30000000e+00  5.00000000e-01 
 1.06000000e-05  1.27926029e+00  1.06000000e-05  1.30000000e+00  5.00000000e-01 
 1.07000000e-05  1.28024632e+00  1.07000000e-05  1.30000000e+00  5.00000000e-01 
 1.08000000e-05  1.28122718e+00  1.08000000e-05  1.30000000e+00  5.00000000e-01 
 1.09000000e-05  1.28220289e+00  1.09000000e-05  1.30000000e+00  5.00000000e-01 
 1.10000000e-05  1.28317351e+00  1.10000000e-05  1.30000000e+00  5.00000000e-01 
 1.11000000e-05  1.28413911e+00  1.11000000e-05  1.30000000e+00  5.00000000e-01 
 1.12000000e-05  1.28509975e+00  1.12000000e-05  1.30000000e+00  5.00000000e-01 
 1.13000000e-05  1.28605553e+00  1.13000000e-05  1.30000000e+00  5.00000000e-01 
 1.14000000e-05  1.28700651e+00  1.14000000e-05  1.30000000e+00  5.00000000e-01 
 1.15000000e-05  1.28795277e+00  1.15000000e-05  1.30000000e+00  5.00000000e-01 
 1.16000000e-05  1.28889438e+00  1.16000000e-05  1.30000000e+00  5.00000000e-01 
 1.17000000e-05  1.28983142e+00  1.17000000e-05  1.30000000e+00  5.00000000e-01 
 1.18000000e-05  1.29076396e+00  1.18000000e-05  1.30000000e+00  5.00000000e-01 
 1.19000000e-05  1.29169206e+00  1.19000000e-05  1.30000000e+00  5.00000000e-01 
 1.20000000e-05  1.29261579e+00  1.20000000e-05  1.30000000e+00  5.00000000e-01 
 1.21000000e-05  1.29353522e+00  1.21000000e-05  1.30000000e+00  5.00000000e-01 
 1.22000000e-05  1.29445042e+00  1.22000000e-05  1.30000000e+00  5.00000000e-01 
 1.23000000e-05  1.29536143e+00  1.23000000e-05  1.30000000e+00  5.00000000e-01 
 1.24000000e-05  1.29626833e+00  1.24000000e-05  1.30000000e+00  5.00000000e-01 
 1.25000000e-05  1.29717117e+00  1.25000000e-05  1.30000000e+00  5.00000000e-01 
 1.26000000e-05  1.29807001e+00  1.26000000e-05  1.30000000e+00  5.00000000e-01 
 1.27000000e-05  1.29896492e+00  1.27000000e-05  1.30000000e+00  5.00000000e-01 
 1.28000000e-05  1.29985593e+00  1.28000000e-05  1.30000000e+00  5.00000000e-01 
 1.29000000e-05  1.30074312e+00  1.29000000e-05  1.30000000e+00  5.00000000e-01 
 1.30000000e-05  1.30162652e+00  1.30000000e-05  1.30000000e+00  5.00000000e-01 
 1.31000000e-05  1.30250620e+00  1.31000000e-05  1.30000000e+00  5.00000000e-01 
 1.32000000e-05  1.30338219e+00  1.32000000e-05  1.30000000e+00  5.00000000e-01 
 1.33000000e-05  1.30425456e+00  1.33000000e-05  1.30000000e+00  5.00000000e-01 
 1.34000000e-05  1.30512335e+00  1.34000000e-05  1.30000000e+00  5.00000000e-01 
 1.35000000e-05  1.30598861e+00  1.35000000e-05  1.30000000e+00  5.00000000e-01 
 1.36000000e-05  1.30685038e+00  1.36000000e-05  1.30000000e+00  5.00000000e-01 
 1.37000000e-05  1.30770871e+00  1.37000000e-05  1.30000000e+00  5.00000000e-01 
 1.38000000e-05  1.30856364e+00  1.38000000e-05  1.30000000e+00  5.00000000e-01 
 1.39000000e-05  1.30941522e+00  1.39000000e-05  1.30000000e+00  5.00000000e-01 
 1.40000000e-05  1.31026349e+00  1.40000000e-05  1.30000000e+00  5.00000000e-01 
 1.41000000e-05  1.31110849e+00  1.41000000e-05  1.30000000e+00  5.00000000e-01 
 1.42000000e-05  1.31195025e+00  1.42000000e-05  1.30000000e+00  5.00000000e-01 
 1.43000000e-05  1.31278883e+00  1.43000000e-05  1.30000000e+00  5.00000000e-01 
 1.44000000e-05  1.31362426e+00  1.44000000e-05  1.30000000e+00  5.00000000e-01 
 1.45000000e-05  1.31445657e+00  1.45000000e-05  1.30000000e+00  5.00000000e-01 
 1.46000000e-05  1.31528581e+00  1.46000000e-05  1.30000000e+00  5.00000000e-01 
 1.47000000e-05  1.31611201e+00  1.47000000e-05  1.30000000e+00  5.00000000e-01 
 1.48000000e-05  1.31693521e+00  1.48000000e-05  1.30000000e+00  5.00000000e-01 
 1.49000000e-05  1.31775544e+00  1.49000000e-05  1.30000000e+00  5.00000000e-01 
 1.50000000e-05  1.31857274e+00  1.50000000e-05  1.30000000e+00  5.00000000e-01 
 1.51000000e-05  1.31938714e+00  1.51000000e-05  1.30000000e+00  5.00000000e-01 
 1.52000000e-05  1.32019868e+00  1.52000000e-05  1.30000000e+00  5.00000000e-01 
 1.53000000e-05  1.32100738e+00  1.53000000e-05  1.30000000e+00  5.00000000e-01 
 1.54000000e-05  1.32181328e+00  1.54000000e-05  1.30000000e+00  5.00000000e-01 
 1.55000000e-05  1.32261642e+00  1.55000000e-05  1.30000000e+00  5.00000000e-01 
 1.56000000e-05  1.32341681e+00  1.56000000e-05  1.30000000e+00  5.00000000e-01 
 1.57000000e-05  1.32421450e+00  1.57000000e-05  1.30000000e+00  5.00000000e-01 
 1.58000000e-05  1.32500950e+00  1.58000000e-05  1.30000000e+00  5.00000000e-01 
 1.59000000e-05  1.32580186e+00  1.59000000e-05  1.30000000e+00  5.00000000e-01 
 1.60000000e-05  1.32659160e+00  1.60000000e-05  1.30000000e+00  5.00000000e-01 
 1.61000000e-05  1.32737874e+00  1.61000000e-05  1.30000000e+00  5.00000000e-01 
 1.62000000e-05  1.32816332e+00  1.62000000e-05  1.30000000e+00  5.00000000e-01 
 1.63000000e-05  1.32894536e+00  1.63000000e-05  1.30000000e+00  5.00000000e-01 
 1.64000000e-05  1.32972490e+00  1.64000000e-05  1.30000000e+00  5.00000000e-01 
 1.65000000e-05  1.33050194e+00  1.65000000e-05  1.30000000e+00  5.00000000e-01 
 1.66000000e-05  1.33127653e+00  1.66000000e-05  1.30000000e+00  5.00000000e-01 
 1.67000000e-05  1.33204868e+00  1.67000000e-05  1.30000000e+00  5.00000000e-01 
 1.68000000e-05  1.33281842e+00  1.68000000e-05  1.30000000e+00  5.00000000e-01 
 1.69000000e-05  1.33358578e+00  1.69000000e-05  1.30000000e+00  5.00000000e-01 
 1.70000000e-05  1.33435078e+00  1.70000000e-05  1.30000000e+00  5.00000000e-01 
 1.71000000e-05  1.33511344e+00  1.71000000e-05  1.30000000e+00  5.00000000e-01 
 1.72000000e-05  1.33587379e+00  1.72000000e-05  1.30000000e+00  5.00000000e-01 
 1.73000000e-05  1.33663184e+00  1.73000000e-05  1.30000000e+00  5.00000000e-01 
 1.74000000e-05  1.33738763e+00  1.74000000e-05  1.30000000e+00  5.00000000e-01 
 1.75000000e-05  1.33814117e+00  1.75000000e-05  1.30000000e+00  5.00000000e-01 
 1.76000000e-05  1.33889249e+00  1.76000000e-05  1.30000000e+00  5.00000000e-01 
 1.77000000e-05  1.33964160e+00  1.77000000e-05  1.30000000e+00  5.00000000e-01 
 1.78000000e-05  1.34038853e+00  1.78000000e-05  1.30000000e+00  5.00000000e-01 
 1.79000000e-05  1.34113330e+00  1.79000000e-05  1.30000000e+00  5.00000000e-01 
 1.80000000e-05  1.34187593e+00  1.80000000e-05  1.30000000e+00  5.00000000e-01 
 1.81000000e-05  1.34261644e+00  1.81000000e-05  1.30000000e+00  5.00000000e-01 
 1.82000000e-05  1.34335485e+00  1.82000000e-05  1.30000000e+00  5.00000000e-01 
 1.83000000e-05  1.34409117e+00  1.83000000e-05  1.30000000e+00  5.00000000e-01 
 1.84000000e-05  1.34482543e+00  1.84000000e-05  1.30000000e+00  5.00000000e-01 
 1.85000000e-05  1.34555765e+00  1.85000000e-05  1.30000000e+00  5.00000000e-01 
 1.86000000e-05  1.34628784e+00  1.86000000e-05  1.30000000e+00  5.00000000e-01 
 1.87000000e-05  1.34701603e+00  1.87000000e-05  1.30000000e+00  5.00000000e-01 
 1.88000000e-05  1.34774222e+00  1.88000000e-05  1.30000000e+00  5.00000000e-01 
 1.89000000e-05  1.34846645e+00  1.89000000e-05  1.30000000e+00  5.00000000e-01 
 1.90000000e-05  1.34918872e+00  1.90000000e-05  1.30000000e+00  5.00000000e-01 
 1.91000000e-05  1.34990905e+00  1.91000000e-05  1.30000000e+00  5.00000000e-01 
 1.92000000e-05  1.35062747e+00  1.92000000e-05  1.30000000e+00  5.00000000e-01 
 1.93000000e-05  1.35134398e+00  1.93000000e-05  1.30000000e+00  5.00000000e-01 
 1.94000000e-05  1.35205860e+00  1.94000000e-05  1.30000000e+00  5.00000000e-01 
 1.95000000e-05  1.35277136e+00  1.95000000e-05  1.30000000e+00  5.00000000e-01 
 1.96000000e-05  1.35348226e+00  1.96000000e-05  1.30000000e+00  5.00000000e-01 
 1.97000000e-05  1.35419132e+00  1.97000000e-05  1.30000000e+00  5.00000000e-01 
 1.98000000e-05  1.35489856e+00  1.98000000e-05  1.30000000e+00  5.00000000e-01 
 1.99000000e-05  1.35560399e+00  1.99000000e-05  1.30000000e+00  5.00000000e-01 
 2.00000000e-05  1.35630762e+00  2.00000000e-05  1.30000000e+00  5.00000000e-01 
 2.01000000e-05  1.35700949e+00  2.01000000e-05  1.30000000e+00  5.00000000e-01 
 2.02000000e-05  1.35770958e+00  2.02000000e-05  1.30000000e+00  5.00000000e-01 
 2.03000000e-05  1.35840793e+00  2.03000000e-05  1.30000000e+00  5.00000000e-01 
 2.04000000e-05  1.35910455e+00  2.04000000e-05  1.30000000e+00  5.00000000e-01 
 2.05000000e-05  1.35979944e+00  2.05000000e-05  1.30000000e+00  5.00000000e-01 
 2.06000000e-05  1.36049263e+00  2.06000000e-05  1.30000000e+00  5.00000000e-01 
 2.07000000e-05  1.36118412e+00  2.07000000e-05  1.30000000e+00  5.00000000e-01 
 2.08000000e-05  1.36187394e+00  2.08000000e-05  1.30000000e+00  5.00000000e-01 
 2.09000000e-05  1.36256209e+00  2.09000000e-05  1.30000000e+00  5.00000000e-01 
 2.10000000e-05  1.36324859e+00  2.10000000e-05  1.30000000e+00  5.00000000e-01 
 2.11000000e-05  1.36393344e+00  2.11000000e-05  1.30000000e+00  5.00000000e-01 
 2.12000000e-05  1.36461668e+00  2.12000000e-05  1.30000000e+00  5.00000000e-01 
 2.13000000e-05  1.36529829e+00  2.13000000e-05  1.30000000e+00  5.00000000e-01 
 2.14000000e-05  1.36597831e+00  2.14000000e-05  1.30000000e+00  5.00000000e-01 
 2.15000000e-05  1.36665673e+00  2.15000000e-05  1.30000000e+00  5.00000000e-01 
 2.16000000e-05  1.36733358e+00  2.16000000e-05  1.30000000e+00  5.00000000e-01 
 2.17000000e-05  1.36800887e+00  2.17000000e-05  1.30000000e+00  5.00000000e-01 
 2.18000000e-05  1.36868260e+00  2.18000000e-05  1.30000000e+00  5.00000000e-01 
 2.19000000e-05  1.36935479e+00  2.19000000e-05  1.30000000e+00  5.00000000e-01 
 2.20000000e-05  1.37002544e+00  2.20000000e-05  1.30000000e+00  5.00000000e-01 
 2.21000000e-05  1.37069458e+00  2.21000000e-05  1.30000000e+00  5.00000000e-01 
 2.22000000e-05  1.37136222e+00  2.22000000e-05  1.30000000e+00  5.00000000e-01 
 2.23000000e-05  1.37202835e+00  2.23000000e-05  1.30000000e+00  5.00000000e-01 
 2.24000000e-05  1.37269300e+00  2.24000000e-05  1.30000000e+00  5.00000000e-01 
 2.25000000e-05  1.37335618e+00  2.25000000e-05  1.30000000e+00  5.00000000e-01 
 2.26000000e-05  1.37401789e+00  2.26000000e-05  1.30000000e+00  5.00000000e-01 
 2.27000000e-05  1.37467815e+00  2.27000000e-05  1.30000000e+00  5.00000000e-01 
 2.28000000e-05  1.37533697e+00  2.28000000e-05  1.30000000e+00  5.00000000e-01 
 2.29000000e-05  1.37599435e+00  2.29000000e-05  1.30000000e+00  5.00000000e-01 
 2.30000000e-05  1.37665031e+00  2.30000000e-05  1.30000000e+00  5.00000000e-01 
 2.31000000e-05  1.37730486e+00  2.31000000e-05  1.30000000e+00  5.00000000e-01 
 2.32000000e-05  1.37795801e+00  2.32000000e-05  1.30000000e+00  5.00000000e-01 
 2.33000000e-05  1.37860976e+00  2.33000000e-05  1.30000000e+00  5.00000000e-01 
 2.34000000e-05  1.37926014e+00  2.34000000e-05  1.30000000e+00  5.00000000e-01 
 2.35000000e-05  1.37990914e+00  2.35000000e-05  1.30000000e+00  5.00000000e-01 
 2.36000000e-05  1.38055677e+00  2.36000000e-05  1.30000000e+00  5.00000000e-01 
 2.37000000e-05  1.38120305e+00  2.37000000e-05  1.30000000e+00  5.00000000e-01 
 2.38000000e-05  1.38184799e+00  2.38000000e-05  1.30000000e+00  5.00000000e-01 
 2.39000000e-05  1.38249159e+00  2.39000000e-05  1.30000000e+00  5.00000000e-01 
 2.40000000e-05  1.38313387e+00  2.40000000e-05  1.30000000e+00  5.00000000e-01 
 2.41000000e-05  1.38377483e+00  2.41000000e-05  1.30000000e+00  5.00000000e-01 
 2.42000000e-05  1.38441447e+00  2.42000000e-05  1.30000000e+00  5.00000000e-01 
 2.43000000e-05  1.38505282e+00  2.43000000e-05  1.30000000e+00  5.00000000e-01 
 2.44000000e-05  1.38568988e+00  2.44000000e-05  1.30000000e+00  5.00000000e-01 
 2.45000000e-05  1.38632565e+00  2.45000000e-05  1.30000000e+00  5.00000000e-01 
 2.46000000e-05  1.38696015e+00  2.46000000e-05  1.30000000e+00  5.00000000e-01 
 2.47000000e-05  1.38759339e+00  2.47000000e-05  1.30000000e+00  5.00000000e-01 
 2.48000000e-05  1.38822537e+00  2.48000000e-05  1.30000000e+00  5.00000000e-01 
 2.49000000e-05  1.38885609e+00  2.49000000e-05  1.30000000e+00  5.00000000e-01 
 2.50000000e-05  1.38948558e+00  2.50000000e-05  1.30000000e+00  5.00000000e-01 
