 i-sweep         v(vout)         i(viin)         v(vgate)        v(vmid)        
 0.00000000e+00  4.00001581e-01  0.00000000e+00  1.00000000e+00  4.00000000e-01 
 1.00000000e-07  1.00490502e+00  1.00000000e-07  1.00000000e+00  4.00000000e-01 
 2.00000000e-07  1.04275430e+00  2.00000000e-07  1.00000000e+00  4.00000000e-01 
 3.00000000e-07  1.06329951e+00  3.00000000e-07  1.00000000e+00  4.00000000e-01 
 4.00000000e-07  1.07754162e+00  4.00000000e-07  1.00000000e+00  4.00000000e-01 
 5.00000000e-07  1.08851117e+00  5.00000000e-07  1.00000000e+00  4.00000000e-01 
 6.00000000e-07  1.09748052e+00  6.00000000e-07  1.00000000e+00  4.00000000e-01 
 7.00000000e-07  1.10510291e+00  7.00000000e-07  1.00000000e+00  4.00000000e-01 
 8.00000000e-07  1.11175589e+00  8.00000000e-07  1.00000000e+00  4.00000000e-01 
 9.00000000e-07  1.11767786e+00  9.00000000e-07  1.00000000e+00  4.00000000e-01 
 1.00000000e-06  1.12302879e+00  1.00000000e-06  1.00000000e+00  4.00000000e-01 
 1.10000000e-06  1.12792123e+00  1.10000000e-06  1.00000000e+00  4.00000000e-01 
 1.20000000e-06  1.13243740e+00  1.20000000e-06  1.00000000e+00  4.00000000e-01 
 1.30000000e-06  1.13664368e+00  1.30000000e-06  1.00000000e+00  4.00000000e-01 
 1.40000000e-06  1.14057578e+00  1.40000000e-06  1.00000000e+00  4.00000000e-01 
 1.50000000e-06  1.14427919e+00  1.50000000e-06  1.00000000e+00  4.00000000e-01 
 1.60000000e-06  1.14778358e+00  1.60000000e-06  1.00000000e+00  4.00000000e-01 
 1.70000000e-06  1.15111316e+00  1.70000000e-06  1.00000000e+00  4.00000000e-01 
 1.80000000e-06  1.15428798e+00  1.80000000e-06  1.00000000e+00  4.00000000e-01 
 1.90000000e-06  1.15732476e+00  1.90000000e-06  1.00000000e+00  4.00000000e-01 
 2.00000000e-06  1.16023765e+00  2.00000000e-06  1.00000000e+00  4.00000000e-01 
 2.10000000e-06  1.16303870e+00  2.10000000e-06  1.00000000e+00  4.00000000e-01 
 2.20000000e-06  1.16573824e+00  2.20000000e-06  1.00000000e+00  4.00000000e-01 
 2.30000000e-06  1.16834521e+00  2.30000000e-06  1.00000000e+00  4.00000000e-01 
 2.40000000e-06  1.17086742e+00  2.40000000e-06  1.00000000e+00  4.00000000e-01 
 2.50000000e-06  1.17331169e+00  2.50000000e-06  1.00000000e+00  4.00000000e-01 
 2.60000000e-06  1.17568403e+00  2.60000000e-06  1.00000000e+00  4.00000000e-01 
 2.70000000e-06  1.17798979e+00  2.70000000e-06  1.00000000e+00  4.00000000e-01 
 2.80000000e-06  1.18023369e+00  2.80000000e-06  1.00000000e+00  4.00000000e-01 
 2.90000000e-06  1.18241999e+00  2.90000000e-06  1.00000000e+00  4.00000000e-01 
 3.00000000e-06  1.18455250e+00  3.00000000e-06  1.00000000e+00  4.00000000e-01 
 3.10000000e-06  1.18663464e+00  3.10000000e-06  1.00000000e+00  4.00000000e-01 
 3.20000000e-06  1.18866952e+00  3.20000000e-06  1.00000000e+00  4.00000000e-01 
 3.30000000e-06  1.19065996e+00  3.30000000e-06  1.00000000e+00  4.00000000e-01 
 3.40000000e-06  1.19260853e+00  3.40000000e-06  1.00000000e+00  4.00000000e-01 
 3.50000000e-06  1.19451756e+00  3.50000000e-06  1.00000000e+00  4.00000000e-01 
 3.60000000e-06  1.19638921e+00  3.60000000e-06  1.00000000e+00  4.00000000e-01 
 3.70000000e-06  1.19823190e+00  3.70000000e-06  1.00000000e+00  4.00000000e-01 
 3.80000000e-06  1.20003350e+00  3.80000000e-06  1.00000000e+00  4.00000000e-01 
 3.90000000e-06  1.20180332e+00  3.90000000e-06  1.00000000e+00  4.00000000e-01 
 4.00000000e-06  1.20354289e+00  4.00000000e-06  1.00000000e+00  4.00000000e-01 
 4.10000000e-06  1.20525362e+00  4.10000000e-06  1.00000000e+00  4.00000000e-01 
 4.20000000e-06  1.20693680e+00  4.20000000e-06  1.00000000e+00  4.00000000e-01 
 4.30000000e-06  1.20859367e+00  4.30000000e-06  1.00000000e+00  4.00000000e-01 
 4.40000000e-06  1.21022536e+00  4.40000000e-06  1.00000000e+00  4.00000000e-01 
 4.50000000e-06  1.21183293e+00  4.50000000e-06  1.00000000e+00  4.00000000e-01 
 4.60000000e-06  1.21341737e+00  4.60000000e-06  1.00000000e+00  4.00000000e-01 
 4.70000000e-06  1.21497963e+00  4.70000000e-06  1.00000000e+00  4.00000000e-01 
 4.80000000e-06  1.21652057e+00  4.80000000e-06  1.00000000e+00  4.00000000e-01 
 4.90000000e-06  1.21804101e+00  4.90000000e-06  1.00000000e+00  4.00000000e-01 
 5.00000000e-06  1.21954174e+00  5.00000000e-06  1.00000000e+00  4.00000000e-01 
 5.10000000e-06  1.22102347e+00  5.10000000e-06  1.00000000e+00  4.00000000e-01 
 5.20000000e-06  1.22248690e+00  5.20000000e-06  1.00000000e+00  4.00000000e-01 
 5.30000000e-06  1.22393267e+00  5.30000000e-06  1.00000000e+00  4.00000000e-01 
 5.40000000e-06  1.22536140e+00  5.40000000e-06  1.00000000e+00  4.00000000e-01 
 5.50000000e-06  1.22677367e+00  5.50000000e-06  1.00000000e+00  4.00000000e-01 
 5.60000000e-06  1.22817003e+00  5.60000000e-06  1.00000000e+00  4.00000000e-01 
 5.70000000e-06  1.22955099e+00  5.70000000e-06  1.00000000e+00  4.00000000e-01 
 5.80000000e-06  1.23091706e+00  5.80000000e-06  1.00000000e+00  4.00000000e-01 
 5.90000000e-06  1.23226871e+00  5.90000000e-06  1.00000000e+00  4.00000000e-01 
 6.00000000e-06  1.23360638e+00  6.00000000e-06  1.00000000e+00  4.00000000e-01 
 6.10000000e-06  1.23493049e+00  6.10000000e-06  1.00000000e+00  4.00000000e-01 
 6.20000000e-06  1.23624146e+00  6.20000000e-06  1.00000000e+00  4.00000000e-01 
 6.30000000e-06  1.23753966e+00  6.30000000e-06  1.00000000e+00  4.00000000e-01 
 6.40000000e-06  1.23882547e+00  6.40000000e-06  1.00000000e+00  4.00000000e-01 
 6.50000000e-06  1.24009924e+00  6.50000000e-06  1.00000000e+00  4.00000000e-01 
 6.60000000e-06  1.24136130e+00  6.60000000e-06  1.00000000e+00  4.00000000e-01 
 6.70000000e-06  1.24261198e+00  6.70000000e-06  1.00000000e+00  4.00000000e-01 
 6.80000000e-06  1.24385158e+00  6.80000000e-06  1.00000000e+00  4.00000000e-01 
 6.90000000e-06  1.24508041e+00  6.90000000e-06  1.00000000e+00  4.00000000e-01 
 7.00000000e-06  1.24629869e+00  7.00000000e-06  1.00000000e+00  4.00000000e-01 
 7.10000000e-06  1.24750678e+00  7.10000000e-06  1.00000000e+00  4.00000000e-01 
 7.20000000e-06  1.24870490e+00  7.20000000e-06  1.00000000e+00  4.00000000e-01 
 7.30000000e-06  1.24989331e+00  7.30000000e-06  1.00000000e+00  4.00000000e-01 
 7.40000000e-06  1.25107605e+00  7.40000000e-06  1.00000000e+00  4.00000000e-01 
 7.50000000e-06  1.25224446e+00  7.50000000e-06  1.00000000e+00  4.00000000e-01 
 7.60000000e-06  1.25340429e+00  7.60000000e-06  1.00000000e+00  4.00000000e-01 
 7.70000000e-06  1.25455556e+00  7.70000000e-06  1.00000000e+00  4.00000000e-01 
 7.80000000e-06  1.25569839e+00  7.80000000e-06  1.00000000e+00  4.00000000e-01 
 7.90000000e-06  1.25683292e+00  7.90000000e-06  1.00000000e+00  4.00000000e-01 
 8.00000000e-06  1.25795930e+00  8.00000000e-06  1.00000000e+00  4.00000000e-01 
 8.10000000e-06  1.25907768e+00  8.10000000e-06  1.00000000e+00  4.00000000e-01 
 8.20000000e-06  1.26018824e+00  8.20000000e-06  1.00000000e+00  4.00000000e-01 
 8.30000000e-06  1.26129112e+00  8.30000000e-06  1.00000000e+00  4.00000000e-01 
 8.40000000e-06  1.26238649e+00  8.40000000e-06  1.00000000e+00  4.00000000e-01 
 8.50000000e-06  1.26347450e+00  8.50000000e-06  1.00000000e+00  4.00000000e-01 
 8.60000000e-06  1.26455530e+00  8.60000000e-06  1.00000000e+00  4.00000000e-01 
 8.70000000e-06  1.26562903e+00  8.70000000e-06  1.00000000e+00  4.00000000e-01 
 8.80000000e-06  1.26669583e+00  8.80000000e-06  1.00000000e+00  4.00000000e-01 
 8.90000000e-06  1.26775585e+00  8.90000000e-06  1.00000000e+00  4.00000000e-01 
 9.00000000e-06  1.26880922e+00  9.00000000e-06  1.00000000e+00  4.00000000e-01 
 9.10000000e-06  1.26985606e+00  9.10000000e-06  1.00000000e+00  4.00000000e-01 
 9.20000000e-06  1.27089650e+00  9.20000000e-06  1.00000000e+00  4.00000000e-01 
 9.30000000e-06  1.27193067e+00  9.30000000e-06  1.00000000e+00  4.00000000e-01 
 9.40000000e-06  1.27295868e+00  9.40000000e-06  1.00000000e+00  4.00000000e-01 
 9.50000000e-06  1.27398064e+00  9.50000000e-06  1.00000000e+00  4.00000000e-01 
 9.60000000e-06  1.27499668e+00  9.60000000e-06  1.00000000e+00  4.00000000e-01 
 9.70000000e-06  1.27600688e+00  9.70000000e-06  1.00000000e+00  4.00000000e-01 
 9.80000000e-06  1.27701137e+00  9.80000000e-06  1.00000000e+00  4.00000000e-01 
 9.90000000e-06  1.27801024e+00  9.90000000e-06  1.00000000e+00  4.00000000e-01 
 1.00000000e-05  1.27900359e+00  1.00000000e-05  1.00000000e+00  4.00000000e-01 
 1.01000000e-05  1.27999152e+00  1.01000000e-05  1.00000000e+00  4.00000000e-01 
 1.02000000e-05  1.28097411e+00  1.02000000e-05  1.00000000e+00  4.00000000e-01 
 1.03000000e-05  1.28195147e+00  1.03000000e-05  1.00000000e+00  4.00000000e-01 
 1.04000000e-05  1.28292367e+00  1.04000000e-05  1.00000000e+00  4.00000000e-01 
 1.05000000e-05  1.28389081e+00  1.05000000e-05  1.00000000e+00  4.00000000e-01 
 1.06000000e-05  1.28485297e+00  1.06000000e-05  1.00000000e+00  4.00000000e-01 
 1.07000000e-05  1.28581023e+00  1.07000000e-05  1.00000000e+00  4.00000000e-01 
 1.08000000e-05  1.28676266e+00  1.08000000e-05  1.00000000e+00  4.00000000e-01 
 1.09000000e-05  1.28771035e+00  1.09000000e-05  1.00000000e+00  4.00000000e-01 
 1.10000000e-05  1.28865337e+00  1.10000000e-05  1.00000000e+00  4.00000000e-01 
 1.11000000e-05  1.28959180e+00  1.11000000e-05  1.00000000e+00  4.00000000e-01 
 1.12000000e-05  1.29052570e+00  1.12000000e-05  1.00000000e+00  4.00000000e-01 
 1.13000000e-05  1.29145514e+00  1.13000000e-05  1.00000000e+00  4.00000000e-01 
 1.14000000e-05  1.29238019e+00  1.14000000e-05  1.00000000e+00  4.00000000e-01 
 1.15000000e-05  1.29330092e+00  1.15000000e-05  1.00000000e+00  4.00000000e-01 
 1.16000000e-05  1.29421740e+00  1.16000000e-05  1.00000000e+00  4.00000000e-01 
 1.17000000e-05  1.29512967e+00  1.17000000e-05  1.00000000e+00  4.00000000e-01 
 1.18000000e-05  1.29603782e+00  1.18000000e-05  1.00000000e+00  4.00000000e-01 
 1.19000000e-05  1.29694189e+00  1.19000000e-05  1.00000000e+00  4.00000000e-01 
 1.20000000e-05  1.29784194e+00  1.20000000e-05  1.00000000e+00  4.00000000e-01 
 1.21000000e-05  1.29873804e+00  1.21000000e-05  1.00000000e+00  4.00000000e-01 
 1.22000000e-05  1.29963023e+00  1.22000000e-05  1.00000000e+00  4.00000000e-01 
 1.23000000e-05  1.30051857e+00  1.23000000e-05  1.00000000e+00  4.00000000e-01 
 1.24000000e-05  1.30140312e+00  1.24000000e-05  1.00000000e+00  4.00000000e-01 
 1.25000000e-05  1.30228392e+00  1.25000000e-05  1.00000000e+00  4.00000000e-01 
 1.26000000e-05  1.30316104e+00  1.26000000e-05  1.00000000e+00  4.00000000e-01 
 1.27000000e-05  1.30403451e+00  1.27000000e-05  1.00000000e+00  4.00000000e-01 
 1.28000000e-05  1.30490438e+00  1.28000000e-05  1.00000000e+00  4.00000000e-01 
 1.29000000e-05  1.30577071e+00  1.29000000e-05  1.00000000e+00  4.00000000e-01 
 1.30000000e-05  1.30663354e+00  1.30000000e-05  1.00000000e+00  4.00000000e-01 
 1.31000000e-05  1.30749291e+00  1.31000000e-05  1.00000000e+00  4.00000000e-01 
 1.32000000e-05  1.30834887e+00  1.32000000e-05  1.00000000e+00  4.00000000e-01 
 1.33000000e-05  1.30920147e+00  1.33000000e-05  1.00000000e+00  4.00000000e-01 
 1.34000000e-05  1.31005074e+00  1.34000000e-05  1.00000000e+00  4.00000000e-01 
 1.35000000e-05  1.31089673e+00  1.35000000e-05  1.00000000e+00  4.00000000e-01 
 1.36000000e-05  1.31173947e+00  1.36000000e-05  1.00000000e+00  4.00000000e-01 
 1.37000000e-05  1.31257902e+00  1.37000000e-05  1.00000000e+00  4.00000000e-01 
 1.38000000e-05  1.31341540e+00  1.38000000e-05  1.00000000e+00  4.00000000e-01 
 1.39000000e-05  1.31424866e+00  1.39000000e-05  1.00000000e+00  4.00000000e-01 
 1.40000000e-05  1.31507883e+00  1.40000000e-05  1.00000000e+00  4.00000000e-01 
 1.41000000e-05  1.31590596e+00  1.41000000e-05  1.00000000e+00  4.00000000e-01 
 1.42000000e-05  1.31673007e+00  1.42000000e-05  1.00000000e+00  4.00000000e-01 
 1.43000000e-05  1.31755120e+00  1.43000000e-05  1.00000000e+00  4.00000000e-01 
 1.44000000e-05  1.31836939e+00  1.44000000e-05  1.00000000e+00  4.00000000e-01 
 1.45000000e-05  1.31918467e+00  1.45000000e-05  1.00000000e+00  4.00000000e-01 
 1.46000000e-05  1.31999708e+00  1.46000000e-05  1.00000000e+00  4.00000000e-01 
 1.47000000e-05  1.32080664e+00  1.47000000e-05  1.00000000e+00  4.00000000e-01 
 1.48000000e-05  1.32161340e+00  1.48000000e-05  1.00000000e+00  4.00000000e-01 
 1.49000000e-05  1.32241737e+00  1.49000000e-05  1.00000000e+00  4.00000000e-01 
 1.50000000e-05  1.32321860e+00  1.50000000e-05  1.00000000e+00  4.00000000e-01 
 1.51000000e-05  1.32401711e+00  1.51000000e-05  1.00000000e+00  4.00000000e-01 
 1.52000000e-05  1.32481293e+00  1.52000000e-05  1.00000000e+00  4.00000000e-01 
 1.53000000e-05  1.32560609e+00  1.53000000e-05  1.00000000e+00  4.00000000e-01 
 1.54000000e-05  1.32639663e+00  1.54000000e-05  1.00000000e+00  4.00000000e-01 
 1.55000000e-05  1.32718456e+00  1.55000000e-05  1.00000000e+00  4.00000000e-01 
 1.56000000e-05  1.32796992e+00  1.56000000e-05  1.00000000e+00  4.00000000e-01 
 1.57000000e-05  1.32875273e+00  1.57000000e-05  1.00000000e+00  4.00000000e-01 
 1.58000000e-05  1.32953303e+00  1.58000000e-05  1.00000000e+00  4.00000000e-01 
 1.59000000e-05  1.33031083e+00  1.59000000e-05  1.00000000e+00  4.00000000e-01 
 1.60000000e-05  1.33108617e+00  1.60000000e-05  1.00000000e+00  4.00000000e-01 
 1.61000000e-05  1.33185906e+00  1.61000000e-05  1.00000000e+00  4.00000000e-01 
 1.62000000e-05  1.33262954e+00  1.62000000e-05  1.00000000e+00  4.00000000e-01 
 1.63000000e-05  1.33339762e+00  1.63000000e-05  1.00000000e+00  4.00000000e-01 
 1.64000000e-05  1.33416334e+00  1.64000000e-05  1.00000000e+00  4.00000000e-01 
 1.65000000e-05  1.33492671e+00  1.65000000e-05  1.00000000e+00  4.00000000e-01 
 1.66000000e-05  1.33568776e+00  1.66000000e-05  1.00000000e+00  4.00000000e-01 
 1.67000000e-05  1.33644652e+00  1.67000000e-05  1.00000000e+00  4.00000000e-01 
 1.68000000e-05  1.33720300e+00  1.68000000e-05  1.00000000e+00  4.00000000e-01 
 1.69000000e-05  1.33795722e+00  1.69000000e-05  1.00000000e+00  4.00000000e-01 
 1.70000000e-05  1.33870922e+00  1.70000000e-05  1.00000000e+00  4.00000000e-01 
 1.71000000e-05  1.33945900e+00  1.71000000e-05  1.00000000e+00  4.00000000e-01 
 1.72000000e-05  1.34020660e+00  1.72000000e-05  1.00000000e+00  4.00000000e-01 
 1.73000000e-05  1.34095203e+00  1.73000000e-05  1.00000000e+00  4.00000000e-01 
 1.74000000e-05  1.34169531e+00  1.74000000e-05  1.00000000e+00  4.00000000e-01 
 1.75000000e-05  1.34243647e+00  1.75000000e-05  1.00000000e+00  4.00000000e-01 
 1.76000000e-05  1.34317551e+00  1.76000000e-05  1.00000000e+00  4.00000000e-01 
 1.77000000e-05  1.34391247e+00  1.77000000e-05  1.00000000e+00  4.00000000e-01 
 1.78000000e-05  1.34464736e+00  1.78000000e-05  1.00000000e+00  4.00000000e-01 
 1.79000000e-05  1.34538020e+00  1.79000000e-05  1.00000000e+00  4.00000000e-01 
 1.80000000e-05  1.34611102e+00  1.80000000e-05  1.00000000e+00  4.00000000e-01 
 1.81000000e-05  1.34683981e+00  1.81000000e-05  1.00000000e+00  4.00000000e-01 
 1.82000000e-05  1.34756662e+00  1.82000000e-05  1.00000000e+00  4.00000000e-01 
 1.83000000e-05  1.34829144e+00  1.83000000e-05  1.00000000e+00  4.00000000e-01 
 1.84000000e-05  1.34901431e+00  1.84000000e-05  1.00000000e+00  4.00000000e-01 
 1.85000000e-05  1.34973524e+00  1.85000000e-05  1.00000000e+00  4.00000000e-01 
 1.86000000e-05  1.35045424e+00  1.86000000e-05  1.00000000e+00  4.00000000e-01 
 1.87000000e-05  1.35117133e+00  1.87000000e-05  1.00000000e+00  4.00000000e-01 
 1.88000000e-05  1.35188653e+00  1.88000000e-05  1.00000000e+00  4.00000000e-01 
 1.89000000e-05  1.35259986e+00  1.89000000e-05  1.00000000e+00  4.00000000e-01 
 1.90000000e-05  1.35331133e+00  1.90000000e-05  1.00000000e+00  4.00000000e-01 
 1.91000000e-05  1.35402095e+00  1.91000000e-05  1.00000000e+00  4.00000000e-01 
 1.92000000e-05  1.35472874e+00  1.92000000e-05  1.00000000e+00  4.00000000e-01 
 1.93000000e-05  1.35543473e+00  1.93000000e-05  1.00000000e+00  4.00000000e-01 
 1.94000000e-05  1.35613891e+00  1.94000000e-05  1.00000000e+00  4.00000000e-01 
 1.95000000e-05  1.35684132e+00  1.95000000e-05  1.00000000e+00  4.00000000e-01 
 1.96000000e-05  1.35754196e+00  1.96000000e-05  1.00000000e+00  4.00000000e-01 
 1.97000000e-05  1.35824084e+00  1.97000000e-05  1.00000000e+00  4.00000000e-01 
 1.98000000e-05  1.35893798e+00  1.98000000e-05  1.00000000e+00  4.00000000e-01 
 1.99000000e-05  1.35963341e+00  1.99000000e-05  1.00000000e+00  4.00000000e-01 
 2.00000000e-05  1.36032712e+00  2.00000000e-05  1.00000000e+00  4.00000000e-01 
 2.01000000e-05  1.36101913e+00  2.01000000e-05  1.00000000e+00  4.00000000e-01 
 2.02000000e-05  1.36170946e+00  2.02000000e-05  1.00000000e+00  4.00000000e-01 
 2.03000000e-05  1.36239812e+00  2.03000000e-05  1.00000000e+00  4.00000000e-01 
 2.04000000e-05  1.36308512e+00  2.04000000e-05  1.00000000e+00  4.00000000e-01 
 2.05000000e-05  1.36377048e+00  2.05000000e-05  1.00000000e+00  4.00000000e-01 
 2.06000000e-05  1.36445421e+00  2.06000000e-05  1.00000000e+00  4.00000000e-01 
 2.07000000e-05  1.36513632e+00  2.07000000e-05  1.00000000e+00  4.00000000e-01 
 2.08000000e-05  1.36581683e+00  2.08000000e-05  1.00000000e+00  4.00000000e-01 
 2.09000000e-05  1.36649574e+00  2.09000000e-05  1.00000000e+00  4.00000000e-01 
 2.10000000e-05  1.36717308e+00  2.10000000e-05  1.00000000e+00  4.00000000e-01 
 2.11000000e-05  1.36784884e+00  2.11000000e-05  1.00000000e+00  4.00000000e-01 
 2.12000000e-05  1.36852305e+00  2.12000000e-05  1.00000000e+00  4.00000000e-01 
 2.13000000e-05  1.36919571e+00  2.13000000e-05  1.00000000e+00  4.00000000e-01 
 2.14000000e-05  1.36986683e+00  2.14000000e-05  1.00000000e+00  4.00000000e-01 
 2.15000000e-05  1.37053644e+00  2.15000000e-05  1.00000000e+00  4.00000000e-01 
 2.16000000e-05  1.37120453e+00  2.16000000e-05  1.00000000e+00  4.00000000e-01 
 2.17000000e-05  1.37187113e+00  2.17000000e-05  1.00000000e+00  4.00000000e-01 
 2.18000000e-05  1.37253624e+00  2.18000000e-05  1.00000000e+00  4.00000000e-01 
 2.19000000e-05  1.37319986e+00  2.19000000e-05  1.00000000e+00  4.00000000e-01 
 2.20000000e-05  1.37386203e+00  2.20000000e-05  1.00000000e+00  4.00000000e-01 
 2.21000000e-05  1.37452273e+00  2.21000000e-05  1.00000000e+00  4.00000000e-01 
 2.22000000e-05  1.37518199e+00  2.22000000e-05  1.00000000e+00  4.00000000e-01 
 2.23000000e-05  1.37583981e+00  2.23000000e-05  1.00000000e+00  4.00000000e-01 
 2.24000000e-05  1.37649621e+00  2.24000000e-05  1.00000000e+00  4.00000000e-01 
 2.25000000e-05  1.37715120e+00  2.25000000e-05  1.00000000e+00  4.00000000e-01 
 2.26000000e-05  1.37780477e+00  2.26000000e-05  1.00000000e+00  4.00000000e-01 
 2.27000000e-05  1.37845696e+00  2.27000000e-05  1.00000000e+00  4.00000000e-01 
 2.28000000e-05  1.37910775e+00  2.28000000e-05  1.00000000e+00  4.00000000e-01 
 2.29000000e-05  1.37975717e+00  2.29000000e-05  1.00000000e+00  4.00000000e-01 
 2.30000000e-05  1.38040523e+00  2.30000000e-05  1.00000000e+00  4.00000000e-01 
 2.31000000e-05  1.38105193e+00  2.31000000e-05  1.00000000e+00  4.00000000e-01 
 2.32000000e-05  1.38169728e+00  2.32000000e-05  1.00000000e+00  4.00000000e-01 
 2.33000000e-05  1.38234129e+00  2.33000000e-05  1.00000000e+00  4.00000000e-01 
 2.34000000e-05  1.38298397e+00  2.34000000e-05  1.00000000e+00  4.00000000e-01 
 2.35000000e-05  1.38362534e+00  2.35000000e-05  1.00000000e+00  4.00000000e-01 
 2.36000000e-05  1.38426539e+00  2.36000000e-05  1.00000000e+00  4.00000000e-01 
 2.37000000e-05  1.38490413e+00  2.37000000e-05  1.00000000e+00  4.00000000e-01 
 2.38000000e-05  1.38554159e+00  2.38000000e-05  1.00000000e+00  4.00000000e-01 
 2.39000000e-05  1.38617776e+00  2.39000000e-05  1.00000000e+00  4.00000000e-01 
 2.40000000e-05  1.38681265e+00  2.40000000e-05  1.00000000e+00  4.00000000e-01 
 2.41000000e-05  1.38744627e+00  2.41000000e-05  1.00000000e+00  4.00000000e-01 
 2.42000000e-05  1.38807864e+00  2.42000000e-05  1.00000000e+00  4.00000000e-01 
 2.43000000e-05  1.38870975e+00  2.43000000e-05  1.00000000e+00  4.00000000e-01 
 2.44000000e-05  1.38933962e+00  2.44000000e-05  1.00000000e+00  4.00000000e-01 
 2.45000000e-05  1.38996825e+00  2.45000000e-05  1.00000000e+00  4.00000000e-01 
 2.46000000e-05  1.39059565e+00  2.46000000e-05  1.00000000e+00  4.00000000e-01 
 2.47000000e-05  1.39122184e+00  2.47000000e-05  1.00000000e+00  4.00000000e-01 
 2.48000000e-05  1.39184681e+00  2.48000000e-05  1.00000000e+00  4.00000000e-01 
 2.49000000e-05  1.39247058e+00  2.49000000e-05  1.00000000e+00  4.00000000e-01 
 2.50000000e-05  1.39309315e+00  2.50000000e-05  1.00000000e+00  4.00000000e-01 
