 i-sweep         v(vout)         i(viin)         v(vgate)        v(vmid)        
 0.00000000e+00  6.00214382e-01  0.00000000e+00  1.00000000e+00  6.00000000e-01 
 1.00000000e-07  1.01539474e+00  1.00000000e-07  1.00000000e+00  6.00000000e-01 
 2.00000000e-07  1.04762896e+00  2.00000000e-07  1.00000000e+00  6.00000000e-01 
 3.00000000e-07  1.06667335e+00  3.00000000e-07  1.00000000e+00  6.00000000e-01 
 4.00000000e-07  1.07996089e+00  4.00000000e-07  1.00000000e+00  6.00000000e-01 
 5.00000000e-07  1.09043662e+00  5.00000000e-07  1.00000000e+00  6.00000000e-01 
 6.00000000e-07  1.09987733e+00  6.00000000e-07  1.00000000e+00  6.00000000e-01 
 7.00000000e-07  1.10693535e+00  7.00000000e-07  1.00000000e+00  6.00000000e-01 
 8.00000000e-07  1.11334420e+00  8.00000000e-07  1.00000000e+00  6.00000000e-01 
 9.00000000e-07  1.11906471e+00  9.00000000e-07  1.00000000e+00  6.00000000e-01 
 1.00000000e-06  1.12426410e+00  1.00000000e-06  1.00000000e+00  6.00000000e-01 
 1.10000000e-06  1.12903684e+00  1.10000000e-06  1.00000000e+00  6.00000000e-01 
 1.20000000e-06  1.13345629e+00  1.20000000e-06  1.00000000e+00  6.00000000e-01 
 1.30000000e-06  1.13757816e+00  1.30000000e-06  1.00000000e+00  6.00000000e-01 
 1.40000000e-06  1.14144594e+00  1.40000000e-06  1.00000000e+00  6.00000000e-01 
 1.50000000e-06  1.14509419e+00  1.50000000e-06  1.00000000e+00  6.00000000e-01 
 1.60000000e-06  1.14855084e+00  1.60000000e-06  1.00000000e+00  6.00000000e-01 
 1.70000000e-06  1.15183877e+00  1.70000000e-06  1.00000000e+00  6.00000000e-01 
 1.80000000e-06  1.15497694e+00  1.80000000e-06  1.00000000e+00  6.00000000e-01 
 1.90000000e-06  1.15798126e+00  1.90000000e-06  1.00000000e+00  6.00000000e-01 
 2.00000000e-06  1.16086521e+00  2.00000000e-06  1.00000000e+00  6.00000000e-01 
 2.10000000e-06  1.16364028e+00  2.10000000e-06  1.00000000e+00  6.00000000e-01 
 2.20000000e-06  1.16631640e+00  2.20000000e-06  1.00000000e+00  6.00000000e-01 
 2.30000000e-06  1.16890213e+00  2.30000000e-06  1.00000000e+00  6.00000000e-01 
 2.40000000e-06  1.17140499e+00  2.40000000e-06  1.00000000e+00  6.00000000e-01 
 2.50000000e-06  1.17383157e+00  2.50000000e-06  1.00000000e+00  6.00000000e-01 
 2.60000000e-06  1.17618766e+00  2.60000000e-06  1.00000000e+00  6.00000000e-01 
 2.70000000e-06  1.17847843e+00  2.70000000e-06  1.00000000e+00  6.00000000e-01 
 2.80000000e-06  1.18070848e+00  2.80000000e-06  1.00000000e+00  6.00000000e-01 
 2.90000000e-06  1.18288193e+00  2.90000000e-06  1.00000000e+00  6.00000000e-01 
 3.00000000e-06  1.18500247e+00  3.00000000e-06  1.00000000e+00  6.00000000e-01 
 3.10000000e-06  1.18707346e+00  3.10000000e-06  1.00000000e+00  6.00000000e-01 
 3.20000000e-06  1.18909791e+00  3.20000000e-06  1.00000000e+00  6.00000000e-01 
 3.30000000e-06  1.19107857e+00  3.30000000e-06  1.00000000e+00  6.00000000e-01 
 3.40000000e-06  1.19301795e+00  3.40000000e-06  1.00000000e+00  6.00000000e-01 
 3.50000000e-06  1.19491833e+00  3.50000000e-06  1.00000000e+00  6.00000000e-01 
 3.60000000e-06  1.19678182e+00  3.60000000e-06  1.00000000e+00  6.00000000e-01 
 3.70000000e-06  1.19861033e+00  3.70000000e-06  1.00000000e+00  6.00000000e-01 
 3.80000000e-06  1.20040565e+00  3.80000000e-06  1.00000000e+00  6.00000000e-01 
 3.90000000e-06  1.20216941e+00  3.90000000e-06  1.00000000e+00  6.00000000e-01 
 4.00000000e-06  1.20390313e+00  4.00000000e-06  1.00000000e+00  6.00000000e-01 
 4.10000000e-06  1.20560820e+00  4.10000000e-06  1.00000000e+00  6.00000000e-01 
 4.20000000e-06  1.20728594e+00  4.20000000e-06  1.00000000e+00  6.00000000e-01 
 4.30000000e-06  1.20893756e+00  4.30000000e-06  1.00000000e+00  6.00000000e-01 
 4.40000000e-06  1.21056419e+00  4.40000000e-06  1.00000000e+00  6.00000000e-01 
 4.50000000e-06  1.21216689e+00  4.50000000e-06  1.00000000e+00  6.00000000e-01 
 4.60000000e-06  1.21374663e+00  4.60000000e-06  1.00000000e+00  6.00000000e-01 
 4.70000000e-06  1.21530436e+00  4.70000000e-06  1.00000000e+00  6.00000000e-01 
 4.80000000e-06  1.21684093e+00  4.80000000e-06  1.00000000e+00  6.00000000e-01 
 4.90000000e-06  1.21835717e+00  4.90000000e-06  1.00000000e+00  6.00000000e-01 
 5.00000000e-06  1.21985383e+00  5.00000000e-06  1.00000000e+00  6.00000000e-01 
 5.10000000e-06  1.22133164e+00  5.10000000e-06  1.00000000e+00  6.00000000e-01 
 5.20000000e-06  1.22279128e+00  5.20000000e-06  1.00000000e+00  6.00000000e-01 
 5.30000000e-06  1.22423340e+00  5.30000000e-06  1.00000000e+00  6.00000000e-01 
 5.40000000e-06  1.22565859e+00  5.40000000e-06  1.00000000e+00  6.00000000e-01 
 5.50000000e-06  1.22706744e+00  5.50000000e-06  1.00000000e+00  6.00000000e-01 
 5.60000000e-06  1.22846049e+00  5.60000000e-06  1.00000000e+00  6.00000000e-01 
 5.70000000e-06  1.22983826e+00  5.70000000e-06  1.00000000e+00  6.00000000e-01 
 5.80000000e-06  1.23120124e+00  5.80000000e-06  1.00000000e+00  6.00000000e-01 
 5.90000000e-06  1.23254988e+00  5.90000000e-06  1.00000000e+00  6.00000000e-01 
 6.00000000e-06  1.23388464e+00  6.00000000e-06  1.00000000e+00  6.00000000e-01 
 6.10000000e-06  1.23520594e+00  6.10000000e-06  1.00000000e+00  6.00000000e-01 
 6.20000000e-06  1.23651417e+00  6.20000000e-06  1.00000000e+00  6.00000000e-01 
 6.30000000e-06  1.23780972e+00  6.30000000e-06  1.00000000e+00  6.00000000e-01 
 6.40000000e-06  1.23909295e+00  6.40000000e-06  1.00000000e+00  6.00000000e-01 
 6.50000000e-06  1.24036422e+00  6.50000000e-06  1.00000000e+00  6.00000000e-01 
 6.60000000e-06  1.24162385e+00  6.60000000e-06  1.00000000e+00  6.00000000e-01 
 6.70000000e-06  1.24287216e+00  6.70000000e-06  1.00000000e+00  6.00000000e-01 
 6.80000000e-06  1.24410946e+00  6.80000000e-06  1.00000000e+00  6.00000000e-01 
 6.90000000e-06  1.24533604e+00  6.90000000e-06  1.00000000e+00  6.00000000e-01 
 7.00000000e-06  1.24655218e+00  7.00000000e-06  1.00000000e+00  6.00000000e-01 
 7.10000000e-06  1.24775815e+00  7.10000000e-06  1.00000000e+00  6.00000000e-01 
 7.20000000e-06  1.24895420e+00  7.20000000e-06  1.00000000e+00  6.00000000e-01 
 7.30000000e-06  1.25014059e+00  7.30000000e-06  1.00000000e+00  6.00000000e-01 
 7.40000000e-06  1.25131754e+00  7.40000000e-06  1.00000000e+00  6.00000000e-01 
 7.50000000e-06  1.25248529e+00  7.50000000e-06  1.00000000e+00  6.00000000e-01 
 7.60000000e-06  1.25364405e+00  7.60000000e-06  1.00000000e+00  6.00000000e-01 
 7.70000000e-06  1.25479404e+00  7.70000000e-06  1.00000000e+00  6.00000000e-01 
 7.80000000e-06  1.25593545e+00  7.80000000e-06  1.00000000e+00  6.00000000e-01 
 7.90000000e-06  1.25706849e+00  7.90000000e-06  1.00000000e+00  6.00000000e-01 
 8.00000000e-06  1.25819335e+00  8.00000000e-06  1.00000000e+00  6.00000000e-01 
 8.10000000e-06  1.25931020e+00  8.10000000e-06  1.00000000e+00  6.00000000e-01 
 8.20000000e-06  1.26041921e+00  8.20000000e-06  1.00000000e+00  6.00000000e-01 
 8.30000000e-06  1.26152057e+00  8.30000000e-06  1.00000000e+00  6.00000000e-01 
 8.40000000e-06  1.26261443e+00  8.40000000e-06  1.00000000e+00  6.00000000e-01 
 8.50000000e-06  1.26370095e+00  8.50000000e-06  1.00000000e+00  6.00000000e-01 
 8.60000000e-06  1.26478028e+00  8.60000000e-06  1.00000000e+00  6.00000000e-01 
 8.70000000e-06  1.26585256e+00  8.70000000e-06  1.00000000e+00  6.00000000e-01 
 8.80000000e-06  1.26691795e+00  8.80000000e-06  1.00000000e+00  6.00000000e-01 
 8.90000000e-06  1.26797658e+00  8.90000000e-06  1.00000000e+00  6.00000000e-01 
 9.00000000e-06  1.26902859e+00  9.00000000e-06  1.00000000e+00  6.00000000e-01 
 9.10000000e-06  1.27007409e+00  9.10000000e-06  1.00000000e+00  6.00000000e-01 
 9.20000000e-06  1.27111322e+00  9.20000000e-06  1.00000000e+00  6.00000000e-01 
 9.30000000e-06  1.27214610e+00  9.30000000e-06  1.00000000e+00  6.00000000e-01 
 9.40000000e-06  1.27317285e+00  9.40000000e-06  1.00000000e+00  6.00000000e-01 
 9.50000000e-06  1.27419357e+00  9.50000000e-06  1.00000000e+00  6.00000000e-01 
 9.60000000e-06  1.27520839e+00  9.60000000e-06  1.00000000e+00  6.00000000e-01 
 9.70000000e-06  1.27621740e+00  9.70000000e-06  1.00000000e+00  6.00000000e-01 
 9.80000000e-06  1.27722072e+00  9.80000000e-06  1.00000000e+00  6.00000000e-01 
 9.90000000e-06  1.27821844e+00  9.90000000e-06  1.00000000e+00  6.00000000e-01 
 1.00000000e-05  1.27921066e+00  1.00000000e-05  1.00000000e+00  6.00000000e-01 
 1.01000000e-05  1.28019747e+00  1.01000000e-05  1.00000000e+00  6.00000000e-01 
 1.02000000e-05  1.28117898e+00  1.02000000e-05  1.00000000e+00  6.00000000e-01 
 1.03000000e-05  1.28215526e+00  1.03000000e-05  1.00000000e+00  6.00000000e-01 
 1.04000000e-05  1.28312641e+00  1.04000000e-05  1.00000000e+00  6.00000000e-01 
 1.05000000e-05  1.28409252e+00  1.05000000e-05  1.00000000e+00  6.00000000e-01 
 1.06000000e-05  1.28505366e+00  1.06000000e-05  1.00000000e+00  6.00000000e-01 
 1.07000000e-05  1.28600991e+00  1.07000000e-05  1.00000000e+00  6.00000000e-01 
 1.08000000e-05  1.28696136e+00  1.08000000e-05  1.00000000e+00  6.00000000e-01 
 1.09000000e-05  1.28790808e+00  1.09000000e-05  1.00000000e+00  6.00000000e-01 
 1.10000000e-05  1.28885015e+00  1.10000000e-05  1.00000000e+00  6.00000000e-01 
 1.11000000e-05  1.28978764e+00  1.11000000e-05  1.00000000e+00  6.00000000e-01 
 1.12000000e-05  1.29072061e+00  1.12000000e-05  1.00000000e+00  6.00000000e-01 
 1.13000000e-05  1.29164914e+00  1.13000000e-05  1.00000000e+00  6.00000000e-01 
 1.14000000e-05  1.29257330e+00  1.14000000e-05  1.00000000e+00  6.00000000e-01 
 1.15000000e-05  1.29349315e+00  1.15000000e-05  1.00000000e+00  6.00000000e-01 
 1.16000000e-05  1.29440876e+00  1.16000000e-05  1.00000000e+00  6.00000000e-01 
 1.17000000e-05  1.29532018e+00  1.17000000e-05  1.00000000e+00  6.00000000e-01 
 1.18000000e-05  1.29622748e+00  1.18000000e-05  1.00000000e+00  6.00000000e-01 
 1.19000000e-05  1.29713072e+00  1.19000000e-05  1.00000000e+00  6.00000000e-01 
 1.20000000e-05  1.29802996e+00  1.20000000e-05  1.00000000e+00  6.00000000e-01 
 1.21000000e-05  1.29892525e+00  1.21000000e-05  1.00000000e+00  6.00000000e-01 
 1.22000000e-05  1.29981665e+00  1.22000000e-05  1.00000000e+00  6.00000000e-01 
 1.23000000e-05  1.30070421e+00  1.23000000e-05  1.00000000e+00  6.00000000e-01 
 1.24000000e-05  1.30158799e+00  1.24000000e-05  1.00000000e+00  6.00000000e-01 
 1.25000000e-05  1.30246803e+00  1.25000000e-05  1.00000000e+00  6.00000000e-01 
 1.26000000e-05  1.30334439e+00  1.26000000e-05  1.00000000e+00  6.00000000e-01 
 1.27000000e-05  1.30421712e+00  1.27000000e-05  1.00000000e+00  6.00000000e-01 
 1.28000000e-05  1.30508627e+00  1.28000000e-05  1.00000000e+00  6.00000000e-01 
 1.29000000e-05  1.30595187e+00  1.29000000e-05  1.00000000e+00  6.00000000e-01 
 1.30000000e-05  1.30681399e+00  1.30000000e-05  1.00000000e+00  6.00000000e-01 
 1.31000000e-05  1.30767266e+00  1.31000000e-05  1.00000000e+00  6.00000000e-01 
 1.32000000e-05  1.30852793e+00  1.32000000e-05  1.00000000e+00  6.00000000e-01 
 1.33000000e-05  1.30937984e+00  1.33000000e-05  1.00000000e+00  6.00000000e-01 
 1.34000000e-05  1.31022844e+00  1.34000000e-05  1.00000000e+00  6.00000000e-01 
 1.35000000e-05  1.31107376e+00  1.35000000e-05  1.00000000e+00  6.00000000e-01 
 1.36000000e-05  1.31191585e+00  1.36000000e-05  1.00000000e+00  6.00000000e-01 
 1.37000000e-05  1.31275475e+00  1.37000000e-05  1.00000000e+00  6.00000000e-01 
 1.38000000e-05  1.31359049e+00  1.38000000e-05  1.00000000e+00  6.00000000e-01 
 1.39000000e-05  1.31442312e+00  1.39000000e-05  1.00000000e+00  6.00000000e-01 
 1.40000000e-05  1.31525266e+00  1.40000000e-05  1.00000000e+00  6.00000000e-01 
 1.41000000e-05  1.31607917e+00  1.41000000e-05  1.00000000e+00  6.00000000e-01 
 1.42000000e-05  1.31690267e+00  1.42000000e-05  1.00000000e+00  6.00000000e-01 
 1.43000000e-05  1.31772320e+00  1.43000000e-05  1.00000000e+00  6.00000000e-01 
 1.44000000e-05  1.31854080e+00  1.44000000e-05  1.00000000e+00  6.00000000e-01 
 1.45000000e-05  1.31935549e+00  1.45000000e-05  1.00000000e+00  6.00000000e-01 
 1.46000000e-05  1.32016731e+00  1.46000000e-05  1.00000000e+00  6.00000000e-01 
 1.47000000e-05  1.32097630e+00  1.47000000e-05  1.00000000e+00  6.00000000e-01 
 1.48000000e-05  1.32178248e+00  1.48000000e-05  1.00000000e+00  6.00000000e-01 
 1.49000000e-05  1.32258590e+00  1.49000000e-05  1.00000000e+00  6.00000000e-01 
 1.50000000e-05  1.32338657e+00  1.50000000e-05  1.00000000e+00  6.00000000e-01 
 1.51000000e-05  1.32418453e+00  1.51000000e-05  1.00000000e+00  6.00000000e-01 
 1.52000000e-05  1.32497981e+00  1.52000000e-05  1.00000000e+00  6.00000000e-01 
 1.53000000e-05  1.32577243e+00  1.53000000e-05  1.00000000e+00  6.00000000e-01 
 1.54000000e-05  1.32656244e+00  1.54000000e-05  1.00000000e+00  6.00000000e-01 
 1.55000000e-05  1.32734984e+00  1.55000000e-05  1.00000000e+00  6.00000000e-01 
 1.56000000e-05  1.32813468e+00  1.56000000e-05  1.00000000e+00  6.00000000e-01 
 1.57000000e-05  1.32891698e+00  1.57000000e-05  1.00000000e+00  6.00000000e-01 
 1.58000000e-05  1.32969677e+00  1.58000000e-05  1.00000000e+00  6.00000000e-01 
 1.59000000e-05  1.33047407e+00  1.59000000e-05  1.00000000e+00  6.00000000e-01 
 1.60000000e-05  1.33124890e+00  1.60000000e-05  1.00000000e+00  6.00000000e-01 
 1.61000000e-05  1.33202131e+00  1.61000000e-05  1.00000000e+00  6.00000000e-01 
 1.62000000e-05  1.33279129e+00  1.62000000e-05  1.00000000e+00  6.00000000e-01 
 1.63000000e-05  1.33355890e+00  1.63000000e-05  1.00000000e+00  6.00000000e-01 
 1.64000000e-05  1.33432414e+00  1.64000000e-05  1.00000000e+00  6.00000000e-01 
 1.65000000e-05  1.33508704e+00  1.65000000e-05  1.00000000e+00  6.00000000e-01 
 1.66000000e-05  1.33584762e+00  1.66000000e-05  1.00000000e+00  6.00000000e-01 
 1.67000000e-05  1.33660591e+00  1.67000000e-05  1.00000000e+00  6.00000000e-01 
 1.68000000e-05  1.33736193e+00  1.68000000e-05  1.00000000e+00  6.00000000e-01 
 1.69000000e-05  1.33811570e+00  1.69000000e-05  1.00000000e+00  6.00000000e-01 
 1.70000000e-05  1.33886725e+00  1.70000000e-05  1.00000000e+00  6.00000000e-01 
 1.71000000e-05  1.33961659e+00  1.71000000e-05  1.00000000e+00  6.00000000e-01 
 1.72000000e-05  1.34036374e+00  1.72000000e-05  1.00000000e+00  6.00000000e-01 
 1.73000000e-05  1.34110874e+00  1.73000000e-05  1.00000000e+00  6.00000000e-01 
 1.74000000e-05  1.34185158e+00  1.74000000e-05  1.00000000e+00  6.00000000e-01 
 1.75000000e-05  1.34259231e+00  1.75000000e-05  1.00000000e+00  6.00000000e-01 
 1.76000000e-05  1.34333093e+00  1.76000000e-05  1.00000000e+00  6.00000000e-01 
 1.77000000e-05  1.34406747e+00  1.77000000e-05  1.00000000e+00  6.00000000e-01 
 1.78000000e-05  1.34480195e+00  1.78000000e-05  1.00000000e+00  6.00000000e-01 
 1.79000000e-05  1.34553437e+00  1.79000000e-05  1.00000000e+00  6.00000000e-01 
 1.80000000e-05  1.34626478e+00  1.80000000e-05  1.00000000e+00  6.00000000e-01 
 1.81000000e-05  1.34699317e+00  1.81000000e-05  1.00000000e+00  6.00000000e-01 
 1.82000000e-05  1.34771957e+00  1.82000000e-05  1.00000000e+00  6.00000000e-01 
 1.83000000e-05  1.34844400e+00  1.83000000e-05  1.00000000e+00  6.00000000e-01 
 1.84000000e-05  1.34916647e+00  1.84000000e-05  1.00000000e+00  6.00000000e-01 
 1.85000000e-05  1.34988701e+00  1.85000000e-05  1.00000000e+00  6.00000000e-01 
 1.86000000e-05  1.35060562e+00  1.86000000e-05  1.00000000e+00  6.00000000e-01 
 1.87000000e-05  1.35132233e+00  1.87000000e-05  1.00000000e+00  6.00000000e-01 
 1.88000000e-05  1.35203715e+00  1.88000000e-05  1.00000000e+00  6.00000000e-01 
 1.89000000e-05  1.35275010e+00  1.89000000e-05  1.00000000e+00  6.00000000e-01 
 1.90000000e-05  1.35346119e+00  1.90000000e-05  1.00000000e+00  6.00000000e-01 
 1.91000000e-05  1.35417045e+00  1.91000000e-05  1.00000000e+00  6.00000000e-01 
 1.92000000e-05  1.35487787e+00  1.92000000e-05  1.00000000e+00  6.00000000e-01 
 1.93000000e-05  1.35558349e+00  1.93000000e-05  1.00000000e+00  6.00000000e-01 
 1.94000000e-05  1.35628732e+00  1.94000000e-05  1.00000000e+00  6.00000000e-01 
 1.95000000e-05  1.35698936e+00  1.95000000e-05  1.00000000e+00  6.00000000e-01 
 1.96000000e-05  1.35768965e+00  1.96000000e-05  1.00000000e+00  6.00000000e-01 
 1.97000000e-05  1.35838818e+00  1.97000000e-05  1.00000000e+00  6.00000000e-01 
 1.98000000e-05  1.35908497e+00  1.98000000e-05  1.00000000e+00  6.00000000e-01 
 1.99000000e-05  1.35978005e+00  1.99000000e-05  1.00000000e+00  6.00000000e-01 
 2.00000000e-05  1.36047341e+00  2.00000000e-05  1.00000000e+00  6.00000000e-01 
 2.01000000e-05  1.36116509e+00  2.01000000e-05  1.00000000e+00  6.00000000e-01 
 2.02000000e-05  1.36185508e+00  2.02000000e-05  1.00000000e+00  6.00000000e-01 
 2.03000000e-05  1.36254340e+00  2.03000000e-05  1.00000000e+00  6.00000000e-01 
 2.04000000e-05  1.36323007e+00  2.04000000e-05  1.00000000e+00  6.00000000e-01 
 2.05000000e-05  1.36391510e+00  2.05000000e-05  1.00000000e+00  6.00000000e-01 
 2.06000000e-05  1.36459851e+00  2.06000000e-05  1.00000000e+00  6.00000000e-01 
 2.07000000e-05  1.36528029e+00  2.07000000e-05  1.00000000e+00  6.00000000e-01 
 2.08000000e-05  1.36596048e+00  2.08000000e-05  1.00000000e+00  6.00000000e-01 
 2.09000000e-05  1.36663907e+00  2.09000000e-05  1.00000000e+00  6.00000000e-01 
 2.10000000e-05  1.36731609e+00  2.10000000e-05  1.00000000e+00  6.00000000e-01 
 2.11000000e-05  1.36799153e+00  2.11000000e-05  1.00000000e+00  6.00000000e-01 
 2.12000000e-05  1.36866543e+00  2.12000000e-05  1.00000000e+00  6.00000000e-01 
 2.13000000e-05  1.36933778e+00  2.13000000e-05  1.00000000e+00  6.00000000e-01 
 2.14000000e-05  1.37000860e+00  2.14000000e-05  1.00000000e+00  6.00000000e-01 
 2.15000000e-05  1.37067790e+00  2.15000000e-05  1.00000000e+00  6.00000000e-01 
 2.16000000e-05  1.37134569e+00  2.16000000e-05  1.00000000e+00  6.00000000e-01 
 2.17000000e-05  1.37201198e+00  2.17000000e-05  1.00000000e+00  6.00000000e-01 
 2.18000000e-05  1.37267679e+00  2.18000000e-05  1.00000000e+00  6.00000000e-01 
 2.19000000e-05  1.37334012e+00  2.19000000e-05  1.00000000e+00  6.00000000e-01 
 2.20000000e-05  1.37400199e+00  2.20000000e-05  1.00000000e+00  6.00000000e-01 
 2.21000000e-05  1.37466240e+00  2.21000000e-05  1.00000000e+00  6.00000000e-01 
 2.22000000e-05  1.37532137e+00  2.22000000e-05  1.00000000e+00  6.00000000e-01 
 2.23000000e-05  1.37597891e+00  2.23000000e-05  1.00000000e+00  6.00000000e-01 
 2.24000000e-05  1.37663502e+00  2.24000000e-05  1.00000000e+00  6.00000000e-01 
 2.25000000e-05  1.37728972e+00  2.25000000e-05  1.00000000e+00  6.00000000e-01 
 2.26000000e-05  1.37794302e+00  2.26000000e-05  1.00000000e+00  6.00000000e-01 
 2.27000000e-05  1.37859492e+00  2.27000000e-05  1.00000000e+00  6.00000000e-01 
 2.28000000e-05  1.37924544e+00  2.28000000e-05  1.00000000e+00  6.00000000e-01 
 2.29000000e-05  1.37989459e+00  2.29000000e-05  1.00000000e+00  6.00000000e-01 
 2.30000000e-05  1.38054237e+00  2.30000000e-05  1.00000000e+00  6.00000000e-01 
 2.31000000e-05  1.38118879e+00  2.31000000e-05  1.00000000e+00  6.00000000e-01 
 2.32000000e-05  1.38183387e+00  2.32000000e-05  1.00000000e+00  6.00000000e-01 
 2.33000000e-05  1.38247762e+00  2.33000000e-05  1.00000000e+00  6.00000000e-01 
 2.34000000e-05  1.38312003e+00  2.34000000e-05  1.00000000e+00  6.00000000e-01 
 2.35000000e-05  1.38376113e+00  2.35000000e-05  1.00000000e+00  6.00000000e-01 
 2.36000000e-05  1.38440092e+00  2.36000000e-05  1.00000000e+00  6.00000000e-01 
 2.37000000e-05  1.38503941e+00  2.37000000e-05  1.00000000e+00  6.00000000e-01 
 2.38000000e-05  1.38567660e+00  2.38000000e-05  1.00000000e+00  6.00000000e-01 
 2.39000000e-05  1.38631251e+00  2.39000000e-05  1.00000000e+00  6.00000000e-01 
 2.40000000e-05  1.38694715e+00  2.40000000e-05  1.00000000e+00  6.00000000e-01 
 2.41000000e-05  1.38758052e+00  2.41000000e-05  1.00000000e+00  6.00000000e-01 
 2.42000000e-05  1.38821263e+00  2.42000000e-05  1.00000000e+00  6.00000000e-01 
 2.43000000e-05  1.38884349e+00  2.43000000e-05  1.00000000e+00  6.00000000e-01 
 2.44000000e-05  1.38947311e+00  2.44000000e-05  1.00000000e+00  6.00000000e-01 
 2.45000000e-05  1.39010150e+00  2.45000000e-05  1.00000000e+00  6.00000000e-01 
 2.46000000e-05  1.39072866e+00  2.46000000e-05  1.00000000e+00  6.00000000e-01 
 2.47000000e-05  1.39135460e+00  2.47000000e-05  1.00000000e+00  6.00000000e-01 
 2.48000000e-05  1.39197933e+00  2.48000000e-05  1.00000000e+00  6.00000000e-01 
 2.49000000e-05  1.39260285e+00  2.49000000e-05  1.00000000e+00  6.00000000e-01 
 2.50000000e-05  1.39322519e+00  2.50000000e-05  1.00000000e+00  6.00000000e-01 
 2.51000000e-05  1.39384633e+00  2.51000000e-05  1.00000000e+00  6.00000000e-01 
 2.52000000e-05  1.39446629e+00  2.52000000e-05  1.00000000e+00  6.00000000e-01 
 2.53000000e-05  1.39508508e+00  2.53000000e-05  1.00000000e+00  6.00000000e-01 
 2.54000000e-05  1.39570271e+00  2.54000000e-05  1.00000000e+00  6.00000000e-01 
 2.55000000e-05  1.39631917e+00  2.55000000e-05  1.00000000e+00  6.00000000e-01 
 2.56000000e-05  1.39693449e+00  2.56000000e-05  1.00000000e+00  6.00000000e-01 
 2.57000000e-05  1.39754866e+00  2.57000000e-05  1.00000000e+00  6.00000000e-01 
 2.58000000e-05  1.39816169e+00  2.58000000e-05  1.00000000e+00  6.00000000e-01 
 2.59000000e-05  1.39877360e+00  2.59000000e-05  1.00000000e+00  6.00000000e-01 
 2.60000000e-05  1.39938438e+00  2.60000000e-05  1.00000000e+00  6.00000000e-01 
 2.61000000e-05  1.39999404e+00  2.61000000e-05  1.00000000e+00  6.00000000e-01 
 2.62000000e-05  1.40060259e+00  2.62000000e-05  1.00000000e+00  6.00000000e-01 
 2.63000000e-05  1.40121004e+00  2.63000000e-05  1.00000000e+00  6.00000000e-01 
 2.64000000e-05  1.40181640e+00  2.64000000e-05  1.00000000e+00  6.00000000e-01 
 2.65000000e-05  1.40242166e+00  2.65000000e-05  1.00000000e+00  6.00000000e-01 
 2.66000000e-05  1.40302584e+00  2.66000000e-05  1.00000000e+00  6.00000000e-01 
 2.67000000e-05  1.40362894e+00  2.67000000e-05  1.00000000e+00  6.00000000e-01 
 2.68000000e-05  1.40423097e+00  2.68000000e-05  1.00000000e+00  6.00000000e-01 
 2.69000000e-05  1.40483193e+00  2.69000000e-05  1.00000000e+00  6.00000000e-01 
 2.70000000e-05  1.40543184e+00  2.70000000e-05  1.00000000e+00  6.00000000e-01 
 2.71000000e-05  1.40603069e+00  2.71000000e-05  1.00000000e+00  6.00000000e-01 
 2.72000000e-05  1.40662849e+00  2.72000000e-05  1.00000000e+00  6.00000000e-01 
 2.73000000e-05  1.40722526e+00  2.73000000e-05  1.00000000e+00  6.00000000e-01 
 2.74000000e-05  1.40782099e+00  2.74000000e-05  1.00000000e+00  6.00000000e-01 
 2.75000000e-05  1.40841569e+00  2.75000000e-05  1.00000000e+00  6.00000000e-01 
 2.76000000e-05  1.40900937e+00  2.76000000e-05  1.00000000e+00  6.00000000e-01 
 2.77000000e-05  1.40960204e+00  2.77000000e-05  1.00000000e+00  6.00000000e-01 
 2.78000000e-05  1.41019369e+00  2.78000000e-05  1.00000000e+00  6.00000000e-01 
 2.79000000e-05  1.41078433e+00  2.79000000e-05  1.00000000e+00  6.00000000e-01 
 2.80000000e-05  1.41137398e+00  2.80000000e-05  1.00000000e+00  6.00000000e-01 
 2.81000000e-05  1.41196263e+00  2.81000000e-05  1.00000000e+00  6.00000000e-01 
 2.82000000e-05  1.41255029e+00  2.82000000e-05  1.00000000e+00  6.00000000e-01 
 2.83000000e-05  1.41313696e+00  2.83000000e-05  1.00000000e+00  6.00000000e-01 
 2.84000000e-05  1.41372266e+00  2.84000000e-05  1.00000000e+00  6.00000000e-01 
 2.85000000e-05  1.41430739e+00  2.85000000e-05  1.00000000e+00  6.00000000e-01 
 2.86000000e-05  1.41489115e+00  2.86000000e-05  1.00000000e+00  6.00000000e-01 
 2.87000000e-05  1.41547394e+00  2.87000000e-05  1.00000000e+00  6.00000000e-01 
 2.88000000e-05  1.41605578e+00  2.88000000e-05  1.00000000e+00  6.00000000e-01 
 2.89000000e-05  1.41663667e+00  2.89000000e-05  1.00000000e+00  6.00000000e-01 
 2.90000000e-05  1.41721661e+00  2.90000000e-05  1.00000000e+00  6.00000000e-01 
 2.91000000e-05  1.41779561e+00  2.91000000e-05  1.00000000e+00  6.00000000e-01 
 2.92000000e-05  1.41837367e+00  2.92000000e-05  1.00000000e+00  6.00000000e-01 
 2.93000000e-05  1.41895080e+00  2.93000000e-05  1.00000000e+00  6.00000000e-01 
 2.94000000e-05  1.41952701e+00  2.94000000e-05  1.00000000e+00  6.00000000e-01 
 2.95000000e-05  1.42010229e+00  2.95000000e-05  1.00000000e+00  6.00000000e-01 
 2.96000000e-05  1.42067666e+00  2.96000000e-05  1.00000000e+00  6.00000000e-01 
 2.97000000e-05  1.42125011e+00  2.97000000e-05  1.00000000e+00  6.00000000e-01 
 2.98000000e-05  1.42182265e+00  2.98000000e-05  1.00000000e+00  6.00000000e-01 
 2.99000000e-05  1.42239430e+00  2.99000000e-05  1.00000000e+00  6.00000000e-01 
 3.00000000e-05  1.42296504e+00  3.00000000e-05  1.00000000e+00  6.00000000e-01 
