 i-sweep         v(vout)         i(viin)         v(vgate)        v(vmid)        
 0.00000000e+00  3.00000045e-01  0.00000000e+00  1.40000000e+00  3.00000000e-01 
 1.00000000e-07  3.03774638e-01  1.00000000e-07  1.40000000e+00  3.00000000e-01 
 2.00000000e-07  3.07584231e-01  2.00000000e-07  1.40000000e+00  3.00000000e-01 
 3.00000000e-07  3.11429802e-01  3.00000000e-07  1.40000000e+00  3.00000000e-01 
 4.00000000e-07  3.15312372e-01  4.00000000e-07  1.40000000e+00  3.00000000e-01 
 5.00000000e-07  3.19233013e-01  5.00000000e-07  1.40000000e+00  3.00000000e-01 
 6.00000000e-07  3.23192848e-01  6.00000000e-07  1.40000000e+00  3.00000000e-01 
 7.00000000e-07  3.27193057e-01  7.00000000e-07  1.40000000e+00  3.00000000e-01 
 8.00000000e-07  3.31234882e-01  8.00000000e-07  1.40000000e+00  3.00000000e-01 
 9.00000000e-07  3.35319627e-01  9.00000000e-07  1.40000000e+00  3.00000000e-01 
 1.00000000e-06  3.39448668e-01  1.00000000e-06  1.40000000e+00  3.00000000e-01 
 1.10000000e-06  3.43623454e-01  1.10000000e-06  1.40000000e+00  3.00000000e-01 
 1.20000000e-06  3.47845515e-01  1.20000000e-06  1.40000000e+00  3.00000000e-01 
 1.30000000e-06  3.52116469e-01  1.30000000e-06  1.40000000e+00  3.00000000e-01 
 1.40000000e-06  3.56438027e-01  1.40000000e-06  1.40000000e+00  3.00000000e-01 
 1.50000000e-06  3.60812003e-01  1.50000000e-06  1.40000000e+00  3.00000000e-01 
 1.60000000e-06  3.65240322e-01  1.60000000e-06  1.40000000e+00  3.00000000e-01 
 1.70000000e-06  3.69725027e-01  1.70000000e-06  1.40000000e+00  3.00000000e-01 
 1.80000000e-06  3.74268295e-01  1.80000000e-06  1.40000000e+00  3.00000000e-01 
 1.90000000e-06  3.78872445e-01  1.90000000e-06  1.40000000e+00  3.00000000e-01 
 2.00000000e-06  3.83539952e-01  2.00000000e-06  1.40000000e+00  3.00000000e-01 
 2.10000000e-06  3.88273464e-01  2.10000000e-06  1.40000000e+00  3.00000000e-01 
 2.20000000e-06  3.93075817e-01  2.20000000e-06  1.40000000e+00  3.00000000e-01 
 2.30000000e-06  3.97950057e-01  2.30000000e-06  1.40000000e+00  3.00000000e-01 
 2.40000000e-06  4.02899458e-01  2.40000000e-06  1.40000000e+00  3.00000000e-01 
 2.50000000e-06  4.07927553e-01  2.50000000e-06  1.40000000e+00  3.00000000e-01 
 2.60000000e-06  4.13038155e-01  2.60000000e-06  1.40000000e+00  3.00000000e-01 
 2.70000000e-06  4.18235398e-01  2.70000000e-06  1.40000000e+00  3.00000000e-01 
 2.80000000e-06  4.23523769e-01  2.80000000e-06  1.40000000e+00  3.00000000e-01 
 2.90000000e-06  4.28908154e-01  2.90000000e-06  1.40000000e+00  3.00000000e-01 
 3.00000000e-06  4.34393891e-01  3.00000000e-06  1.40000000e+00  3.00000000e-01 
 3.10000000e-06  4.39986828e-01  3.10000000e-06  1.40000000e+00  3.00000000e-01 
 3.20000000e-06  4.45693394e-01  3.20000000e-06  1.40000000e+00  3.00000000e-01 
 3.30000000e-06  4.51520684e-01  3.30000000e-06  1.40000000e+00  3.00000000e-01 
 3.40000000e-06  4.57476556e-01  3.40000000e-06  1.40000000e+00  3.00000000e-01 
 3.50000000e-06  4.63569756e-01  3.50000000e-06  1.40000000e+00  3.00000000e-01 
 3.60000000e-06  4.69810056e-01  3.60000000e-06  1.40000000e+00  3.00000000e-01 
 3.70000000e-06  4.76208438e-01  3.70000000e-06  1.40000000e+00  3.00000000e-01 
 3.80000000e-06  4.82777307e-01  3.80000000e-06  1.40000000e+00  3.00000000e-01 
 3.90000000e-06  4.89530762e-01  3.90000000e-06  1.40000000e+00  3.00000000e-01 
 4.00000000e-06  4.96484936e-01  4.00000000e-06  1.40000000e+00  3.00000000e-01 
 4.10000000e-06  5.03658430e-01  4.10000000e-06  1.40000000e+00  3.00000000e-01 
 4.20000000e-06  5.11072861e-01  4.20000000e-06  1.40000000e+00  3.00000000e-01 
 4.30000000e-06  5.18753597e-01  4.30000000e-06  1.40000000e+00  3.00000000e-01 
 4.40000000e-06  5.26730708e-01  4.40000000e-06  1.40000000e+00  3.00000000e-01 
 4.50000000e-06  5.35040279e-01  4.50000000e-06  1.40000000e+00  3.00000000e-01 
 4.60000000e-06  5.43726193e-01  4.60000000e-06  1.40000000e+00  3.00000000e-01 
 4.70000000e-06  5.52842677e-01  4.70000000e-06  1.40000000e+00  3.00000000e-01 
 4.80000000e-06  5.62457974e-01  4.80000000e-06  1.40000000e+00  3.00000000e-01 
 4.90000000e-06  5.72659868e-01  4.90000000e-06  1.40000000e+00  3.00000000e-01 
 5.00000000e-06  5.83564256e-01  5.00000000e-06  1.40000000e+00  3.00000000e-01 
 5.10000000e-06  5.95329119e-01  5.10000000e-06  1.40000000e+00  3.00000000e-01 
 5.20000000e-06  6.08178517e-01  5.20000000e-06  1.40000000e+00  3.00000000e-01 
 5.30000000e-06  6.22446733e-01  5.30000000e-06  1.40000000e+00  3.00000000e-01 
 5.40000000e-06  6.38666902e-01  5.40000000e-06  1.40000000e+00  3.00000000e-01 
 5.50000000e-06  6.57770648e-01  5.50000000e-06  1.40000000e+00  3.00000000e-01 
 5.60000000e-06  6.81615886e-01  5.60000000e-06  1.40000000e+00  3.00000000e-01 
 5.70000000e-06  7.14752803e-01  5.70000000e-06  1.40000000e+00  3.00000000e-01 
 5.80000000e-06  7.72921858e-01  5.80000000e-06  1.40000000e+00  3.00000000e-01 
 5.90000000e-06  9.15013868e-01  5.90000000e-06  1.40000000e+00  3.00000000e-01 
 6.00000000e-06  1.00762976e+00  6.00000000e-06  1.40000000e+00  3.00000000e-01 
 6.10000000e-06  1.04200046e+00  6.10000000e-06  1.40000000e+00  3.00000000e-01 
 6.20000000e-06  1.06211424e+00  6.20000000e-06  1.40000000e+00  3.00000000e-01 
 6.30000000e-06  1.07631083e+00  6.30000000e-06  1.40000000e+00  3.00000000e-01 
 6.40000000e-06  1.08731793e+00  6.40000000e-06  1.40000000e+00  3.00000000e-01 
 6.50000000e-06  1.09634284e+00  6.50000000e-06  1.40000000e+00  3.00000000e-01 
 6.60000000e-06  1.10402048e+00  6.60000000e-06  1.40000000e+00  3.00000000e-01 
 6.70000000e-06  1.11072420e+00  6.70000000e-06  1.40000000e+00  3.00000000e-01 
 6.80000000e-06  1.11669158e+00  6.80000000e-06  1.40000000e+00  3.00000000e-01 
 6.90000000e-06  1.12208285e+00  6.90000000e-06  1.40000000e+00  3.00000000e-01 
 7.00000000e-06  1.12701109e+00  7.00000000e-06  1.40000000e+00  3.00000000e-01 
 7.10000000e-06  1.13155901e+00  7.10000000e-06  1.40000000e+00  3.00000000e-01 
 7.20000000e-06  1.13578891e+00  7.20000000e-06  1.40000000e+00  3.00000000e-01 
 7.30000000e-06  1.13974888e+00  7.30000000e-06  1.40000000e+00  3.00000000e-01 
 7.40000000e-06  1.14347679e+00  7.40000000e-06  1.40000000e+00  3.00000000e-01 
 7.50000000e-06  1.14700301e+00  7.50000000e-06  1.40000000e+00  3.00000000e-01 
 7.60000000e-06  1.15035225e+00  7.60000000e-06  1.40000000e+00  3.00000000e-01 
 7.70000000e-06  1.15354492e+00  7.70000000e-06  1.40000000e+00  3.00000000e-01 
 7.80000000e-06  1.15659801e+00  7.80000000e-06  1.40000000e+00  3.00000000e-01 
 7.90000000e-06  1.15952589e+00  7.90000000e-06  1.40000000e+00  3.00000000e-01 
 8.00000000e-06  1.16234077e+00  8.00000000e-06  1.40000000e+00  3.00000000e-01 
 8.10000000e-06  1.16505311e+00  8.10000000e-06  1.40000000e+00  3.00000000e-01 
 8.20000000e-06  1.16767199e+00  8.20000000e-06  1.40000000e+00  3.00000000e-01 
 8.30000000e-06  1.17020530e+00  8.30000000e-06  1.40000000e+00  3.00000000e-01 
 8.40000000e-06  1.17265994e+00  8.40000000e-06  1.40000000e+00  3.00000000e-01 
 8.50000000e-06  1.17504201e+00  8.50000000e-06  1.40000000e+00  3.00000000e-01 
 8.60000000e-06  1.17735689e+00  8.60000000e-06  1.40000000e+00  3.00000000e-01 
 8.70000000e-06  1.17960938e+00  8.70000000e-06  1.40000000e+00  3.00000000e-01 
 8.80000000e-06  1.18180379e+00  8.80000000e-06  1.40000000e+00  3.00000000e-01 
 8.90000000e-06  1.18394394e+00  8.90000000e-06  1.40000000e+00  3.00000000e-01 
 9.00000000e-06  1.18603333e+00  9.00000000e-06  1.40000000e+00  3.00000000e-01 
 9.10000000e-06  1.18807508e+00  9.10000000e-06  1.40000000e+00  3.00000000e-01 
 9.20000000e-06  1.19007203e+00  9.20000000e-06  1.40000000e+00  3.00000000e-01 
 9.30000000e-06  1.19202680e+00  9.30000000e-06  1.40000000e+00  3.00000000e-01 
 9.40000000e-06  1.19394173e+00  9.40000000e-06  1.40000000e+00  3.00000000e-01 
 9.50000000e-06  1.19581899e+00  9.50000000e-06  1.40000000e+00  3.00000000e-01 
 9.60000000e-06  1.19766058e+00  9.60000000e-06  1.40000000e+00  3.00000000e-01 
 9.70000000e-06  1.19946832e+00  9.70000000e-06  1.40000000e+00  3.00000000e-01 
 9.80000000e-06  1.20124390e+00  9.80000000e-06  1.40000000e+00  3.00000000e-01 
 9.90000000e-06  1.20298888e+00  9.90000000e-06  1.40000000e+00  3.00000000e-01 
 1.00000000e-05  1.20470471e+00  1.00000000e-05  1.40000000e+00  3.00000000e-01 
 1.01000000e-05  1.20639271e+00  1.01000000e-05  1.40000000e+00  3.00000000e-01 
 1.02000000e-05  1.20805415e+00  1.02000000e-05  1.40000000e+00  3.00000000e-01 
 1.03000000e-05  1.20969018e+00  1.03000000e-05  1.40000000e+00  3.00000000e-01 
 1.04000000e-05  1.21130188e+00  1.04000000e-05  1.40000000e+00  3.00000000e-01 
 1.05000000e-05  1.21289027e+00  1.05000000e-05  1.40000000e+00  3.00000000e-01 
 1.06000000e-05  1.21445630e+00  1.06000000e-05  1.40000000e+00  3.00000000e-01 
 1.07000000e-05  1.21600084e+00  1.07000000e-05  1.40000000e+00  3.00000000e-01 
 1.08000000e-05  1.21752475e+00  1.08000000e-05  1.40000000e+00  3.00000000e-01 
 1.09000000e-05  1.21902880e+00  1.09000000e-05  1.40000000e+00  3.00000000e-01 
 1.10000000e-05  1.22051373e+00  1.10000000e-05  1.40000000e+00  3.00000000e-01 
 1.11000000e-05  1.22198024e+00  1.11000000e-05  1.40000000e+00  3.00000000e-01 
 1.12000000e-05  1.22342898e+00  1.12000000e-05  1.40000000e+00  3.00000000e-01 
 1.13000000e-05  1.22486057e+00  1.13000000e-05  1.40000000e+00  3.00000000e-01 
 1.14000000e-05  1.22627561e+00  1.14000000e-05  1.40000000e+00  3.00000000e-01 
 1.15000000e-05  1.22767464e+00  1.15000000e-05  1.40000000e+00  3.00000000e-01 
 1.16000000e-05  1.22905819e+00  1.16000000e-05  1.40000000e+00  3.00000000e-01 
 1.17000000e-05  1.23042677e+00  1.17000000e-05  1.40000000e+00  3.00000000e-01 
 1.18000000e-05  1.23178084e+00  1.18000000e-05  1.40000000e+00  3.00000000e-01 
 1.19000000e-05  1.23312086e+00  1.19000000e-05  1.40000000e+00  3.00000000e-01 
 1.20000000e-05  1.23444725e+00  1.20000000e-05  1.40000000e+00  3.00000000e-01 
 1.21000000e-05  1.23576044e+00  1.21000000e-05  1.40000000e+00  3.00000000e-01 
 1.22000000e-05  1.23706079e+00  1.22000000e-05  1.40000000e+00  3.00000000e-01 
 1.23000000e-05  1.23834870e+00  1.23000000e-05  1.40000000e+00  3.00000000e-01 
 1.24000000e-05  1.23962450e+00  1.24000000e-05  1.40000000e+00  3.00000000e-01 
 1.25000000e-05  1.24088854e+00  1.25000000e-05  1.40000000e+00  3.00000000e-01 
 1.26000000e-05  1.24214115e+00  1.26000000e-05  1.40000000e+00  3.00000000e-01 
 1.27000000e-05  1.24338263e+00  1.27000000e-05  1.40000000e+00  3.00000000e-01 
 1.28000000e-05  1.24461328e+00  1.28000000e-05  1.40000000e+00  3.00000000e-01 
 1.29000000e-05  1.24583338e+00  1.29000000e-05  1.40000000e+00  3.00000000e-01 
 1.30000000e-05  1.24704321e+00  1.30000000e-05  1.40000000e+00  3.00000000e-01 
 1.31000000e-05  1.24824302e+00  1.31000000e-05  1.40000000e+00  3.00000000e-01 
 1.32000000e-05  1.24943307e+00  1.32000000e-05  1.40000000e+00  3.00000000e-01 
 1.33000000e-05  1.25061360e+00  1.33000000e-05  1.40000000e+00  3.00000000e-01 
 1.34000000e-05  1.25178484e+00  1.34000000e-05  1.40000000e+00  3.00000000e-01 
 1.35000000e-05  1.25294701e+00  1.35000000e-05  1.40000000e+00  3.00000000e-01 
 1.36000000e-05  1.25410033e+00  1.36000000e-05  1.40000000e+00  3.00000000e-01 
 1.37000000e-05  1.25524500e+00  1.37000000e-05  1.40000000e+00  3.00000000e-01 
 1.38000000e-05  1.25638122e+00  1.38000000e-05  1.40000000e+00  3.00000000e-01 
 1.39000000e-05  1.25750917e+00  1.39000000e-05  1.40000000e+00  3.00000000e-01 
 1.40000000e-05  1.25862906e+00  1.40000000e-05  1.40000000e+00  3.00000000e-01 
 1.41000000e-05  1.25974105e+00  1.41000000e-05  1.40000000e+00  3.00000000e-01 
 1.42000000e-05  1.26084531e+00  1.42000000e-05  1.40000000e+00  3.00000000e-01 
 1.43000000e-05  1.26194201e+00  1.43000000e-05  1.40000000e+00  3.00000000e-01 
 1.44000000e-05  1.26303131e+00  1.44000000e-05  1.40000000e+00  3.00000000e-01 
 1.45000000e-05  1.26411337e+00  1.45000000e-05  1.40000000e+00  3.00000000e-01 
 1.46000000e-05  1.26518832e+00  1.46000000e-05  1.40000000e+00  3.00000000e-01 
 1.47000000e-05  1.26625633e+00  1.47000000e-05  1.40000000e+00  3.00000000e-01 
 1.48000000e-05  1.26731752e+00  1.48000000e-05  1.40000000e+00  3.00000000e-01 
 1.49000000e-05  1.26837204e+00  1.49000000e-05  1.40000000e+00  3.00000000e-01 
 1.50000000e-05  1.26942000e+00  1.50000000e-05  1.40000000e+00  3.00000000e-01 
 1.51000000e-05  1.27046155e+00  1.51000000e-05  1.40000000e+00  3.00000000e-01 
 1.52000000e-05  1.27149680e+00  1.52000000e-05  1.40000000e+00  3.00000000e-01 
 1.53000000e-05  1.27252586e+00  1.53000000e-05  1.40000000e+00  3.00000000e-01 
 1.54000000e-05  1.27354887e+00  1.54000000e-05  1.40000000e+00  3.00000000e-01 
 1.55000000e-05  1.27456592e+00  1.55000000e-05  1.40000000e+00  3.00000000e-01 
 1.56000000e-05  1.27557713e+00  1.56000000e-05  1.40000000e+00  3.00000000e-01 
 1.57000000e-05  1.27658261e+00  1.57000000e-05  1.40000000e+00  3.00000000e-01 
 1.58000000e-05  1.27758244e+00  1.58000000e-05  1.40000000e+00  3.00000000e-01 
 1.59000000e-05  1.27857674e+00  1.59000000e-05  1.40000000e+00  3.00000000e-01 
 1.60000000e-05  1.27956560e+00  1.60000000e-05  1.40000000e+00  3.00000000e-01 
 1.61000000e-05  1.28054912e+00  1.61000000e-05  1.40000000e+00  3.00000000e-01 
 1.62000000e-05  1.28152737e+00  1.62000000e-05  1.40000000e+00  3.00000000e-01 
 1.63000000e-05  1.28250047e+00  1.63000000e-05  1.40000000e+00  3.00000000e-01 
 1.64000000e-05  1.28346848e+00  1.64000000e-05  1.40000000e+00  3.00000000e-01 
 1.65000000e-05  1.28443149e+00  1.65000000e-05  1.40000000e+00  3.00000000e-01 
 1.66000000e-05  1.28538959e+00  1.66000000e-05  1.40000000e+00  3.00000000e-01 
 1.67000000e-05  1.28634286e+00  1.67000000e-05  1.40000000e+00  3.00000000e-01 
 1.68000000e-05  1.28729137e+00  1.68000000e-05  1.40000000e+00  3.00000000e-01 
 1.69000000e-05  1.28823519e+00  1.69000000e-05  1.40000000e+00  3.00000000e-01 
 1.70000000e-05  1.28917441e+00  1.70000000e-05  1.40000000e+00  3.00000000e-01 
 1.71000000e-05  1.29010908e+00  1.71000000e-05  1.40000000e+00  3.00000000e-01 
 1.72000000e-05  1.29103929e+00  1.72000000e-05  1.40000000e+00  3.00000000e-01 
 1.73000000e-05  1.29196510e+00  1.73000000e-05  1.40000000e+00  3.00000000e-01 
 1.74000000e-05  1.29288658e+00  1.74000000e-05  1.40000000e+00  3.00000000e-01 
 1.75000000e-05  1.29380378e+00  1.75000000e-05  1.40000000e+00  3.00000000e-01 
 1.76000000e-05  1.29471678e+00  1.76000000e-05  1.40000000e+00  3.00000000e-01 
 1.77000000e-05  1.29562564e+00  1.77000000e-05  1.40000000e+00  3.00000000e-01 
 1.78000000e-05  1.29653041e+00  1.78000000e-05  1.40000000e+00  3.00000000e-01 
 1.79000000e-05  1.29743115e+00  1.79000000e-05  1.40000000e+00  3.00000000e-01 
 1.80000000e-05  1.29832793e+00  1.80000000e-05  1.40000000e+00  3.00000000e-01 
 1.81000000e-05  1.29922079e+00  1.81000000e-05  1.40000000e+00  3.00000000e-01 
 1.82000000e-05  1.30010980e+00  1.82000000e-05  1.40000000e+00  3.00000000e-01 
 1.83000000e-05  1.30099500e+00  1.83000000e-05  1.40000000e+00  3.00000000e-01 
 1.84000000e-05  1.30187645e+00  1.84000000e-05  1.40000000e+00  3.00000000e-01 
 1.85000000e-05  1.30275419e+00  1.85000000e-05  1.40000000e+00  3.00000000e-01 
 1.86000000e-05  1.30362829e+00  1.86000000e-05  1.40000000e+00  3.00000000e-01 
 1.87000000e-05  1.30449878e+00  1.87000000e-05  1.40000000e+00  3.00000000e-01 
 1.88000000e-05  1.30536572e+00  1.88000000e-05  1.40000000e+00  3.00000000e-01 
 1.89000000e-05  1.30622915e+00  1.89000000e-05  1.40000000e+00  3.00000000e-01 
 1.90000000e-05  1.30708911e+00  1.90000000e-05  1.40000000e+00  3.00000000e-01 
 1.91000000e-05  1.30794566e+00  1.91000000e-05  1.40000000e+00  3.00000000e-01 
 1.92000000e-05  1.30879884e+00  1.92000000e-05  1.40000000e+00  3.00000000e-01 
 1.93000000e-05  1.30964868e+00  1.93000000e-05  1.40000000e+00  3.00000000e-01 
 1.94000000e-05  1.31049523e+00  1.94000000e-05  1.40000000e+00  3.00000000e-01 
 1.95000000e-05  1.31133853e+00  1.95000000e-05  1.40000000e+00  3.00000000e-01 
 1.96000000e-05  1.31217863e+00  1.96000000e-05  1.40000000e+00  3.00000000e-01 
 1.97000000e-05  1.31301555e+00  1.97000000e-05  1.40000000e+00  3.00000000e-01 
 1.98000000e-05  1.31384935e+00  1.98000000e-05  1.40000000e+00  3.00000000e-01 
 1.99000000e-05  1.31468005e+00  1.99000000e-05  1.40000000e+00  3.00000000e-01 
 2.00000000e-05  1.31550769e+00  2.00000000e-05  1.40000000e+00  3.00000000e-01 
 2.01000000e-05  1.31633232e+00  2.01000000e-05  1.40000000e+00  3.00000000e-01 
 2.02000000e-05  1.31715396e+00  2.02000000e-05  1.40000000e+00  3.00000000e-01 
 2.03000000e-05  1.31797266e+00  2.03000000e-05  1.40000000e+00  3.00000000e-01 
 2.04000000e-05  1.31878844e+00  2.04000000e-05  1.40000000e+00  3.00000000e-01 
 2.05000000e-05  1.31960133e+00  2.05000000e-05  1.40000000e+00  3.00000000e-01 
 2.06000000e-05  1.32041138e+00  2.06000000e-05  1.40000000e+00  3.00000000e-01 
 2.07000000e-05  1.32121862e+00  2.07000000e-05  1.40000000e+00  3.00000000e-01 
 2.08000000e-05  1.32202307e+00  2.08000000e-05  1.40000000e+00  3.00000000e-01 
 2.09000000e-05  1.32282476e+00  2.09000000e-05  1.40000000e+00  3.00000000e-01 
 2.10000000e-05  1.32362374e+00  2.10000000e-05  1.40000000e+00  3.00000000e-01 
 2.11000000e-05  1.32442002e+00  2.11000000e-05  1.40000000e+00  3.00000000e-01 
 2.12000000e-05  1.32521364e+00  2.12000000e-05  1.40000000e+00  3.00000000e-01 
 2.13000000e-05  1.32600462e+00  2.13000000e-05  1.40000000e+00  3.00000000e-01 
 2.14000000e-05  1.32679300e+00  2.14000000e-05  1.40000000e+00  3.00000000e-01 
 2.15000000e-05  1.32757880e+00  2.15000000e-05  1.40000000e+00  3.00000000e-01 
 2.16000000e-05  1.32836205e+00  2.16000000e-05  1.40000000e+00  3.00000000e-01 
 2.17000000e-05  1.32914277e+00  2.17000000e-05  1.40000000e+00  3.00000000e-01 
 2.18000000e-05  1.32992100e+00  2.18000000e-05  1.40000000e+00  3.00000000e-01 
 2.19000000e-05  1.33069675e+00  2.19000000e-05  1.40000000e+00  3.00000000e-01 
 2.20000000e-05  1.33147006e+00  2.20000000e-05  1.40000000e+00  3.00000000e-01 
 2.21000000e-05  1.33224095e+00  2.21000000e-05  1.40000000e+00  3.00000000e-01 
 2.22000000e-05  1.33300944e+00  2.22000000e-05  1.40000000e+00  3.00000000e-01 
 2.23000000e-05  1.33377556e+00  2.23000000e-05  1.40000000e+00  3.00000000e-01 
 2.24000000e-05  1.33453934e+00  2.24000000e-05  1.40000000e+00  3.00000000e-01 
 2.25000000e-05  1.33530078e+00  2.25000000e-05  1.40000000e+00  3.00000000e-01 
 2.26000000e-05  1.33605993e+00  2.26000000e-05  1.40000000e+00  3.00000000e-01 
 2.27000000e-05  1.33681680e+00  2.27000000e-05  1.40000000e+00  3.00000000e-01 
 2.28000000e-05  1.33757140e+00  2.28000000e-05  1.40000000e+00  3.00000000e-01 
 2.29000000e-05  1.33832378e+00  2.29000000e-05  1.40000000e+00  3.00000000e-01 
 2.30000000e-05  1.33907394e+00  2.30000000e-05  1.40000000e+00  3.00000000e-01 
 2.31000000e-05  1.33982191e+00  2.31000000e-05  1.40000000e+00  3.00000000e-01 
 2.32000000e-05  1.34056771e+00  2.32000000e-05  1.40000000e+00  3.00000000e-01 
 2.33000000e-05  1.34131135e+00  2.33000000e-05  1.40000000e+00  3.00000000e-01 
 2.34000000e-05  1.34205287e+00  2.34000000e-05  1.40000000e+00  3.00000000e-01 
 2.35000000e-05  1.34279227e+00  2.35000000e-05  1.40000000e+00  3.00000000e-01 
 2.36000000e-05  1.34352959e+00  2.36000000e-05  1.40000000e+00  3.00000000e-01 
 2.37000000e-05  1.34426483e+00  2.37000000e-05  1.40000000e+00  3.00000000e-01 
 2.38000000e-05  1.34499802e+00  2.38000000e-05  1.40000000e+00  3.00000000e-01 
 2.39000000e-05  1.34572917e+00  2.39000000e-05  1.40000000e+00  3.00000000e-01 
 2.40000000e-05  1.34645831e+00  2.40000000e-05  1.40000000e+00  3.00000000e-01 
 2.41000000e-05  1.34718545e+00  2.41000000e-05  1.40000000e+00  3.00000000e-01 
 2.42000000e-05  1.34791061e+00  2.42000000e-05  1.40000000e+00  3.00000000e-01 
 2.43000000e-05  1.34863381e+00  2.43000000e-05  1.40000000e+00  3.00000000e-01 
 2.44000000e-05  1.34935507e+00  2.44000000e-05  1.40000000e+00  3.00000000e-01 
 2.45000000e-05  1.35007439e+00  2.45000000e-05  1.40000000e+00  3.00000000e-01 
 2.46000000e-05  1.35079181e+00  2.46000000e-05  1.40000000e+00  3.00000000e-01 
 2.47000000e-05  1.35150733e+00  2.47000000e-05  1.40000000e+00  3.00000000e-01 
 2.48000000e-05  1.35222097e+00  2.48000000e-05  1.40000000e+00  3.00000000e-01 
 2.49000000e-05  1.35293275e+00  2.49000000e-05  1.40000000e+00  3.00000000e-01 
 2.50000000e-05  1.35364269e+00  2.50000000e-05  1.40000000e+00  3.00000000e-01 
