 i-sweep         v(vout)         i(viin)         v(vgate)        v(vmid)        
-6.00000000e-06  1.54336453e-01 -6.00000000e-06  1.60000000e+00  3.00000000e-01 
-5.90000000e-06  1.56546341e-01 -5.90000000e-06  1.60000000e+00  3.00000000e-01 
-5.80000000e-06  1.58762199e-01 -5.80000000e-06  1.60000000e+00  3.00000000e-01 
-5.70000000e-06  1.60984085e-01 -5.70000000e-06  1.60000000e+00  3.00000000e-01 
-5.60000000e-06  1.63212053e-01 -5.60000000e-06  1.60000000e+00  3.00000000e-01 
-5.50000000e-06  1.65446162e-01 -5.50000000e-06  1.60000000e+00  3.00000000e-01 
-5.40000000e-06  1.67686471e-01 -5.40000000e-06  1.60000000e+00  3.00000000e-01 
-5.30000000e-06  1.69933037e-01 -5.30000000e-06  1.60000000e+00  3.00000000e-01 
-5.20000000e-06  1.72185922e-01 -5.20000000e-06  1.60000000e+00  3.00000000e-01 
-5.10000000e-06  1.74445187e-01 -5.10000000e-06  1.60000000e+00  3.00000000e-01 
-5.00000000e-06  1.76710895e-01 -5.00000000e-06  1.60000000e+00  3.00000000e-01 
-4.90000000e-06  1.78983109e-01 -4.90000000e-06  1.60000000e+00  3.00000000e-01 
-4.80000000e-06  1.81261893e-01 -4.80000000e-06  1.60000000e+00  3.00000000e-01 
-4.70000000e-06  1.83547313e-01 -4.70000000e-06  1.60000000e+00  3.00000000e-01 
-4.60000000e-06  1.85839436e-01 -4.60000000e-06  1.60000000e+00  3.00000000e-01 
-4.50000000e-06  1.88138330e-01 -4.50000000e-06  1.60000000e+00  3.00000000e-01 
-4.40000000e-06  1.90444064e-01 -4.40000000e-06  1.60000000e+00  3.00000000e-01 
-4.30000000e-06  1.92756708e-01 -4.30000000e-06  1.60000000e+00  3.00000000e-01 
-4.20000000e-06  1.95076335e-01 -4.20000000e-06  1.60000000e+00  3.00000000e-01 
-4.10000000e-06  1.97403017e-01 -4.10000000e-06  1.60000000e+00  3.00000000e-01 
-4.00000000e-06  1.99736828e-01 -4.00000000e-06  1.60000000e+00  3.00000000e-01 
-3.90000000e-06  2.02077844e-01 -3.90000000e-06  1.60000000e+00  3.00000000e-01 
-3.80000000e-06  2.04426142e-01 -3.80000000e-06  1.60000000e+00  3.00000000e-01 
-3.70000000e-06  2.06781800e-01 -3.70000000e-06  1.60000000e+00  3.00000000e-01 
-3.60000000e-06  2.09144899e-01 -3.60000000e-06  1.60000000e+00  3.00000000e-01 
-3.50000000e-06  2.11515520e-01 -3.50000000e-06  1.60000000e+00  3.00000000e-01 
-3.40000000e-06  2.13893746e-01 -3.40000000e-06  1.60000000e+00  3.00000000e-01 
-3.30000000e-06  2.16279661e-01 -3.30000000e-06  1.60000000e+00  3.00000000e-01 
-3.20000000e-06  2.18673352e-01 -3.20000000e-06  1.60000000e+00  3.00000000e-01 
-3.10000000e-06  2.21074907e-01 -3.10000000e-06  1.60000000e+00  3.00000000e-01 
-3.00000000e-06  2.23484414e-01 -3.00000000e-06  1.60000000e+00  3.00000000e-01 
-2.90000000e-06  2.25901967e-01 -2.90000000e-06  1.60000000e+00  3.00000000e-01 
-2.80000000e-06  2.28327658e-01 -2.80000000e-06  1.60000000e+00  3.00000000e-01 
-2.70000000e-06  2.30761582e-01 -2.70000000e-06  1.60000000e+00  3.00000000e-01 
-2.60000000e-06  2.33203836e-01 -2.60000000e-06  1.60000000e+00  3.00000000e-01 
-2.50000000e-06  2.35654519e-01 -2.50000000e-06  1.60000000e+00  3.00000000e-01 
-2.40000000e-06  2.38113733e-01 -2.40000000e-06  1.60000000e+00  3.00000000e-01 
-2.30000000e-06  2.40581580e-01 -2.30000000e-06  1.60000000e+00  3.00000000e-01 
-2.20000000e-06  2.43058166e-01 -2.20000000e-06  1.60000000e+00  3.00000000e-01 
-2.10000000e-06  2.45543599e-01 -2.10000000e-06  1.60000000e+00  3.00000000e-01 
-2.00000000e-06  2.48037989e-01 -2.00000000e-06  1.60000000e+00  3.00000000e-01 
-1.90000000e-06  2.50541448e-01 -1.90000000e-06  1.60000000e+00  3.00000000e-01 
-1.80000000e-06  2.53054091e-01 -1.80000000e-06  1.60000000e+00  3.00000000e-01 
-1.70000000e-06  2.55576035e-01 -1.70000000e-06  1.60000000e+00  3.00000000e-01 
-1.60000000e-06  2.58107401e-01 -1.60000000e-06  1.60000000e+00  3.00000000e-01 
-1.50000000e-06  2.60648310e-01 -1.50000000e-06  1.60000000e+00  3.00000000e-01 
-1.40000000e-06  2.63198889e-01 -1.40000000e-06  1.60000000e+00  3.00000000e-01 
-1.30000000e-06  2.65759265e-01 -1.30000000e-06  1.60000000e+00  3.00000000e-01 
-1.20000000e-06  2.68329570e-01 -1.20000000e-06  1.60000000e+00  3.00000000e-01 
-1.10000000e-06  2.70909939e-01 -1.10000000e-06  1.60000000e+00  3.00000000e-01 
-1.00000000e-06  2.73500509e-01 -1.00000000e-06  1.60000000e+00  3.00000000e-01 
-9.00000000e-07  2.76101420e-01 -9.00000000e-07  1.60000000e+00  3.00000000e-01 
-8.00000000e-07  2.78712818e-01 -8.00000000e-07  1.60000000e+00  3.00000000e-01 
-7.00000000e-07  2.81334849e-01 -7.00000000e-07  1.60000000e+00  3.00000000e-01 
-6.00000000e-07  2.83967666e-01 -6.00000000e-07  1.60000000e+00  3.00000000e-01 
-5.00000000e-07  2.86611424e-01 -5.00000000e-07  1.60000000e+00  3.00000000e-01 
-4.00000000e-07  2.89266281e-01 -4.00000000e-07  1.60000000e+00  3.00000000e-01 
-3.00000000e-07  2.91932401e-01 -3.00000000e-07  1.60000000e+00  3.00000000e-01 
-2.00000000e-07  2.94609951e-01 -2.00000000e-07  1.60000000e+00  3.00000000e-01 
-1.00000000e-07  2.97299102e-01 -1.00000000e-07  1.60000000e+00  3.00000000e-01 
-5.71747239e-21  3.00000033e-01 -5.71747239e-21  1.60000000e+00  3.00000000e-01 
 1.00000000e-07  3.02713306e-01  1.00000000e-07  1.60000000e+00  3.00000000e-01 
 2.00000000e-07  3.05439489e-01  2.00000000e-07  1.60000000e+00  3.00000000e-01 
 3.00000000e-07  3.08178763e-01  3.00000000e-07  1.60000000e+00  3.00000000e-01 
 4.00000000e-07  3.10931315e-01  4.00000000e-07  1.60000000e+00  3.00000000e-01 
 5.00000000e-07  3.13697336e-01  5.00000000e-07  1.60000000e+00  3.00000000e-01 
 6.00000000e-07  3.16477022e-01  6.00000000e-07  1.60000000e+00  3.00000000e-01 
 7.00000000e-07  3.19270574e-01  7.00000000e-07  1.60000000e+00  3.00000000e-01 
 8.00000000e-07  3.22078197e-01  8.00000000e-07  1.60000000e+00  3.00000000e-01 
 9.00000000e-07  3.24900102e-01  9.00000000e-07  1.60000000e+00  3.00000000e-01 
 1.00000000e-06  3.27736505e-01  1.00000000e-06  1.60000000e+00  3.00000000e-01 
 1.10000000e-06  3.30587628e-01  1.10000000e-06  1.60000000e+00  3.00000000e-01 
 1.20000000e-06  3.33453698e-01  1.20000000e-06  1.60000000e+00  3.00000000e-01 
 1.30000000e-06  3.36334947e-01  1.30000000e-06  1.60000000e+00  3.00000000e-01 
 1.40000000e-06  3.39231616e-01  1.40000000e-06  1.60000000e+00  3.00000000e-01 
 1.50000000e-06  3.42143949e-01  1.50000000e-06  1.60000000e+00  3.00000000e-01 
 1.60000000e-06  3.45072200e-01  1.60000000e-06  1.60000000e+00  3.00000000e-01 
 1.70000000e-06  3.48016626e-01  1.70000000e-06  1.60000000e+00  3.00000000e-01 
 1.80000000e-06  3.50977494e-01  1.80000000e-06  1.60000000e+00  3.00000000e-01 
 1.90000000e-06  3.53955077e-01  1.90000000e-06  1.60000000e+00  3.00000000e-01 
 2.00000000e-06  3.56949657e-01  2.00000000e-06  1.60000000e+00  3.00000000e-01 
 2.10000000e-06  3.59961522e-01  2.10000000e-06  1.60000000e+00  3.00000000e-01 
 2.20000000e-06  3.62990971e-01  2.20000000e-06  1.60000000e+00  3.00000000e-01 
 2.30000000e-06  3.66038308e-01  2.30000000e-06  1.60000000e+00  3.00000000e-01 
 2.40000000e-06  3.69103849e-01  2.40000000e-06  1.60000000e+00  3.00000000e-01 
 2.50000000e-06  3.72187918e-01  2.50000000e-06  1.60000000e+00  3.00000000e-01 
 2.60000000e-06  3.75290849e-01  2.60000000e-06  1.60000000e+00  3.00000000e-01 
 2.70000000e-06  3.78412986e-01  2.70000000e-06  1.60000000e+00  3.00000000e-01 
 2.80000000e-06  3.81554684e-01  2.80000000e-06  1.60000000e+00  3.00000000e-01 
 2.90000000e-06  3.84716309e-01  2.90000000e-06  1.60000000e+00  3.00000000e-01 
 3.00000000e-06  3.87898238e-01  3.00000000e-06  1.60000000e+00  3.00000000e-01 
 3.10000000e-06  3.91100860e-01  3.10000000e-06  1.60000000e+00  3.00000000e-01 
 3.20000000e-06  3.94324577e-01  3.20000000e-06  1.60000000e+00  3.00000000e-01 
 3.30000000e-06  3.97569805e-01  3.30000000e-06  1.60000000e+00  3.00000000e-01 
 3.40000000e-06  4.00836972e-01  3.40000000e-06  1.60000000e+00  3.00000000e-01 
 3.50000000e-06  4.04126521e-01  3.50000000e-06  1.60000000e+00  3.00000000e-01 
 3.60000000e-06  4.07438911e-01  3.60000000e-06  1.60000000e+00  3.00000000e-01 
 3.70000000e-06  4.10774616e-01  3.70000000e-06  1.60000000e+00  3.00000000e-01 
 3.80000000e-06  4.14134126e-01  3.80000000e-06  1.60000000e+00  3.00000000e-01 
 3.90000000e-06  4.17517951e-01  3.90000000e-06  1.60000000e+00  3.00000000e-01 
 4.00000000e-06  4.20926617e-01  4.00000000e-06  1.60000000e+00  3.00000000e-01 
 4.10000000e-06  4.24360669e-01  4.10000000e-06  1.60000000e+00  3.00000000e-01 
 4.20000000e-06  4.27820674e-01  4.20000000e-06  1.60000000e+00  3.00000000e-01 
 4.30000000e-06  4.31307219e-01  4.30000000e-06  1.60000000e+00  3.00000000e-01 
 4.40000000e-06  4.34820913e-01  4.40000000e-06  1.60000000e+00  3.00000000e-01 
 4.50000000e-06  4.38362392e-01  4.50000000e-06  1.60000000e+00  3.00000000e-01 
 4.60000000e-06  4.41932312e-01  4.60000000e-06  1.60000000e+00  3.00000000e-01 
 4.70000000e-06  4.45531359e-01  4.70000000e-06  1.60000000e+00  3.00000000e-01 
 4.80000000e-06  4.49160246e-01  4.80000000e-06  1.60000000e+00  3.00000000e-01 
 4.90000000e-06  4.52819715e-01  4.90000000e-06  1.60000000e+00  3.00000000e-01 
 5.00000000e-06  4.56510540e-01  5.00000000e-06  1.60000000e+00  3.00000000e-01 
 5.10000000e-06  4.60233527e-01  5.10000000e-06  1.60000000e+00  3.00000000e-01 
 5.20000000e-06  4.63989518e-01  5.20000000e-06  1.60000000e+00  3.00000000e-01 
 5.30000000e-06  4.67779392e-01  5.30000000e-06  1.60000000e+00  3.00000000e-01 
 5.40000000e-06  4.71604067e-01  5.40000000e-06  1.60000000e+00  3.00000000e-01 
 5.50000000e-06  4.75464505e-01  5.50000000e-06  1.60000000e+00  3.00000000e-01 
 5.60000000e-06  4.79361711e-01  5.60000000e-06  1.60000000e+00  3.00000000e-01 
 5.70000000e-06  4.83296738e-01  5.70000000e-06  1.60000000e+00  3.00000000e-01 
 5.80000000e-06  4.87270692e-01  5.80000000e-06  1.60000000e+00  3.00000000e-01 
 5.90000000e-06  4.91284733e-01  5.90000000e-06  1.60000000e+00  3.00000000e-01 
 6.00000000e-06  4.95340077e-01  6.00000000e-06  1.60000000e+00  3.00000000e-01 
