 i-sweep         v(vout)         i(viin)         v(vgate)        v(vmid)        
-6.00000000e-06  5.46168057e-02 -6.00000000e-06  1.10000000e+00  1.50000000e+00 
-5.90000000e-06  5.81227362e-02 -5.90000000e-06  1.10000000e+00  1.50000000e+00 
-5.80000000e-06  6.16565023e-02 -5.80000000e-06  1.10000000e+00  1.50000000e+00 
-5.70000000e-06  6.52187913e-02 -5.70000000e-06  1.10000000e+00  1.50000000e+00 
-5.60000000e-06  6.88103191e-02 -5.60000000e-06  1.10000000e+00  1.50000000e+00 
-5.50000000e-06  7.24318323e-02 -5.50000000e-06  1.10000000e+00  1.50000000e+00 
-5.40000000e-06  7.60841100e-02 -5.40000000e-06  1.10000000e+00  1.50000000e+00 
-5.30000000e-06  7.97679658e-02 -5.30000000e-06  1.10000000e+00  1.50000000e+00 
-5.20000000e-06  8.34842505e-02 -5.20000000e-06  1.10000000e+00  1.50000000e+00 
-5.10000000e-06  8.72338538e-02 -5.10000000e-06  1.10000000e+00  1.50000000e+00 
-5.00000000e-06  9.10177077e-02 -5.00000000e-06  1.10000000e+00  1.50000000e+00 
-4.90000000e-06  9.48367891e-02 -4.90000000e-06  1.10000000e+00  1.50000000e+00 
-4.80000000e-06  9.86921232e-02 -4.80000000e-06  1.10000000e+00  1.50000000e+00 
-4.70000000e-06  1.02584787e-01 -4.70000000e-06  1.10000000e+00  1.50000000e+00 
-4.60000000e-06  1.06515912e-01 -4.60000000e-06  1.10000000e+00  1.50000000e+00 
-4.50000000e-06  1.10486692e-01 -4.50000000e-06  1.10000000e+00  1.50000000e+00 
-4.40000000e-06  1.14498384e-01 -4.40000000e-06  1.10000000e+00  1.50000000e+00 
-4.30000000e-06  1.18552315e-01 -4.30000000e-06  1.10000000e+00  1.50000000e+00 
-4.20000000e-06  1.22649889e-01 -4.20000000e-06  1.10000000e+00  1.50000000e+00 
-4.10000000e-06  1.26792589e-01 -4.10000000e-06  1.10000000e+00  1.50000000e+00 
-4.00000000e-06  1.30981993e-01 -4.00000000e-06  1.10000000e+00  1.50000000e+00 
-3.90000000e-06  1.35219773e-01 -3.90000000e-06  1.10000000e+00  1.50000000e+00 
-3.80000000e-06  1.39507710e-01 -3.80000000e-06  1.10000000e+00  1.50000000e+00 
-3.70000000e-06  1.43847701e-01 -3.70000000e-06  1.10000000e+00  1.50000000e+00 
-3.60000000e-06  1.48241773e-01 -3.60000000e-06  1.10000000e+00  1.50000000e+00 
-3.50000000e-06  1.52692098e-01 -3.50000000e-06  1.10000000e+00  1.50000000e+00 
-3.40000000e-06  1.57201002e-01 -3.40000000e-06  1.10000000e+00  1.50000000e+00 
-3.30000000e-06  1.61770990e-01 -3.30000000e-06  1.10000000e+00  1.50000000e+00 
-3.20000000e-06  1.66404761e-01 -3.20000000e-06  1.10000000e+00  1.50000000e+00 
-3.10000000e-06  1.71105190e-01 -3.10000000e-06  1.10000000e+00  1.50000000e+00 
-3.00000000e-06  1.75875531e-01 -3.00000000e-06  1.10000000e+00  1.50000000e+00 
-2.90000000e-06  1.80719178e-01 -2.90000000e-06  1.10000000e+00  1.50000000e+00 
-2.80000000e-06  1.85639886e-01 -2.80000000e-06  1.10000000e+00  1.50000000e+00 
-2.70000000e-06  1.90641770e-01 -2.70000000e-06  1.10000000e+00  1.50000000e+00 
-2.60000000e-06  1.95729351e-01 -2.60000000e-06  1.10000000e+00  1.50000000e+00 
-2.50000000e-06  2.00907623e-01 -2.50000000e-06  1.10000000e+00  1.50000000e+00 
-2.40000000e-06  2.06182124e-01 -2.40000000e-06  1.10000000e+00  1.50000000e+00 
-2.30000000e-06  2.11559025e-01 -2.30000000e-06  1.10000000e+00  1.50000000e+00 
-2.20000000e-06  2.17045241e-01 -2.20000000e-06  1.10000000e+00  1.50000000e+00 
-2.10000000e-06  2.22648563e-01 -2.10000000e-06  1.10000000e+00  1.50000000e+00 
-2.00000000e-06  2.28377824e-01 -2.00000000e-06  1.10000000e+00  1.50000000e+00 
-1.90000000e-06  2.34243107e-01 -1.90000000e-06  1.10000000e+00  1.50000000e+00 
-1.80000000e-06  2.40256008e-01 -1.80000000e-06  1.10000000e+00  1.50000000e+00 
-1.70000000e-06  2.46429973e-01 -1.70000000e-06  1.10000000e+00  1.50000000e+00 
-1.60000000e-06  2.52780734e-01 -1.60000000e-06  1.10000000e+00  1.50000000e+00 
-1.50000000e-06  2.59326884e-01 -1.50000000e-06  1.10000000e+00  1.50000000e+00 
-1.40000000e-06  2.66090649e-01 -1.40000000e-06  1.10000000e+00  1.50000000e+00 
-1.30000000e-06  2.73098935e-01 -1.30000000e-06  1.10000000e+00  1.50000000e+00 
-1.20000000e-06  2.80384791e-01 -1.20000000e-06  1.10000000e+00  1.50000000e+00 
-1.10000000e-06  2.87989492e-01 -1.10000000e-06  1.10000000e+00  1.50000000e+00 
-1.00000000e-06  2.95965601e-01 -1.00000000e-06  1.10000000e+00  1.50000000e+00 
-9.00000000e-07  3.04381606e-01 -9.00000000e-07  1.10000000e+00  1.50000000e+00 
-8.00000000e-07  3.13329247e-01 -8.00000000e-07  1.10000000e+00  1.50000000e+00 
-7.00000000e-07  3.22935643e-01 -7.00000000e-07  1.10000000e+00  1.50000000e+00 
-6.00000000e-07  3.33384641e-01 -6.00000000e-07  1.10000000e+00  1.50000000e+00 
-5.00000000e-07  3.44957338e-01 -5.00000000e-07  1.10000000e+00  1.50000000e+00 
-4.00000000e-07  3.58119093e-01 -4.00000000e-07  1.10000000e+00  1.50000000e+00 
-3.00000000e-07  3.73725166e-01 -3.00000000e-07  1.10000000e+00  1.50000000e+00 
-2.00000000e-07  3.93665292e-01 -2.00000000e-07  1.10000000e+00  1.50000000e+00 
-1.00000000e-07  4.23851748e-01 -1.00000000e-07  1.10000000e+00  1.50000000e+00 
-5.71747239e-21  8.54931756e-01 -5.71747239e-21  1.10000000e+00  1.50000000e+00 
 1.00000000e-07  1.28354426e+00  1.00000000e-07  1.10000000e+00  1.50000000e+00 
 2.00000000e-07  1.31585208e+00  2.00000000e-07  1.10000000e+00  1.50000000e+00 
 3.00000000e-07  1.33468187e+00  3.00000000e-07  1.10000000e+00  1.50000000e+00 
 4.00000000e-07  1.34809772e+00  4.00000000e-07  1.10000000e+00  1.50000000e+00 
 5.00000000e-07  1.35855302e+00  5.00000000e-07  1.10000000e+00  1.50000000e+00 
 6.00000000e-07  1.36718214e+00  6.00000000e-07  1.10000000e+00  1.50000000e+00 
 7.00000000e-07  1.37455801e+00  7.00000000e-07  1.10000000e+00  1.50000000e+00 
 8.00000000e-07  1.38102179e+00  8.00000000e-07  1.10000000e+00  1.50000000e+00 
 9.00000000e-07  1.38679229e+00  9.00000000e-07  1.10000000e+00  1.50000000e+00 
 1.00000000e-06  1.39201797e+00  1.00000000e-06  1.10000000e+00  1.50000000e+00 
 1.10000000e-06  1.39680413e+00  1.10000000e-06  1.10000000e+00  1.50000000e+00 
 1.20000000e-06  1.40124193e+00  1.20000000e-06  1.10000000e+00  1.50000000e+00 
 1.30000000e-06  1.40535722e+00  1.30000000e-06  1.10000000e+00  1.50000000e+00 
 1.40000000e-06  1.40921595e+00  1.40000000e-06  1.10000000e+00  1.50000000e+00 
 1.50000000e-06  1.41285314e+00  1.50000000e-06  1.10000000e+00  1.50000000e+00 
 1.60000000e-06  1.41629710e+00  1.60000000e-06  1.10000000e+00  1.50000000e+00 
 1.70000000e-06  1.41957105e+00  1.70000000e-06  1.10000000e+00  1.50000000e+00 
 1.80000000e-06  1.42269422e+00  1.80000000e-06  1.10000000e+00  1.50000000e+00 
 1.90000000e-06  1.42568272e+00  1.90000000e-06  1.10000000e+00  1.50000000e+00 
 2.00000000e-06  1.42855021e+00  2.00000000e-06  1.10000000e+00  1.50000000e+00 
 2.10000000e-06  1.43130832e+00  2.10000000e-06  1.10000000e+00  1.50000000e+00 
 2.20000000e-06  1.43396707e+00  2.20000000e-06  1.10000000e+00  1.50000000e+00 
 2.30000000e-06  1.43653513e+00  2.30000000e-06  1.10000000e+00  1.50000000e+00 
 2.40000000e-06  1.43902007e+00  2.40000000e-06  1.10000000e+00  1.50000000e+00 
 2.50000000e-06  1.44142853e+00  2.50000000e-06  1.10000000e+00  1.50000000e+00 
 2.60000000e-06  1.44376637e+00  2.60000000e-06  1.10000000e+00  1.50000000e+00 
 2.70000000e-06  1.44603879e+00  2.70000000e-06  1.10000000e+00  1.50000000e+00 
 2.80000000e-06  1.44825041e+00  2.80000000e-06  1.10000000e+00  1.50000000e+00 
 2.90000000e-06  1.45040538e+00  2.90000000e-06  1.10000000e+00  1.50000000e+00 
 3.00000000e-06  1.45250741e+00  3.00000000e-06  1.10000000e+00  1.50000000e+00 
 3.10000000e-06  1.45455986e+00  3.10000000e-06  1.10000000e+00  1.50000000e+00 
 3.20000000e-06  1.45656578e+00  3.20000000e-06  1.10000000e+00  1.50000000e+00 
 3.30000000e-06  1.45852792e+00  3.30000000e-06  1.10000000e+00  1.50000000e+00 
 3.40000000e-06  1.46044879e+00  3.40000000e-06  1.10000000e+00  1.50000000e+00 
 3.50000000e-06  1.46233069e+00  3.50000000e-06  1.10000000e+00  1.50000000e+00 
 3.60000000e-06  1.46417573e+00  3.60000000e-06  1.10000000e+00  1.50000000e+00 
 3.70000000e-06  1.46598583e+00  3.70000000e-06  1.10000000e+00  1.50000000e+00 
 3.80000000e-06  1.46776277e+00  3.80000000e-06  1.10000000e+00  1.50000000e+00 
 3.90000000e-06  1.46950819e+00  3.90000000e-06  1.10000000e+00  1.50000000e+00 
 4.00000000e-06  1.47122362e+00  4.00000000e-06  1.10000000e+00  1.50000000e+00 
 4.10000000e-06  1.47291045e+00  4.10000000e-06  1.10000000e+00  1.50000000e+00 
 4.20000000e-06  1.47457000e+00  4.20000000e-06  1.10000000e+00  1.50000000e+00 
 4.30000000e-06  1.47620347e+00  4.30000000e-06  1.10000000e+00  1.50000000e+00 
 4.40000000e-06  1.47781201e+00  4.40000000e-06  1.10000000e+00  1.50000000e+00 
 4.50000000e-06  1.47939666e+00  4.50000000e-06  1.10000000e+00  1.50000000e+00 
 4.60000000e-06  1.48095842e+00  4.60000000e-06  1.10000000e+00  1.50000000e+00 
 4.70000000e-06  1.48249821e+00  4.70000000e-06  1.10000000e+00  1.50000000e+00 
 4.80000000e-06  1.48401690e+00  4.80000000e-06  1.10000000e+00  1.50000000e+00 
 4.90000000e-06  1.48551530e+00  4.90000000e-06  1.10000000e+00  1.50000000e+00 
 5.00000000e-06  1.48700369e+00  5.00000000e-06  1.10000000e+00  1.50000000e+00 
 5.10000000e-06  1.48846302e+00  5.10000000e-06  1.10000000e+00  1.50000000e+00 
 5.20000000e-06  1.48990429e+00  5.20000000e-06  1.10000000e+00  1.50000000e+00 
 5.30000000e-06  1.49132816e+00  5.30000000e-06  1.10000000e+00  1.50000000e+00 
 5.40000000e-06  1.49273521e+00  5.40000000e-06  1.10000000e+00  1.50000000e+00 
 5.50000000e-06  1.49412602e+00  5.50000000e-06  1.10000000e+00  1.50000000e+00 
 5.60000000e-06  1.49550113e+00  5.60000000e-06  1.10000000e+00  1.50000000e+00 
 5.70000000e-06  1.49686105e+00  5.70000000e-06  1.10000000e+00  1.50000000e+00 
 5.80000000e-06  1.49820625e+00  5.80000000e-06  1.10000000e+00  1.50000000e+00 
 5.90000000e-06  1.49953721e+00  5.90000000e-06  1.10000000e+00  1.50000000e+00 
 6.00000000e-06  1.50085437e+00  6.00000000e-06  1.10000000e+00  1.50000000e+00 
