 i-sweep         v(vout)         i(viin)         v(vgate)        v(vmid)        
-6.00000000e-06 -5.79068120e-01 -6.00000000e-06  3.00000000e-01  5.00000000e-01 
-5.90000000e-06 -5.75764925e-01 -5.90000000e-06  3.00000000e-01  5.00000000e-01 
-5.80000000e-06 -5.72431398e-01 -5.80000000e-06  3.00000000e-01  5.00000000e-01 
-5.70000000e-06 -5.69067447e-01 -5.70000000e-06  3.00000000e-01  5.00000000e-01 
-5.60000000e-06 -5.65672917e-01 -5.60000000e-06  3.00000000e-01  5.00000000e-01 
-5.50000000e-06 -5.62247594e-01 -5.50000000e-06  3.00000000e-01  5.00000000e-01 
-5.40000000e-06 -5.58791199e-01 -5.40000000e-06  3.00000000e-01  5.00000000e-01 
-5.30000000e-06 -5.55303393e-01 -5.30000000e-06  3.00000000e-01  5.00000000e-01 
-5.20000000e-06 -5.51783769e-01 -5.20000000e-06  3.00000000e-01  5.00000000e-01 
-5.10000000e-06 -5.48231859e-01 -5.10000000e-06  3.00000000e-01  5.00000000e-01 
-5.00000000e-06 -5.44647129e-01 -5.00000000e-06  3.00000000e-01  5.00000000e-01 
-4.90000000e-06 -5.41028975e-01 -4.90000000e-06  3.00000000e-01  5.00000000e-01 
-4.80000000e-06 -5.37376728e-01 -4.80000000e-06  3.00000000e-01  5.00000000e-01 
-4.70000000e-06 -5.33689648e-01 -4.70000000e-06  3.00000000e-01  5.00000000e-01 
-4.60000000e-06 -5.29966921e-01 -4.60000000e-06  3.00000000e-01  5.00000000e-01 
-4.50000000e-06 -5.26207657e-01 -4.50000000e-06  3.00000000e-01  5.00000000e-01 
-4.40000000e-06 -5.22410889e-01 -4.40000000e-06  3.00000000e-01  5.00000000e-01 
-4.30000000e-06 -5.18575565e-01 -4.30000000e-06  3.00000000e-01  5.00000000e-01 
-4.20000000e-06 -5.14700549e-01 -4.20000000e-06  3.00000000e-01  5.00000000e-01 
-4.10000000e-06 -5.10784607e-01 -4.10000000e-06  3.00000000e-01  5.00000000e-01 
-4.00000000e-06 -5.06826413e-01 -4.00000000e-06  3.00000000e-01  5.00000000e-01 
-3.90000000e-06 -5.02824528e-01 -3.90000000e-06  3.00000000e-01  5.00000000e-01 
-3.80000000e-06 -4.98777406e-01 -3.80000000e-06  3.00000000e-01  5.00000000e-01 
-3.70000000e-06 -4.94683372e-01 -3.70000000e-06  3.00000000e-01  5.00000000e-01 
-3.60000000e-06 -4.90540619e-01 -3.60000000e-06  3.00000000e-01  5.00000000e-01 
-3.50000000e-06 -4.86347194e-01 -3.50000000e-06  3.00000000e-01  5.00000000e-01 
-3.40000000e-06 -4.82100982e-01 -3.40000000e-06  3.00000000e-01  5.00000000e-01 
-3.30000000e-06 -4.77799688e-01 -3.30000000e-06  3.00000000e-01  5.00000000e-01 
-3.20000000e-06 -4.73440821e-01 -3.20000000e-06  3.00000000e-01  5.00000000e-01 
-3.10000000e-06 -4.69021670e-01 -3.10000000e-06  3.00000000e-01  5.00000000e-01 
-3.00000000e-06 -4.64539275e-01 -3.00000000e-06  3.00000000e-01  5.00000000e-01 
-2.90000000e-06 -4.59990400e-01 -2.90000000e-06  3.00000000e-01  5.00000000e-01 
-2.80000000e-06 -4.55371491e-01 -2.80000000e-06  3.00000000e-01  5.00000000e-01 
-2.70000000e-06 -4.50678639e-01 -2.70000000e-06  3.00000000e-01  5.00000000e-01 
-2.60000000e-06 -4.45907523e-01 -2.60000000e-06  3.00000000e-01  5.00000000e-01 
-2.50000000e-06 -4.41053353e-01 -2.50000000e-06  3.00000000e-01  5.00000000e-01 
-2.40000000e-06 -4.36110791e-01 -2.40000000e-06  3.00000000e-01  5.00000000e-01 
-2.30000000e-06 -4.31073866e-01 -2.30000000e-06  3.00000000e-01  5.00000000e-01 
-2.20000000e-06 -4.25935862e-01 -2.20000000e-06  3.00000000e-01  5.00000000e-01 
-2.10000000e-06 -4.20689186e-01 -2.10000000e-06  3.00000000e-01  5.00000000e-01 
-2.00000000e-06 -4.15325199e-01 -2.00000000e-06  3.00000000e-01  5.00000000e-01 
-1.90000000e-06 -4.09834011e-01 -1.90000000e-06  3.00000000e-01  5.00000000e-01 
-1.80000000e-06 -4.04204212e-01 -1.80000000e-06  3.00000000e-01  5.00000000e-01 
-1.70000000e-06 -3.98422544e-01 -1.70000000e-06  3.00000000e-01  5.00000000e-01 
-1.60000000e-06 -3.92473454e-01 -1.60000000e-06  3.00000000e-01  5.00000000e-01 
-1.50000000e-06 -3.86338529e-01 -1.50000000e-06  3.00000000e-01  5.00000000e-01 
-1.40000000e-06 -3.79995723e-01 -1.40000000e-06  3.00000000e-01  5.00000000e-01 
-1.30000000e-06 -3.73418317e-01 -1.30000000e-06  3.00000000e-01  5.00000000e-01 
-1.20000000e-06 -3.66573002e-01 -1.20000000e-06  3.00000000e-01  5.00000000e-01 
-1.10000000e-06 -3.59419264e-01 -1.10000000e-06  3.00000000e-01  5.00000000e-01 
-1.00000000e-06 -3.51904450e-01 -1.00000000e-06  3.00000000e-01  5.00000000e-01 
-9.00000000e-07 -3.43960232e-01 -9.00000000e-07  3.00000000e-01  5.00000000e-01 
-8.00000000e-07 -3.35495047e-01 -8.00000000e-07  3.00000000e-01  5.00000000e-01 
-7.00000000e-07 -3.26382038e-01 -7.00000000e-07  3.00000000e-01  5.00000000e-01 
-6.00000000e-07 -3.16437387e-01 -6.00000000e-07  3.00000000e-01  5.00000000e-01 
-5.00000000e-07 -3.05380367e-01 -5.00000000e-07  3.00000000e-01  5.00000000e-01 
-4.00000000e-07 -2.92747350e-01 -4.00000000e-07  3.00000000e-01  5.00000000e-01 
-3.00000000e-07 -2.77680438e-01 -3.00000000e-07  3.00000000e-01  5.00000000e-01 
-2.00000000e-07 -2.58290063e-01 -2.00000000e-07  3.00000000e-01  5.00000000e-01 
-1.00000000e-07 -2.28642751e-01 -1.00000000e-07  3.00000000e-01  5.00000000e-01 
-5.71747239e-21  6.13216645e-01 -5.71747239e-21  3.00000000e-01  5.00000000e-01 
 1.00000000e-07  1.01518071e+00  1.00000000e-07  3.00000000e-01  5.00000000e-01 
 2.00000000e-07  1.04759118e+00  2.00000000e-07  3.00000000e-01  5.00000000e-01 
 3.00000000e-07  1.06647634e+00  3.00000000e-07  3.00000000e-01  5.00000000e-01 
 4.00000000e-07  1.07991873e+00  4.00000000e-07  3.00000000e-01  5.00000000e-01 
 5.00000000e-07  1.09042178e+00  5.00000000e-07  3.00000000e-01  5.00000000e-01 
 6.00000000e-07  1.09908571e+00  6.00000000e-07  3.00000000e-01  5.00000000e-01 
 7.00000000e-07  1.10649251e+00  7.00000000e-07  3.00000000e-01  5.00000000e-01 
 8.00000000e-07  1.11298531e+00  8.00000000e-07  3.00000000e-01  5.00000000e-01 
 9.00000000e-07  1.11878355e+00  9.00000000e-07  3.00000000e-01  5.00000000e-01 
 1.00000000e-06  1.12403603e+00  1.00000000e-06  3.00000000e-01  5.00000000e-01 
 1.10000000e-06  1.12884820e+00  1.10000000e-06  3.00000000e-01  5.00000000e-01 
 1.20000000e-06  1.13329753e+00  1.20000000e-06  3.00000000e-01  5.00000000e-01 
 1.30000000e-06  1.13744258e+00  1.30000000e-06  3.00000000e-01  5.00000000e-01 
 1.40000000e-06  1.14132869e+00  1.40000000e-06  3.00000000e-01  5.00000000e-01 
 1.50000000e-06  1.14499172e+00  1.50000000e-06  3.00000000e-01  5.00000000e-01 
 1.60000000e-06  1.14846137e+00  1.60000000e-06  3.00000000e-01  5.00000000e-01 
 1.70000000e-06  1.15175883e+00  1.70000000e-06  3.00000000e-01  5.00000000e-01 
 1.80000000e-06  1.15490507e+00  1.80000000e-06  3.00000000e-01  5.00000000e-01 
 1.90000000e-06  1.15791625e+00  1.90000000e-06  3.00000000e-01  5.00000000e-01 
 2.00000000e-06  1.16080608e+00  2.00000000e-06  3.00000000e-01  5.00000000e-01 
 2.10000000e-06  1.16358623e+00  2.10000000e-06  3.00000000e-01  5.00000000e-01 
 2.20000000e-06  1.16626675e+00  2.20000000e-06  3.00000000e-01  5.00000000e-01 
 2.30000000e-06  1.16885633e+00  2.30000000e-06  3.00000000e-01  5.00000000e-01 
 2.40000000e-06  1.17136257e+00  2.40000000e-06  3.00000000e-01  5.00000000e-01 
 2.50000000e-06  1.17379212e+00  2.50000000e-06  3.00000000e-01  5.00000000e-01 
 2.60000000e-06  1.17615085e+00  2.60000000e-06  3.00000000e-01  5.00000000e-01 
 2.70000000e-06  1.17844398e+00  2.70000000e-06  3.00000000e-01  5.00000000e-01 
 2.80000000e-06  1.18067614e+00  2.80000000e-06  3.00000000e-01  5.00000000e-01 
 2.90000000e-06  1.18285147e+00  2.90000000e-06  3.00000000e-01  5.00000000e-01 
 3.00000000e-06  1.18497372e+00  3.00000000e-06  3.00000000e-01  5.00000000e-01 
 3.10000000e-06  1.18704625e+00  3.10000000e-06  3.00000000e-01  5.00000000e-01 
 3.20000000e-06  1.18907210e+00  3.20000000e-06  3.00000000e-01  5.00000000e-01 
 3.30000000e-06  1.19105403e+00  3.30000000e-06  3.00000000e-01  5.00000000e-01 
 3.40000000e-06  1.19299458e+00  3.40000000e-06  3.00000000e-01  5.00000000e-01 
 3.50000000e-06  1.19489602e+00  3.50000000e-06  3.00000000e-01  5.00000000e-01 
 3.60000000e-06  1.19676771e+00  3.60000000e-06  3.00000000e-01  5.00000000e-01 
 3.70000000e-06  1.19859597e+00  3.70000000e-06  3.00000000e-01  5.00000000e-01 
 3.80000000e-06  1.20039116e+00  3.80000000e-06  3.00000000e-01  5.00000000e-01 
 3.90000000e-06  1.20215486e+00  3.90000000e-06  3.00000000e-01  5.00000000e-01 
 4.00000000e-06  1.20388860e+00  4.00000000e-06  3.00000000e-01  5.00000000e-01 
 4.10000000e-06  1.20559376e+00  4.10000000e-06  3.00000000e-01  5.00000000e-01 
 4.20000000e-06  1.20727164e+00  4.20000000e-06  3.00000000e-01  5.00000000e-01 
 4.30000000e-06  1.20892343e+00  4.30000000e-06  3.00000000e-01  5.00000000e-01 
 4.40000000e-06  1.21055025e+00  4.40000000e-06  3.00000000e-01  5.00000000e-01 
 4.50000000e-06  1.21215316e+00  4.50000000e-06  3.00000000e-01  5.00000000e-01 
 4.60000000e-06  1.21373314e+00  4.60000000e-06  3.00000000e-01  5.00000000e-01 
 4.70000000e-06  1.21529110e+00  4.70000000e-06  3.00000000e-01  5.00000000e-01 
 4.80000000e-06  1.21682791e+00  4.80000000e-06  3.00000000e-01  5.00000000e-01 
 4.90000000e-06  1.21834439e+00  4.90000000e-06  3.00000000e-01  5.00000000e-01 
 5.00000000e-06  1.21984129e+00  5.00000000e-06  3.00000000e-01  5.00000000e-01 
 5.10000000e-06  1.22131934e+00  5.10000000e-06  3.00000000e-01  5.00000000e-01 
 5.20000000e-06  1.22277922e+00  5.20000000e-06  3.00000000e-01  5.00000000e-01 
 5.30000000e-06  1.22422157e+00  5.30000000e-06  3.00000000e-01  5.00000000e-01 
 5.40000000e-06  1.22564668e+00  5.40000000e-06  3.00000000e-01  5.00000000e-01 
 5.50000000e-06  1.22705578e+00  5.50000000e-06  3.00000000e-01  5.00000000e-01 
 5.60000000e-06  1.22844908e+00  5.60000000e-06  3.00000000e-01  5.00000000e-01 
 5.70000000e-06  1.22982709e+00  5.70000000e-06  3.00000000e-01  5.00000000e-01 
 5.80000000e-06  1.23119029e+00  5.80000000e-06  3.00000000e-01  5.00000000e-01 
 5.90000000e-06  1.23253916e+00  5.90000000e-06  3.00000000e-01  5.00000000e-01 
 6.00000000e-06  1.23387413e+00  6.00000000e-06  3.00000000e-01  5.00000000e-01 
