 i-sweep         v(vout)         i(viin)         v(vgate)        v(vmid)        
 0.00000000e+00  4.00000070e-01  0.00000000e+00  1.30000000e+00  4.00000000e-01 
 1.00000000e-07  4.07044237e-01  1.00000000e-07  1.30000000e+00  4.00000000e-01 
 2.00000000e-07  4.14411916e-01  2.00000000e-07  1.30000000e+00  4.00000000e-01 
 3.00000000e-07  4.22033296e-01  3.00000000e-07  1.30000000e+00  4.00000000e-01 
 4.00000000e-07  4.29932549e-01  4.00000000e-07  1.30000000e+00  4.00000000e-01 
 5.00000000e-07  4.38141650e-01  5.00000000e-07  1.30000000e+00  4.00000000e-01 
 6.00000000e-07  4.46699262e-01  6.00000000e-07  1.30000000e+00  4.00000000e-01 
 7.00000000e-07  4.55652700e-01  7.00000000e-07  1.30000000e+00  4.00000000e-01 
 8.00000000e-07  4.65060859e-01  8.00000000e-07  1.30000000e+00  4.00000000e-01 
 9.00000000e-07  4.74998536e-01  9.00000000e-07  1.30000000e+00  4.00000000e-01 
 1.00000000e-06  4.85563043e-01  1.00000000e-06  1.30000000e+00  4.00000000e-01 
 1.10000000e-06  4.96884730e-01  1.10000000e-06  1.30000000e+00  4.00000000e-01 
 1.20000000e-06  5.09706514e-01  1.20000000e-06  1.30000000e+00  4.00000000e-01 
 1.30000000e-06  5.23351302e-01  1.30000000e-06  1.30000000e+00  4.00000000e-01 
 1.40000000e-06  5.38723613e-01  1.40000000e-06  1.30000000e+00  4.00000000e-01 
 1.50000000e-06  5.56642028e-01  1.50000000e-06  1.30000000e+00  4.00000000e-01 
 1.60000000e-06  5.78799448e-01  1.60000000e-06  1.30000000e+00  4.00000000e-01 
 1.70000000e-06  6.09788872e-01  1.70000000e-06  1.30000000e+00  4.00000000e-01 
 1.80000000e-06  6.77538820e-01  1.80000000e-06  1.30000000e+00  4.00000000e-01 
 1.90000000e-06  9.72051693e-01  1.90000000e-06  1.30000000e+00  4.00000000e-01 
 2.00000000e-06  1.02933982e+00  2.00000000e-06  1.30000000e+00  4.00000000e-01 
 2.10000000e-06  1.05540168e+00  2.10000000e-06  1.30000000e+00  4.00000000e-01 
 2.20000000e-06  1.07128589e+00  2.20000000e-06  1.30000000e+00  4.00000000e-01 
 2.30000000e-06  1.08346088e+00  2.30000000e-06  1.30000000e+00  4.00000000e-01 
 2.40000000e-06  1.09424647e+00  2.40000000e-06  1.30000000e+00  4.00000000e-01 
 2.50000000e-06  1.10193817e+00  2.50000000e-06  1.30000000e+00  4.00000000e-01 
 2.60000000e-06  1.10891025e+00  2.60000000e-06  1.30000000e+00  4.00000000e-01 
 2.70000000e-06  1.11505462e+00  2.70000000e-06  1.30000000e+00  4.00000000e-01 
 2.80000000e-06  1.12059596e+00  2.80000000e-06  1.30000000e+00  4.00000000e-01 
 2.90000000e-06  1.12564850e+00  2.90000000e-06  1.30000000e+00  4.00000000e-01 
 3.00000000e-06  1.13030138e+00  3.00000000e-06  1.30000000e+00  4.00000000e-01 
 3.10000000e-06  1.13462095e+00  3.10000000e-06  1.30000000e+00  4.00000000e-01 
 3.20000000e-06  1.13865835e+00  3.20000000e-06  1.30000000e+00  4.00000000e-01 
 3.30000000e-06  1.14245378e+00  3.30000000e-06  1.30000000e+00  4.00000000e-01 
 3.40000000e-06  1.14603938e+00  3.40000000e-06  1.30000000e+00  4.00000000e-01 
 3.50000000e-06  1.14944124e+00  3.50000000e-06  1.30000000e+00  4.00000000e-01 
 3.60000000e-06  1.15268084e+00  3.60000000e-06  1.30000000e+00  4.00000000e-01 
 3.70000000e-06  1.15577607e+00  3.70000000e-06  1.30000000e+00  4.00000000e-01 
 3.80000000e-06  1.15874198e+00  3.80000000e-06  1.30000000e+00  4.00000000e-01 
 3.90000000e-06  1.16159136e+00  3.90000000e-06  1.30000000e+00  4.00000000e-01 
 4.00000000e-06  1.16433515e+00  4.00000000e-06  1.30000000e+00  4.00000000e-01 
 4.10000000e-06  1.16698282e+00  4.10000000e-06  1.30000000e+00  4.00000000e-01 
 4.20000000e-06  1.16954257e+00  4.20000000e-06  1.30000000e+00  4.00000000e-01 
 4.30000000e-06  1.17202159e+00  4.30000000e-06  1.30000000e+00  4.00000000e-01 
 4.40000000e-06  1.17442621e+00  4.40000000e-06  1.30000000e+00  4.00000000e-01 
 4.50000000e-06  1.17676203e+00  4.50000000e-06  1.30000000e+00  4.00000000e-01 
 4.60000000e-06  1.17903401e+00  4.60000000e-06  1.30000000e+00  4.00000000e-01 
 4.70000000e-06  1.18124659e+00  4.70000000e-06  1.30000000e+00  4.00000000e-01 
 4.80000000e-06  1.18340375e+00  4.80000000e-06  1.30000000e+00  4.00000000e-01 
 4.90000000e-06  1.18550907e+00  4.90000000e-06  1.30000000e+00  4.00000000e-01 
 5.00000000e-06  1.18756579e+00  5.00000000e-06  1.30000000e+00  4.00000000e-01 
 5.10000000e-06  1.18957685e+00  5.10000000e-06  1.30000000e+00  4.00000000e-01 
 5.20000000e-06  1.19154492e+00  5.20000000e-06  1.30000000e+00  4.00000000e-01 
 5.30000000e-06  1.19347242e+00  5.30000000e-06  1.30000000e+00  4.00000000e-01 
 5.40000000e-06  1.19536158e+00  5.40000000e-06  1.30000000e+00  4.00000000e-01 
 5.50000000e-06  1.19721445e+00  5.50000000e-06  1.30000000e+00  4.00000000e-01 
 5.60000000e-06  1.19903290e+00  5.60000000e-06  1.30000000e+00  4.00000000e-01 
 5.70000000e-06  1.20081867e+00  5.70000000e-06  1.30000000e+00  4.00000000e-01 
 5.80000000e-06  1.20257335e+00  5.80000000e-06  1.30000000e+00  4.00000000e-01 
 5.90000000e-06  1.20429842e+00  5.90000000e-06  1.30000000e+00  4.00000000e-01 
 6.00000000e-06  1.20599526e+00  6.00000000e-06  1.30000000e+00  4.00000000e-01 
 6.10000000e-06  1.20766513e+00  6.10000000e-06  1.30000000e+00  4.00000000e-01 
 6.20000000e-06  1.20930924e+00  6.20000000e-06  1.30000000e+00  4.00000000e-01 
 6.30000000e-06  1.21092868e+00  6.30000000e-06  1.30000000e+00  4.00000000e-01 
 6.40000000e-06  1.21252448e+00  6.40000000e-06  1.30000000e+00  4.00000000e-01 
 6.50000000e-06  1.21409763e+00  6.50000000e-06  1.30000000e+00  4.00000000e-01 
 6.60000000e-06  1.21564902e+00  6.60000000e-06  1.30000000e+00  4.00000000e-01 
 6.70000000e-06  1.21717950e+00  6.70000000e-06  1.30000000e+00  4.00000000e-01 
 6.80000000e-06  1.21868988e+00  6.80000000e-06  1.30000000e+00  4.00000000e-01 
 6.90000000e-06  1.22018091e+00  6.90000000e-06  1.30000000e+00  4.00000000e-01 
 7.00000000e-06  1.22165330e+00  7.00000000e-06  1.30000000e+00  4.00000000e-01 
 7.10000000e-06  1.22310771e+00  7.10000000e-06  1.30000000e+00  4.00000000e-01 
 7.20000000e-06  1.22454478e+00  7.20000000e-06  1.30000000e+00  4.00000000e-01 
 7.30000000e-06  1.22596510e+00  7.30000000e-06  1.30000000e+00  4.00000000e-01 
 7.40000000e-06  1.22736924e+00  7.40000000e-06  1.30000000e+00  4.00000000e-01 
 7.50000000e-06  1.22875775e+00  7.50000000e-06  1.30000000e+00  4.00000000e-01 
 7.60000000e-06  1.23013111e+00  7.60000000e-06  1.30000000e+00  4.00000000e-01 
 7.70000000e-06  1.23148982e+00  7.70000000e-06  1.30000000e+00  4.00000000e-01 
 7.80000000e-06  1.23283434e+00  7.80000000e-06  1.30000000e+00  4.00000000e-01 
 7.90000000e-06  1.23416510e+00  7.90000000e-06  1.30000000e+00  4.00000000e-01 
 8.00000000e-06  1.23548251e+00  8.00000000e-06  1.30000000e+00  4.00000000e-01 
 8.10000000e-06  1.23678697e+00  8.10000000e-06  1.30000000e+00  4.00000000e-01 
 8.20000000e-06  1.23807887e+00  8.20000000e-06  1.30000000e+00  4.00000000e-01 
 8.30000000e-06  1.23935855e+00  8.30000000e-06  1.30000000e+00  4.00000000e-01 
 8.40000000e-06  1.24062636e+00  8.40000000e-06  1.30000000e+00  4.00000000e-01 
 8.50000000e-06  1.24188264e+00  8.50000000e-06  1.30000000e+00  4.00000000e-01 
 8.60000000e-06  1.24312769e+00  8.60000000e-06  1.30000000e+00  4.00000000e-01 
 8.70000000e-06  1.24436181e+00  8.70000000e-06  1.30000000e+00  4.00000000e-01 
 8.80000000e-06  1.24558530e+00  8.80000000e-06  1.30000000e+00  4.00000000e-01 
 8.90000000e-06  1.24679842e+00  8.90000000e-06  1.30000000e+00  4.00000000e-01 
 9.00000000e-06  1.24800145e+00  9.00000000e-06  1.30000000e+00  4.00000000e-01 
 9.10000000e-06  1.24919464e+00  9.10000000e-06  1.30000000e+00  4.00000000e-01 
 9.20000000e-06  1.25037823e+00  9.20000000e-06  1.30000000e+00  4.00000000e-01 
 9.30000000e-06  1.25155246e+00  9.30000000e-06  1.30000000e+00  4.00000000e-01 
 9.40000000e-06  1.25271754e+00  9.40000000e-06  1.30000000e+00  4.00000000e-01 
 9.50000000e-06  1.25387371e+00  9.50000000e-06  1.30000000e+00  4.00000000e-01 
 9.60000000e-06  1.25502116e+00  9.60000000e-06  1.30000000e+00  4.00000000e-01 
 9.70000000e-06  1.25616009e+00  9.70000000e-06  1.30000000e+00  4.00000000e-01 
 9.80000000e-06  1.25729071e+00  9.80000000e-06  1.30000000e+00  4.00000000e-01 
 9.90000000e-06  1.25841320e+00  9.90000000e-06  1.30000000e+00  4.00000000e-01 
 1.00000000e-05  1.25952773e+00  1.00000000e-05  1.30000000e+00  4.00000000e-01 
 1.01000000e-05  1.26063448e+00  1.01000000e-05  1.30000000e+00  4.00000000e-01 
 1.02000000e-05  1.26173361e+00  1.02000000e-05  1.30000000e+00  4.00000000e-01 
 1.03000000e-05  1.26282530e+00  1.03000000e-05  1.30000000e+00  4.00000000e-01 
 1.04000000e-05  1.26390969e+00  1.04000000e-05  1.30000000e+00  4.00000000e-01 
 1.05000000e-05  1.26498693e+00  1.05000000e-05  1.30000000e+00  4.00000000e-01 
 1.06000000e-05  1.26605718e+00  1.06000000e-05  1.30000000e+00  4.00000000e-01 
 1.07000000e-05  1.26712057e+00  1.07000000e-05  1.30000000e+00  4.00000000e-01 
 1.08000000e-05  1.26817724e+00  1.08000000e-05  1.30000000e+00  4.00000000e-01 
 1.09000000e-05  1.26922732e+00  1.09000000e-05  1.30000000e+00  4.00000000e-01 
 1.10000000e-05  1.27027094e+00  1.10000000e-05  1.30000000e+00  4.00000000e-01 
 1.11000000e-05  1.27130822e+00  1.11000000e-05  1.30000000e+00  4.00000000e-01 
 1.12000000e-05  1.27233928e+00  1.12000000e-05  1.30000000e+00  4.00000000e-01 
 1.13000000e-05  1.27336425e+00  1.13000000e-05  1.30000000e+00  4.00000000e-01 
 1.14000000e-05  1.27438322e+00  1.14000000e-05  1.30000000e+00  4.00000000e-01 
 1.15000000e-05  1.27539632e+00  1.15000000e-05  1.30000000e+00  4.00000000e-01 
 1.16000000e-05  1.27640365e+00  1.16000000e-05  1.30000000e+00  4.00000000e-01 
 1.17000000e-05  1.27740530e+00  1.17000000e-05  1.30000000e+00  4.00000000e-01 
 1.18000000e-05  1.27840139e+00  1.18000000e-05  1.30000000e+00  4.00000000e-01 
 1.19000000e-05  1.27939201e+00  1.19000000e-05  1.30000000e+00  4.00000000e-01 
 1.20000000e-05  1.28037726e+00  1.20000000e-05  1.30000000e+00  4.00000000e-01 
 1.21000000e-05  1.28135721e+00  1.21000000e-05  1.30000000e+00  4.00000000e-01 
 1.22000000e-05  1.28233198e+00  1.22000000e-05  1.30000000e+00  4.00000000e-01 
 1.23000000e-05  1.28330163e+00  1.23000000e-05  1.30000000e+00  4.00000000e-01 
 1.24000000e-05  1.28426627e+00  1.24000000e-05  1.30000000e+00  4.00000000e-01 
 1.25000000e-05  1.28522596e+00  1.25000000e-05  1.30000000e+00  4.00000000e-01 
 1.26000000e-05  1.28618079e+00  1.26000000e-05  1.30000000e+00  4.00000000e-01 
 1.27000000e-05  1.28713084e+00  1.27000000e-05  1.30000000e+00  4.00000000e-01 
 1.28000000e-05  1.28807618e+00  1.28000000e-05  1.30000000e+00  4.00000000e-01 
 1.29000000e-05  1.28901689e+00  1.29000000e-05  1.30000000e+00  4.00000000e-01 
 1.30000000e-05  1.28995303e+00  1.30000000e-05  1.30000000e+00  4.00000000e-01 
 1.31000000e-05  1.29088469e+00  1.31000000e-05  1.30000000e+00  4.00000000e-01 
 1.32000000e-05  1.29181193e+00  1.32000000e-05  1.30000000e+00  4.00000000e-01 
 1.33000000e-05  1.29273481e+00  1.33000000e-05  1.30000000e+00  4.00000000e-01 
 1.34000000e-05  1.29365340e+00  1.34000000e-05  1.30000000e+00  4.00000000e-01 
 1.35000000e-05  1.29456776e+00  1.35000000e-05  1.30000000e+00  4.00000000e-01 
 1.36000000e-05  1.29547796e+00  1.36000000e-05  1.30000000e+00  4.00000000e-01 
 1.37000000e-05  1.29638406e+00  1.37000000e-05  1.30000000e+00  4.00000000e-01 
 1.38000000e-05  1.29728611e+00  1.38000000e-05  1.30000000e+00  4.00000000e-01 
 1.39000000e-05  1.29818417e+00  1.39000000e-05  1.30000000e+00  4.00000000e-01 
 1.40000000e-05  1.29907831e+00  1.40000000e-05  1.30000000e+00  4.00000000e-01 
 1.41000000e-05  1.29996856e+00  1.41000000e-05  1.30000000e+00  4.00000000e-01 
 1.42000000e-05  1.30085500e+00  1.42000000e-05  1.30000000e+00  4.00000000e-01 
 1.43000000e-05  1.30173767e+00  1.43000000e-05  1.30000000e+00  4.00000000e-01 
 1.44000000e-05  1.30261662e+00  1.44000000e-05  1.30000000e+00  4.00000000e-01 
 1.45000000e-05  1.30349190e+00  1.45000000e-05  1.30000000e+00  4.00000000e-01 
 1.46000000e-05  1.30436356e+00  1.46000000e-05  1.30000000e+00  4.00000000e-01 
 1.47000000e-05  1.30523166e+00  1.47000000e-05  1.30000000e+00  4.00000000e-01 
 1.48000000e-05  1.30609622e+00  1.48000000e-05  1.30000000e+00  4.00000000e-01 
 1.49000000e-05  1.30695732e+00  1.49000000e-05  1.30000000e+00  4.00000000e-01 
 1.50000000e-05  1.30781498e+00  1.50000000e-05  1.30000000e+00  4.00000000e-01 
 1.51000000e-05  1.30866925e+00  1.51000000e-05  1.30000000e+00  4.00000000e-01 
 1.52000000e-05  1.30952017e+00  1.52000000e-05  1.30000000e+00  4.00000000e-01 
 1.53000000e-05  1.31036779e+00  1.53000000e-05  1.30000000e+00  4.00000000e-01 
 1.54000000e-05  1.31121215e+00  1.54000000e-05  1.30000000e+00  4.00000000e-01 
 1.55000000e-05  1.31205329e+00  1.55000000e-05  1.30000000e+00  4.00000000e-01 
 1.56000000e-05  1.31289125e+00  1.56000000e-05  1.30000000e+00  4.00000000e-01 
 1.57000000e-05  1.31372606e+00  1.57000000e-05  1.30000000e+00  4.00000000e-01 
 1.58000000e-05  1.31455777e+00  1.58000000e-05  1.30000000e+00  4.00000000e-01 
 1.59000000e-05  1.31538641e+00  1.59000000e-05  1.30000000e+00  4.00000000e-01 
 1.60000000e-05  1.31621202e+00  1.60000000e-05  1.30000000e+00  4.00000000e-01 
 1.61000000e-05  1.31703464e+00  1.61000000e-05  1.30000000e+00  4.00000000e-01 
 1.62000000e-05  1.31785429e+00  1.62000000e-05  1.30000000e+00  4.00000000e-01 
 1.63000000e-05  1.31867102e+00  1.63000000e-05  1.30000000e+00  4.00000000e-01 
 1.64000000e-05  1.31948485e+00  1.64000000e-05  1.30000000e+00  4.00000000e-01 
 1.65000000e-05  1.32029583e+00  1.65000000e-05  1.30000000e+00  4.00000000e-01 
 1.66000000e-05  1.32110398e+00  1.66000000e-05  1.30000000e+00  4.00000000e-01 
 1.67000000e-05  1.32190934e+00  1.67000000e-05  1.30000000e+00  4.00000000e-01 
 1.68000000e-05  1.32271193e+00  1.68000000e-05  1.30000000e+00  4.00000000e-01 
 1.69000000e-05  1.32351180e+00  1.69000000e-05  1.30000000e+00  4.00000000e-01 
 1.70000000e-05  1.32430895e+00  1.70000000e-05  1.30000000e+00  4.00000000e-01 
 1.71000000e-05  1.32510344e+00  1.71000000e-05  1.30000000e+00  4.00000000e-01 
 1.72000000e-05  1.32589528e+00  1.72000000e-05  1.30000000e+00  4.00000000e-01 
 1.73000000e-05  1.32668451e+00  1.73000000e-05  1.30000000e+00  4.00000000e-01 
 1.74000000e-05  1.32747115e+00  1.74000000e-05  1.30000000e+00  4.00000000e-01 
 1.75000000e-05  1.32825523e+00  1.75000000e-05  1.30000000e+00  4.00000000e-01 
 1.76000000e-05  1.32903678e+00  1.76000000e-05  1.30000000e+00  4.00000000e-01 
 1.77000000e-05  1.32981582e+00  1.77000000e-05  1.30000000e+00  4.00000000e-01 
 1.78000000e-05  1.33059238e+00  1.78000000e-05  1.30000000e+00  4.00000000e-01 
 1.79000000e-05  1.33136649e+00  1.79000000e-05  1.30000000e+00  4.00000000e-01 
 1.80000000e-05  1.33213817e+00  1.80000000e-05  1.30000000e+00  4.00000000e-01 
 1.81000000e-05  1.33290744e+00  1.81000000e-05  1.30000000e+00  4.00000000e-01 
 1.82000000e-05  1.33367434e+00  1.82000000e-05  1.30000000e+00  4.00000000e-01 
 1.83000000e-05  1.33443888e+00  1.83000000e-05  1.30000000e+00  4.00000000e-01 
 1.84000000e-05  1.33520108e+00  1.84000000e-05  1.30000000e+00  4.00000000e-01 
 1.85000000e-05  1.33596098e+00  1.85000000e-05  1.30000000e+00  4.00000000e-01 
 1.86000000e-05  1.33671859e+00  1.86000000e-05  1.30000000e+00  4.00000000e-01 
 1.87000000e-05  1.33747394e+00  1.87000000e-05  1.30000000e+00  4.00000000e-01 
 1.88000000e-05  1.33822704e+00  1.88000000e-05  1.30000000e+00  4.00000000e-01 
 1.89000000e-05  1.33897792e+00  1.89000000e-05  1.30000000e+00  4.00000000e-01 
 1.90000000e-05  1.33972661e+00  1.90000000e-05  1.30000000e+00  4.00000000e-01 
 1.91000000e-05  1.34047312e+00  1.91000000e-05  1.30000000e+00  4.00000000e-01 
 1.92000000e-05  1.34121746e+00  1.92000000e-05  1.30000000e+00  4.00000000e-01 
 1.93000000e-05  1.34195968e+00  1.93000000e-05  1.30000000e+00  4.00000000e-01 
 1.94000000e-05  1.34269977e+00  1.94000000e-05  1.30000000e+00  4.00000000e-01 
 1.95000000e-05  1.34343777e+00  1.95000000e-05  1.30000000e+00  4.00000000e-01 
 1.96000000e-05  1.34417369e+00  1.96000000e-05  1.30000000e+00  4.00000000e-01 
 1.97000000e-05  1.34490755e+00  1.97000000e-05  1.30000000e+00  4.00000000e-01 
 1.98000000e-05  1.34563937e+00  1.98000000e-05  1.30000000e+00  4.00000000e-01 
 1.99000000e-05  1.34636916e+00  1.99000000e-05  1.30000000e+00  4.00000000e-01 
 2.00000000e-05  1.34709696e+00  2.00000000e-05  1.30000000e+00  4.00000000e-01 
 2.01000000e-05  1.34782277e+00  2.01000000e-05  1.30000000e+00  4.00000000e-01 
 2.02000000e-05  1.34854661e+00  2.02000000e-05  1.30000000e+00  4.00000000e-01 
 2.03000000e-05  1.34926850e+00  2.03000000e-05  1.30000000e+00  4.00000000e-01 
 2.04000000e-05  1.34998845e+00  2.04000000e-05  1.30000000e+00  4.00000000e-01 
 2.05000000e-05  1.35070650e+00  2.05000000e-05  1.30000000e+00  4.00000000e-01 
 2.06000000e-05  1.35142264e+00  2.06000000e-05  1.30000000e+00  4.00000000e-01 
 2.07000000e-05  1.35213689e+00  2.07000000e-05  1.30000000e+00  4.00000000e-01 
 2.08000000e-05  1.35284928e+00  2.08000000e-05  1.30000000e+00  4.00000000e-01 
 2.09000000e-05  1.35355982e+00  2.09000000e-05  1.30000000e+00  4.00000000e-01 
 2.10000000e-05  1.35426853e+00  2.10000000e-05  1.30000000e+00  4.00000000e-01 
 2.11000000e-05  1.35497541e+00  2.11000000e-05  1.30000000e+00  4.00000000e-01 
 2.12000000e-05  1.35568049e+00  2.12000000e-05  1.30000000e+00  4.00000000e-01 
 2.13000000e-05  1.35638378e+00  2.13000000e-05  1.30000000e+00  4.00000000e-01 
 2.14000000e-05  1.35708529e+00  2.14000000e-05  1.30000000e+00  4.00000000e-01 
 2.15000000e-05  1.35778505e+00  2.15000000e-05  1.30000000e+00  4.00000000e-01 
 2.16000000e-05  1.35848305e+00  2.16000000e-05  1.30000000e+00  4.00000000e-01 
 2.17000000e-05  1.35917933e+00  2.17000000e-05  1.30000000e+00  4.00000000e-01 
 2.18000000e-05  1.35987389e+00  2.18000000e-05  1.30000000e+00  4.00000000e-01 
 2.19000000e-05  1.36056674e+00  2.19000000e-05  1.30000000e+00  4.00000000e-01 
 2.20000000e-05  1.36125791e+00  2.20000000e-05  1.30000000e+00  4.00000000e-01 
 2.21000000e-05  1.36194740e+00  2.21000000e-05  1.30000000e+00  4.00000000e-01 
 2.22000000e-05  1.36263522e+00  2.22000000e-05  1.30000000e+00  4.00000000e-01 
 2.23000000e-05  1.36332140e+00  2.23000000e-05  1.30000000e+00  4.00000000e-01 
 2.24000000e-05  1.36400594e+00  2.24000000e-05  1.30000000e+00  4.00000000e-01 
 2.25000000e-05  1.36468885e+00  2.25000000e-05  1.30000000e+00  4.00000000e-01 
 2.26000000e-05  1.36537015e+00  2.26000000e-05  1.30000000e+00  4.00000000e-01 
 2.27000000e-05  1.36604986e+00  2.27000000e-05  1.30000000e+00  4.00000000e-01 
 2.28000000e-05  1.36672797e+00  2.28000000e-05  1.30000000e+00  4.00000000e-01 
 2.29000000e-05  1.36740452e+00  2.29000000e-05  1.30000000e+00  4.00000000e-01 
 2.30000000e-05  1.36807949e+00  2.30000000e-05  1.30000000e+00  4.00000000e-01 
 2.31000000e-05  1.36875292e+00  2.31000000e-05  1.30000000e+00  4.00000000e-01 
 2.32000000e-05  1.36942481e+00  2.32000000e-05  1.30000000e+00  4.00000000e-01 
 2.33000000e-05  1.37009517e+00  2.33000000e-05  1.30000000e+00  4.00000000e-01 
 2.34000000e-05  1.37076401e+00  2.34000000e-05  1.30000000e+00  4.00000000e-01 
 2.35000000e-05  1.37143135e+00  2.35000000e-05  1.30000000e+00  4.00000000e-01 
 2.36000000e-05  1.37209720e+00  2.36000000e-05  1.30000000e+00  4.00000000e-01 
 2.37000000e-05  1.37276156e+00  2.37000000e-05  1.30000000e+00  4.00000000e-01 
 2.38000000e-05  1.37342445e+00  2.38000000e-05  1.30000000e+00  4.00000000e-01 
 2.39000000e-05  1.37408587e+00  2.39000000e-05  1.30000000e+00  4.00000000e-01 
 2.40000000e-05  1.37474585e+00  2.40000000e-05  1.30000000e+00  4.00000000e-01 
 2.41000000e-05  1.37540438e+00  2.41000000e-05  1.30000000e+00  4.00000000e-01 
 2.42000000e-05  1.37606149e+00  2.42000000e-05  1.30000000e+00  4.00000000e-01 
 2.43000000e-05  1.37671717e+00  2.43000000e-05  1.30000000e+00  4.00000000e-01 
 2.44000000e-05  1.37737145e+00  2.44000000e-05  1.30000000e+00  4.00000000e-01 
 2.45000000e-05  1.37802432e+00  2.45000000e-05  1.30000000e+00  4.00000000e-01 
 2.46000000e-05  1.37867580e+00  2.46000000e-05  1.30000000e+00  4.00000000e-01 
 2.47000000e-05  1.37932591e+00  2.47000000e-05  1.30000000e+00  4.00000000e-01 
 2.48000000e-05  1.37997464e+00  2.48000000e-05  1.30000000e+00  4.00000000e-01 
 2.49000000e-05  1.38062201e+00  2.49000000e-05  1.30000000e+00  4.00000000e-01 
 2.50000000e-05  1.38126803e+00  2.50000000e-05  1.30000000e+00  4.00000000e-01 
 2.51000000e-05  1.38191270e+00  2.51000000e-05  1.30000000e+00  4.00000000e-01 
 2.52000000e-05  1.38255604e+00  2.52000000e-05  1.30000000e+00  4.00000000e-01 
 2.53000000e-05  1.38319806e+00  2.53000000e-05  1.30000000e+00  4.00000000e-01 
 2.54000000e-05  1.38383876e+00  2.54000000e-05  1.30000000e+00  4.00000000e-01 
 2.55000000e-05  1.38447815e+00  2.55000000e-05  1.30000000e+00  4.00000000e-01 
 2.56000000e-05  1.38511625e+00  2.56000000e-05  1.30000000e+00  4.00000000e-01 
 2.57000000e-05  1.38575305e+00  2.57000000e-05  1.30000000e+00  4.00000000e-01 
 2.58000000e-05  1.38638857e+00  2.58000000e-05  1.30000000e+00  4.00000000e-01 
 2.59000000e-05  1.38702283e+00  2.59000000e-05  1.30000000e+00  4.00000000e-01 
 2.60000000e-05  1.38765581e+00  2.60000000e-05  1.30000000e+00  4.00000000e-01 
 2.61000000e-05  1.38828755e+00  2.61000000e-05  1.30000000e+00  4.00000000e-01 
 2.62000000e-05  1.38891803e+00  2.62000000e-05  1.30000000e+00  4.00000000e-01 
 2.63000000e-05  1.38954727e+00  2.63000000e-05  1.30000000e+00  4.00000000e-01 
 2.64000000e-05  1.39017528e+00  2.64000000e-05  1.30000000e+00  4.00000000e-01 
 2.65000000e-05  1.39080207e+00  2.65000000e-05  1.30000000e+00  4.00000000e-01 
 2.66000000e-05  1.39142764e+00  2.66000000e-05  1.30000000e+00  4.00000000e-01 
 2.67000000e-05  1.39205201e+00  2.67000000e-05  1.30000000e+00  4.00000000e-01 
 2.68000000e-05  1.39267517e+00  2.68000000e-05  1.30000000e+00  4.00000000e-01 
 2.69000000e-05  1.39329714e+00  2.69000000e-05  1.30000000e+00  4.00000000e-01 
 2.70000000e-05  1.39391793e+00  2.70000000e-05  1.30000000e+00  4.00000000e-01 
 2.71000000e-05  1.39453753e+00  2.71000000e-05  1.30000000e+00  4.00000000e-01 
 2.72000000e-05  1.39515597e+00  2.72000000e-05  1.30000000e+00  4.00000000e-01 
 2.73000000e-05  1.39577324e+00  2.73000000e-05  1.30000000e+00  4.00000000e-01 
 2.74000000e-05  1.39638936e+00  2.74000000e-05  1.30000000e+00  4.00000000e-01 
 2.75000000e-05  1.39700432e+00  2.75000000e-05  1.30000000e+00  4.00000000e-01 
 2.76000000e-05  1.39761815e+00  2.76000000e-05  1.30000000e+00  4.00000000e-01 
 2.77000000e-05  1.39823083e+00  2.77000000e-05  1.30000000e+00  4.00000000e-01 
 2.78000000e-05  1.39884240e+00  2.78000000e-05  1.30000000e+00  4.00000000e-01 
 2.79000000e-05  1.39945283e+00  2.79000000e-05  1.30000000e+00  4.00000000e-01 
 2.80000000e-05  1.40006216e+00  2.80000000e-05  1.30000000e+00  4.00000000e-01 
 2.81000000e-05  1.40067037e+00  2.81000000e-05  1.30000000e+00  4.00000000e-01 
 2.82000000e-05  1.40127749e+00  2.82000000e-05  1.30000000e+00  4.00000000e-01 
 2.83000000e-05  1.40188351e+00  2.83000000e-05  1.30000000e+00  4.00000000e-01 
 2.84000000e-05  1.40248844e+00  2.84000000e-05  1.30000000e+00  4.00000000e-01 
 2.85000000e-05  1.40309229e+00  2.85000000e-05  1.30000000e+00  4.00000000e-01 
 2.86000000e-05  1.40369506e+00  2.86000000e-05  1.30000000e+00  4.00000000e-01 
 2.87000000e-05  1.40429677e+00  2.87000000e-05  1.30000000e+00  4.00000000e-01 
 2.88000000e-05  1.40489741e+00  2.88000000e-05  1.30000000e+00  4.00000000e-01 
 2.89000000e-05  1.40549699e+00  2.89000000e-05  1.30000000e+00  4.00000000e-01 
 2.90000000e-05  1.40609553e+00  2.90000000e-05  1.30000000e+00  4.00000000e-01 
 2.91000000e-05  1.40669301e+00  2.91000000e-05  1.30000000e+00  4.00000000e-01 
 2.92000000e-05  1.40728946e+00  2.92000000e-05  1.30000000e+00  4.00000000e-01 
 2.93000000e-05  1.40788488e+00  2.93000000e-05  1.30000000e+00  4.00000000e-01 
 2.94000000e-05  1.40847927e+00  2.94000000e-05  1.30000000e+00  4.00000000e-01 
 2.95000000e-05  1.40907264e+00  2.95000000e-05  1.30000000e+00  4.00000000e-01 
 2.96000000e-05  1.40966499e+00  2.96000000e-05  1.30000000e+00  4.00000000e-01 
 2.97000000e-05  1.41025633e+00  2.97000000e-05  1.30000000e+00  4.00000000e-01 
 2.98000000e-05  1.41084667e+00  2.98000000e-05  1.30000000e+00  4.00000000e-01 
 2.99000000e-05  1.41143601e+00  2.99000000e-05  1.30000000e+00  4.00000000e-01 
 3.00000000e-05  1.41202436e+00  3.00000000e-05  1.30000000e+00  4.00000000e-01 
