 i-sweep         v(vout)         i(viin)         v(vgate)        v(vmid)        
-6.00000000e-06 -7.21453548e-01 -6.00000000e-06  0.00000000e+00  1.60000000e+00 
-5.90000000e-06 -7.20411100e-01 -5.90000000e-06  0.00000000e+00  1.60000000e+00 
-5.80000000e-06 -7.19342969e-01 -5.80000000e-06  0.00000000e+00  1.60000000e+00 
-5.70000000e-06 -7.18248008e-01 -5.70000000e-06  0.00000000e+00  1.60000000e+00 
-5.60000000e-06 -7.17125001e-01 -5.60000000e-06  0.00000000e+00  1.60000000e+00 
-5.50000000e-06 -7.15972656e-01 -5.50000000e-06  0.00000000e+00  1.60000000e+00 
-5.40000000e-06 -7.14789602e-01 -5.40000000e-06  0.00000000e+00  1.60000000e+00 
-5.30000000e-06 -7.13574380e-01 -5.30000000e-06  0.00000000e+00  1.60000000e+00 
-5.20000000e-06 -7.12325440e-01 -5.20000000e-06  0.00000000e+00  1.60000000e+00 
-5.10000000e-06 -7.11041131e-01 -5.10000000e-06  0.00000000e+00  1.60000000e+00 
-5.00000000e-06 -7.09719697e-01 -5.00000000e-06  0.00000000e+00  1.60000000e+00 
-4.90000000e-06 -7.08359264e-01 -4.90000000e-06  0.00000000e+00  1.60000000e+00 
-4.80000000e-06 -7.06957839e-01 -4.80000000e-06  0.00000000e+00  1.60000000e+00 
-4.70000000e-06 -7.05513292e-01 -4.70000000e-06  0.00000000e+00  1.60000000e+00 
-4.60000000e-06 -7.04023355e-01 -4.60000000e-06  0.00000000e+00  1.60000000e+00 
-4.50000000e-06 -7.02485606e-01 -4.50000000e-06  0.00000000e+00  1.60000000e+00 
-4.40000000e-06 -7.00897459e-01 -4.40000000e-06  0.00000000e+00  1.60000000e+00 
-4.30000000e-06 -6.99256155e-01 -4.30000000e-06  0.00000000e+00  1.60000000e+00 
-4.20000000e-06 -6.97558748e-01 -4.20000000e-06  0.00000000e+00  1.60000000e+00 
-4.10000000e-06 -6.95802093e-01 -4.10000000e-06  0.00000000e+00  1.60000000e+00 
-4.00000000e-06 -6.93982832e-01 -4.00000000e-06  0.00000000e+00  1.60000000e+00 
-3.90000000e-06 -6.92097385e-01 -3.90000000e-06  0.00000000e+00  1.60000000e+00 
-3.80000000e-06 -6.90141930e-01 -3.80000000e-06  0.00000000e+00  1.60000000e+00 
-3.70000000e-06 -6.88112397e-01 -3.70000000e-06  0.00000000e+00  1.60000000e+00 
-3.60000000e-06 -6.86004448e-01 -3.60000000e-06  0.00000000e+00  1.60000000e+00 
-3.50000000e-06 -6.83813470e-01 -3.50000000e-06  0.00000000e+00  1.60000000e+00 
-3.40000000e-06 -6.81534563e-01 -3.40000000e-06  0.00000000e+00  1.60000000e+00 
-3.30000000e-06 -6.79162523e-01 -3.30000000e-06  0.00000000e+00  1.60000000e+00 
-3.20000000e-06 -6.76691843e-01 -3.20000000e-06  0.00000000e+00  1.60000000e+00 
-3.10000000e-06 -6.74116694e-01 -3.10000000e-06  0.00000000e+00  1.60000000e+00 
-3.00000000e-06 -6.71430931e-01 -3.00000000e-06  0.00000000e+00  1.60000000e+00 
-2.90000000e-06 -6.68628080e-01 -2.90000000e-06  0.00000000e+00  1.60000000e+00 
-2.80000000e-06 -6.65701337e-01 -2.80000000e-06  0.00000000e+00  1.60000000e+00 
-2.70000000e-06 -6.62643571e-01 -2.70000000e-06  0.00000000e+00  1.60000000e+00 
-2.60000000e-06 -6.59447312e-01 -2.60000000e-06  0.00000000e+00  1.60000000e+00 
-2.50000000e-06 -6.56104752e-01 -2.50000000e-06  0.00000000e+00  1.60000000e+00 
-2.40000000e-06 -6.52607726e-01 -2.40000000e-06  0.00000000e+00  1.60000000e+00 
-2.30000000e-06 -6.48947691e-01 -2.30000000e-06  0.00000000e+00  1.60000000e+00 
-2.20000000e-06 -6.45115679e-01 -2.20000000e-06  0.00000000e+00  1.60000000e+00 
-2.10000000e-06 -6.41102228e-01 -2.10000000e-06  0.00000000e+00  1.60000000e+00 
-2.00000000e-06 -6.36897273e-01 -2.00000000e-06  0.00000000e+00  1.60000000e+00 
-1.90000000e-06 -6.32489987e-01 -1.90000000e-06  0.00000000e+00  1.60000000e+00 
-1.80000000e-06 -6.27868549e-01 -1.80000000e-06  0.00000000e+00  1.60000000e+00 
-1.70000000e-06 -6.23019821e-01 -1.70000000e-06  0.00000000e+00  1.60000000e+00 
-1.60000000e-06 -6.17928898e-01 -1.60000000e-06  0.00000000e+00  1.60000000e+00 
-1.50000000e-06 -6.12578502e-01 -1.50000000e-06  0.00000000e+00  1.60000000e+00 
-1.40000000e-06 -6.06948142e-01 -1.40000000e-06  0.00000000e+00  1.60000000e+00 
-1.30000000e-06 -6.01012974e-01 -1.30000000e-06  0.00000000e+00  1.60000000e+00 
-1.20000000e-06 -5.94742207e-01 -1.20000000e-06  0.00000000e+00  1.60000000e+00 
-1.10000000e-06 -5.88096859e-01 -1.10000000e-06  0.00000000e+00  1.60000000e+00 
-1.00000000e-06 -5.81026489e-01 -1.00000000e-06  0.00000000e+00  1.60000000e+00 
-9.00000000e-07 -5.73464285e-01 -9.00000000e-07  0.00000000e+00  1.60000000e+00 
-8.00000000e-07 -5.65319375e-01 -8.00000000e-07  0.00000000e+00  1.60000000e+00 
-7.00000000e-07 -5.56464164e-01 -7.00000000e-07  0.00000000e+00  1.60000000e+00 
-6.00000000e-07 -5.46712189e-01 -6.00000000e-07  0.00000000e+00  1.60000000e+00 
-5.00000000e-07 -5.35772298e-01 -5.00000000e-07  0.00000000e+00  1.60000000e+00 
-4.00000000e-07 -5.23168681e-01 -4.00000000e-07  0.00000000e+00  1.60000000e+00 
-3.00000000e-07 -5.08010734e-01 -3.00000000e-07  0.00000000e+00  1.60000000e+00 
-2.00000000e-07 -4.88328807e-01 -2.00000000e-07  0.00000000e+00  1.60000000e+00 
-1.00000000e-07 -4.57928919e-01 -1.00000000e-07  0.00000000e+00  1.60000000e+00 
-5.71747239e-21  8.87650336e-01 -5.71747239e-21  0.00000000e+00  1.60000000e+00 
 1.00000000e-07  1.36372229e+00  1.00000000e-07  0.00000000e+00  1.60000000e+00 
 2.00000000e-07  1.39599294e+00  2.00000000e-07  0.00000000e+00  1.60000000e+00 
 3.00000000e-07  1.41478903e+00  3.00000000e-07  0.00000000e+00  1.60000000e+00 
 4.00000000e-07  1.42817164e+00  4.00000000e-07  0.00000000e+00  1.60000000e+00 
 5.00000000e-07  1.43864355e+00  5.00000000e-07  0.00000000e+00  1.60000000e+00 
 6.00000000e-07  1.44724956e+00  6.00000000e-07  0.00000000e+00  1.60000000e+00 
 7.00000000e-07  1.45461065e+00  7.00000000e-07  0.00000000e+00  1.60000000e+00 
 8.00000000e-07  1.46106273e+00  8.00000000e-07  0.00000000e+00  1.60000000e+00 
 9.00000000e-07  1.46682290e+00  9.00000000e-07  0.00000000e+00  1.60000000e+00 
 1.00000000e-06  1.47203900e+00  1.00000000e-06  0.00000000e+00  1.60000000e+00 
 1.10000000e-06  1.47681606e+00  1.10000000e-06  0.00000000e+00  1.60000000e+00 
 1.20000000e-06  1.48123130e+00  1.20000000e-06  0.00000000e+00  1.60000000e+00 
 1.30000000e-06  1.48534311e+00  1.30000000e-06  0.00000000e+00  1.60000000e+00 
 1.40000000e-06  1.48919672e+00  1.40000000e-06  0.00000000e+00  1.60000000e+00 
 1.50000000e-06  1.49284093e+00  1.50000000e-06  0.00000000e+00  1.60000000e+00 
 1.60000000e-06  1.49627410e+00  1.60000000e-06  0.00000000e+00  1.60000000e+00 
 1.70000000e-06  1.49953841e+00  1.70000000e-06  0.00000000e+00  1.60000000e+00 
 1.80000000e-06  1.50265274e+00  1.80000000e-06  0.00000000e+00  1.60000000e+00 
 1.90000000e-06  1.50563298e+00  1.90000000e-06  0.00000000e+00  1.60000000e+00 
 2.00000000e-06  1.50849260e+00  2.00000000e-06  0.00000000e+00  1.60000000e+00 
 2.10000000e-06  1.51124315e+00  2.10000000e-06  0.00000000e+00  1.60000000e+00 
 2.20000000e-06  1.51389456e+00  2.20000000e-06  0.00000000e+00  1.60000000e+00 
 2.30000000e-06  1.51645547e+00  2.30000000e-06  0.00000000e+00  1.60000000e+00 
 2.40000000e-06  1.51893341e+00  2.40000000e-06  0.00000000e+00  1.60000000e+00 
 2.50000000e-06  1.52133500e+00  2.50000000e-06  0.00000000e+00  1.60000000e+00 
 2.60000000e-06  1.52366606e+00  2.60000000e-06  0.00000000e+00  1.60000000e+00 
 2.70000000e-06  1.52593179e+00  2.70000000e-06  0.00000000e+00  1.60000000e+00 
 2.80000000e-06  1.52813680e+00  2.80000000e-06  0.00000000e+00  1.60000000e+00 
 2.90000000e-06  1.53028523e+00  2.90000000e-06  0.00000000e+00  1.60000000e+00 
 3.00000000e-06  1.53238080e+00  3.00000000e-06  0.00000000e+00  1.60000000e+00 
 3.10000000e-06  1.53442684e+00  3.10000000e-06  0.00000000e+00  1.60000000e+00 
 3.20000000e-06  1.53642641e+00  3.20000000e-06  0.00000000e+00  1.60000000e+00 
 3.30000000e-06  1.53838224e+00  3.30000000e-06  0.00000000e+00  1.60000000e+00 
 3.40000000e-06  1.54029686e+00  3.40000000e-06  0.00000000e+00  1.60000000e+00 
 3.50000000e-06  1.54217255e+00  3.50000000e-06  0.00000000e+00  1.60000000e+00 
 3.60000000e-06  1.54401142e+00  3.60000000e-06  0.00000000e+00  1.60000000e+00 
 3.70000000e-06  1.54581540e+00  3.70000000e-06  0.00000000e+00  1.60000000e+00 
 3.80000000e-06  1.54758626e+00  3.80000000e-06  0.00000000e+00  1.60000000e+00 
 3.90000000e-06  1.54932564e+00  3.90000000e-06  0.00000000e+00  1.60000000e+00 
 4.00000000e-06  1.55103506e+00  4.00000000e-06  0.00000000e+00  1.60000000e+00 
 4.10000000e-06  1.55271592e+00  4.10000000e-06  0.00000000e+00  1.60000000e+00 
 4.20000000e-06  1.55436953e+00  4.20000000e-06  0.00000000e+00  1.60000000e+00 
 4.30000000e-06  1.55599710e+00  4.30000000e-06  0.00000000e+00  1.60000000e+00 
 4.40000000e-06  1.55759976e+00  4.40000000e-06  0.00000000e+00  1.60000000e+00 
 4.50000000e-06  1.55917856e+00  4.50000000e-06  0.00000000e+00  1.60000000e+00 
 4.60000000e-06  1.56073451e+00  4.60000000e-06  0.00000000e+00  1.60000000e+00 
 4.70000000e-06  1.56226851e+00  4.70000000e-06  0.00000000e+00  1.60000000e+00 
 4.80000000e-06  1.56379217e+00  4.80000000e-06  0.00000000e+00  1.60000000e+00 
 4.90000000e-06  1.56528363e+00  4.90000000e-06  0.00000000e+00  1.60000000e+00 
 5.00000000e-06  1.56675575e+00  5.00000000e-06  0.00000000e+00  1.60000000e+00 
 5.10000000e-06  1.56820922e+00  5.10000000e-06  0.00000000e+00  1.60000000e+00 
 5.20000000e-06  1.56964470e+00  5.20000000e-06  0.00000000e+00  1.60000000e+00 
 5.30000000e-06  1.57106283e+00  5.30000000e-06  0.00000000e+00  1.60000000e+00 
 5.40000000e-06  1.57246420e+00  5.40000000e-06  0.00000000e+00  1.60000000e+00 
 5.50000000e-06  1.57384937e+00  5.50000000e-06  0.00000000e+00  1.60000000e+00 
 5.60000000e-06  1.57521888e+00  5.60000000e-06  0.00000000e+00  1.60000000e+00 
 5.70000000e-06  1.57657323e+00  5.70000000e-06  0.00000000e+00  1.60000000e+00 
 5.80000000e-06  1.57791291e+00  5.80000000e-06  0.00000000e+00  1.60000000e+00 
 5.90000000e-06  1.57923837e+00  5.90000000e-06  0.00000000e+00  1.60000000e+00 
 6.00000000e-06  1.58055005e+00  6.00000000e-06  0.00000000e+00  1.60000000e+00 
