 i-sweep         v(vout)         i(viin)         v(vgate)        v(vmid)        
-6.00000000e-06 -2.67357515e-01 -6.00000000e-06  7.00000000e-01  9.00000000e-01 
-5.90000000e-06 -2.63939337e-01 -5.90000000e-06  7.00000000e-01  9.00000000e-01 
-5.80000000e-06 -2.60494343e-01 -5.80000000e-06  7.00000000e-01  9.00000000e-01 
-5.70000000e-06 -2.57021873e-01 -5.70000000e-06  7.00000000e-01  9.00000000e-01 
-5.60000000e-06 -2.53521237e-01 -5.60000000e-06  7.00000000e-01  9.00000000e-01 
-5.50000000e-06 -2.49991716e-01 -5.50000000e-06  7.00000000e-01  9.00000000e-01 
-5.40000000e-06 -2.46432560e-01 -5.40000000e-06  7.00000000e-01  9.00000000e-01 
-5.30000000e-06 -2.42842987e-01 -5.30000000e-06  7.00000000e-01  9.00000000e-01 
-5.20000000e-06 -2.39222178e-01 -5.20000000e-06  7.00000000e-01  9.00000000e-01 
-5.10000000e-06 -2.35569279e-01 -5.10000000e-06  7.00000000e-01  9.00000000e-01 
-5.00000000e-06 -2.31883392e-01 -5.00000000e-06  7.00000000e-01  9.00000000e-01 
-4.90000000e-06 -2.28163580e-01 -4.90000000e-06  7.00000000e-01  9.00000000e-01 
-4.80000000e-06 -2.24408856e-01 -4.80000000e-06  7.00000000e-01  9.00000000e-01 
-4.70000000e-06 -2.20618186e-01 -4.70000000e-06  7.00000000e-01  9.00000000e-01 
-4.60000000e-06 -2.16790482e-01 -4.60000000e-06  7.00000000e-01  9.00000000e-01 
-4.50000000e-06 -2.12924597e-01 -4.50000000e-06  7.00000000e-01  9.00000000e-01 
-4.40000000e-06 -2.09019323e-01 -4.40000000e-06  7.00000000e-01  9.00000000e-01 
-4.30000000e-06 -2.05073384e-01 -4.30000000e-06  7.00000000e-01  9.00000000e-01 
-4.20000000e-06 -2.01085431e-01 -4.20000000e-06  7.00000000e-01  9.00000000e-01 
-4.10000000e-06 -1.97054035e-01 -4.10000000e-06  7.00000000e-01  9.00000000e-01 
-4.00000000e-06 -1.92977679e-01 -4.00000000e-06  7.00000000e-01  9.00000000e-01 
-3.90000000e-06 -1.88854754e-01 -3.90000000e-06  7.00000000e-01  9.00000000e-01 
-3.80000000e-06 -1.84683543e-01 -3.80000000e-06  7.00000000e-01  9.00000000e-01 
-3.70000000e-06 -1.80462219e-01 -3.70000000e-06  7.00000000e-01  9.00000000e-01 
-3.60000000e-06 -1.76188826e-01 -3.60000000e-06  7.00000000e-01  9.00000000e-01 
-3.50000000e-06 -1.71861269e-01 -3.50000000e-06  7.00000000e-01  9.00000000e-01 
-3.40000000e-06 -1.67477299e-01 -3.40000000e-06  7.00000000e-01  9.00000000e-01 
-3.30000000e-06 -1.63034497e-01 -3.30000000e-06  7.00000000e-01  9.00000000e-01 
-3.20000000e-06 -1.58530251e-01 -3.20000000e-06  7.00000000e-01  9.00000000e-01 
-3.10000000e-06 -1.53961732e-01 -3.10000000e-06  7.00000000e-01  9.00000000e-01 
-3.00000000e-06 -1.49325874e-01 -3.00000000e-06  7.00000000e-01  9.00000000e-01 
-2.90000000e-06 -1.44619335e-01 -2.90000000e-06  7.00000000e-01  9.00000000e-01 
-2.80000000e-06 -1.39838464e-01 -2.80000000e-06  7.00000000e-01  9.00000000e-01 
-2.70000000e-06 -1.34979257e-01 -2.70000000e-06  7.00000000e-01  9.00000000e-01 
-2.60000000e-06 -1.30037306e-01 -2.60000000e-06  7.00000000e-01  9.00000000e-01 
-2.50000000e-06 -1.25007740e-01 -2.50000000e-06  7.00000000e-01  9.00000000e-01 
-2.40000000e-06 -1.19885145e-01 -2.40000000e-06  7.00000000e-01  9.00000000e-01 
-2.30000000e-06 -1.14663481e-01 -2.30000000e-06  7.00000000e-01  9.00000000e-01 
-2.20000000e-06 -1.09335972e-01 -2.20000000e-06  7.00000000e-01  9.00000000e-01 
-2.10000000e-06 -1.03894972e-01 -2.10000000e-06  7.00000000e-01  9.00000000e-01 
-2.00000000e-06 -9.83317993e-02 -2.00000000e-06  7.00000000e-01  9.00000000e-01 
-1.90000000e-06 -9.26365309e-02 -1.90000000e-06  7.00000000e-01  9.00000000e-01 
-1.80000000e-06 -8.67977400e-02 -1.80000000e-06  7.00000000e-01  9.00000000e-01 
-1.70000000e-06 -8.08021606e-02 -1.70000000e-06  7.00000000e-01  9.00000000e-01 
-1.60000000e-06 -7.46342525e-02 -1.60000000e-06  7.00000000e-01  9.00000000e-01 
-1.50000000e-06 -6.82756290e-02 -1.50000000e-06  7.00000000e-01  9.00000000e-01 
-1.40000000e-06 -6.17042904e-02 -1.40000000e-06  7.00000000e-01  9.00000000e-01 
-1.30000000e-06 -5.48935800e-02 -1.30000000e-06  7.00000000e-01  9.00000000e-01 
-1.20000000e-06 -4.78107299e-02 -1.20000000e-06  7.00000000e-01  9.00000000e-01 
-1.10000000e-06 -4.04147878e-02 -1.10000000e-06  7.00000000e-01  9.00000000e-01 
-1.00000000e-06 -3.26535743e-02 -1.00000000e-06  7.00000000e-01  9.00000000e-01 
-9.00000000e-07 -2.44590685e-02 -9.00000000e-07  7.00000000e-01  9.00000000e-01 
-8.00000000e-07 -1.57401227e-02 -8.00000000e-07  7.00000000e-01  9.00000000e-01 
-7.00000000e-07 -6.37039129e-03 -7.00000000e-07  7.00000000e-01  9.00000000e-01 
-6.00000000e-07  3.83291477e-03 -6.00000000e-07  7.00000000e-01  9.00000000e-01 
-5.00000000e-07  1.51494460e-02 -5.00000000e-07  7.00000000e-01  9.00000000e-01 
-4.00000000e-07  2.80409781e-02 -4.00000000e-07  7.00000000e-01  9.00000000e-01 
-3.00000000e-07  4.33596544e-02 -3.00000000e-07  7.00000000e-01  9.00000000e-01 
-2.00000000e-07  6.29861330e-02 -2.00000000e-07  7.00000000e-01  9.00000000e-01 
-1.00000000e-07  9.28128644e-02 -1.00000000e-07  7.00000000e-01  9.00000000e-01 
-5.71747239e-21  6.14715636e-01 -5.71747239e-21  7.00000000e-01  9.00000000e-01 
 1.00000000e-07  1.01664285e+00  1.00000000e-07  7.00000000e-01  9.00000000e-01 
 2.00000000e-07  1.04905334e+00  2.00000000e-07  7.00000000e-01  9.00000000e-01 
 3.00000000e-07  1.06793718e+00  3.00000000e-07  7.00000000e-01  9.00000000e-01 
 4.00000000e-07  1.08137912e+00  4.00000000e-07  7.00000000e-01  9.00000000e-01 
 5.00000000e-07  1.09188503e+00  5.00000000e-07  7.00000000e-01  9.00000000e-01 
 6.00000000e-07  1.10054659e+00  6.00000000e-07  7.00000000e-01  9.00000000e-01 
 7.00000000e-07  1.10795279e+00  7.00000000e-07  7.00000000e-01  9.00000000e-01 
 8.00000000e-07  1.11444535e+00  8.00000000e-07  7.00000000e-01  9.00000000e-01 
 9.00000000e-07  1.12024344e+00  9.00000000e-07  7.00000000e-01  9.00000000e-01 
 1.00000000e-06  1.12549579e+00  1.00000000e-06  7.00000000e-01  9.00000000e-01 
 1.10000000e-06  1.13030783e+00  1.10000000e-06  7.00000000e-01  9.00000000e-01 
 1.20000000e-06  1.13476551e+00  1.20000000e-06  7.00000000e-01  9.00000000e-01 
 1.30000000e-06  1.13890693e+00  1.30000000e-06  7.00000000e-01  9.00000000e-01 
 1.40000000e-06  1.14279090e+00  1.40000000e-06  7.00000000e-01  9.00000000e-01 
 1.50000000e-06  1.14645259e+00  1.50000000e-06  7.00000000e-01  9.00000000e-01 
 1.60000000e-06  1.14992045e+00  1.60000000e-06  7.00000000e-01  9.00000000e-01 
 1.70000000e-06  1.15321778e+00  1.70000000e-06  7.00000000e-01  9.00000000e-01 
 1.80000000e-06  1.15636388e+00  1.80000000e-06  7.00000000e-01  9.00000000e-01 
 1.90000000e-06  1.15937495e+00  1.90000000e-06  7.00000000e-01  9.00000000e-01 
 2.00000000e-06  1.16226466e+00  2.00000000e-06  7.00000000e-01  9.00000000e-01 
 2.10000000e-06  1.16504470e+00  2.10000000e-06  7.00000000e-01  9.00000000e-01 
 2.20000000e-06  1.16772510e+00  2.20000000e-06  7.00000000e-01  9.00000000e-01 
 2.30000000e-06  1.17031458e+00  2.30000000e-06  7.00000000e-01  9.00000000e-01 
 2.40000000e-06  1.17282070e+00  2.40000000e-06  7.00000000e-01  9.00000000e-01 
 2.50000000e-06  1.17525014e+00  2.50000000e-06  7.00000000e-01  9.00000000e-01 
 2.60000000e-06  1.17760877e+00  2.60000000e-06  7.00000000e-01  9.00000000e-01 
 2.70000000e-06  1.17990178e+00  2.70000000e-06  7.00000000e-01  9.00000000e-01 
 2.80000000e-06  1.18213383e+00  2.80000000e-06  7.00000000e-01  9.00000000e-01 
 2.90000000e-06  1.18430906e+00  2.90000000e-06  7.00000000e-01  9.00000000e-01 
 3.00000000e-06  1.18643120e+00  3.00000000e-06  7.00000000e-01  9.00000000e-01 
 3.10000000e-06  1.18850363e+00  3.10000000e-06  7.00000000e-01  9.00000000e-01 
 3.20000000e-06  1.19052937e+00  3.20000000e-06  7.00000000e-01  9.00000000e-01 
 3.30000000e-06  1.19251120e+00  3.30000000e-06  7.00000000e-01  9.00000000e-01 
 3.40000000e-06  1.19445164e+00  3.40000000e-06  7.00000000e-01  9.00000000e-01 
 3.50000000e-06  1.19635298e+00  3.50000000e-06  7.00000000e-01  9.00000000e-01 
 3.60000000e-06  1.19821734e+00  3.60000000e-06  7.00000000e-01  9.00000000e-01 
 3.70000000e-06  1.20004665e+00  3.70000000e-06  7.00000000e-01  9.00000000e-01 
 3.80000000e-06  1.20184270e+00  3.80000000e-06  7.00000000e-01  9.00000000e-01 
 3.90000000e-06  1.20360712e+00  3.90000000e-06  7.00000000e-01  9.00000000e-01 
 4.00000000e-06  1.20534145e+00  4.00000000e-06  7.00000000e-01  9.00000000e-01 
 4.10000000e-06  1.20704708e+00  4.10000000e-06  7.00000000e-01  9.00000000e-01 
 4.20000000e-06  1.20872533e+00  4.20000000e-06  7.00000000e-01  9.00000000e-01 
 4.30000000e-06  1.21037742e+00  4.30000000e-06  7.00000000e-01  9.00000000e-01 
 4.40000000e-06  1.21200448e+00  4.40000000e-06  7.00000000e-01  9.00000000e-01 
 4.50000000e-06  1.21360758e+00  4.50000000e-06  7.00000000e-01  9.00000000e-01 
 4.60000000e-06  1.21518769e+00  4.60000000e-06  7.00000000e-01  9.00000000e-01 
 4.70000000e-06  1.21674575e+00  4.70000000e-06  7.00000000e-01  9.00000000e-01 
 4.80000000e-06  1.21828264e+00  4.80000000e-06  7.00000000e-01  9.00000000e-01 
 4.90000000e-06  1.21979916e+00  4.90000000e-06  7.00000000e-01  9.00000000e-01 
 5.00000000e-06  1.22129609e+00  5.00000000e-06  7.00000000e-01  9.00000000e-01 
 5.10000000e-06  1.22277414e+00  5.10000000e-06  7.00000000e-01  9.00000000e-01 
 5.20000000e-06  1.22423401e+00  5.20000000e-06  7.00000000e-01  9.00000000e-01 
 5.30000000e-06  1.22567633e+00  5.30000000e-06  7.00000000e-01  9.00000000e-01 
 5.40000000e-06  1.22710172e+00  5.40000000e-06  7.00000000e-01  9.00000000e-01 
 5.50000000e-06  1.22851075e+00  5.50000000e-06  7.00000000e-01  9.00000000e-01 
 5.60000000e-06  1.22990397e+00  5.60000000e-06  7.00000000e-01  9.00000000e-01 
 5.70000000e-06  1.23128188e+00  5.70000000e-06  7.00000000e-01  9.00000000e-01 
 5.80000000e-06  1.23264500e+00  5.80000000e-06  7.00000000e-01  9.00000000e-01 
 5.90000000e-06  1.23399377e+00  5.90000000e-06  7.00000000e-01  9.00000000e-01 
 6.00000000e-06  1.23532864e+00  6.00000000e-06  7.00000000e-01  9.00000000e-01 
