 i-sweep         v(vout)         i(viin)         v(vgate)        v(vmid)        
 0.00000000e+00  6.88093013e-01  0.00000000e+00  1.10000000e+00  7.00000000e-01 
 1.00000000e-07  1.01543194e+00  1.00000000e-07  1.10000000e+00  7.00000000e-01 
 2.00000000e-07  1.04767040e+00  2.00000000e-07  1.10000000e+00  7.00000000e-01 
 3.00000000e-07  1.06671353e+00  3.00000000e-07  1.10000000e+00  7.00000000e-01 
 4.00000000e-07  1.08000054e+00  4.00000000e-07  1.10000000e+00  7.00000000e-01 
 5.00000000e-07  1.09047594e+00  5.00000000e-07  1.10000000e+00  7.00000000e-01 
 6.00000000e-07  1.09991638e+00  6.00000000e-07  1.10000000e+00  7.00000000e-01 
 7.00000000e-07  1.10697426e+00  7.00000000e-07  1.10000000e+00  7.00000000e-01 
 8.00000000e-07  1.11338300e+00  8.00000000e-07  1.10000000e+00  7.00000000e-01 
 9.00000000e-07  1.11910342e+00  9.00000000e-07  1.10000000e+00  7.00000000e-01 
 1.00000000e-06  1.12430274e+00  1.00000000e-06  1.10000000e+00  7.00000000e-01 
 1.10000000e-06  1.12907541e+00  1.10000000e-06  1.10000000e+00  7.00000000e-01 
 1.20000000e-06  1.13349481e+00  1.20000000e-06  1.10000000e+00  7.00000000e-01 
 1.30000000e-06  1.13761664e+00  1.30000000e-06  1.10000000e+00  7.00000000e-01 
 1.40000000e-06  1.14148438e+00  1.40000000e-06  1.10000000e+00  7.00000000e-01 
 1.50000000e-06  1.14513260e+00  1.50000000e-06  1.10000000e+00  7.00000000e-01 
 1.60000000e-06  1.14858922e+00  1.60000000e-06  1.10000000e+00  7.00000000e-01 
 1.70000000e-06  1.15187712e+00  1.70000000e-06  1.10000000e+00  7.00000000e-01 
 1.80000000e-06  1.15501526e+00  1.80000000e-06  1.10000000e+00  7.00000000e-01 
 1.90000000e-06  1.15801956e+00  1.90000000e-06  1.10000000e+00  7.00000000e-01 
 2.00000000e-06  1.16090349e+00  2.00000000e-06  1.10000000e+00  7.00000000e-01 
 2.10000000e-06  1.16367855e+00  2.10000000e-06  1.10000000e+00  7.00000000e-01 
 2.20000000e-06  1.16635464e+00  2.20000000e-06  1.10000000e+00  7.00000000e-01 
 2.30000000e-06  1.16894036e+00  2.30000000e-06  1.10000000e+00  7.00000000e-01 
 2.40000000e-06  1.17144321e+00  2.40000000e-06  1.10000000e+00  7.00000000e-01 
 2.50000000e-06  1.17386977e+00  2.50000000e-06  1.10000000e+00  7.00000000e-01 
 2.60000000e-06  1.17622585e+00  2.60000000e-06  1.10000000e+00  7.00000000e-01 
 2.70000000e-06  1.17851661e+00  2.70000000e-06  1.10000000e+00  7.00000000e-01 
 2.80000000e-06  1.18074664e+00  2.80000000e-06  1.10000000e+00  7.00000000e-01 
 2.90000000e-06  1.18292008e+00  2.90000000e-06  1.10000000e+00  7.00000000e-01 
 3.00000000e-06  1.18504062e+00  3.00000000e-06  1.10000000e+00  7.00000000e-01 
 3.10000000e-06  1.18711159e+00  3.10000000e-06  1.10000000e+00  7.00000000e-01 
 3.20000000e-06  1.18913603e+00  3.20000000e-06  1.10000000e+00  7.00000000e-01 
 3.30000000e-06  1.19111669e+00  3.30000000e-06  1.10000000e+00  7.00000000e-01 
 3.40000000e-06  1.19305606e+00  3.40000000e-06  1.10000000e+00  7.00000000e-01 
 3.50000000e-06  1.19495643e+00  3.50000000e-06  1.10000000e+00  7.00000000e-01 
 3.60000000e-06  1.19681991e+00  3.60000000e-06  1.10000000e+00  7.00000000e-01 
 3.70000000e-06  1.19864842e+00  3.70000000e-06  1.10000000e+00  7.00000000e-01 
 3.80000000e-06  1.20044373e+00  3.80000000e-06  1.10000000e+00  7.00000000e-01 
 3.90000000e-06  1.20220748e+00  3.90000000e-06  1.10000000e+00  7.00000000e-01 
 4.00000000e-06  1.20394119e+00  4.00000000e-06  1.10000000e+00  7.00000000e-01 
 4.10000000e-06  1.20564626e+00  4.10000000e-06  1.10000000e+00  7.00000000e-01 
 4.20000000e-06  1.20732399e+00  4.20000000e-06  1.10000000e+00  7.00000000e-01 
 4.30000000e-06  1.20897560e+00  4.30000000e-06  1.10000000e+00  7.00000000e-01 
 4.40000000e-06  1.21060223e+00  4.40000000e-06  1.10000000e+00  7.00000000e-01 
 4.50000000e-06  1.21220491e+00  4.50000000e-06  1.10000000e+00  7.00000000e-01 
 4.60000000e-06  1.21378466e+00  4.60000000e-06  1.10000000e+00  7.00000000e-01 
 4.70000000e-06  1.21534238e+00  4.70000000e-06  1.10000000e+00  7.00000000e-01 
 4.80000000e-06  1.21687894e+00  4.80000000e-06  1.10000000e+00  7.00000000e-01 
 4.90000000e-06  1.21839517e+00  4.90000000e-06  1.10000000e+00  7.00000000e-01 
 5.00000000e-06  1.21989183e+00  5.00000000e-06  1.10000000e+00  7.00000000e-01 
 5.10000000e-06  1.22136963e+00  5.10000000e-06  1.10000000e+00  7.00000000e-01 
 5.20000000e-06  1.22282927e+00  5.20000000e-06  1.10000000e+00  7.00000000e-01 
 5.30000000e-06  1.22427138e+00  5.30000000e-06  1.10000000e+00  7.00000000e-01 
 5.40000000e-06  1.22569657e+00  5.40000000e-06  1.10000000e+00  7.00000000e-01 
 5.50000000e-06  1.22710542e+00  5.50000000e-06  1.10000000e+00  7.00000000e-01 
 5.60000000e-06  1.22849846e+00  5.60000000e-06  1.10000000e+00  7.00000000e-01 
 5.70000000e-06  1.22987623e+00  5.70000000e-06  1.10000000e+00  7.00000000e-01 
 5.80000000e-06  1.23123920e+00  5.80000000e-06  1.10000000e+00  7.00000000e-01 
 5.90000000e-06  1.23258784e+00  5.90000000e-06  1.10000000e+00  7.00000000e-01 
 6.00000000e-06  1.23392259e+00  6.00000000e-06  1.10000000e+00  7.00000000e-01 
 6.10000000e-06  1.23524388e+00  6.10000000e-06  1.10000000e+00  7.00000000e-01 
 6.20000000e-06  1.23655211e+00  6.20000000e-06  1.10000000e+00  7.00000000e-01 
 6.30000000e-06  1.23784765e+00  6.30000000e-06  1.10000000e+00  7.00000000e-01 
 6.40000000e-06  1.23913088e+00  6.40000000e-06  1.10000000e+00  7.00000000e-01 
 6.50000000e-06  1.24040215e+00  6.50000000e-06  1.10000000e+00  7.00000000e-01 
 6.60000000e-06  1.24166177e+00  6.60000000e-06  1.10000000e+00  7.00000000e-01 
 6.70000000e-06  1.24291008e+00  6.70000000e-06  1.10000000e+00  7.00000000e-01 
 6.80000000e-06  1.24414738e+00  6.80000000e-06  1.10000000e+00  7.00000000e-01 
 6.90000000e-06  1.24537396e+00  6.90000000e-06  1.10000000e+00  7.00000000e-01 
 7.00000000e-06  1.24659009e+00  7.00000000e-06  1.10000000e+00  7.00000000e-01 
 7.10000000e-06  1.24779606e+00  7.10000000e-06  1.10000000e+00  7.00000000e-01 
 7.20000000e-06  1.24899211e+00  7.20000000e-06  1.10000000e+00  7.00000000e-01 
 7.30000000e-06  1.25017849e+00  7.30000000e-06  1.10000000e+00  7.00000000e-01 
 7.40000000e-06  1.25135543e+00  7.40000000e-06  1.10000000e+00  7.00000000e-01 
 7.50000000e-06  1.25252318e+00  7.50000000e-06  1.10000000e+00  7.00000000e-01 
 7.60000000e-06  1.25368194e+00  7.60000000e-06  1.10000000e+00  7.00000000e-01 
 7.70000000e-06  1.25483192e+00  7.70000000e-06  1.10000000e+00  7.00000000e-01 
 7.80000000e-06  1.25597333e+00  7.80000000e-06  1.10000000e+00  7.00000000e-01 
 7.90000000e-06  1.25710637e+00  7.90000000e-06  1.10000000e+00  7.00000000e-01 
 8.00000000e-06  1.25823122e+00  8.00000000e-06  1.10000000e+00  7.00000000e-01 
 8.10000000e-06  1.25934807e+00  8.10000000e-06  1.10000000e+00  7.00000000e-01 
 8.20000000e-06  1.26045708e+00  8.20000000e-06  1.10000000e+00  7.00000000e-01 
 8.30000000e-06  1.26155843e+00  8.30000000e-06  1.10000000e+00  7.00000000e-01 
 8.40000000e-06  1.26265229e+00  8.40000000e-06  1.10000000e+00  7.00000000e-01 
 8.50000000e-06  1.26373880e+00  8.50000000e-06  1.10000000e+00  7.00000000e-01 
 8.60000000e-06  1.26481813e+00  8.60000000e-06  1.10000000e+00  7.00000000e-01 
 8.70000000e-06  1.26589041e+00  8.70000000e-06  1.10000000e+00  7.00000000e-01 
 8.80000000e-06  1.26695580e+00  8.80000000e-06  1.10000000e+00  7.00000000e-01 
 8.90000000e-06  1.26801443e+00  8.90000000e-06  1.10000000e+00  7.00000000e-01 
 9.00000000e-06  1.26906643e+00  9.00000000e-06  1.10000000e+00  7.00000000e-01 
 9.10000000e-06  1.27011193e+00  9.10000000e-06  1.10000000e+00  7.00000000e-01 
 9.20000000e-06  1.27115106e+00  9.20000000e-06  1.10000000e+00  7.00000000e-01 
 9.30000000e-06  1.27218393e+00  9.30000000e-06  1.10000000e+00  7.00000000e-01 
 9.40000000e-06  1.27321068e+00  9.40000000e-06  1.10000000e+00  7.00000000e-01 
 9.50000000e-06  1.27423140e+00  9.50000000e-06  1.10000000e+00  7.00000000e-01 
 9.60000000e-06  1.27524621e+00  9.60000000e-06  1.10000000e+00  7.00000000e-01 
 9.70000000e-06  1.27625522e+00  9.70000000e-06  1.10000000e+00  7.00000000e-01 
 9.80000000e-06  1.27725853e+00  9.80000000e-06  1.10000000e+00  7.00000000e-01 
 9.90000000e-06  1.27825625e+00  9.90000000e-06  1.10000000e+00  7.00000000e-01 
 1.00000000e-05  1.27924847e+00  1.00000000e-05  1.10000000e+00  7.00000000e-01 
 1.01000000e-05  1.28023528e+00  1.01000000e-05  1.10000000e+00  7.00000000e-01 
 1.02000000e-05  1.28121678e+00  1.02000000e-05  1.10000000e+00  7.00000000e-01 
 1.03000000e-05  1.28219306e+00  1.03000000e-05  1.10000000e+00  7.00000000e-01 
 1.04000000e-05  1.28316421e+00  1.04000000e-05  1.10000000e+00  7.00000000e-01 
 1.05000000e-05  1.28413031e+00  1.05000000e-05  1.10000000e+00  7.00000000e-01 
 1.06000000e-05  1.28509145e+00  1.06000000e-05  1.10000000e+00  7.00000000e-01 
 1.07000000e-05  1.28604770e+00  1.07000000e-05  1.10000000e+00  7.00000000e-01 
 1.08000000e-05  1.28699915e+00  1.08000000e-05  1.10000000e+00  7.00000000e-01 
 1.09000000e-05  1.28794587e+00  1.09000000e-05  1.10000000e+00  7.00000000e-01 
 1.10000000e-05  1.28888793e+00  1.10000000e-05  1.10000000e+00  7.00000000e-01 
 1.11000000e-05  1.28982541e+00  1.11000000e-05  1.10000000e+00  7.00000000e-01 
 1.12000000e-05  1.29075839e+00  1.12000000e-05  1.10000000e+00  7.00000000e-01 
 1.13000000e-05  1.29168692e+00  1.13000000e-05  1.10000000e+00  7.00000000e-01 
 1.14000000e-05  1.29261107e+00  1.14000000e-05  1.10000000e+00  7.00000000e-01 
 1.15000000e-05  1.29353092e+00  1.15000000e-05  1.10000000e+00  7.00000000e-01 
 1.16000000e-05  1.29444652e+00  1.16000000e-05  1.10000000e+00  7.00000000e-01 
 1.17000000e-05  1.29535794e+00  1.17000000e-05  1.10000000e+00  7.00000000e-01 
 1.18000000e-05  1.29626524e+00  1.18000000e-05  1.10000000e+00  7.00000000e-01 
 1.19000000e-05  1.29716848e+00  1.19000000e-05  1.10000000e+00  7.00000000e-01 
 1.20000000e-05  1.29806771e+00  1.20000000e-05  1.10000000e+00  7.00000000e-01 
 1.21000000e-05  1.29896300e+00  1.21000000e-05  1.10000000e+00  7.00000000e-01 
 1.22000000e-05  1.29985440e+00  1.22000000e-05  1.10000000e+00  7.00000000e-01 
 1.23000000e-05  1.30074195e+00  1.23000000e-05  1.10000000e+00  7.00000000e-01 
 1.24000000e-05  1.30162573e+00  1.24000000e-05  1.10000000e+00  7.00000000e-01 
 1.25000000e-05  1.30250577e+00  1.25000000e-05  1.10000000e+00  7.00000000e-01 
 1.26000000e-05  1.30338213e+00  1.26000000e-05  1.10000000e+00  7.00000000e-01 
 1.27000000e-05  1.30425485e+00  1.27000000e-05  1.10000000e+00  7.00000000e-01 
 1.28000000e-05  1.30512400e+00  1.28000000e-05  1.10000000e+00  7.00000000e-01 
 1.29000000e-05  1.30598960e+00  1.29000000e-05  1.10000000e+00  7.00000000e-01 
 1.30000000e-05  1.30685172e+00  1.30000000e-05  1.10000000e+00  7.00000000e-01 
 1.31000000e-05  1.30771038e+00  1.31000000e-05  1.10000000e+00  7.00000000e-01 
 1.32000000e-05  1.30856565e+00  1.32000000e-05  1.10000000e+00  7.00000000e-01 
 1.33000000e-05  1.30941756e+00  1.33000000e-05  1.10000000e+00  7.00000000e-01 
 1.34000000e-05  1.31026616e+00  1.34000000e-05  1.10000000e+00  7.00000000e-01 
 1.35000000e-05  1.31111148e+00  1.35000000e-05  1.10000000e+00  7.00000000e-01 
 1.36000000e-05  1.31195356e+00  1.36000000e-05  1.10000000e+00  7.00000000e-01 
 1.37000000e-05  1.31279246e+00  1.37000000e-05  1.10000000e+00  7.00000000e-01 
 1.38000000e-05  1.31362820e+00  1.38000000e-05  1.10000000e+00  7.00000000e-01 
 1.39000000e-05  1.31446082e+00  1.39000000e-05  1.10000000e+00  7.00000000e-01 
 1.40000000e-05  1.31529037e+00  1.40000000e-05  1.10000000e+00  7.00000000e-01 
 1.41000000e-05  1.31611687e+00  1.41000000e-05  1.10000000e+00  7.00000000e-01 
 1.42000000e-05  1.31694037e+00  1.42000000e-05  1.10000000e+00  7.00000000e-01 
 1.43000000e-05  1.31776089e+00  1.43000000e-05  1.10000000e+00  7.00000000e-01 
 1.44000000e-05  1.31857849e+00  1.44000000e-05  1.10000000e+00  7.00000000e-01 
 1.45000000e-05  1.31939318e+00  1.45000000e-05  1.10000000e+00  7.00000000e-01 
 1.46000000e-05  1.32020500e+00  1.46000000e-05  1.10000000e+00  7.00000000e-01 
 1.47000000e-05  1.32101398e+00  1.47000000e-05  1.10000000e+00  7.00000000e-01 
 1.48000000e-05  1.32182017e+00  1.48000000e-05  1.10000000e+00  7.00000000e-01 
 1.49000000e-05  1.32262358e+00  1.49000000e-05  1.10000000e+00  7.00000000e-01 
 1.50000000e-05  1.32342424e+00  1.50000000e-05  1.10000000e+00  7.00000000e-01 
 1.51000000e-05  1.32422220e+00  1.51000000e-05  1.10000000e+00  7.00000000e-01 
 1.52000000e-05  1.32501748e+00  1.52000000e-05  1.10000000e+00  7.00000000e-01 
 1.53000000e-05  1.32581010e+00  1.53000000e-05  1.10000000e+00  7.00000000e-01 
 1.54000000e-05  1.32660010e+00  1.54000000e-05  1.10000000e+00  7.00000000e-01 
 1.55000000e-05  1.32738751e+00  1.55000000e-05  1.10000000e+00  7.00000000e-01 
 1.56000000e-05  1.32817235e+00  1.56000000e-05  1.10000000e+00  7.00000000e-01 
 1.57000000e-05  1.32895464e+00  1.57000000e-05  1.10000000e+00  7.00000000e-01 
 1.58000000e-05  1.32973443e+00  1.58000000e-05  1.10000000e+00  7.00000000e-01 
 1.59000000e-05  1.33051172e+00  1.59000000e-05  1.10000000e+00  7.00000000e-01 
 1.60000000e-05  1.33128656e+00  1.60000000e-05  1.10000000e+00  7.00000000e-01 
 1.61000000e-05  1.33205896e+00  1.61000000e-05  1.10000000e+00  7.00000000e-01 
 1.62000000e-05  1.33282894e+00  1.62000000e-05  1.10000000e+00  7.00000000e-01 
 1.63000000e-05  1.33359654e+00  1.63000000e-05  1.10000000e+00  7.00000000e-01 
 1.64000000e-05  1.33436178e+00  1.64000000e-05  1.10000000e+00  7.00000000e-01 
 1.65000000e-05  1.33512468e+00  1.65000000e-05  1.10000000e+00  7.00000000e-01 
 1.66000000e-05  1.33588526e+00  1.66000000e-05  1.10000000e+00  7.00000000e-01 
 1.67000000e-05  1.33664355e+00  1.67000000e-05  1.10000000e+00  7.00000000e-01 
 1.68000000e-05  1.33739957e+00  1.68000000e-05  1.10000000e+00  7.00000000e-01 
 1.69000000e-05  1.33815334e+00  1.69000000e-05  1.10000000e+00  7.00000000e-01 
 1.70000000e-05  1.33890488e+00  1.70000000e-05  1.10000000e+00  7.00000000e-01 
 1.71000000e-05  1.33965422e+00  1.71000000e-05  1.10000000e+00  7.00000000e-01 
 1.72000000e-05  1.34040137e+00  1.72000000e-05  1.10000000e+00  7.00000000e-01 
 1.73000000e-05  1.34114636e+00  1.73000000e-05  1.10000000e+00  7.00000000e-01 
 1.74000000e-05  1.34188920e+00  1.74000000e-05  1.10000000e+00  7.00000000e-01 
 1.75000000e-05  1.34262993e+00  1.75000000e-05  1.10000000e+00  7.00000000e-01 
 1.76000000e-05  1.34336855e+00  1.76000000e-05  1.10000000e+00  7.00000000e-01 
 1.77000000e-05  1.34410509e+00  1.77000000e-05  1.10000000e+00  7.00000000e-01 
 1.78000000e-05  1.34483956e+00  1.78000000e-05  1.10000000e+00  7.00000000e-01 
 1.79000000e-05  1.34557198e+00  1.79000000e-05  1.10000000e+00  7.00000000e-01 
 1.80000000e-05  1.34630238e+00  1.80000000e-05  1.10000000e+00  7.00000000e-01 
 1.81000000e-05  1.34703077e+00  1.81000000e-05  1.10000000e+00  7.00000000e-01 
 1.82000000e-05  1.34775717e+00  1.82000000e-05  1.10000000e+00  7.00000000e-01 
 1.83000000e-05  1.34848160e+00  1.83000000e-05  1.10000000e+00  7.00000000e-01 
 1.84000000e-05  1.34920407e+00  1.84000000e-05  1.10000000e+00  7.00000000e-01 
 1.85000000e-05  1.34992460e+00  1.85000000e-05  1.10000000e+00  7.00000000e-01 
 1.86000000e-05  1.35064322e+00  1.86000000e-05  1.10000000e+00  7.00000000e-01 
 1.87000000e-05  1.35135992e+00  1.87000000e-05  1.10000000e+00  7.00000000e-01 
 1.88000000e-05  1.35207474e+00  1.88000000e-05  1.10000000e+00  7.00000000e-01 
 1.89000000e-05  1.35278769e+00  1.89000000e-05  1.10000000e+00  7.00000000e-01 
 1.90000000e-05  1.35349878e+00  1.90000000e-05  1.10000000e+00  7.00000000e-01 
 1.91000000e-05  1.35420803e+00  1.91000000e-05  1.10000000e+00  7.00000000e-01 
 1.92000000e-05  1.35491546e+00  1.92000000e-05  1.10000000e+00  7.00000000e-01 
 1.93000000e-05  1.35562107e+00  1.93000000e-05  1.10000000e+00  7.00000000e-01 
 1.94000000e-05  1.35632489e+00  1.94000000e-05  1.10000000e+00  7.00000000e-01 
 1.95000000e-05  1.35702694e+00  1.95000000e-05  1.10000000e+00  7.00000000e-01 
 1.96000000e-05  1.35772722e+00  1.96000000e-05  1.10000000e+00  7.00000000e-01 
 1.97000000e-05  1.35842575e+00  1.97000000e-05  1.10000000e+00  7.00000000e-01 
 1.98000000e-05  1.35912254e+00  1.98000000e-05  1.10000000e+00  7.00000000e-01 
 1.99000000e-05  1.35981761e+00  1.99000000e-05  1.10000000e+00  7.00000000e-01 
 2.00000000e-05  1.36051098e+00  2.00000000e-05  1.10000000e+00  7.00000000e-01 
 2.01000000e-05  1.36120265e+00  2.01000000e-05  1.10000000e+00  7.00000000e-01 
 2.02000000e-05  1.36189264e+00  2.02000000e-05  1.10000000e+00  7.00000000e-01 
 2.03000000e-05  1.36258096e+00  2.03000000e-05  1.10000000e+00  7.00000000e-01 
 2.04000000e-05  1.36326763e+00  2.04000000e-05  1.10000000e+00  7.00000000e-01 
 2.05000000e-05  1.36395266e+00  2.05000000e-05  1.10000000e+00  7.00000000e-01 
 2.06000000e-05  1.36463606e+00  2.06000000e-05  1.10000000e+00  7.00000000e-01 
 2.07000000e-05  1.36531784e+00  2.07000000e-05  1.10000000e+00  7.00000000e-01 
 2.08000000e-05  1.36599802e+00  2.08000000e-05  1.10000000e+00  7.00000000e-01 
 2.09000000e-05  1.36667661e+00  2.09000000e-05  1.10000000e+00  7.00000000e-01 
 2.10000000e-05  1.36735363e+00  2.10000000e-05  1.10000000e+00  7.00000000e-01 
 2.11000000e-05  1.36802907e+00  2.11000000e-05  1.10000000e+00  7.00000000e-01 
 2.12000000e-05  1.36870297e+00  2.12000000e-05  1.10000000e+00  7.00000000e-01 
 2.13000000e-05  1.36937531e+00  2.13000000e-05  1.10000000e+00  7.00000000e-01 
 2.14000000e-05  1.37004613e+00  2.14000000e-05  1.10000000e+00  7.00000000e-01 
 2.15000000e-05  1.37071543e+00  2.15000000e-05  1.10000000e+00  7.00000000e-01 
 2.16000000e-05  1.37138322e+00  2.16000000e-05  1.10000000e+00  7.00000000e-01 
 2.17000000e-05  1.37204951e+00  2.17000000e-05  1.10000000e+00  7.00000000e-01 
 2.18000000e-05  1.37271432e+00  2.18000000e-05  1.10000000e+00  7.00000000e-01 
 2.19000000e-05  1.37337765e+00  2.19000000e-05  1.10000000e+00  7.00000000e-01 
 2.20000000e-05  1.37403951e+00  2.20000000e-05  1.10000000e+00  7.00000000e-01 
 2.21000000e-05  1.37469992e+00  2.21000000e-05  1.10000000e+00  7.00000000e-01 
 2.22000000e-05  1.37535889e+00  2.22000000e-05  1.10000000e+00  7.00000000e-01 
 2.23000000e-05  1.37601642e+00  2.23000000e-05  1.10000000e+00  7.00000000e-01 
 2.24000000e-05  1.37667253e+00  2.24000000e-05  1.10000000e+00  7.00000000e-01 
 2.25000000e-05  1.37732723e+00  2.25000000e-05  1.10000000e+00  7.00000000e-01 
 2.26000000e-05  1.37798053e+00  2.26000000e-05  1.10000000e+00  7.00000000e-01 
 2.27000000e-05  1.37863243e+00  2.27000000e-05  1.10000000e+00  7.00000000e-01 
 2.28000000e-05  1.37928294e+00  2.28000000e-05  1.10000000e+00  7.00000000e-01 
 2.29000000e-05  1.37993209e+00  2.29000000e-05  1.10000000e+00  7.00000000e-01 
 2.30000000e-05  1.38057987e+00  2.30000000e-05  1.10000000e+00  7.00000000e-01 
 2.31000000e-05  1.38122629e+00  2.31000000e-05  1.10000000e+00  7.00000000e-01 
 2.32000000e-05  1.38187137e+00  2.32000000e-05  1.10000000e+00  7.00000000e-01 
 2.33000000e-05  1.38251511e+00  2.33000000e-05  1.10000000e+00  7.00000000e-01 
 2.34000000e-05  1.38315753e+00  2.34000000e-05  1.10000000e+00  7.00000000e-01 
 2.35000000e-05  1.38379862e+00  2.35000000e-05  1.10000000e+00  7.00000000e-01 
 2.36000000e-05  1.38443841e+00  2.36000000e-05  1.10000000e+00  7.00000000e-01 
 2.37000000e-05  1.38507689e+00  2.37000000e-05  1.10000000e+00  7.00000000e-01 
 2.38000000e-05  1.38571409e+00  2.38000000e-05  1.10000000e+00  7.00000000e-01 
 2.39000000e-05  1.38635000e+00  2.39000000e-05  1.10000000e+00  7.00000000e-01 
 2.40000000e-05  1.38698463e+00  2.40000000e-05  1.10000000e+00  7.00000000e-01 
 2.41000000e-05  1.38761800e+00  2.41000000e-05  1.10000000e+00  7.00000000e-01 
 2.42000000e-05  1.38825011e+00  2.42000000e-05  1.10000000e+00  7.00000000e-01 
 2.43000000e-05  1.38888097e+00  2.43000000e-05  1.10000000e+00  7.00000000e-01 
 2.44000000e-05  1.38951058e+00  2.44000000e-05  1.10000000e+00  7.00000000e-01 
 2.45000000e-05  1.39013897e+00  2.45000000e-05  1.10000000e+00  7.00000000e-01 
 2.46000000e-05  1.39076612e+00  2.46000000e-05  1.10000000e+00  7.00000000e-01 
 2.47000000e-05  1.39139206e+00  2.47000000e-05  1.10000000e+00  7.00000000e-01 
 2.48000000e-05  1.39201679e+00  2.48000000e-05  1.10000000e+00  7.00000000e-01 
 2.49000000e-05  1.39264032e+00  2.49000000e-05  1.10000000e+00  7.00000000e-01 
 2.50000000e-05  1.39326265e+00  2.50000000e-05  1.10000000e+00  7.00000000e-01 
 2.51000000e-05  1.39388379e+00  2.51000000e-05  1.10000000e+00  7.00000000e-01 
 2.52000000e-05  1.39450375e+00  2.52000000e-05  1.10000000e+00  7.00000000e-01 
 2.53000000e-05  1.39512254e+00  2.53000000e-05  1.10000000e+00  7.00000000e-01 
 2.54000000e-05  1.39574016e+00  2.54000000e-05  1.10000000e+00  7.00000000e-01 
 2.55000000e-05  1.39635663e+00  2.55000000e-05  1.10000000e+00  7.00000000e-01 
 2.56000000e-05  1.39697194e+00  2.56000000e-05  1.10000000e+00  7.00000000e-01 
 2.57000000e-05  1.39758611e+00  2.57000000e-05  1.10000000e+00  7.00000000e-01 
 2.58000000e-05  1.39819914e+00  2.58000000e-05  1.10000000e+00  7.00000000e-01 
 2.59000000e-05  1.39881104e+00  2.59000000e-05  1.10000000e+00  7.00000000e-01 
 2.60000000e-05  1.39942182e+00  2.60000000e-05  1.10000000e+00  7.00000000e-01 
 2.61000000e-05  1.40003148e+00  2.61000000e-05  1.10000000e+00  7.00000000e-01 
 2.62000000e-05  1.40064003e+00  2.62000000e-05  1.10000000e+00  7.00000000e-01 
 2.63000000e-05  1.40124748e+00  2.63000000e-05  1.10000000e+00  7.00000000e-01 
 2.64000000e-05  1.40185383e+00  2.64000000e-05  1.10000000e+00  7.00000000e-01 
 2.65000000e-05  1.40245909e+00  2.65000000e-05  1.10000000e+00  7.00000000e-01 
 2.66000000e-05  1.40306326e+00  2.66000000e-05  1.10000000e+00  7.00000000e-01 
 2.67000000e-05  1.40366636e+00  2.67000000e-05  1.10000000e+00  7.00000000e-01 
 2.68000000e-05  1.40426839e+00  2.68000000e-05  1.10000000e+00  7.00000000e-01 
 2.69000000e-05  1.40486935e+00  2.69000000e-05  1.10000000e+00  7.00000000e-01 
 2.70000000e-05  1.40546926e+00  2.70000000e-05  1.10000000e+00  7.00000000e-01 
 2.71000000e-05  1.40606811e+00  2.71000000e-05  1.10000000e+00  7.00000000e-01 
 2.72000000e-05  1.40666591e+00  2.72000000e-05  1.10000000e+00  7.00000000e-01 
 2.73000000e-05  1.40726268e+00  2.73000000e-05  1.10000000e+00  7.00000000e-01 
 2.74000000e-05  1.40785840e+00  2.74000000e-05  1.10000000e+00  7.00000000e-01 
 2.75000000e-05  1.40845310e+00  2.75000000e-05  1.10000000e+00  7.00000000e-01 
 2.76000000e-05  1.40904678e+00  2.76000000e-05  1.10000000e+00  7.00000000e-01 
 2.77000000e-05  1.40963944e+00  2.77000000e-05  1.10000000e+00  7.00000000e-01 
 2.78000000e-05  1.41023109e+00  2.78000000e-05  1.10000000e+00  7.00000000e-01 
 2.79000000e-05  1.41082173e+00  2.79000000e-05  1.10000000e+00  7.00000000e-01 
 2.80000000e-05  1.41141138e+00  2.80000000e-05  1.10000000e+00  7.00000000e-01 
 2.81000000e-05  1.41200003e+00  2.81000000e-05  1.10000000e+00  7.00000000e-01 
 2.82000000e-05  1.41258768e+00  2.82000000e-05  1.10000000e+00  7.00000000e-01 
 2.83000000e-05  1.41317436e+00  2.83000000e-05  1.10000000e+00  7.00000000e-01 
 2.84000000e-05  1.41376006e+00  2.84000000e-05  1.10000000e+00  7.00000000e-01 
 2.85000000e-05  1.41434478e+00  2.85000000e-05  1.10000000e+00  7.00000000e-01 
 2.86000000e-05  1.41492854e+00  2.86000000e-05  1.10000000e+00  7.00000000e-01 
 2.87000000e-05  1.41551133e+00  2.87000000e-05  1.10000000e+00  7.00000000e-01 
 2.88000000e-05  1.41609317e+00  2.88000000e-05  1.10000000e+00  7.00000000e-01 
 2.89000000e-05  1.41667406e+00  2.89000000e-05  1.10000000e+00  7.00000000e-01 
 2.90000000e-05  1.41725400e+00  2.90000000e-05  1.10000000e+00  7.00000000e-01 
 2.91000000e-05  1.41783299e+00  2.91000000e-05  1.10000000e+00  7.00000000e-01 
 2.92000000e-05  1.41841105e+00  2.92000000e-05  1.10000000e+00  7.00000000e-01 
 2.93000000e-05  1.41898818e+00  2.93000000e-05  1.10000000e+00  7.00000000e-01 
 2.94000000e-05  1.41956438e+00  2.94000000e-05  1.10000000e+00  7.00000000e-01 
 2.95000000e-05  1.42013966e+00  2.95000000e-05  1.10000000e+00  7.00000000e-01 
 2.96000000e-05  1.42071403e+00  2.96000000e-05  1.10000000e+00  7.00000000e-01 
 2.97000000e-05  1.42128748e+00  2.97000000e-05  1.10000000e+00  7.00000000e-01 
 2.98000000e-05  1.42186002e+00  2.98000000e-05  1.10000000e+00  7.00000000e-01 
 2.99000000e-05  1.42243166e+00  2.99000000e-05  1.10000000e+00  7.00000000e-01 
 3.00000000e-05  1.42300240e+00  3.00000000e-05  1.10000000e+00  7.00000000e-01 
