 i-sweep         v(vout)         i(viin)         v(vgate)        v(vmid)        
 0.00000000e+00  1.00000251e-01  0.00000000e+00  8.00000000e-01  1.00000000e-01 
 1.00000000e-07  1.16821608e-01  1.00000000e-07  8.00000000e-01  1.00000000e-01 
 2.00000000e-07  1.36788930e-01  2.00000000e-07  8.00000000e-01  1.00000000e-01 
 3.00000000e-07  1.62588378e-01  3.00000000e-07  8.00000000e-01  1.00000000e-01 
 4.00000000e-07  2.06556622e-01  4.00000000e-07  8.00000000e-01  1.00000000e-01 
 5.00000000e-07  9.55278982e-01  5.00000000e-07  8.00000000e-01  1.00000000e-01 
 6.00000000e-07  1.02614069e+00  6.00000000e-07  8.00000000e-01  1.00000000e-01 
 7.00000000e-07  1.05410529e+00  7.00000000e-07  8.00000000e-01  1.00000000e-01 
 8.00000000e-07  1.07032825e+00  8.00000000e-07  8.00000000e-01  1.00000000e-01 
 9.00000000e-07  1.08277946e+00  9.00000000e-07  8.00000000e-01  1.00000000e-01 
 1.00000000e-06  1.09377015e+00  1.00000000e-06  8.00000000e-01  1.00000000e-01 
 1.10000000e-06  1.10153801e+00  1.10000000e-06  8.00000000e-01  1.00000000e-01 
 1.20000000e-06  1.10858175e+00  1.20000000e-06  8.00000000e-01  1.00000000e-01 
 1.30000000e-06  1.11477618e+00  1.30000000e-06  8.00000000e-01  1.00000000e-01 
 1.40000000e-06  1.12035655e+00  1.40000000e-06  8.00000000e-01  1.00000000e-01 
 1.50000000e-06  1.12543987e+00  1.50000000e-06  8.00000000e-01  1.00000000e-01 
 1.60000000e-06  1.13011762e+00  1.60000000e-06  8.00000000e-01  1.00000000e-01 
 1.70000000e-06  1.13445765e+00  1.70000000e-06  8.00000000e-01  1.00000000e-01 
 1.80000000e-06  1.13851217e+00  1.80000000e-06  8.00000000e-01  1.00000000e-01 
 1.90000000e-06  1.14232210e+00  1.90000000e-06  8.00000000e-01  1.00000000e-01 
 2.00000000e-06  1.14592013e+00  2.00000000e-06  8.00000000e-01  1.00000000e-01 
 2.10000000e-06  1.14933275e+00  2.10000000e-06  8.00000000e-01  1.00000000e-01 
 2.20000000e-06  1.15258177e+00  2.20000000e-06  8.00000000e-01  1.00000000e-01 
 2.30000000e-06  1.15568530e+00  2.30000000e-06  8.00000000e-01  1.00000000e-01 
 2.40000000e-06  1.15865857e+00  2.40000000e-06  8.00000000e-01  1.00000000e-01 
 2.50000000e-06  1.16151452e+00  2.50000000e-06  8.00000000e-01  1.00000000e-01 
 2.60000000e-06  1.16426422e+00  2.60000000e-06  8.00000000e-01  1.00000000e-01 
 2.70000000e-06  1.16691722e+00  2.70000000e-06  8.00000000e-01  1.00000000e-01 
 2.80000000e-06  1.16948181e+00  2.80000000e-06  8.00000000e-01  1.00000000e-01 
 2.90000000e-06  1.17196526e+00  2.90000000e-06  8.00000000e-01  1.00000000e-01 
 3.00000000e-06  1.17437392e+00  3.00000000e-06  8.00000000e-01  1.00000000e-01 
 3.10000000e-06  1.17671345e+00  3.10000000e-06  8.00000000e-01  1.00000000e-01 
 3.20000000e-06  1.17898885e+00  3.20000000e-06  8.00000000e-01  1.00000000e-01 
 3.30000000e-06  1.18120460e+00  3.30000000e-06  8.00000000e-01  1.00000000e-01 
 3.40000000e-06  1.18336470e+00  3.40000000e-06  8.00000000e-01  1.00000000e-01 
 3.50000000e-06  1.18547276e+00  3.50000000e-06  8.00000000e-01  1.00000000e-01 
 3.60000000e-06  1.18753204e+00  3.60000000e-06  8.00000000e-01  1.00000000e-01 
 3.70000000e-06  1.18954549e+00  3.70000000e-06  8.00000000e-01  1.00000000e-01 
 3.80000000e-06  1.19151579e+00  3.80000000e-06  8.00000000e-01  1.00000000e-01 
 3.90000000e-06  1.19344539e+00  3.90000000e-06  8.00000000e-01  1.00000000e-01 
 4.00000000e-06  1.19533653e+00  4.00000000e-06  8.00000000e-01  1.00000000e-01 
 4.10000000e-06  1.19719127e+00  4.10000000e-06  8.00000000e-01  1.00000000e-01 
 4.20000000e-06  1.19901148e+00  4.20000000e-06  8.00000000e-01  1.00000000e-01 
 4.30000000e-06  1.20079892e+00  4.30000000e-06  8.00000000e-01  1.00000000e-01 
 4.40000000e-06  1.20255518e+00  4.40000000e-06  8.00000000e-01  1.00000000e-01 
 4.50000000e-06  1.20428175e+00  4.50000000e-06  8.00000000e-01  1.00000000e-01 
 4.60000000e-06  1.20598002e+00  4.60000000e-06  8.00000000e-01  1.00000000e-01 
 4.70000000e-06  1.20765125e+00  4.70000000e-06  8.00000000e-01  1.00000000e-01 
 4.80000000e-06  1.20929665e+00  4.80000000e-06  8.00000000e-01  1.00000000e-01 
 4.90000000e-06  1.21091733e+00  4.90000000e-06  8.00000000e-01  1.00000000e-01 
 5.00000000e-06  1.21251432e+00  5.00000000e-06  8.00000000e-01  1.00000000e-01 
 5.10000000e-06  1.21408859e+00  5.10000000e-06  8.00000000e-01  1.00000000e-01 
 5.20000000e-06  1.21564107e+00  5.20000000e-06  8.00000000e-01  1.00000000e-01 
 5.30000000e-06  1.21717259e+00  5.30000000e-06  8.00000000e-01  1.00000000e-01 
 5.40000000e-06  1.21868397e+00  5.40000000e-06  8.00000000e-01  1.00000000e-01 
 5.50000000e-06  1.22017596e+00  5.50000000e-06  8.00000000e-01  1.00000000e-01 
 5.60000000e-06  1.22164926e+00  5.60000000e-06  8.00000000e-01  1.00000000e-01 
 5.70000000e-06  1.22310456e+00  5.70000000e-06  8.00000000e-01  1.00000000e-01 
 5.80000000e-06  1.22454249e+00  5.80000000e-06  8.00000000e-01  1.00000000e-01 
 5.90000000e-06  1.22596363e+00  5.90000000e-06  8.00000000e-01  1.00000000e-01 
 6.00000000e-06  1.22736857e+00  6.00000000e-06  8.00000000e-01  1.00000000e-01 
 6.10000000e-06  1.22875784e+00  6.10000000e-06  8.00000000e-01  1.00000000e-01 
 6.20000000e-06  1.23013195e+00  6.20000000e-06  8.00000000e-01  1.00000000e-01 
 6.30000000e-06  1.23149138e+00  6.30000000e-06  8.00000000e-01  1.00000000e-01 
 6.40000000e-06  1.23283659e+00  6.40000000e-06  8.00000000e-01  1.00000000e-01 
 6.50000000e-06  1.23416802e+00  6.50000000e-06  8.00000000e-01  1.00000000e-01 
 6.60000000e-06  1.23548609e+00  6.60000000e-06  8.00000000e-01  1.00000000e-01 
 6.70000000e-06  1.23679118e+00  6.70000000e-06  8.00000000e-01  1.00000000e-01 
 6.80000000e-06  1.23808369e+00  6.80000000e-06  8.00000000e-01  1.00000000e-01 
 6.90000000e-06  1.23936397e+00  6.90000000e-06  8.00000000e-01  1.00000000e-01 
 7.00000000e-06  1.24063236e+00  7.00000000e-06  8.00000000e-01  1.00000000e-01 
 7.10000000e-06  1.24188920e+00  7.10000000e-06  8.00000000e-01  1.00000000e-01 
 7.20000000e-06  1.24313479e+00  7.20000000e-06  8.00000000e-01  1.00000000e-01 
 7.30000000e-06  1.24436945e+00  7.30000000e-06  8.00000000e-01  1.00000000e-01 
 7.40000000e-06  1.24559345e+00  7.40000000e-06  8.00000000e-01  1.00000000e-01 
 7.50000000e-06  1.24680708e+00  7.50000000e-06  8.00000000e-01  1.00000000e-01 
 7.60000000e-06  1.24801060e+00  7.60000000e-06  8.00000000e-01  1.00000000e-01 
 7.70000000e-06  1.24920426e+00  7.70000000e-06  8.00000000e-01  1.00000000e-01 
 7.80000000e-06  1.25038832e+00  7.80000000e-06  8.00000000e-01  1.00000000e-01 
 7.90000000e-06  1.25156300e+00  7.90000000e-06  8.00000000e-01  1.00000000e-01 
 8.00000000e-06  1.25272853e+00  8.00000000e-06  8.00000000e-01  1.00000000e-01 
 8.10000000e-06  1.25388513e+00  8.10000000e-06  8.00000000e-01  1.00000000e-01 
 8.20000000e-06  1.25503300e+00  8.20000000e-06  8.00000000e-01  1.00000000e-01 
 8.30000000e-06  1.25617235e+00  8.30000000e-06  8.00000000e-01  1.00000000e-01 
 8.40000000e-06  1.25730337e+00  8.40000000e-06  8.00000000e-01  1.00000000e-01 
 8.50000000e-06  1.25842625e+00  8.50000000e-06  8.00000000e-01  1.00000000e-01 
 8.60000000e-06  1.25954117e+00  8.60000000e-06  8.00000000e-01  1.00000000e-01 
 8.70000000e-06  1.26064830e+00  8.70000000e-06  8.00000000e-01  1.00000000e-01 
 8.80000000e-06  1.26174780e+00  8.80000000e-06  8.00000000e-01  1.00000000e-01 
 8.90000000e-06  1.26283985e+00  8.90000000e-06  8.00000000e-01  1.00000000e-01 
 9.00000000e-06  1.26392459e+00  9.00000000e-06  8.00000000e-01  1.00000000e-01 
 9.10000000e-06  1.26500219e+00  9.10000000e-06  8.00000000e-01  1.00000000e-01 
 9.20000000e-06  1.26607277e+00  9.20000000e-06  8.00000000e-01  1.00000000e-01 
 9.30000000e-06  1.26713649e+00  9.30000000e-06  8.00000000e-01  1.00000000e-01 
 9.40000000e-06  1.26819349e+00  9.40000000e-06  8.00000000e-01  1.00000000e-01 
 9.50000000e-06  1.26924389e+00  9.50000000e-06  8.00000000e-01  1.00000000e-01 
 9.60000000e-06  1.27028782e+00  9.60000000e-06  8.00000000e-01  1.00000000e-01 
 9.70000000e-06  1.27132541e+00  9.70000000e-06  8.00000000e-01  1.00000000e-01 
 9.80000000e-06  1.27235678e+00  9.80000000e-06  8.00000000e-01  1.00000000e-01 
 9.90000000e-06  1.27338204e+00  9.90000000e-06  8.00000000e-01  1.00000000e-01 
 1.00000000e-05  1.27440130e+00  1.00000000e-05  8.00000000e-01  1.00000000e-01 
 1.01000000e-05  1.27541469e+00  1.01000000e-05  8.00000000e-01  1.00000000e-01 
 1.02000000e-05  1.27642229e+00  1.02000000e-05  8.00000000e-01  1.00000000e-01 
 1.03000000e-05  1.27742423e+00  1.03000000e-05  8.00000000e-01  1.00000000e-01 
 1.04000000e-05  1.27842059e+00  1.04000000e-05  8.00000000e-01  1.00000000e-01 
 1.05000000e-05  1.27941148e+00  1.05000000e-05  8.00000000e-01  1.00000000e-01 
 1.06000000e-05  1.28039698e+00  1.06000000e-05  8.00000000e-01  1.00000000e-01 
 1.07000000e-05  1.28137720e+00  1.07000000e-05  8.00000000e-01  1.00000000e-01 
 1.08000000e-05  1.28235221e+00  1.08000000e-05  8.00000000e-01  1.00000000e-01 
 1.09000000e-05  1.28332212e+00  1.09000000e-05  8.00000000e-01  1.00000000e-01 
 1.10000000e-05  1.28428700e+00  1.10000000e-05  8.00000000e-01  1.00000000e-01 
 1.11000000e-05  1.28524693e+00  1.11000000e-05  8.00000000e-01  1.00000000e-01 
 1.12000000e-05  1.28620200e+00  1.12000000e-05  8.00000000e-01  1.00000000e-01 
 1.13000000e-05  1.28715228e+00  1.13000000e-05  8.00000000e-01  1.00000000e-01 
 1.14000000e-05  1.28809785e+00  1.14000000e-05  8.00000000e-01  1.00000000e-01 
 1.15000000e-05  1.28903879e+00  1.15000000e-05  8.00000000e-01  1.00000000e-01 
 1.16000000e-05  1.28997516e+00  1.16000000e-05  8.00000000e-01  1.00000000e-01 
 1.17000000e-05  1.29090704e+00  1.17000000e-05  8.00000000e-01  1.00000000e-01 
 1.18000000e-05  1.29183449e+00  1.18000000e-05  8.00000000e-01  1.00000000e-01 
 1.19000000e-05  1.29275758e+00  1.19000000e-05  8.00000000e-01  1.00000000e-01 
 1.20000000e-05  1.29367638e+00  1.20000000e-05  8.00000000e-01  1.00000000e-01 
 1.21000000e-05  1.29459096e+00  1.21000000e-05  8.00000000e-01  1.00000000e-01 
 1.22000000e-05  1.29550136e+00  1.22000000e-05  8.00000000e-01  1.00000000e-01 
 1.23000000e-05  1.29640766e+00  1.23000000e-05  8.00000000e-01  1.00000000e-01 
 1.24000000e-05  1.29730991e+00  1.24000000e-05  8.00000000e-01  1.00000000e-01 
 1.25000000e-05  1.29820817e+00  1.25000000e-05  8.00000000e-01  1.00000000e-01 
 1.26000000e-05  1.29910250e+00  1.26000000e-05  8.00000000e-01  1.00000000e-01 
 1.27000000e-05  1.29999295e+00  1.27000000e-05  8.00000000e-01  1.00000000e-01 
 1.28000000e-05  1.30087957e+00  1.28000000e-05  8.00000000e-01  1.00000000e-01 
 1.29000000e-05  1.30176242e+00  1.29000000e-05  8.00000000e-01  1.00000000e-01 
 1.30000000e-05  1.30264156e+00  1.30000000e-05  8.00000000e-01  1.00000000e-01 
 1.31000000e-05  1.30351702e+00  1.31000000e-05  8.00000000e-01  1.00000000e-01 
 1.32000000e-05  1.30438886e+00  1.32000000e-05  8.00000000e-01  1.00000000e-01 
 1.33000000e-05  1.30525713e+00  1.33000000e-05  8.00000000e-01  1.00000000e-01 
 1.34000000e-05  1.30612187e+00  1.34000000e-05  8.00000000e-01  1.00000000e-01 
 1.35000000e-05  1.30698314e+00  1.35000000e-05  8.00000000e-01  1.00000000e-01 
 1.36000000e-05  1.30784097e+00  1.36000000e-05  8.00000000e-01  1.00000000e-01 
 1.37000000e-05  1.30869541e+00  1.37000000e-05  8.00000000e-01  1.00000000e-01 
 1.38000000e-05  1.30954650e+00  1.38000000e-05  8.00000000e-01  1.00000000e-01 
 1.39000000e-05  1.31039428e+00  1.39000000e-05  8.00000000e-01  1.00000000e-01 
 1.40000000e-05  1.31123881e+00  1.40000000e-05  8.00000000e-01  1.00000000e-01 
 1.41000000e-05  1.31208010e+00  1.41000000e-05  8.00000000e-01  1.00000000e-01 
 1.42000000e-05  1.31291822e+00  1.42000000e-05  8.00000000e-01  1.00000000e-01 
 1.43000000e-05  1.31375319e+00  1.43000000e-05  8.00000000e-01  1.00000000e-01 
 1.44000000e-05  1.31458505e+00  1.44000000e-05  8.00000000e-01  1.00000000e-01 
 1.45000000e-05  1.31541385e+00  1.45000000e-05  8.00000000e-01  1.00000000e-01 
 1.46000000e-05  1.31623961e+00  1.46000000e-05  8.00000000e-01  1.00000000e-01 
 1.47000000e-05  1.31706237e+00  1.47000000e-05  8.00000000e-01  1.00000000e-01 
 1.48000000e-05  1.31788217e+00  1.48000000e-05  8.00000000e-01  1.00000000e-01 
 1.49000000e-05  1.31869905e+00  1.49000000e-05  8.00000000e-01  1.00000000e-01 
 1.50000000e-05  1.31951303e+00  1.50000000e-05  8.00000000e-01  1.00000000e-01 
 1.51000000e-05  1.32032415e+00  1.51000000e-05  8.00000000e-01  1.00000000e-01 
 1.52000000e-05  1.32113244e+00  1.52000000e-05  8.00000000e-01  1.00000000e-01 
 1.53000000e-05  1.32193794e+00  1.53000000e-05  8.00000000e-01  1.00000000e-01 
 1.54000000e-05  1.32274067e+00  1.54000000e-05  8.00000000e-01  1.00000000e-01 
 1.55000000e-05  1.32354067e+00  1.55000000e-05  8.00000000e-01  1.00000000e-01 
 1.56000000e-05  1.32433796e+00  1.56000000e-05  8.00000000e-01  1.00000000e-01 
 1.57000000e-05  1.32513258e+00  1.57000000e-05  8.00000000e-01  1.00000000e-01 
 1.58000000e-05  1.32592456e+00  1.58000000e-05  8.00000000e-01  1.00000000e-01 
 1.59000000e-05  1.32671392e+00  1.59000000e-05  8.00000000e-01  1.00000000e-01 
 1.60000000e-05  1.32750069e+00  1.60000000e-05  8.00000000e-01  1.00000000e-01 
 1.61000000e-05  1.32828490e+00  1.61000000e-05  8.00000000e-01  1.00000000e-01 
 1.62000000e-05  1.32906657e+00  1.62000000e-05  8.00000000e-01  1.00000000e-01 
 1.63000000e-05  1.32984574e+00  1.63000000e-05  8.00000000e-01  1.00000000e-01 
 1.64000000e-05  1.33062243e+00  1.64000000e-05  8.00000000e-01  1.00000000e-01 
 1.65000000e-05  1.33139666e+00  1.65000000e-05  8.00000000e-01  1.00000000e-01 
 1.66000000e-05  1.33216846e+00  1.66000000e-05  8.00000000e-01  1.00000000e-01 
 1.67000000e-05  1.33293786e+00  1.67000000e-05  8.00000000e-01  1.00000000e-01 
 1.68000000e-05  1.33370487e+00  1.68000000e-05  8.00000000e-01  1.00000000e-01 
 1.69000000e-05  1.33446953e+00  1.69000000e-05  8.00000000e-01  1.00000000e-01 
 1.70000000e-05  1.33523185e+00  1.70000000e-05  8.00000000e-01  1.00000000e-01 
 1.71000000e-05  1.33599187e+00  1.71000000e-05  8.00000000e-01  1.00000000e-01 
 1.72000000e-05  1.33674959e+00  1.72000000e-05  8.00000000e-01  1.00000000e-01 
 1.73000000e-05  1.33750505e+00  1.73000000e-05  8.00000000e-01  1.00000000e-01 
 1.74000000e-05  1.33825827e+00  1.74000000e-05  8.00000000e-01  1.00000000e-01 
 1.75000000e-05  1.33900927e+00  1.75000000e-05  8.00000000e-01  1.00000000e-01 
 1.76000000e-05  1.33975806e+00  1.76000000e-05  8.00000000e-01  1.00000000e-01 
 1.77000000e-05  1.34050468e+00  1.77000000e-05  8.00000000e-01  1.00000000e-01 
 1.78000000e-05  1.34124914e+00  1.78000000e-05  8.00000000e-01  1.00000000e-01 
 1.79000000e-05  1.34199146e+00  1.79000000e-05  8.00000000e-01  1.00000000e-01 
 1.80000000e-05  1.34273166e+00  1.80000000e-05  8.00000000e-01  1.00000000e-01 
 1.81000000e-05  1.34346977e+00  1.81000000e-05  8.00000000e-01  1.00000000e-01 
 1.82000000e-05  1.34420579e+00  1.82000000e-05  8.00000000e-01  1.00000000e-01 
 1.83000000e-05  1.34493976e+00  1.83000000e-05  8.00000000e-01  1.00000000e-01 
 1.84000000e-05  1.34567168e+00  1.84000000e-05  8.00000000e-01  1.00000000e-01 
 1.85000000e-05  1.34640158e+00  1.85000000e-05  8.00000000e-01  1.00000000e-01 
 1.86000000e-05  1.34712948e+00  1.86000000e-05  8.00000000e-01  1.00000000e-01 
 1.87000000e-05  1.34785539e+00  1.87000000e-05  8.00000000e-01  1.00000000e-01 
 1.88000000e-05  1.34857933e+00  1.88000000e-05  8.00000000e-01  1.00000000e-01 
 1.89000000e-05  1.34930132e+00  1.89000000e-05  8.00000000e-01  1.00000000e-01 
 1.90000000e-05  1.35002138e+00  1.90000000e-05  8.00000000e-01  1.00000000e-01 
 1.91000000e-05  1.35073951e+00  1.91000000e-05  8.00000000e-01  1.00000000e-01 
 1.92000000e-05  1.35145575e+00  1.92000000e-05  8.00000000e-01  1.00000000e-01 
 1.93000000e-05  1.35217011e+00  1.93000000e-05  8.00000000e-01  1.00000000e-01 
 1.94000000e-05  1.35288259e+00  1.94000000e-05  8.00000000e-01  1.00000000e-01 
 1.95000000e-05  1.35359323e+00  1.95000000e-05  8.00000000e-01  1.00000000e-01 
 1.96000000e-05  1.35430202e+00  1.96000000e-05  8.00000000e-01  1.00000000e-01 
 1.97000000e-05  1.35500900e+00  1.97000000e-05  8.00000000e-01  1.00000000e-01 
 1.98000000e-05  1.35571417e+00  1.98000000e-05  8.00000000e-01  1.00000000e-01 
 1.99000000e-05  1.35641755e+00  1.99000000e-05  8.00000000e-01  1.00000000e-01 
 2.00000000e-05  1.35711916e+00  2.00000000e-05  8.00000000e-01  1.00000000e-01 
 2.01000000e-05  1.35781900e+00  2.01000000e-05  8.00000000e-01  1.00000000e-01 
 2.02000000e-05  1.35851710e+00  2.02000000e-05  8.00000000e-01  1.00000000e-01 
 2.03000000e-05  1.35921347e+00  2.03000000e-05  8.00000000e-01  1.00000000e-01 
 2.04000000e-05  1.35990812e+00  2.04000000e-05  8.00000000e-01  1.00000000e-01 
 2.05000000e-05  1.36060106e+00  2.05000000e-05  8.00000000e-01  1.00000000e-01 
 2.06000000e-05  1.36129231e+00  2.06000000e-05  8.00000000e-01  1.00000000e-01 
 2.07000000e-05  1.36198189e+00  2.07000000e-05  8.00000000e-01  1.00000000e-01 
 2.08000000e-05  1.36266980e+00  2.08000000e-05  8.00000000e-01  1.00000000e-01 
 2.09000000e-05  1.36335606e+00  2.09000000e-05  8.00000000e-01  1.00000000e-01 
 2.10000000e-05  1.36404068e+00  2.10000000e-05  8.00000000e-01  1.00000000e-01 
 2.11000000e-05  1.36472368e+00  2.11000000e-05  8.00000000e-01  1.00000000e-01 
 2.12000000e-05  1.36540507e+00  2.12000000e-05  8.00000000e-01  1.00000000e-01 
 2.13000000e-05  1.36608485e+00  2.13000000e-05  8.00000000e-01  1.00000000e-01 
 2.14000000e-05  1.36676305e+00  2.14000000e-05  8.00000000e-01  1.00000000e-01 
 2.15000000e-05  1.36743967e+00  2.15000000e-05  8.00000000e-01  1.00000000e-01 
 2.16000000e-05  1.36811473e+00  2.16000000e-05  8.00000000e-01  1.00000000e-01 
 2.17000000e-05  1.36878824e+00  2.17000000e-05  8.00000000e-01  1.00000000e-01 
 2.18000000e-05  1.36946021e+00  2.18000000e-05  8.00000000e-01  1.00000000e-01 
 2.19000000e-05  1.37013065e+00  2.19000000e-05  8.00000000e-01  1.00000000e-01 
 2.20000000e-05  1.37079957e+00  2.20000000e-05  8.00000000e-01  1.00000000e-01 
 2.21000000e-05  1.37146699e+00  2.21000000e-05  8.00000000e-01  1.00000000e-01 
 2.22000000e-05  1.37213291e+00  2.22000000e-05  8.00000000e-01  1.00000000e-01 
 2.23000000e-05  1.37279735e+00  2.23000000e-05  8.00000000e-01  1.00000000e-01 
 2.24000000e-05  1.37346031e+00  2.24000000e-05  8.00000000e-01  1.00000000e-01 
 2.25000000e-05  1.37412182e+00  2.25000000e-05  8.00000000e-01  1.00000000e-01 
 2.26000000e-05  1.37478187e+00  2.26000000e-05  8.00000000e-01  1.00000000e-01 
 2.27000000e-05  1.37544048e+00  2.27000000e-05  8.00000000e-01  1.00000000e-01 
 2.28000000e-05  1.37609766e+00  2.28000000e-05  8.00000000e-01  1.00000000e-01 
 2.29000000e-05  1.37675342e+00  2.29000000e-05  8.00000000e-01  1.00000000e-01 
 2.30000000e-05  1.37740776e+00  2.30000000e-05  8.00000000e-01  1.00000000e-01 
 2.31000000e-05  1.37806071e+00  2.31000000e-05  8.00000000e-01  1.00000000e-01 
 2.32000000e-05  1.37871227e+00  2.32000000e-05  8.00000000e-01  1.00000000e-01 
 2.33000000e-05  1.37936244e+00  2.33000000e-05  8.00000000e-01  1.00000000e-01 
 2.34000000e-05  1.38001125e+00  2.34000000e-05  8.00000000e-01  1.00000000e-01 
 2.35000000e-05  1.38065869e+00  2.35000000e-05  8.00000000e-01  1.00000000e-01 
 2.36000000e-05  1.38130478e+00  2.36000000e-05  8.00000000e-01  1.00000000e-01 
 2.37000000e-05  1.38194952e+00  2.37000000e-05  8.00000000e-01  1.00000000e-01 
 2.38000000e-05  1.38259293e+00  2.38000000e-05  8.00000000e-01  1.00000000e-01 
 2.39000000e-05  1.38323502e+00  2.39000000e-05  8.00000000e-01  1.00000000e-01 
 2.40000000e-05  1.38387579e+00  2.40000000e-05  8.00000000e-01  1.00000000e-01 
 2.41000000e-05  1.38451525e+00  2.41000000e-05  8.00000000e-01  1.00000000e-01 
 2.42000000e-05  1.38515341e+00  2.42000000e-05  8.00000000e-01  1.00000000e-01 
 2.43000000e-05  1.38579029e+00  2.43000000e-05  8.00000000e-01  1.00000000e-01 
 2.44000000e-05  1.38642588e+00  2.44000000e-05  8.00000000e-01  1.00000000e-01 
 2.45000000e-05  1.38706020e+00  2.45000000e-05  8.00000000e-01  1.00000000e-01 
 2.46000000e-05  1.38769325e+00  2.46000000e-05  8.00000000e-01  1.00000000e-01 
 2.47000000e-05  1.38832505e+00  2.47000000e-05  8.00000000e-01  1.00000000e-01 
 2.48000000e-05  1.38895560e+00  2.48000000e-05  8.00000000e-01  1.00000000e-01 
 2.49000000e-05  1.38958491e+00  2.49000000e-05  8.00000000e-01  1.00000000e-01 
 2.50000000e-05  1.39021298e+00  2.50000000e-05  8.00000000e-01  1.00000000e-01 
 2.51000000e-05  1.39083983e+00  2.51000000e-05  8.00000000e-01  1.00000000e-01 
 2.52000000e-05  1.39146547e+00  2.52000000e-05  8.00000000e-01  1.00000000e-01 
 2.53000000e-05  1.39208990e+00  2.53000000e-05  8.00000000e-01  1.00000000e-01 
 2.54000000e-05  1.39271313e+00  2.54000000e-05  8.00000000e-01  1.00000000e-01 
 2.55000000e-05  1.39333516e+00  2.55000000e-05  8.00000000e-01  1.00000000e-01 
 2.56000000e-05  1.39395601e+00  2.56000000e-05  8.00000000e-01  1.00000000e-01 
 2.57000000e-05  1.39457567e+00  2.57000000e-05  8.00000000e-01  1.00000000e-01 
 2.58000000e-05  1.39519417e+00  2.58000000e-05  8.00000000e-01  1.00000000e-01 
 2.59000000e-05  1.39581151e+00  2.59000000e-05  8.00000000e-01  1.00000000e-01 
 2.60000000e-05  1.39642768e+00  2.60000000e-05  8.00000000e-01  1.00000000e-01 
 2.61000000e-05  1.39704271e+00  2.61000000e-05  8.00000000e-01  1.00000000e-01 
 2.62000000e-05  1.39765659e+00  2.62000000e-05  8.00000000e-01  1.00000000e-01 
 2.63000000e-05  1.39826934e+00  2.63000000e-05  8.00000000e-01  1.00000000e-01 
 2.64000000e-05  1.39888096e+00  2.64000000e-05  8.00000000e-01  1.00000000e-01 
 2.65000000e-05  1.39949146e+00  2.65000000e-05  8.00000000e-01  1.00000000e-01 
 2.66000000e-05  1.40010085e+00  2.66000000e-05  8.00000000e-01  1.00000000e-01 
 2.67000000e-05  1.40070912e+00  2.67000000e-05  8.00000000e-01  1.00000000e-01 
 2.68000000e-05  1.40131629e+00  2.68000000e-05  8.00000000e-01  1.00000000e-01 
 2.69000000e-05  1.40192237e+00  2.69000000e-05  8.00000000e-01  1.00000000e-01 
 2.70000000e-05  1.40252736e+00  2.70000000e-05  8.00000000e-01  1.00000000e-01 
 2.71000000e-05  1.40313127e+00  2.71000000e-05  8.00000000e-01  1.00000000e-01 
 2.72000000e-05  1.40373410e+00  2.72000000e-05  8.00000000e-01  1.00000000e-01 
 2.73000000e-05  1.40433586e+00  2.73000000e-05  8.00000000e-01  1.00000000e-01 
 2.74000000e-05  1.40493656e+00  2.74000000e-05  8.00000000e-01  1.00000000e-01 
 2.75000000e-05  1.40553620e+00  2.75000000e-05  8.00000000e-01  1.00000000e-01 
 2.76000000e-05  1.40613479e+00  2.76000000e-05  8.00000000e-01  1.00000000e-01 
 2.77000000e-05  1.40673233e+00  2.77000000e-05  8.00000000e-01  1.00000000e-01 
 2.78000000e-05  1.40732884e+00  2.78000000e-05  8.00000000e-01  1.00000000e-01 
 2.79000000e-05  1.40792431e+00  2.79000000e-05  8.00000000e-01  1.00000000e-01 
 2.80000000e-05  1.40851875e+00  2.80000000e-05  8.00000000e-01  1.00000000e-01 
 2.81000000e-05  1.40911217e+00  2.81000000e-05  8.00000000e-01  1.00000000e-01 
 2.82000000e-05  1.40970458e+00  2.82000000e-05  8.00000000e-01  1.00000000e-01 
 2.83000000e-05  1.41029598e+00  2.83000000e-05  8.00000000e-01  1.00000000e-01 
 2.84000000e-05  1.41088637e+00  2.84000000e-05  8.00000000e-01  1.00000000e-01 
 2.85000000e-05  1.41147577e+00  2.85000000e-05  8.00000000e-01  1.00000000e-01 
 2.86000000e-05  1.41206417e+00  2.86000000e-05  8.00000000e-01  1.00000000e-01 
 2.87000000e-05  1.41265158e+00  2.87000000e-05  8.00000000e-01  1.00000000e-01 
 2.88000000e-05  1.41323801e+00  2.88000000e-05  8.00000000e-01  1.00000000e-01 
 2.89000000e-05  1.41382346e+00  2.89000000e-05  8.00000000e-01  1.00000000e-01 
 2.90000000e-05  1.41440794e+00  2.90000000e-05  8.00000000e-01  1.00000000e-01 
 2.91000000e-05  1.41499146e+00  2.91000000e-05  8.00000000e-01  1.00000000e-01 
 2.92000000e-05  1.41557402e+00  2.92000000e-05  8.00000000e-01  1.00000000e-01 
 2.93000000e-05  1.41615561e+00  2.93000000e-05  8.00000000e-01  1.00000000e-01 
 2.94000000e-05  1.41673626e+00  2.94000000e-05  8.00000000e-01  1.00000000e-01 
 2.95000000e-05  1.41731597e+00  2.95000000e-05  8.00000000e-01  1.00000000e-01 
 2.96000000e-05  1.41789473e+00  2.96000000e-05  8.00000000e-01  1.00000000e-01 
 2.97000000e-05  1.41847256e+00  2.97000000e-05  8.00000000e-01  1.00000000e-01 
 2.98000000e-05  1.41904945e+00  2.98000000e-05  8.00000000e-01  1.00000000e-01 
 2.99000000e-05  1.41962542e+00  2.99000000e-05  8.00000000e-01  1.00000000e-01 
 3.00000000e-05  1.42020047e+00  3.00000000e-05  8.00000000e-01  1.00000000e-01 
