 i-sweep         v(vout)         i(viin)         v(vgate)        v(vmid)        
-6.00000000e-06 -6.95148964e-01 -6.00000000e-06  1.00000000e-01  1.70000000e+00 
-5.90000000e-06 -6.93450970e-01 -5.90000000e-06  1.00000000e-01  1.70000000e+00 
-5.80000000e-06 -6.91701799e-01 -5.80000000e-06  1.00000000e-01  1.70000000e+00 
-5.70000000e-06 -6.89899334e-01 -5.70000000e-06  1.00000000e-01  1.70000000e+00 
-5.60000000e-06 -6.88041397e-01 -5.60000000e-06  1.00000000e-01  1.70000000e+00 
-5.50000000e-06 -6.86125753e-01 -5.50000000e-06  1.00000000e-01  1.70000000e+00 
-5.40000000e-06 -6.84150115e-01 -5.40000000e-06  1.00000000e-01  1.70000000e+00 
-5.30000000e-06 -6.82112155e-01 -5.30000000e-06  1.00000000e-01  1.70000000e+00 
-5.20000000e-06 -6.80009510e-01 -5.20000000e-06  1.00000000e-01  1.70000000e+00 
-5.10000000e-06 -6.77839798e-01 -5.10000000e-06  1.00000000e-01  1.70000000e+00 
-5.00000000e-06 -6.75600626e-01 -5.00000000e-06  1.00000000e-01  1.70000000e+00 
-4.90000000e-06 -6.73289610e-01 -4.90000000e-06  1.00000000e-01  1.70000000e+00 
-4.80000000e-06 -6.70904385e-01 -4.80000000e-06  1.00000000e-01  1.70000000e+00 
-4.70000000e-06 -6.68442628e-01 -4.70000000e-06  1.00000000e-01  1.70000000e+00 
-4.60000000e-06 -6.65902070e-01 -4.60000000e-06  1.00000000e-01  1.70000000e+00 
-4.50000000e-06 -6.63280522e-01 -4.50000000e-06  1.00000000e-01  1.70000000e+00 
-4.40000000e-06 -6.60575884e-01 -4.40000000e-06  1.00000000e-01  1.70000000e+00 
-4.30000000e-06 -6.57786169e-01 -4.30000000e-06  1.00000000e-01  1.70000000e+00 
-4.20000000e-06 -6.54909515e-01 -4.20000000e-06  1.00000000e-01  1.70000000e+00 
-4.10000000e-06 -6.51944199e-01 -4.10000000e-06  1.00000000e-01  1.70000000e+00 
-4.00000000e-06 -6.48888641e-01 -4.00000000e-06  1.00000000e-01  1.70000000e+00 
-3.90000000e-06 -6.45741414e-01 -3.90000000e-06  1.00000000e-01  1.70000000e+00 
-3.80000000e-06 -6.42501239e-01 -3.80000000e-06  1.00000000e-01  1.70000000e+00 
-3.70000000e-06 -6.39166976e-01 -3.70000000e-06  1.00000000e-01  1.70000000e+00 
-3.60000000e-06 -6.35737614e-01 -3.60000000e-06  1.00000000e-01  1.70000000e+00 
-3.50000000e-06 -6.32212242e-01 -3.50000000e-06  1.00000000e-01  1.70000000e+00 
-3.40000000e-06 -6.28590026e-01 -3.40000000e-06  1.00000000e-01  1.70000000e+00 
-3.30000000e-06 -6.24870172e-01 -3.30000000e-06  1.00000000e-01  1.70000000e+00 
-3.20000000e-06 -6.21051876e-01 -3.20000000e-06  1.00000000e-01  1.70000000e+00 
-3.10000000e-06 -6.17134283e-01 -3.10000000e-06  1.00000000e-01  1.70000000e+00 
-3.00000000e-06 -6.13116420e-01 -3.00000000e-06  1.00000000e-01  1.70000000e+00 
-2.90000000e-06 -6.08997142e-01 -2.90000000e-06  1.00000000e-01  1.70000000e+00 
-2.80000000e-06 -6.04775056e-01 -2.80000000e-06  1.00000000e-01  1.70000000e+00 
-2.70000000e-06 -6.00448452e-01 -2.70000000e-06  1.00000000e-01  1.70000000e+00 
-2.60000000e-06 -5.96015213e-01 -2.60000000e-06  1.00000000e-01  1.70000000e+00 
-2.50000000e-06 -5.91472731e-01 -2.50000000e-06  1.00000000e-01  1.70000000e+00 
-2.40000000e-06 -5.86817805e-01 -2.40000000e-06  1.00000000e-01  1.70000000e+00 
-2.30000000e-06 -5.82046525e-01 -2.30000000e-06  1.00000000e-01  1.70000000e+00 
-2.20000000e-06 -5.77154146e-01 -2.20000000e-06  1.00000000e-01  1.70000000e+00 
-2.10000000e-06 -5.72134933e-01 -2.10000000e-06  1.00000000e-01  1.70000000e+00 
-2.00000000e-06 -5.66981980e-01 -2.00000000e-06  1.00000000e-01  1.70000000e+00 
-1.90000000e-06 -5.61686988e-01 -1.90000000e-06  1.00000000e-01  1.70000000e+00 
-1.80000000e-06 -5.56239990e-01 -1.80000000e-06  1.00000000e-01  1.70000000e+00 
-1.70000000e-06 -5.50628998e-01 -1.70000000e-06  1.00000000e-01  1.70000000e+00 
-1.60000000e-06 -5.44839561e-01 -1.60000000e-06  1.00000000e-01  1.70000000e+00 
-1.50000000e-06 -5.38854167e-01 -1.50000000e-06  1.00000000e-01  1.70000000e+00 
-1.40000000e-06 -5.32651461e-01 -1.40000000e-06  1.00000000e-01  1.70000000e+00 
-1.30000000e-06 -5.26205168e-01 -1.30000000e-06  1.00000000e-01  1.70000000e+00 
-1.20000000e-06 -5.19482602e-01 -1.20000000e-06  1.00000000e-01  1.70000000e+00 
-1.10000000e-06 -5.12442524e-01 -1.10000000e-06  1.00000000e-01  1.70000000e+00 
-1.00000000e-06 -5.05032016e-01 -1.00000000e-06  1.00000000e-01  1.70000000e+00 
-9.00000000e-07 -4.97181715e-01 -9.00000000e-07  1.00000000e-01  1.70000000e+00 
-8.00000000e-07 -4.88798291e-01 -8.00000000e-07  1.00000000e-01  1.70000000e+00 
-7.00000000e-07 -4.79751971e-01 -7.00000000e-07  1.00000000e-01  1.70000000e+00 
-6.00000000e-07 -4.69854552e-01 -6.00000000e-07  1.00000000e-01  1.70000000e+00 
-5.00000000e-07 -4.58817569e-01 -5.00000000e-07  1.00000000e-01  1.70000000e+00 
-4.00000000e-07 -4.46164189e-01 -4.00000000e-07  1.00000000e-01  1.70000000e+00 
-3.00000000e-07 -4.31009331e-01 -3.00000000e-07  1.00000000e-01  1.70000000e+00 
-2.00000000e-07 -4.11403188e-01 -2.00000000e-07  1.00000000e-01  1.70000000e+00 
-1.00000000e-07 -3.81212131e-01 -1.00000000e-07  1.00000000e-01  1.70000000e+00 
-5.71747239e-21  8.99594253e-01 -5.71747239e-21  1.00000000e-01  1.70000000e+00 
 1.00000000e-07  1.44384311e+00  1.00000000e-07  1.00000000e-01  1.70000000e+00 
 2.00000000e-07  1.47605840e+00  2.00000000e-07  1.00000000e-01  1.70000000e+00 
 3.00000000e-07  1.49482563e+00  3.00000000e-07  1.00000000e-01  1.70000000e+00 
 4.00000000e-07  1.50818781e+00  4.00000000e-07  1.00000000e-01  1.70000000e+00 
 5.00000000e-07  1.51863988e+00  5.00000000e-07  1.00000000e-01  1.70000000e+00 
 6.00000000e-07  1.52723343e+00  6.00000000e-07  1.00000000e-01  1.70000000e+00 
 7.00000000e-07  1.53458251e+00  7.00000000e-07  1.00000000e-01  1.70000000e+00 
 8.00000000e-07  1.54102317e+00  8.00000000e-07  1.00000000e-01  1.70000000e+00 
 9.00000000e-07  1.54677251e+00  9.00000000e-07  1.00000000e-01  1.70000000e+00 
 1.00000000e-06  1.55197833e+00  1.00000000e-06  1.00000000e-01  1.70000000e+00 
 1.10000000e-06  1.55674556e+00  1.10000000e-06  1.00000000e-01  1.70000000e+00 
 1.20000000e-06  1.56115136e+00  1.20000000e-06  1.00000000e-01  1.70000000e+00 
 1.30000000e-06  1.56525407e+00  1.30000000e-06  1.00000000e-01  1.70000000e+00 
 1.40000000e-06  1.56909886e+00  1.40000000e-06  1.00000000e-01  1.70000000e+00 
 1.50000000e-06  1.57272145e+00  1.50000000e-06  1.00000000e-01  1.70000000e+00 
 1.60000000e-06  1.57615052e+00  1.60000000e-06  1.00000000e-01  1.70000000e+00 
 1.70000000e-06  1.57940950e+00  1.70000000e-06  1.00000000e-01  1.70000000e+00 
 1.80000000e-06  1.58251774e+00  1.80000000e-06  1.00000000e-01  1.70000000e+00 
 1.90000000e-06  1.58549143e+00  1.90000000e-06  1.00000000e-01  1.70000000e+00 
 2.00000000e-06  1.58834424e+00  2.00000000e-06  1.00000000e-01  1.70000000e+00 
 2.10000000e-06  1.59108784e+00  2.10000000e-06  1.00000000e-01  1.70000000e+00 
 2.20000000e-06  1.59373223e+00  2.20000000e-06  1.00000000e-01  1.70000000e+00 
 2.30000000e-06  1.59628611e+00  2.30000000e-06  1.00000000e-01  1.70000000e+00 
 2.40000000e-06  1.59875702e+00  2.40000000e-06  1.00000000e-01  1.70000000e+00 
 2.50000000e-06  1.60115162e+00  2.50000000e-06  1.00000000e-01  1.70000000e+00 
 2.60000000e-06  1.60347574e+00  2.60000000e-06  1.00000000e-01  1.70000000e+00 
 2.70000000e-06  1.60573457e+00  2.70000000e-06  1.00000000e-01  1.70000000e+00 
 2.80000000e-06  1.60793275e+00  2.80000000e-06  1.00000000e-01  1.70000000e+00 
 2.90000000e-06  1.61007440e+00  2.90000000e-06  1.00000000e-01  1.70000000e+00 
 3.00000000e-06  1.61216323e+00  3.00000000e-06  1.00000000e-01  1.70000000e+00 
 3.10000000e-06  1.61420261e+00  3.10000000e-06  1.00000000e-01  1.70000000e+00 
 3.20000000e-06  1.61619555e+00  3.20000000e-06  1.00000000e-01  1.70000000e+00 
 3.30000000e-06  1.61814482e+00  3.30000000e-06  1.00000000e-01  1.70000000e+00 
 3.40000000e-06  1.62005292e+00  3.40000000e-06  1.00000000e-01  1.70000000e+00 
 3.50000000e-06  1.62192215e+00  3.50000000e-06  1.00000000e-01  1.70000000e+00 
 3.60000000e-06  1.62375460e+00  3.60000000e-06  1.00000000e-01  1.70000000e+00 
 3.70000000e-06  1.62555220e+00  3.70000000e-06  1.00000000e-01  1.70000000e+00 
 3.80000000e-06  1.62731673e+00  3.80000000e-06  1.00000000e-01  1.70000000e+00 
 3.90000000e-06  1.62904982e+00  3.90000000e-06  1.00000000e-01  1.70000000e+00 
 4.00000000e-06  1.63075298e+00  4.00000000e-06  1.00000000e-01  1.70000000e+00 
 4.10000000e-06  1.63242763e+00  4.10000000e-06  1.00000000e-01  1.70000000e+00 
 4.20000000e-06  1.63407506e+00  4.20000000e-06  1.00000000e-01  1.70000000e+00 
 4.30000000e-06  1.63569649e+00  4.30000000e-06  1.00000000e-01  1.70000000e+00 
 4.40000000e-06  1.63729304e+00  4.40000000e-06  1.00000000e-01  1.70000000e+00 
 4.50000000e-06  1.63886577e+00  4.50000000e-06  1.00000000e-01  1.70000000e+00 
 4.60000000e-06  1.64041567e+00  4.60000000e-06  1.00000000e-01  1.70000000e+00 
 4.70000000e-06  1.64194366e+00  4.70000000e-06  1.00000000e-01  1.70000000e+00 
 4.80000000e-06  1.64345061e+00  4.80000000e-06  1.00000000e-01  1.70000000e+00 
 4.90000000e-06  1.64493732e+00  4.90000000e-06  1.00000000e-01  1.70000000e+00 
 5.00000000e-06  1.64640457e+00  5.00000000e-06  1.00000000e-01  1.70000000e+00 
 5.10000000e-06  1.64785307e+00  5.10000000e-06  1.00000000e-01  1.70000000e+00 
 5.20000000e-06  1.64928351e+00  5.20000000e-06  1.00000000e-01  1.70000000e+00 
 5.30000000e-06  1.65069651e+00  5.30000000e-06  1.00000000e-01  1.70000000e+00 
 5.40000000e-06  1.65209270e+00  5.40000000e-06  1.00000000e-01  1.70000000e+00 
 5.50000000e-06  1.65347264e+00  5.50000000e-06  1.00000000e-01  1.70000000e+00 
 5.60000000e-06  1.65483688e+00  5.60000000e-06  1.00000000e-01  1.70000000e+00 
 5.70000000e-06  1.65618592e+00  5.70000000e-06  1.00000000e-01  1.70000000e+00 
 5.80000000e-06  1.65752027e+00  5.80000000e-06  1.00000000e-01  1.70000000e+00 
 5.90000000e-06  1.65884037e+00  5.90000000e-06  1.00000000e-01  1.70000000e+00 
 6.00000000e-06  1.66014668e+00  6.00000000e-06  1.00000000e-01  1.70000000e+00 
