 i-sweep         v(vout)         i(viin)         v(vgate)        v(vmid)        
-6.00000000e-06  5.44629387e-01 -6.00000000e-06  1.70000000e+00  1.10000000e+00 
-5.90000000e-06  5.48288603e-01 -5.90000000e-06  1.70000000e+00  1.10000000e+00 
-5.80000000e-06  5.51976805e-01 -5.80000000e-06  1.70000000e+00  1.10000000e+00 
-5.70000000e-06  5.55694723e-01 -5.70000000e-06  1.70000000e+00  1.10000000e+00 
-5.60000000e-06  5.59443114e-01 -5.60000000e-06  1.70000000e+00  1.10000000e+00 
-5.50000000e-06  5.63222771e-01 -5.50000000e-06  1.70000000e+00  1.10000000e+00 
-5.40000000e-06  5.67034520e-01 -5.40000000e-06  1.70000000e+00  1.10000000e+00 
-5.30000000e-06  5.70879223e-01 -5.30000000e-06  1.70000000e+00  1.10000000e+00 
-5.20000000e-06  5.74757783e-01 -5.20000000e-06  1.70000000e+00  1.10000000e+00 
-5.10000000e-06  5.78671144e-01 -5.10000000e-06  1.70000000e+00  1.10000000e+00 
-5.00000000e-06  5.82620295e-01 -5.00000000e-06  1.70000000e+00  1.10000000e+00 
-4.90000000e-06  5.86606273e-01 -4.90000000e-06  1.70000000e+00  1.10000000e+00 
-4.80000000e-06  5.90630165e-01 -4.80000000e-06  1.70000000e+00  1.10000000e+00 
-4.70000000e-06  5.94693115e-01 -4.70000000e-06  1.70000000e+00  1.10000000e+00 
-4.60000000e-06  5.98796323e-01 -4.60000000e-06  1.70000000e+00  1.10000000e+00 
-4.50000000e-06  6.02941054e-01 -4.50000000e-06  1.70000000e+00  1.10000000e+00 
-4.40000000e-06  6.07128641e-01 -4.40000000e-06  1.70000000e+00  1.10000000e+00 
-4.30000000e-06  6.11360488e-01 -4.30000000e-06  1.70000000e+00  1.10000000e+00 
-4.20000000e-06  6.15638675e-01 -4.20000000e-06  1.70000000e+00  1.10000000e+00 
-4.10000000e-06  6.19963742e-01 -4.10000000e-06  1.70000000e+00  1.10000000e+00 
-4.00000000e-06  6.24337831e-01 -4.00000000e-06  1.70000000e+00  1.10000000e+00 
-3.90000000e-06  6.28762717e-01 -3.90000000e-06  1.70000000e+00  1.10000000e+00 
-3.80000000e-06  6.33240290e-01 -3.80000000e-06  1.70000000e+00  1.10000000e+00 
-3.70000000e-06  6.37772560e-01 -3.70000000e-06  1.70000000e+00  1.10000000e+00 
-3.60000000e-06  6.42361675e-01 -3.60000000e-06  1.70000000e+00  1.10000000e+00 
-3.50000000e-06  6.47009933e-01 -3.50000000e-06  1.70000000e+00  1.10000000e+00 
-3.40000000e-06  6.51719794e-01 -3.40000000e-06  1.70000000e+00  1.10000000e+00 
-3.30000000e-06  6.56493903e-01 -3.30000000e-06  1.70000000e+00  1.10000000e+00 
-3.20000000e-06  6.61335109e-01 -3.20000000e-06  1.70000000e+00  1.10000000e+00 
-3.10000000e-06  6.66246485e-01 -3.10000000e-06  1.70000000e+00  1.10000000e+00 
-3.00000000e-06  6.71231363e-01 -3.00000000e-06  1.70000000e+00  1.10000000e+00 
-2.90000000e-06  6.76293356e-01 -2.90000000e-06  1.70000000e+00  1.10000000e+00 
-2.80000000e-06  6.81436403e-01 -2.80000000e-06  1.70000000e+00  1.10000000e+00 
-2.70000000e-06  6.86664812e-01 -2.70000000e-06  1.70000000e+00  1.10000000e+00 
-2.60000000e-06  6.91983307e-01 -2.60000000e-06  1.70000000e+00  1.10000000e+00 
-2.50000000e-06  6.97397095e-01 -2.50000000e-06  1.70000000e+00  1.10000000e+00 
-2.40000000e-06  7.02911936e-01 -2.40000000e-06  1.70000000e+00  1.10000000e+00 
-2.30000000e-06  7.08534235e-01 -2.30000000e-06  1.70000000e+00  1.10000000e+00 
-2.20000000e-06  7.14271151e-01 -2.20000000e-06  1.70000000e+00  1.10000000e+00 
-2.10000000e-06  7.20130728e-01 -2.10000000e-06  1.70000000e+00  1.10000000e+00 
-2.00000000e-06  7.26122062e-01 -2.00000000e-06  1.70000000e+00  1.10000000e+00 
-1.90000000e-06  7.32255490e-01 -1.90000000e-06  1.70000000e+00  1.10000000e+00 
-1.80000000e-06  7.38542917e-01 -1.80000000e-06  1.70000000e+00  1.10000000e+00 
-1.70000000e-06  7.44998053e-01 -1.70000000e-06  1.70000000e+00  1.10000000e+00 
-1.60000000e-06  7.51636908e-01 -1.60000000e-06  1.70000000e+00  1.10000000e+00 
-1.50000000e-06  7.58478343e-01 -1.50000000e-06  1.70000000e+00  1.10000000e+00 
-1.40000000e-06  7.65544832e-01 -1.40000000e-06  1.70000000e+00  1.10000000e+00 
-1.30000000e-06  7.72863489e-01 -1.30000000e-06  1.70000000e+00  1.10000000e+00 
-1.20000000e-06  7.80467501e-01 -1.20000000e-06  1.70000000e+00  1.10000000e+00 
-1.10000000e-06  7.88398161e-01 -1.10000000e-06  1.70000000e+00  1.10000000e+00 
-1.00000000e-06  7.96707838e-01 -1.00000000e-06  1.70000000e+00  1.10000000e+00 
-9.00000000e-07  8.05464459e-01 -9.00000000e-07  1.70000000e+00  1.10000000e+00 
-8.00000000e-07  8.14758565e-01 -8.00000000e-07  1.70000000e+00  1.10000000e+00 
-7.00000000e-07  8.24714490e-01 -7.00000000e-07  1.70000000e+00  1.10000000e+00 
-6.00000000e-07  8.35510620e-01 -6.00000000e-07  1.70000000e+00  1.10000000e+00 
-5.00000000e-07  8.47420907e-01 -5.00000000e-07  1.70000000e+00  1.10000000e+00 
-4.00000000e-07  8.60879854e-01 -4.00000000e-07  1.70000000e+00  1.10000000e+00 
-3.00000000e-07  8.76676396e-01 -3.00000000e-07  1.70000000e+00  1.10000000e+00 
-2.00000000e-07  8.96452231e-01 -2.00000000e-07  1.70000000e+00  1.10000000e+00 
-1.00000000e-07  9.24619327e-01 -1.00000000e-07  1.70000000e+00  1.10000000e+00 
-5.71747239e-21  9.77518825e-01 -5.71747239e-21  1.70000000e+00  1.10000000e+00 
 1.00000000e-07  1.04102532e+00  1.00000000e-07  1.70000000e+00  1.10000000e+00 
 2.00000000e-07  1.07192108e+00  2.00000000e-07  1.70000000e+00  1.10000000e+00 
 3.00000000e-07  1.09058408e+00  3.00000000e-07  1.70000000e+00  1.10000000e+00 
 4.00000000e-07  1.10397124e+00  4.00000000e-07  1.70000000e+00  1.10000000e+00 
 5.00000000e-07  1.11445501e+00  5.00000000e-07  1.70000000e+00  1.10000000e+00 
 6.00000000e-07  1.12311201e+00  6.00000000e-07  1.70000000e+00  1.10000000e+00 
 7.00000000e-07  1.13051612e+00  7.00000000e-07  1.70000000e+00  1.10000000e+00 
 8.00000000e-07  1.13700749e+00  8.00000000e-07  1.70000000e+00  1.10000000e+00 
 9.00000000e-07  1.14280504e+00  9.00000000e-07  1.70000000e+00  1.10000000e+00 
 1.00000000e-06  1.14805696e+00  1.00000000e-06  1.70000000e+00  1.10000000e+00 
 1.10000000e-06  1.15286984e+00  1.10000000e-06  1.70000000e+00  1.10000000e+00 
 1.20000000e-06  1.15731726e+00  1.20000000e-06  1.70000000e+00  1.10000000e+00 
 1.30000000e-06  1.16146178e+00  1.30000000e-06  1.70000000e+00  1.10000000e+00 
 1.40000000e-06  1.16534778e+00  1.40000000e-06  1.70000000e+00  1.10000000e+00 
 1.50000000e-06  1.16901007e+00  1.50000000e-06  1.70000000e+00  1.10000000e+00 
 1.60000000e-06  1.17247810e+00  1.60000000e-06  1.70000000e+00  1.10000000e+00 
 1.70000000e-06  1.17577508e+00  1.70000000e-06  1.70000000e+00  1.10000000e+00 
 1.80000000e-06  1.17892003e+00  1.80000000e-06  1.70000000e+00  1.10000000e+00 
 1.90000000e-06  1.18192947e+00  1.90000000e-06  1.70000000e+00  1.10000000e+00 
 2.00000000e-06  1.18481770e+00  2.00000000e-06  1.70000000e+00  1.10000000e+00 
 2.10000000e-06  1.18759647e+00  2.10000000e-06  1.70000000e+00  1.10000000e+00 
 2.20000000e-06  1.19027567e+00  2.20000000e-06  1.70000000e+00  1.10000000e+00 
 2.30000000e-06  1.19286392e+00  2.30000000e-06  1.70000000e+00  1.10000000e+00 
 2.40000000e-06  1.19537019e+00  2.40000000e-06  1.70000000e+00  1.10000000e+00 
 2.50000000e-06  1.19779702e+00  2.50000000e-06  1.70000000e+00  1.10000000e+00 
 2.60000000e-06  1.20016093e+00  2.60000000e-06  1.70000000e+00  1.10000000e+00 
 2.70000000e-06  1.20244625e+00  2.70000000e-06  1.70000000e+00  1.10000000e+00 
 2.80000000e-06  1.20467677e+00  2.80000000e-06  1.70000000e+00  1.10000000e+00 
 2.90000000e-06  1.20685134e+00  2.90000000e-06  1.70000000e+00  1.10000000e+00 
 3.00000000e-06  1.20897148e+00  3.00000000e-06  1.70000000e+00  1.10000000e+00 
 3.10000000e-06  1.21104441e+00  3.10000000e-06  1.70000000e+00  1.10000000e+00 
 3.20000000e-06  1.21306695e+00  3.20000000e-06  1.70000000e+00  1.10000000e+00 
 3.30000000e-06  1.21504740e+00  3.30000000e-06  1.70000000e+00  1.10000000e+00 
 3.40000000e-06  1.21698647e+00  3.40000000e-06  1.70000000e+00  1.10000000e+00 
 3.50000000e-06  1.21888645e+00  3.50000000e-06  1.70000000e+00  1.10000000e+00 
 3.60000000e-06  1.22074968e+00  3.60000000e-06  1.70000000e+00  1.10000000e+00 
 3.70000000e-06  1.22257963e+00  3.70000000e-06  1.70000000e+00  1.10000000e+00 
 3.80000000e-06  1.22437203e+00  3.80000000e-06  1.70000000e+00  1.10000000e+00 
 3.90000000e-06  1.22613507e+00  3.90000000e-06  1.70000000e+00  1.10000000e+00 
 4.00000000e-06  1.22786804e+00  4.00000000e-06  1.70000000e+00  1.10000000e+00 
 4.10000000e-06  1.22957240e+00  4.10000000e-06  1.70000000e+00  1.10000000e+00 
 4.20000000e-06  1.23124961e+00  4.20000000e-06  1.70000000e+00  1.10000000e+00 
 4.30000000e-06  1.23290120e+00  4.30000000e-06  1.70000000e+00  1.10000000e+00 
 4.40000000e-06  1.23452887e+00  4.40000000e-06  1.70000000e+00  1.10000000e+00 
 4.50000000e-06  1.23612723e+00  4.50000000e-06  1.70000000e+00  1.10000000e+00 
 4.60000000e-06  1.23770596e+00  4.60000000e-06  1.70000000e+00  1.10000000e+00 
 4.70000000e-06  1.23926265e+00  4.70000000e-06  1.70000000e+00  1.10000000e+00 
 4.80000000e-06  1.24079816e+00  4.80000000e-06  1.70000000e+00  1.10000000e+00 
 4.90000000e-06  1.24231332e+00  4.90000000e-06  1.70000000e+00  1.10000000e+00 
 5.00000000e-06  1.24380893e+00  5.00000000e-06  1.70000000e+00  1.10000000e+00 
 5.10000000e-06  1.24528568e+00  5.10000000e-06  1.70000000e+00  1.10000000e+00 
 5.20000000e-06  1.24674419e+00  5.20000000e-06  1.70000000e+00  1.10000000e+00 
 5.30000000e-06  1.24818516e+00  5.30000000e-06  1.70000000e+00  1.10000000e+00 
 5.40000000e-06  1.24960921e+00  5.40000000e-06  1.70000000e+00  1.10000000e+00 
 5.50000000e-06  1.25101692e+00  5.50000000e-06  1.70000000e+00  1.10000000e+00 
 5.60000000e-06  1.25240885e+00  5.60000000e-06  1.70000000e+00  1.10000000e+00 
 5.70000000e-06  1.25378554e+00  5.70000000e-06  1.70000000e+00  1.10000000e+00 
 5.80000000e-06  1.25514751e+00  5.80000000e-06  1.70000000e+00  1.10000000e+00 
 5.90000000e-06  1.25649533e+00  5.90000000e-06  1.70000000e+00  1.10000000e+00 
 6.00000000e-06  1.25782966e+00  6.00000000e-06  1.70000000e+00  1.10000000e+00 
