 i-sweep         v(vout)         i(viin)         v(vgate)        v(vmid)        
-6.00000000e-06 -4.22945169e-01 -6.00000000e-06  5.00000000e-01  1.10000000e+00 
-5.90000000e-06 -4.19570208e-01 -5.90000000e-06  5.00000000e-01  1.10000000e+00 
-5.80000000e-06 -4.16169653e-01 -5.80000000e-06  5.00000000e-01  1.10000000e+00 
-5.70000000e-06 -4.12742855e-01 -5.70000000e-06  5.00000000e-01  1.10000000e+00 
-5.60000000e-06 -4.09289140e-01 -5.60000000e-06  5.00000000e-01  1.10000000e+00 
-5.50000000e-06 -4.05807804e-01 -5.50000000e-06  5.00000000e-01  1.10000000e+00 
-5.40000000e-06 -4.02298115e-01 -5.40000000e-06  5.00000000e-01  1.10000000e+00 
-5.30000000e-06 -3.98759305e-01 -5.30000000e-06  5.00000000e-01  1.10000000e+00 
-5.20000000e-06 -3.95190576e-01 -5.20000000e-06  5.00000000e-01  1.10000000e+00 
-5.10000000e-06 -3.91591090e-01 -5.10000000e-06  5.00000000e-01  1.10000000e+00 
-5.00000000e-06 -3.87959972e-01 -5.00000000e-06  5.00000000e-01  1.10000000e+00 
-4.90000000e-06 -3.84296304e-01 -4.90000000e-06  5.00000000e-01  1.10000000e+00 
-4.80000000e-06 -3.80599123e-01 -4.80000000e-06  5.00000000e-01  1.10000000e+00 
-4.70000000e-06 -3.76867418e-01 -4.70000000e-06  5.00000000e-01  1.10000000e+00 
-4.60000000e-06 -3.73100125e-01 -4.60000000e-06  5.00000000e-01  1.10000000e+00 
-4.50000000e-06 -3.69296123e-01 -4.50000000e-06  5.00000000e-01  1.10000000e+00 
-4.40000000e-06 -3.65454232e-01 -4.40000000e-06  5.00000000e-01  1.10000000e+00 
-4.30000000e-06 -3.61573204e-01 -4.30000000e-06  5.00000000e-01  1.10000000e+00 
-4.20000000e-06 -3.57651720e-01 -4.20000000e-06  5.00000000e-01  1.10000000e+00 
-4.10000000e-06 -3.53688382e-01 -4.10000000e-06  5.00000000e-01  1.10000000e+00 
-4.00000000e-06 -3.49681706e-01 -4.00000000e-06  5.00000000e-01  1.10000000e+00 
-3.90000000e-06 -3.45630117e-01 -3.90000000e-06  5.00000000e-01  1.10000000e+00 
-3.80000000e-06 -3.41531935e-01 -3.80000000e-06  5.00000000e-01  1.10000000e+00 
-3.70000000e-06 -3.37385367e-01 -3.70000000e-06  5.00000000e-01  1.10000000e+00 
-3.60000000e-06 -3.33188498e-01 -3.60000000e-06  5.00000000e-01  1.10000000e+00 
-3.50000000e-06 -3.28939273e-01 -3.50000000e-06  5.00000000e-01  1.10000000e+00 
-3.40000000e-06 -3.24635484e-01 -3.40000000e-06  5.00000000e-01  1.10000000e+00 
-3.30000000e-06 -3.20274753e-01 -3.30000000e-06  5.00000000e-01  1.10000000e+00 
-3.20000000e-06 -3.15854513e-01 -3.20000000e-06  5.00000000e-01  1.10000000e+00 
-3.10000000e-06 -3.11371981e-01 -3.10000000e-06  5.00000000e-01  1.10000000e+00 
-3.00000000e-06 -3.06824135e-01 -3.00000000e-06  5.00000000e-01  1.10000000e+00 
-2.90000000e-06 -3.02207682e-01 -2.90000000e-06  5.00000000e-01  1.10000000e+00 
-2.80000000e-06 -2.97519017e-01 -2.80000000e-06  5.00000000e-01  1.10000000e+00 
-2.70000000e-06 -2.92754186e-01 -2.70000000e-06  5.00000000e-01  1.10000000e+00 
-2.60000000e-06 -2.87908830e-01 -2.60000000e-06  5.00000000e-01  1.10000000e+00 
-2.50000000e-06 -2.82978123e-01 -2.50000000e-06  5.00000000e-01  1.10000000e+00 
-2.40000000e-06 -2.77956702e-01 -2.40000000e-06  5.00000000e-01  1.10000000e+00 
-2.30000000e-06 -2.72838573e-01 -2.30000000e-06  5.00000000e-01  1.10000000e+00 
-2.20000000e-06 -2.67617006e-01 -2.20000000e-06  5.00000000e-01  1.10000000e+00 
-2.10000000e-06 -2.62284396e-01 -2.10000000e-06  5.00000000e-01  1.10000000e+00 
-2.00000000e-06 -2.56832104e-01 -2.00000000e-06  5.00000000e-01  1.10000000e+00 
-1.90000000e-06 -2.51250241e-01 -1.90000000e-06  5.00000000e-01  1.10000000e+00 
-1.80000000e-06 -2.45527411e-01 -1.80000000e-06  5.00000000e-01  1.10000000e+00 
-1.70000000e-06 -2.39650372e-01 -1.70000000e-06  5.00000000e-01  1.10000000e+00 
-1.60000000e-06 -2.33603597e-01 -1.60000000e-06  5.00000000e-01  1.10000000e+00 
-1.50000000e-06 -2.27368703e-01 -1.50000000e-06  5.00000000e-01  1.10000000e+00 
-1.40000000e-06 -2.20923678e-01 -1.40000000e-06  5.00000000e-01  1.10000000e+00 
-1.30000000e-06 -2.14241831e-01 -1.30000000e-06  5.00000000e-01  1.10000000e+00 
-1.20000000e-06 -2.07290336e-01 -1.20000000e-06  5.00000000e-01  1.10000000e+00 
-1.10000000e-06 -2.00028145e-01 -1.10000000e-06  5.00000000e-01  1.10000000e+00 
-1.00000000e-06 -1.92402933e-01 -1.00000000e-06  5.00000000e-01  1.10000000e+00 
-9.00000000e-07 -1.84346459e-01 -9.00000000e-07  5.00000000e-01  1.10000000e+00 
-8.00000000e-07 -1.75767243e-01 -8.00000000e-07  5.00000000e-01  1.10000000e+00 
-7.00000000e-07 -1.66538429e-01 -7.00000000e-07  5.00000000e-01  1.10000000e+00 
-6.00000000e-07 -1.56476422e-01 -6.00000000e-07  5.00000000e-01  1.10000000e+00 
-5.00000000e-07 -1.45300121e-01 -5.00000000e-07  5.00000000e-01  1.10000000e+00 
-4.00000000e-07 -1.32545268e-01 -4.00000000e-07  5.00000000e-01  1.10000000e+00 
-3.00000000e-07 -1.17354372e-01 -3.00000000e-07  5.00000000e-01  1.10000000e+00 
-2.00000000e-07 -9.78333378e-02 -2.00000000e-07  5.00000000e-01  1.10000000e+00 
-1.00000000e-07 -6.80406339e-02 -1.00000000e-07  5.00000000e-01  1.10000000e+00 
-5.71747239e-21  6.35509708e-01 -5.71747239e-21  5.00000000e-01  1.10000000e+00 
 1.00000000e-07  1.03925700e+00  1.00000000e-07  5.00000000e-01  1.10000000e+00 
 2.00000000e-07  1.07166082e+00  2.00000000e-07  5.00000000e-01  1.10000000e+00 
 3.00000000e-07  1.09054246e+00  3.00000000e-07  5.00000000e-01  1.10000000e+00 
 4.00000000e-07  1.10399097e+00  4.00000000e-07  5.00000000e-01  1.10000000e+00 
 5.00000000e-07  1.11448376e+00  5.00000000e-07  5.00000000e-01  1.10000000e+00 
 6.00000000e-07  1.12314413e+00  6.00000000e-07  5.00000000e-01  1.10000000e+00 
 7.00000000e-07  1.13054841e+00  7.00000000e-07  5.00000000e-01  1.10000000e+00 
 8.00000000e-07  1.13703890e+00  8.00000000e-07  5.00000000e-01  1.10000000e+00 
 9.00000000e-07  1.14283494e+00  9.00000000e-07  5.00000000e-01  1.10000000e+00 
 1.00000000e-06  1.14808525e+00  1.00000000e-06  5.00000000e-01  1.10000000e+00 
 1.10000000e-06  1.15290665e+00  1.10000000e-06  5.00000000e-01  1.10000000e+00 
 1.20000000e-06  1.15734920e+00  1.20000000e-06  5.00000000e-01  1.10000000e+00 
 1.30000000e-06  1.16148949e+00  1.30000000e-06  5.00000000e-01  1.10000000e+00 
 1.40000000e-06  1.16537199e+00  1.40000000e-06  5.00000000e-01  1.10000000e+00 
 1.50000000e-06  1.16903204e+00  1.50000000e-06  5.00000000e-01  1.10000000e+00 
 1.60000000e-06  1.17249817e+00  1.60000000e-06  5.00000000e-01  1.10000000e+00 
 1.70000000e-06  1.17579373e+00  1.70000000e-06  5.00000000e-01  1.10000000e+00 
 1.80000000e-06  1.17893806e+00  1.80000000e-06  5.00000000e-01  1.10000000e+00 
 1.90000000e-06  1.18194735e+00  1.90000000e-06  5.00000000e-01  1.10000000e+00 
 2.00000000e-06  1.18483529e+00  2.00000000e-06  5.00000000e-01  1.10000000e+00 
 2.10000000e-06  1.18761356e+00  2.10000000e-06  5.00000000e-01  1.10000000e+00 
 2.20000000e-06  1.19029221e+00  2.20000000e-06  5.00000000e-01  1.10000000e+00 
 2.30000000e-06  1.19287995e+00  2.30000000e-06  5.00000000e-01  1.10000000e+00 
 2.40000000e-06  1.19538435e+00  2.40000000e-06  5.00000000e-01  1.10000000e+00 
 2.50000000e-06  1.19781208e+00  2.50000000e-06  5.00000000e-01  1.10000000e+00 
 2.60000000e-06  1.20016900e+00  2.60000000e-06  5.00000000e-01  1.10000000e+00 
 2.70000000e-06  1.20246034e+00  2.70000000e-06  5.00000000e-01  1.10000000e+00 
 2.80000000e-06  1.20469071e+00  2.80000000e-06  5.00000000e-01  1.10000000e+00 
 2.90000000e-06  1.20686428e+00  2.90000000e-06  5.00000000e-01  1.10000000e+00 
 3.00000000e-06  1.20898477e+00  3.00000000e-06  5.00000000e-01  1.10000000e+00 
 3.10000000e-06  1.21105555e+00  3.10000000e-06  5.00000000e-01  1.10000000e+00 
 3.20000000e-06  1.21307966e+00  3.20000000e-06  5.00000000e-01  1.10000000e+00 
 3.30000000e-06  1.21505987e+00  3.30000000e-06  5.00000000e-01  1.10000000e+00 
 3.40000000e-06  1.21699870e+00  3.40000000e-06  5.00000000e-01  1.10000000e+00 
 3.50000000e-06  1.21889844e+00  3.50000000e-06  5.00000000e-01  1.10000000e+00 
 3.60000000e-06  1.22076120e+00  3.60000000e-06  5.00000000e-01  1.10000000e+00 
 3.70000000e-06  1.22259651e+00  3.70000000e-06  5.00000000e-01  1.10000000e+00 
 3.80000000e-06  1.22438990e+00  3.80000000e-06  5.00000000e-01  1.10000000e+00 
 3.90000000e-06  1.22615184e+00  3.90000000e-06  5.00000000e-01  1.10000000e+00 
 4.00000000e-06  1.22788383e+00  4.00000000e-06  5.00000000e-01  1.10000000e+00 
 4.10000000e-06  1.22958724e+00  4.10000000e-06  5.00000000e-01  1.10000000e+00 
 4.20000000e-06  1.23126339e+00  4.20000000e-06  5.00000000e-01  1.10000000e+00 
 4.30000000e-06  1.23291345e+00  4.30000000e-06  5.00000000e-01  1.10000000e+00 
 4.40000000e-06  1.23453857e+00  4.40000000e-06  5.00000000e-01  1.10000000e+00 
 4.50000000e-06  1.23613978e+00  4.50000000e-06  5.00000000e-01  1.10000000e+00 
 4.60000000e-06  1.23771807e+00  4.60000000e-06  5.00000000e-01  1.10000000e+00 
 4.70000000e-06  1.23927436e+00  4.70000000e-06  5.00000000e-01  1.10000000e+00 
 4.80000000e-06  1.24080950e+00  4.80000000e-06  5.00000000e-01  1.10000000e+00 
 4.90000000e-06  1.24232433e+00  4.90000000e-06  5.00000000e-01  1.10000000e+00 
 5.00000000e-06  1.24381959e+00  5.00000000e-06  5.00000000e-01  1.10000000e+00 
 5.10000000e-06  1.24529601e+00  5.10000000e-06  5.00000000e-01  1.10000000e+00 
 5.20000000e-06  1.24675426e+00  5.20000000e-06  5.00000000e-01  1.10000000e+00 
 5.30000000e-06  1.24819500e+00  5.30000000e-06  5.00000000e-01  1.10000000e+00 
 5.40000000e-06  1.24961882e+00  5.40000000e-06  5.00000000e-01  1.10000000e+00 
 5.50000000e-06  1.25102629e+00  5.50000000e-06  5.00000000e-01  1.10000000e+00 
 5.60000000e-06  1.25241797e+00  5.60000000e-06  5.00000000e-01  1.10000000e+00 
 5.70000000e-06  1.25379437e+00  5.70000000e-06  5.00000000e-01  1.10000000e+00 
 5.80000000e-06  1.25515597e+00  5.80000000e-06  5.00000000e-01  1.10000000e+00 
 5.90000000e-06  1.25650324e+00  5.90000000e-06  5.00000000e-01  1.10000000e+00 
 6.00000000e-06  1.25783663e+00  6.00000000e-06  5.00000000e-01  1.10000000e+00 
