 i-sweep         v(vout)         i(viin)         v(vgate)        v(vmid)        
 0.00000000e+00  6.63015925e-03  0.00000000e+00  2.00000000e-01  0.00000000e+00 
 1.00000000e-07  1.01517645e+00  1.00000000e-07  2.00000000e-01  0.00000000e+00 
 2.00000000e-07  1.04758799e+00  2.00000000e-07  2.00000000e-01  0.00000000e+00 
 3.00000000e-07  1.06647471e+00  3.00000000e-07  2.00000000e-01  0.00000000e+00 
 4.00000000e-07  1.07991720e+00  4.00000000e-07  2.00000000e-01  0.00000000e+00 
 5.00000000e-07  1.09041994e+00  5.00000000e-07  2.00000000e-01  0.00000000e+00 
 6.00000000e-07  1.09908442e+00  6.00000000e-07  2.00000000e-01  0.00000000e+00 
 7.00000000e-07  1.10649149e+00  7.00000000e-07  2.00000000e-01  0.00000000e+00 
 8.00000000e-07  1.11298442e+00  8.00000000e-07  2.00000000e-01  0.00000000e+00 
 9.00000000e-07  1.11878275e+00  9.00000000e-07  2.00000000e-01  0.00000000e+00 
 1.00000000e-06  1.12403528e+00  1.00000000e-06  2.00000000e-01  0.00000000e+00 
 1.10000000e-06  1.12884749e+00  1.10000000e-06  2.00000000e-01  0.00000000e+00 
 1.20000000e-06  1.13329685e+00  1.20000000e-06  2.00000000e-01  0.00000000e+00 
 1.30000000e-06  1.13744192e+00  1.30000000e-06  2.00000000e-01  0.00000000e+00 
 1.40000000e-06  1.14132804e+00  1.40000000e-06  2.00000000e-01  0.00000000e+00 
 1.50000000e-06  1.14499105e+00  1.50000000e-06  2.00000000e-01  0.00000000e+00 
 1.60000000e-06  1.14845974e+00  1.60000000e-06  2.00000000e-01  0.00000000e+00 
 1.70000000e-06  1.15175762e+00  1.70000000e-06  2.00000000e-01  0.00000000e+00 
 1.80000000e-06  1.15490411e+00  1.80000000e-06  2.00000000e-01  0.00000000e+00 
 1.90000000e-06  1.15791546e+00  1.90000000e-06  2.00000000e-01  0.00000000e+00 
 2.00000000e-06  1.16080539e+00  2.00000000e-06  2.00000000e-01  0.00000000e+00 
 2.10000000e-06  1.16358561e+00  2.10000000e-06  2.00000000e-01  0.00000000e+00 
 2.20000000e-06  1.16626617e+00  2.20000000e-06  2.00000000e-01  0.00000000e+00 
 2.30000000e-06  1.16885579e+00  2.30000000e-06  2.00000000e-01  0.00000000e+00 
 2.40000000e-06  1.17136205e+00  2.40000000e-06  2.00000000e-01  0.00000000e+00 
 2.50000000e-06  1.17379161e+00  2.50000000e-06  2.00000000e-01  0.00000000e+00 
 2.60000000e-06  1.17615036e+00  2.60000000e-06  2.00000000e-01  0.00000000e+00 
 2.70000000e-06  1.17844350e+00  2.70000000e-06  2.00000000e-01  0.00000000e+00 
 2.80000000e-06  1.18067566e+00  2.80000000e-06  2.00000000e-01  0.00000000e+00 
 2.90000000e-06  1.18285100e+00  2.90000000e-06  2.00000000e-01  0.00000000e+00 
 3.00000000e-06  1.18497326e+00  3.00000000e-06  2.00000000e-01  0.00000000e+00 
 3.10000000e-06  1.18704579e+00  3.10000000e-06  2.00000000e-01  0.00000000e+00 
 3.20000000e-06  1.18907164e+00  3.20000000e-06  2.00000000e-01  0.00000000e+00 
 3.30000000e-06  1.19105358e+00  3.30000000e-06  2.00000000e-01  0.00000000e+00 
 3.40000000e-06  1.19299413e+00  3.40000000e-06  2.00000000e-01  0.00000000e+00 
 3.50000000e-06  1.19489558e+00  3.50000000e-06  2.00000000e-01  0.00000000e+00 
 3.60000000e-06  1.19676005e+00  3.60000000e-06  2.00000000e-01  0.00000000e+00 
 3.70000000e-06  1.19858946e+00  3.70000000e-06  2.00000000e-01  0.00000000e+00 
 3.80000000e-06  1.20038561e+00  3.80000000e-06  2.00000000e-01  0.00000000e+00 
 3.90000000e-06  1.20215014e+00  3.90000000e-06  2.00000000e-01  0.00000000e+00 
 4.00000000e-06  1.20388457e+00  4.00000000e-06  2.00000000e-01  0.00000000e+00 
 4.10000000e-06  1.20559030e+00  4.10000000e-06  2.00000000e-01  0.00000000e+00 
 4.20000000e-06  1.20726866e+00  4.20000000e-06  2.00000000e-01  0.00000000e+00 
 4.30000000e-06  1.20892085e+00  4.30000000e-06  2.00000000e-01  0.00000000e+00 
 4.40000000e-06  1.21054801e+00  4.40000000e-06  2.00000000e-01  0.00000000e+00 
 4.50000000e-06  1.21215121e+00  4.50000000e-06  2.00000000e-01  0.00000000e+00 
 4.60000000e-06  1.21373142e+00  4.60000000e-06  2.00000000e-01  0.00000000e+00 
 4.70000000e-06  1.21528958e+00  4.70000000e-06  2.00000000e-01  0.00000000e+00 
 4.80000000e-06  1.21682657e+00  4.80000000e-06  2.00000000e-01  0.00000000e+00 
 4.90000000e-06  1.21834319e+00  4.90000000e-06  2.00000000e-01  0.00000000e+00 
 5.00000000e-06  1.21984021e+00  5.00000000e-06  2.00000000e-01  0.00000000e+00 
 5.10000000e-06  1.22131837e+00  5.10000000e-06  2.00000000e-01  0.00000000e+00 
 5.20000000e-06  1.22277833e+00  5.20000000e-06  2.00000000e-01  0.00000000e+00 
 5.30000000e-06  1.22422075e+00  5.30000000e-06  2.00000000e-01  0.00000000e+00 
 5.40000000e-06  1.22564624e+00  5.40000000e-06  2.00000000e-01  0.00000000e+00 
 5.50000000e-06  1.22705536e+00  5.50000000e-06  2.00000000e-01  0.00000000e+00 
 5.60000000e-06  1.22844867e+00  5.60000000e-06  2.00000000e-01  0.00000000e+00 
 5.70000000e-06  1.22982669e+00  5.70000000e-06  2.00000000e-01  0.00000000e+00 
 5.80000000e-06  1.23118989e+00  5.80000000e-06  2.00000000e-01  0.00000000e+00 
 5.90000000e-06  1.23253876e+00  5.90000000e-06  2.00000000e-01  0.00000000e+00 
 6.00000000e-06  1.23387373e+00  6.00000000e-06  2.00000000e-01  0.00000000e+00 
 6.10000000e-06  1.23519523e+00  6.10000000e-06  2.00000000e-01  0.00000000e+00 
 6.20000000e-06  1.23650365e+00  6.20000000e-06  2.00000000e-01  0.00000000e+00 
 6.30000000e-06  1.23779938e+00  6.30000000e-06  2.00000000e-01  0.00000000e+00 
 6.40000000e-06  1.23908279e+00  6.40000000e-06  2.00000000e-01  0.00000000e+00 
 6.50000000e-06  1.24035422e+00  6.50000000e-06  2.00000000e-01  0.00000000e+00 
 6.60000000e-06  1.24161401e+00  6.60000000e-06  2.00000000e-01  0.00000000e+00 
 6.70000000e-06  1.24286248e+00  6.70000000e-06  2.00000000e-01  0.00000000e+00 
 6.80000000e-06  1.24409992e+00  6.80000000e-06  2.00000000e-01  0.00000000e+00 
 6.90000000e-06  1.24532664e+00  6.90000000e-06  2.00000000e-01  0.00000000e+00 
 7.00000000e-06  1.24654292e+00  7.00000000e-06  2.00000000e-01  0.00000000e+00 
 7.10000000e-06  1.24774901e+00  7.10000000e-06  2.00000000e-01  0.00000000e+00 
 7.20000000e-06  1.24894519e+00  7.20000000e-06  2.00000000e-01  0.00000000e+00 
 7.30000000e-06  1.25013169e+00  7.30000000e-06  2.00000000e-01  0.00000000e+00 
 7.40000000e-06  1.25130876e+00  7.40000000e-06  2.00000000e-01  0.00000000e+00 
 7.50000000e-06  1.25247661e+00  7.50000000e-06  2.00000000e-01  0.00000000e+00 
 7.60000000e-06  1.25363548e+00  7.60000000e-06  2.00000000e-01  0.00000000e+00 
 7.70000000e-06  1.25478557e+00  7.70000000e-06  2.00000000e-01  0.00000000e+00 
 7.80000000e-06  1.25592708e+00  7.80000000e-06  2.00000000e-01  0.00000000e+00 
 7.90000000e-06  1.25706022e+00  7.90000000e-06  2.00000000e-01  0.00000000e+00 
 8.00000000e-06  1.25818516e+00  8.00000000e-06  2.00000000e-01  0.00000000e+00 
 8.10000000e-06  1.25930210e+00  8.10000000e-06  2.00000000e-01  0.00000000e+00 
 8.20000000e-06  1.26041120e+00  8.20000000e-06  2.00000000e-01  0.00000000e+00 
 8.30000000e-06  1.26151263e+00  8.30000000e-06  2.00000000e-01  0.00000000e+00 
 8.40000000e-06  1.26260657e+00  8.40000000e-06  2.00000000e-01  0.00000000e+00 
 8.50000000e-06  1.26369316e+00  8.50000000e-06  2.00000000e-01  0.00000000e+00 
 8.60000000e-06  1.26477257e+00  8.60000000e-06  2.00000000e-01  0.00000000e+00 
 8.70000000e-06  1.26584493e+00  8.70000000e-06  2.00000000e-01  0.00000000e+00 
 8.80000000e-06  1.26691038e+00  8.80000000e-06  2.00000000e-01  0.00000000e+00 
 8.90000000e-06  1.26796908e+00  8.90000000e-06  2.00000000e-01  0.00000000e+00 
 9.00000000e-06  1.26902115e+00  9.00000000e-06  2.00000000e-01  0.00000000e+00 
 9.10000000e-06  1.27006671e+00  9.10000000e-06  2.00000000e-01  0.00000000e+00 
 9.20000000e-06  1.27110590e+00  9.20000000e-06  2.00000000e-01  0.00000000e+00 
 9.30000000e-06  1.27213884e+00  9.30000000e-06  2.00000000e-01  0.00000000e+00 
 9.40000000e-06  1.27316564e+00  9.40000000e-06  2.00000000e-01  0.00000000e+00 
 9.50000000e-06  1.27418642e+00  9.50000000e-06  2.00000000e-01  0.00000000e+00 
 9.60000000e-06  1.27520129e+00  9.60000000e-06  2.00000000e-01  0.00000000e+00 
 9.70000000e-06  1.27621036e+00  9.70000000e-06  2.00000000e-01  0.00000000e+00 
 9.80000000e-06  1.27721372e+00  9.80000000e-06  2.00000000e-01  0.00000000e+00 
 9.90000000e-06  1.27821149e+00  9.90000000e-06  2.00000000e-01  0.00000000e+00 
 1.00000000e-05  1.27920376e+00  1.00000000e-05  2.00000000e-01  0.00000000e+00 
 1.01000000e-05  1.28019062e+00  1.01000000e-05  2.00000000e-01  0.00000000e+00 
 1.02000000e-05  1.28117217e+00  1.02000000e-05  2.00000000e-01  0.00000000e+00 
 1.03000000e-05  1.28214850e+00  1.03000000e-05  2.00000000e-01  0.00000000e+00 
 1.04000000e-05  1.28311969e+00  1.04000000e-05  2.00000000e-01  0.00000000e+00 
 1.05000000e-05  1.28408584e+00  1.05000000e-05  2.00000000e-01  0.00000000e+00 
 1.06000000e-05  1.28504701e+00  1.06000000e-05  2.00000000e-01  0.00000000e+00 
 1.07000000e-05  1.28600331e+00  1.07000000e-05  2.00000000e-01  0.00000000e+00 
 1.08000000e-05  1.28695480e+00  1.08000000e-05  2.00000000e-01  0.00000000e+00 
 1.09000000e-05  1.28790155e+00  1.09000000e-05  2.00000000e-01  0.00000000e+00 
 1.10000000e-05  1.28884366e+00  1.10000000e-05  2.00000000e-01  0.00000000e+00 
 1.11000000e-05  1.28978118e+00  1.11000000e-05  2.00000000e-01  0.00000000e+00 
 1.12000000e-05  1.29071419e+00  1.12000000e-05  2.00000000e-01  0.00000000e+00 
 1.13000000e-05  1.29164275e+00  1.13000000e-05  2.00000000e-01  0.00000000e+00 
 1.14000000e-05  1.29256694e+00  1.14000000e-05  2.00000000e-01  0.00000000e+00 
 1.15000000e-05  1.29348683e+00  1.15000000e-05  2.00000000e-01  0.00000000e+00 
 1.16000000e-05  1.29440246e+00  1.16000000e-05  2.00000000e-01  0.00000000e+00 
 1.17000000e-05  1.29531391e+00  1.17000000e-05  2.00000000e-01  0.00000000e+00 
 1.18000000e-05  1.29622125e+00  1.18000000e-05  2.00000000e-01  0.00000000e+00 
 1.19000000e-05  1.29712451e+00  1.19000000e-05  2.00000000e-01  0.00000000e+00 
 1.20000000e-05  1.29802378e+00  1.20000000e-05  2.00000000e-01  0.00000000e+00 
 1.21000000e-05  1.29891910e+00  1.21000000e-05  2.00000000e-01  0.00000000e+00 
 1.22000000e-05  1.29981052e+00  1.22000000e-05  2.00000000e-01  0.00000000e+00 
 1.23000000e-05  1.30069811e+00  1.23000000e-05  2.00000000e-01  0.00000000e+00 
 1.24000000e-05  1.30158191e+00  1.24000000e-05  2.00000000e-01  0.00000000e+00 
 1.25000000e-05  1.30246198e+00  1.25000000e-05  2.00000000e-01  0.00000000e+00 
 1.26000000e-05  1.30333836e+00  1.26000000e-05  2.00000000e-01  0.00000000e+00 
 1.27000000e-05  1.30421112e+00  1.27000000e-05  2.00000000e-01  0.00000000e+00 
 1.28000000e-05  1.30508028e+00  1.28000000e-05  2.00000000e-01  0.00000000e+00 
 1.29000000e-05  1.30594591e+00  1.29000000e-05  2.00000000e-01  0.00000000e+00 
 1.30000000e-05  1.30680805e+00  1.30000000e-05  2.00000000e-01  0.00000000e+00 
 1.31000000e-05  1.30766675e+00  1.31000000e-05  2.00000000e-01  0.00000000e+00 
 1.32000000e-05  1.30852204e+00  1.32000000e-05  2.00000000e-01  0.00000000e+00 
 1.33000000e-05  1.30937397e+00  1.33000000e-05  2.00000000e-01  0.00000000e+00 
 1.34000000e-05  1.31022259e+00  1.34000000e-05  2.00000000e-01  0.00000000e+00 
 1.35000000e-05  1.31106793e+00  1.35000000e-05  2.00000000e-01  0.00000000e+00 
 1.36000000e-05  1.31191004e+00  1.36000000e-05  2.00000000e-01  0.00000000e+00 
 1.37000000e-05  1.31274896e+00  1.37000000e-05  2.00000000e-01  0.00000000e+00 
 1.38000000e-05  1.31358472e+00  1.38000000e-05  2.00000000e-01  0.00000000e+00 
 1.39000000e-05  1.31441736e+00  1.39000000e-05  2.00000000e-01  0.00000000e+00 
 1.40000000e-05  1.31524693e+00  1.40000000e-05  2.00000000e-01  0.00000000e+00 
 1.41000000e-05  1.31607345e+00  1.41000000e-05  2.00000000e-01  0.00000000e+00 
 1.42000000e-05  1.31689697e+00  1.42000000e-05  2.00000000e-01  0.00000000e+00 
 1.43000000e-05  1.31771751e+00  1.43000000e-05  2.00000000e-01  0.00000000e+00 
 1.44000000e-05  1.31853513e+00  1.44000000e-05  2.00000000e-01  0.00000000e+00 
 1.45000000e-05  1.31934983e+00  1.45000000e-05  2.00000000e-01  0.00000000e+00 
 1.46000000e-05  1.32016167e+00  1.46000000e-05  2.00000000e-01  0.00000000e+00 
 1.47000000e-05  1.32097068e+00  1.47000000e-05  2.00000000e-01  0.00000000e+00 
 1.48000000e-05  1.32177688e+00  1.48000000e-05  2.00000000e-01  0.00000000e+00 
 1.49000000e-05  1.32258031e+00  1.49000000e-05  2.00000000e-01  0.00000000e+00 
 1.50000000e-05  1.32338099e+00  1.50000000e-05  2.00000000e-01  0.00000000e+00 
 1.51000000e-05  1.32417897e+00  1.51000000e-05  2.00000000e-01  0.00000000e+00 
 1.52000000e-05  1.32497426e+00  1.52000000e-05  2.00000000e-01  0.00000000e+00 
 1.53000000e-05  1.32576690e+00  1.53000000e-05  2.00000000e-01  0.00000000e+00 
 1.54000000e-05  1.32655692e+00  1.54000000e-05  2.00000000e-01  0.00000000e+00 
 1.55000000e-05  1.32734434e+00  1.55000000e-05  2.00000000e-01  0.00000000e+00 
 1.56000000e-05  1.32812919e+00  1.56000000e-05  2.00000000e-01  0.00000000e+00 
 1.57000000e-05  1.32891150e+00  1.57000000e-05  2.00000000e-01  0.00000000e+00 
 1.58000000e-05  1.32969130e+00  1.58000000e-05  2.00000000e-01  0.00000000e+00 
 1.59000000e-05  1.33046861e+00  1.59000000e-05  2.00000000e-01  0.00000000e+00 
 1.60000000e-05  1.33124346e+00  1.60000000e-05  2.00000000e-01  0.00000000e+00 
 1.61000000e-05  1.33201588e+00  1.61000000e-05  2.00000000e-01  0.00000000e+00 
 1.62000000e-05  1.33278588e+00  1.62000000e-05  2.00000000e-01  0.00000000e+00 
 1.63000000e-05  1.33355349e+00  1.63000000e-05  2.00000000e-01  0.00000000e+00 
 1.64000000e-05  1.33431874e+00  1.64000000e-05  2.00000000e-01  0.00000000e+00 
 1.65000000e-05  1.33508165e+00  1.65000000e-05  2.00000000e-01  0.00000000e+00 
 1.66000000e-05  1.33584225e+00  1.66000000e-05  2.00000000e-01  0.00000000e+00 
 1.67000000e-05  1.33660055e+00  1.67000000e-05  2.00000000e-01  0.00000000e+00 
 1.68000000e-05  1.33735658e+00  1.68000000e-05  2.00000000e-01  0.00000000e+00 
 1.69000000e-05  1.33811036e+00  1.69000000e-05  2.00000000e-01  0.00000000e+00 
 1.70000000e-05  1.33886192e+00  1.70000000e-05  2.00000000e-01  0.00000000e+00 
 1.71000000e-05  1.33961127e+00  1.71000000e-05  2.00000000e-01  0.00000000e+00 
 1.72000000e-05  1.34035843e+00  1.72000000e-05  2.00000000e-01  0.00000000e+00 
 1.73000000e-05  1.34110344e+00  1.73000000e-05  2.00000000e-01  0.00000000e+00 
 1.74000000e-05  1.34184630e+00  1.74000000e-05  2.00000000e-01  0.00000000e+00 
 1.75000000e-05  1.34258703e+00  1.75000000e-05  2.00000000e-01  0.00000000e+00 
 1.76000000e-05  1.34332566e+00  1.76000000e-05  2.00000000e-01  0.00000000e+00 
 1.77000000e-05  1.34406221e+00  1.77000000e-05  2.00000000e-01  0.00000000e+00 
 1.78000000e-05  1.34479669e+00  1.78000000e-05  2.00000000e-01  0.00000000e+00 
 1.79000000e-05  1.34552913e+00  1.79000000e-05  2.00000000e-01  0.00000000e+00 
 1.80000000e-05  1.34625954e+00  1.80000000e-05  2.00000000e-01  0.00000000e+00 
 1.81000000e-05  1.34698794e+00  1.81000000e-05  2.00000000e-01  0.00000000e+00 
 1.82000000e-05  1.34771435e+00  1.82000000e-05  2.00000000e-01  0.00000000e+00 
 1.83000000e-05  1.34843879e+00  1.83000000e-05  2.00000000e-01  0.00000000e+00 
 1.84000000e-05  1.34916127e+00  1.84000000e-05  2.00000000e-01  0.00000000e+00 
 1.85000000e-05  1.34988182e+00  1.85000000e-05  2.00000000e-01  0.00000000e+00 
 1.86000000e-05  1.35060044e+00  1.86000000e-05  2.00000000e-01  0.00000000e+00 
 1.87000000e-05  1.35131716e+00  1.87000000e-05  2.00000000e-01  0.00000000e+00 
 1.88000000e-05  1.35203198e+00  1.88000000e-05  2.00000000e-01  0.00000000e+00 
 1.89000000e-05  1.35274494e+00  1.89000000e-05  2.00000000e-01  0.00000000e+00 
 1.90000000e-05  1.35345604e+00  1.90000000e-05  2.00000000e-01  0.00000000e+00 
 1.91000000e-05  1.35416530e+00  1.91000000e-05  2.00000000e-01  0.00000000e+00 
 1.92000000e-05  1.35487274e+00  1.92000000e-05  2.00000000e-01  0.00000000e+00 
 1.93000000e-05  1.35557837e+00  1.93000000e-05  2.00000000e-01  0.00000000e+00 
 1.94000000e-05  1.35628220e+00  1.94000000e-05  2.00000000e-01  0.00000000e+00 
 1.95000000e-05  1.35698425e+00  1.95000000e-05  2.00000000e-01  0.00000000e+00 
 1.96000000e-05  1.35768454e+00  1.96000000e-05  2.00000000e-01  0.00000000e+00 
 1.97000000e-05  1.35838308e+00  1.97000000e-05  2.00000000e-01  0.00000000e+00 
 1.98000000e-05  1.35907988e+00  1.98000000e-05  2.00000000e-01  0.00000000e+00 
 1.99000000e-05  1.35977496e+00  1.99000000e-05  2.00000000e-01  0.00000000e+00 
 2.00000000e-05  1.36046833e+00  2.00000000e-05  2.00000000e-01  0.00000000e+00 
 2.01000000e-05  1.36116001e+00  2.01000000e-05  2.00000000e-01  0.00000000e+00 
 2.02000000e-05  1.36185001e+00  2.02000000e-05  2.00000000e-01  0.00000000e+00 
 2.03000000e-05  1.36253834e+00  2.03000000e-05  2.00000000e-01  0.00000000e+00 
 2.04000000e-05  1.36322502e+00  2.04000000e-05  2.00000000e-01  0.00000000e+00 
 2.05000000e-05  1.36391006e+00  2.05000000e-05  2.00000000e-01  0.00000000e+00 
 2.06000000e-05  1.36459347e+00  2.06000000e-05  2.00000000e-01  0.00000000e+00 
 2.07000000e-05  1.36527526e+00  2.07000000e-05  2.00000000e-01  0.00000000e+00 
 2.08000000e-05  1.36595545e+00  2.08000000e-05  2.00000000e-01  0.00000000e+00 
 2.09000000e-05  1.36663405e+00  2.09000000e-05  2.00000000e-01  0.00000000e+00 
 2.10000000e-05  1.36731107e+00  2.10000000e-05  2.00000000e-01  0.00000000e+00 
 2.11000000e-05  1.36798652e+00  2.11000000e-05  2.00000000e-01  0.00000000e+00 
 2.12000000e-05  1.36866042e+00  2.12000000e-05  2.00000000e-01  0.00000000e+00 
 2.13000000e-05  1.36933278e+00  2.13000000e-05  2.00000000e-01  0.00000000e+00 
 2.14000000e-05  1.37000360e+00  2.14000000e-05  2.00000000e-01  0.00000000e+00 
 2.15000000e-05  1.37067291e+00  2.15000000e-05  2.00000000e-01  0.00000000e+00 
 2.16000000e-05  1.37134071e+00  2.16000000e-05  2.00000000e-01  0.00000000e+00 
 2.17000000e-05  1.37200701e+00  2.17000000e-05  2.00000000e-01  0.00000000e+00 
 2.18000000e-05  1.37267182e+00  2.18000000e-05  2.00000000e-01  0.00000000e+00 
 2.19000000e-05  1.37333516e+00  2.19000000e-05  2.00000000e-01  0.00000000e+00 
 2.20000000e-05  1.37399703e+00  2.20000000e-05  2.00000000e-01  0.00000000e+00 
 2.21000000e-05  1.37465745e+00  2.21000000e-05  2.00000000e-01  0.00000000e+00 
 2.22000000e-05  1.37531642e+00  2.22000000e-05  2.00000000e-01  0.00000000e+00 
 2.23000000e-05  1.37597396e+00  2.23000000e-05  2.00000000e-01  0.00000000e+00 
 2.24000000e-05  1.37663008e+00  2.24000000e-05  2.00000000e-01  0.00000000e+00 
 2.25000000e-05  1.37728478e+00  2.25000000e-05  2.00000000e-01  0.00000000e+00 
 2.26000000e-05  1.37793808e+00  2.26000000e-05  2.00000000e-01  0.00000000e+00 
 2.27000000e-05  1.37858999e+00  2.27000000e-05  2.00000000e-01  0.00000000e+00 
 2.28000000e-05  1.37924052e+00  2.28000000e-05  2.00000000e-01  0.00000000e+00 
 2.29000000e-05  1.37988967e+00  2.29000000e-05  2.00000000e-01  0.00000000e+00 
 2.30000000e-05  1.38053745e+00  2.30000000e-05  2.00000000e-01  0.00000000e+00 
 2.31000000e-05  1.38118388e+00  2.31000000e-05  2.00000000e-01  0.00000000e+00 
 2.32000000e-05  1.38182897e+00  2.32000000e-05  2.00000000e-01  0.00000000e+00 
 2.33000000e-05  1.38247272e+00  2.33000000e-05  2.00000000e-01  0.00000000e+00 
 2.34000000e-05  1.38311514e+00  2.34000000e-05  2.00000000e-01  0.00000000e+00 
 2.35000000e-05  1.38375624e+00  2.35000000e-05  2.00000000e-01  0.00000000e+00 
 2.36000000e-05  1.38439603e+00  2.36000000e-05  2.00000000e-01  0.00000000e+00 
 2.37000000e-05  1.38503452e+00  2.37000000e-05  2.00000000e-01  0.00000000e+00 
 2.38000000e-05  1.38567172e+00  2.38000000e-05  2.00000000e-01  0.00000000e+00 
 2.39000000e-05  1.38630764e+00  2.39000000e-05  2.00000000e-01  0.00000000e+00 
 2.40000000e-05  1.38694228e+00  2.40000000e-05  2.00000000e-01  0.00000000e+00 
 2.41000000e-05  1.38757565e+00  2.41000000e-05  2.00000000e-01  0.00000000e+00 
 2.42000000e-05  1.38820777e+00  2.42000000e-05  2.00000000e-01  0.00000000e+00 
 2.43000000e-05  1.38883863e+00  2.43000000e-05  2.00000000e-01  0.00000000e+00 
 2.44000000e-05  1.38946826e+00  2.44000000e-05  2.00000000e-01  0.00000000e+00 
 2.45000000e-05  1.39009665e+00  2.45000000e-05  2.00000000e-01  0.00000000e+00 
 2.46000000e-05  1.39072381e+00  2.46000000e-05  2.00000000e-01  0.00000000e+00 
 2.47000000e-05  1.39134975e+00  2.47000000e-05  2.00000000e-01  0.00000000e+00 
 2.48000000e-05  1.39197449e+00  2.48000000e-05  2.00000000e-01  0.00000000e+00 
 2.49000000e-05  1.39259802e+00  2.49000000e-05  2.00000000e-01  0.00000000e+00 
 2.50000000e-05  1.39322035e+00  2.50000000e-05  2.00000000e-01  0.00000000e+00 
