 i-sweep         v(vout)         i(viin)         v(vgate)        v(vmid)        
-6.00000000e-06  6.33387036e-01 -6.00000000e-06  1.80000000e+00  1.80000000e+00 
-5.90000000e-06  6.37040085e-01 -5.90000000e-06  1.80000000e+00  1.80000000e+00 
-5.80000000e-06  6.40721918e-01 -5.80000000e-06  1.80000000e+00  1.80000000e+00 
-5.70000000e-06  6.44433260e-01 -5.70000000e-06  1.80000000e+00  1.80000000e+00 
-5.60000000e-06  6.48174863e-01 -5.60000000e-06  1.80000000e+00  1.80000000e+00 
-5.50000000e-06  6.51947514e-01 -5.50000000e-06  1.80000000e+00  1.80000000e+00 
-5.40000000e-06  6.55752032e-01 -5.40000000e-06  1.80000000e+00  1.80000000e+00 
-5.30000000e-06  6.59589276e-01 -5.30000000e-06  1.80000000e+00  1.80000000e+00 
-5.20000000e-06  6.63460142e-01 -5.20000000e-06  1.80000000e+00  1.80000000e+00 
-5.10000000e-06  6.67365569e-01 -5.10000000e-06  1.80000000e+00  1.80000000e+00 
-5.00000000e-06  6.71306538e-01 -5.00000000e-06  1.80000000e+00  1.80000000e+00 
-4.90000000e-06  6.75284080e-01 -4.90000000e-06  1.80000000e+00  1.80000000e+00 
-4.80000000e-06  6.79299278e-01 -4.80000000e-06  1.80000000e+00  1.80000000e+00 
-4.70000000e-06  6.83353266e-01 -4.70000000e-06  1.80000000e+00  1.80000000e+00 
-4.60000000e-06  6.87447242e-01 -4.60000000e-06  1.80000000e+00  1.80000000e+00 
-4.50000000e-06  6.91582462e-01 -4.50000000e-06  1.80000000e+00  1.80000000e+00 
-4.40000000e-06  6.95760254e-01 -4.40000000e-06  1.80000000e+00  1.80000000e+00 
-4.30000000e-06  6.99982020e-01 -4.30000000e-06  1.80000000e+00  1.80000000e+00 
-4.20000000e-06  7.04249239e-01 -4.20000000e-06  1.80000000e+00  1.80000000e+00 
-4.10000000e-06  7.08563479e-01 -4.10000000e-06  1.80000000e+00  1.80000000e+00 
-4.00000000e-06  7.12926402e-01 -4.00000000e-06  1.80000000e+00  1.80000000e+00 
-3.90000000e-06  7.17339773e-01 -3.90000000e-06  1.80000000e+00  1.80000000e+00 
-3.80000000e-06  7.21805469e-01 -3.80000000e-06  1.80000000e+00  1.80000000e+00 
-3.70000000e-06  7.26325490e-01 -3.70000000e-06  1.80000000e+00  1.80000000e+00 
-3.60000000e-06  7.30901972e-01 -3.60000000e-06  1.80000000e+00  1.80000000e+00 
-3.50000000e-06  7.35537199e-01 -3.50000000e-06  1.80000000e+00  1.80000000e+00 
-3.40000000e-06  7.40233619e-01 -3.40000000e-06  1.80000000e+00  1.80000000e+00 
-3.30000000e-06  7.44993865e-01 -3.30000000e-06  1.80000000e+00  1.80000000e+00 
-3.20000000e-06  7.49820771e-01 -3.20000000e-06  1.80000000e+00  1.80000000e+00 
-3.10000000e-06  7.54717398e-01 -3.10000000e-06  1.80000000e+00  1.80000000e+00 
-3.00000000e-06  7.59687064e-01 -3.00000000e-06  1.80000000e+00  1.80000000e+00 
-2.90000000e-06  7.64733368e-01 -2.90000000e-06  1.80000000e+00  1.80000000e+00 
-2.80000000e-06  7.69860239e-01 -2.80000000e-06  1.80000000e+00  1.80000000e+00 
-2.70000000e-06  7.75071969e-01 -2.70000000e-06  1.80000000e+00  1.80000000e+00 
-2.60000000e-06  7.80373272e-01 -2.60000000e-06  1.80000000e+00  1.80000000e+00 
-2.50000000e-06  7.85769344e-01 -2.50000000e-06  1.80000000e+00  1.80000000e+00 
-2.40000000e-06  7.91265939e-01 -2.40000000e-06  1.80000000e+00  1.80000000e+00 
-2.30000000e-06  7.96869456e-01 -2.30000000e-06  1.80000000e+00  1.80000000e+00 
-2.20000000e-06  8.02587051e-01 -2.20000000e-06  1.80000000e+00  1.80000000e+00 
-2.10000000e-06  8.08426775e-01 -2.10000000e-06  1.80000000e+00  1.80000000e+00 
-2.00000000e-06  8.14397733e-01 -2.00000000e-06  1.80000000e+00  1.80000000e+00 
-1.90000000e-06  8.20510302e-01 -1.90000000e-06  1.80000000e+00  1.80000000e+00 
-1.80000000e-06  8.26776389e-01 -1.80000000e-06  1.80000000e+00  1.80000000e+00 
-1.70000000e-06  8.33209775e-01 -1.70000000e-06  1.80000000e+00  1.80000000e+00 
-1.60000000e-06  8.39826550e-01 -1.60000000e-06  1.80000000e+00  1.80000000e+00 
-1.50000000e-06  8.46645695e-01 -1.50000000e-06  1.80000000e+00  1.80000000e+00 
-1.40000000e-06  8.53689858e-01 -1.40000000e-06  1.80000000e+00  1.80000000e+00 
-1.30000000e-06  8.60986404e-01 -1.30000000e-06  1.80000000e+00  1.80000000e+00 
-1.20000000e-06  8.68568891e-01 -1.20000000e-06  1.80000000e+00  1.80000000e+00 
-1.10000000e-06  8.76479163e-01 -1.10000000e-06  1.80000000e+00  1.80000000e+00 
-1.00000000e-06  8.84770429e-01 -1.00000000e-06  1.80000000e+00  1.80000000e+00 
-9.00000000e-07  8.93511923e-01 -9.00000000e-07  1.80000000e+00  1.80000000e+00 
-8.00000000e-07  9.02796270e-01 -8.00000000e-07  1.80000000e+00  1.80000000e+00 
-7.00000000e-07  9.12751672e-01 -7.00000000e-07  1.80000000e+00  1.80000000e+00 
-6.00000000e-07  9.23563343e-01 -6.00000000e-07  1.80000000e+00  1.80000000e+00 
-5.00000000e-07  9.35514256e-01 -5.00000000e-07  1.80000000e+00  1.80000000e+00 
-4.00000000e-07  9.49070967e-01 -4.00000000e-07  1.80000000e+00  1.80000000e+00 
-3.00000000e-07  9.65092883e-01 -3.00000000e-07  1.80000000e+00  1.80000000e+00 
-2.00000000e-07  9.85472084e-01 -2.00000000e-07  1.80000000e+00  1.80000000e+00 
-1.00000000e-07  1.01611356e+00 -1.00000000e-07  1.80000000e+00  1.80000000e+00 
-5.71747239e-21  1.25383325e+00 -5.71747239e-21  1.80000000e+00  1.80000000e+00 
 1.00000000e-07  1.52368402e+00  1.00000000e-07  1.80000000e+00  1.80000000e+00 
 2.00000000e-07  1.55582492e+00  2.00000000e-07  1.80000000e+00  1.80000000e+00 
 3.00000000e-07  1.57456758e+00  3.00000000e-07  1.80000000e+00  1.80000000e+00 
 4.00000000e-07  1.58792048e+00  4.00000000e-07  1.80000000e+00  1.80000000e+00 
 5.00000000e-07  1.59832613e+00  5.00000000e-07  1.80000000e+00  1.80000000e+00 
 6.00000000e-07  1.60691234e+00  6.00000000e-07  1.80000000e+00  1.80000000e+00 
 7.00000000e-07  1.61424965e+00  7.00000000e-07  1.80000000e+00  1.80000000e+00 
 8.00000000e-07  1.62067802e+00  8.00000000e-07  1.80000000e+00  1.80000000e+00 
 9.00000000e-07  1.62641546e+00  9.00000000e-07  1.80000000e+00  1.80000000e+00 
 1.00000000e-06  1.63160994e+00  1.00000000e-06  1.80000000e+00  1.80000000e+00 
 1.10000000e-06  1.63636639e+00  1.10000000e-06  1.80000000e+00  1.80000000e+00 
 1.20000000e-06  1.64076188e+00  1.20000000e-06  1.80000000e+00  1.80000000e+00 
 1.30000000e-06  1.64485469e+00  1.30000000e-06  1.80000000e+00  1.80000000e+00 
 1.40000000e-06  1.64868993e+00  1.40000000e-06  1.80000000e+00  1.80000000e+00 
 1.50000000e-06  1.65230327e+00  1.50000000e-06  1.80000000e+00  1.80000000e+00 
 1.60000000e-06  1.65572336e+00  1.60000000e-06  1.80000000e+00  1.80000000e+00 
 1.70000000e-06  1.65897359e+00  1.70000000e-06  1.80000000e+00  1.80000000e+00 
 1.80000000e-06  1.66207329e+00  1.80000000e-06  1.80000000e+00  1.80000000e+00 
 1.90000000e-06  1.66503862e+00  1.90000000e-06  1.80000000e+00  1.80000000e+00 
 2.00000000e-06  1.66788324e+00  2.00000000e-06  1.80000000e+00  1.80000000e+00 
 2.10000000e-06  1.67061879e+00  2.10000000e-06  1.80000000e+00  1.80000000e+00 
 2.20000000e-06  1.67325529e+00  2.20000000e-06  1.80000000e+00  1.80000000e+00 
 2.30000000e-06  1.67580139e+00  2.30000000e-06  1.80000000e+00  1.80000000e+00 
 2.40000000e-06  1.67826464e+00  2.40000000e-06  1.80000000e+00  1.80000000e+00 
 2.50000000e-06  1.68065168e+00  2.50000000e-06  1.80000000e+00  1.80000000e+00 
 2.60000000e-06  1.68296835e+00  2.60000000e-06  1.80000000e+00  1.80000000e+00 
 2.70000000e-06  1.68521983e+00  2.70000000e-06  1.80000000e+00  1.80000000e+00 
 2.80000000e-06  1.68741073e+00  2.80000000e-06  1.80000000e+00  1.80000000e+00 
 2.90000000e-06  1.68954518e+00  2.90000000e-06  1.80000000e+00  1.80000000e+00 
 3.00000000e-06  1.69162690e+00  3.00000000e-06  1.80000000e+00  1.80000000e+00 
 3.10000000e-06  1.69365922e+00  3.10000000e-06  1.80000000e+00  1.80000000e+00 
 3.20000000e-06  1.69564519e+00  3.20000000e-06  1.80000000e+00  1.80000000e+00 
 3.30000000e-06  1.69758754e+00  3.30000000e-06  1.80000000e+00  1.80000000e+00 
 3.40000000e-06  1.69948879e+00  3.40000000e-06  1.80000000e+00  1.80000000e+00 
 3.50000000e-06  1.70135122e+00  3.50000000e-06  1.80000000e+00  1.80000000e+00 
 3.60000000e-06  1.70317692e+00  3.60000000e-06  1.80000000e+00  1.80000000e+00 
 3.70000000e-06  1.70496783e+00  3.70000000e-06  1.80000000e+00  1.80000000e+00 
 3.80000000e-06  1.70672571e+00  3.80000000e-06  1.80000000e+00  1.80000000e+00 
 3.90000000e-06  1.70845220e+00  3.90000000e-06  1.80000000e+00  1.80000000e+00 
 4.00000000e-06  1.71014881e+00  4.00000000e-06  1.80000000e+00  1.80000000e+00 
 4.10000000e-06  1.71181694e+00  4.10000000e-06  1.80000000e+00  1.80000000e+00 
 4.20000000e-06  1.71345790e+00  4.20000000e-06  1.80000000e+00  1.80000000e+00 
 4.30000000e-06  1.71507290e+00  4.30000000e-06  1.80000000e+00  1.80000000e+00 
 4.40000000e-06  1.71666306e+00  4.40000000e-06  1.80000000e+00  1.80000000e+00 
 4.50000000e-06  1.71822944e+00  4.50000000e-06  1.80000000e+00  1.80000000e+00 
 4.60000000e-06  1.71977302e+00  4.60000000e-06  1.80000000e+00  1.80000000e+00 
 4.70000000e-06  1.72129472e+00  4.70000000e-06  1.80000000e+00  1.80000000e+00 
 4.80000000e-06  1.72279541e+00  4.80000000e-06  1.80000000e+00  1.80000000e+00 
 4.90000000e-06  1.72427590e+00  4.90000000e-06  1.80000000e+00  1.80000000e+00 
 5.00000000e-06  1.72573695e+00  5.00000000e-06  1.80000000e+00  1.80000000e+00 
 5.10000000e-06  1.72717929e+00  5.10000000e-06  1.80000000e+00  1.80000000e+00 
 5.20000000e-06  1.72860359e+00  5.20000000e-06  1.80000000e+00  1.80000000e+00 
 5.30000000e-06  1.73001049e+00  5.30000000e-06  1.80000000e+00  1.80000000e+00 
 5.40000000e-06  1.73140060e+00  5.40000000e-06  1.80000000e+00  1.80000000e+00 
 5.50000000e-06  1.73277449e+00  5.50000000e-06  1.80000000e+00  1.80000000e+00 
 5.60000000e-06  1.73413269e+00  5.60000000e-06  1.80000000e+00  1.80000000e+00 
 5.70000000e-06  1.73547573e+00  5.70000000e-06  1.80000000e+00  1.80000000e+00 
 5.80000000e-06  1.73680410e+00  5.80000000e-06  1.80000000e+00  1.80000000e+00 
 5.90000000e-06  1.73811825e+00  5.90000000e-06  1.80000000e+00  1.80000000e+00 
 6.00000000e-06  1.73941862e+00  6.00000000e-06  1.80000000e+00  1.80000000e+00 
