 i-sweep         v(vout)         i(viin)         v(vgate)        v(vmid)        
-6.00000000e-06 -6.48857871e-01 -6.00000000e-06  2.00000000e-01  6.00000000e-01 
-5.90000000e-06 -6.46099315e-01 -5.90000000e-06  2.00000000e-01  6.00000000e-01 
-5.80000000e-06 -6.43280892e-01 -5.80000000e-06  2.00000000e-01  6.00000000e-01 
-5.70000000e-06 -6.40402817e-01 -5.70000000e-06  2.00000000e-01  6.00000000e-01 
-5.60000000e-06 -6.37465396e-01 -5.60000000e-06  2.00000000e-01  6.00000000e-01 
-5.50000000e-06 -6.34469020e-01 -5.50000000e-06  2.00000000e-01  6.00000000e-01 
-5.40000000e-06 -6.31414146e-01 -5.40000000e-06  2.00000000e-01  6.00000000e-01 
-5.30000000e-06 -6.28301282e-01 -5.30000000e-06  2.00000000e-01  6.00000000e-01 
-5.20000000e-06 -6.25130979e-01 -5.20000000e-06  2.00000000e-01  6.00000000e-01 
-5.10000000e-06 -6.21903805e-01 -5.10000000e-06  2.00000000e-01  6.00000000e-01 
-5.00000000e-06 -6.18620334e-01 -5.00000000e-06  2.00000000e-01  6.00000000e-01 
-4.90000000e-06 -6.15281128e-01 -4.90000000e-06  2.00000000e-01  6.00000000e-01 
-4.80000000e-06 -6.11886716e-01 -4.80000000e-06  2.00000000e-01  6.00000000e-01 
-4.70000000e-06 -6.08437585e-01 -4.70000000e-06  2.00000000e-01  6.00000000e-01 
-4.60000000e-06 -6.04934157e-01 -4.60000000e-06  2.00000000e-01  6.00000000e-01 
-4.50000000e-06 -6.01376777e-01 -4.50000000e-06  2.00000000e-01  6.00000000e-01 
-4.40000000e-06 -5.97765699e-01 -4.40000000e-06  2.00000000e-01  6.00000000e-01 
-4.30000000e-06 -5.94101073e-01 -4.30000000e-06  2.00000000e-01  6.00000000e-01 
-4.20000000e-06 -5.90382928e-01 -4.20000000e-06  2.00000000e-01  6.00000000e-01 
-4.10000000e-06 -5.86611165e-01 -4.10000000e-06  2.00000000e-01  6.00000000e-01 
-4.00000000e-06 -5.82785542e-01 -4.00000000e-06  2.00000000e-01  6.00000000e-01 
-3.90000000e-06 -5.78905663e-01 -3.90000000e-06  2.00000000e-01  6.00000000e-01 
-3.80000000e-06 -5.74970970e-01 -3.80000000e-06  2.00000000e-01  6.00000000e-01 
-3.70000000e-06 -5.70980725e-01 -3.70000000e-06  2.00000000e-01  6.00000000e-01 
-3.60000000e-06 -5.66934004e-01 -3.60000000e-06  2.00000000e-01  6.00000000e-01 
-3.50000000e-06 -5.62829679e-01 -3.50000000e-06  2.00000000e-01  6.00000000e-01 
-3.40000000e-06 -5.58666410e-01 -3.40000000e-06  2.00000000e-01  6.00000000e-01 
-3.30000000e-06 -5.54442620e-01 -3.30000000e-06  2.00000000e-01  6.00000000e-01 
-3.20000000e-06 -5.50156485e-01 -3.20000000e-06  2.00000000e-01  6.00000000e-01 
-3.10000000e-06 -5.45805908e-01 -3.10000000e-06  2.00000000e-01  6.00000000e-01 
-3.00000000e-06 -5.41388495e-01 -3.00000000e-06  2.00000000e-01  6.00000000e-01 
-2.90000000e-06 -5.36901527e-01 -2.90000000e-06  2.00000000e-01  6.00000000e-01 
-2.80000000e-06 -5.32341924e-01 -2.80000000e-06  2.00000000e-01  6.00000000e-01 
-2.70000000e-06 -5.27706203e-01 -2.70000000e-06  2.00000000e-01  6.00000000e-01 
-2.60000000e-06 -5.22990433e-01 -2.60000000e-06  2.00000000e-01  6.00000000e-01 
-2.50000000e-06 -5.18190167e-01 -2.50000000e-06  2.00000000e-01  6.00000000e-01 
-2.40000000e-06 -5.13300379e-01 -2.40000000e-06  2.00000000e-01  6.00000000e-01 
-2.30000000e-06 -5.08315368e-01 -2.30000000e-06  2.00000000e-01  6.00000000e-01 
-2.20000000e-06 -5.03228658e-01 -2.20000000e-06  2.00000000e-01  6.00000000e-01 
-2.10000000e-06 -4.98032858e-01 -2.10000000e-06  2.00000000e-01  6.00000000e-01 
-2.00000000e-06 -4.92719499e-01 -2.00000000e-06  2.00000000e-01  6.00000000e-01 
-1.90000000e-06 -4.87278829e-01 -1.90000000e-06  2.00000000e-01  6.00000000e-01 
-1.80000000e-06 -4.81699546e-01 -1.80000000e-06  2.00000000e-01  6.00000000e-01 
-1.70000000e-06 -4.75968461e-01 -1.70000000e-06  2.00000000e-01  6.00000000e-01 
-1.60000000e-06 -4.70070065e-01 -1.60000000e-06  2.00000000e-01  6.00000000e-01 
-1.50000000e-06 -4.63985949e-01 -1.50000000e-06  2.00000000e-01  6.00000000e-01 
-1.40000000e-06 -4.57694036e-01 -1.40000000e-06  2.00000000e-01  6.00000000e-01 
-1.30000000e-06 -4.51167544e-01 -1.30000000e-06  2.00000000e-01  6.00000000e-01 
-1.20000000e-06 -4.44372507e-01 -1.20000000e-06  2.00000000e-01  6.00000000e-01 
-1.10000000e-06 -4.37268971e-01 -1.10000000e-06  2.00000000e-01  6.00000000e-01 
-1.00000000e-06 -4.29803658e-01 -1.00000000e-06  2.00000000e-01  6.00000000e-01 
-9.00000000e-07 -4.21907817e-01 -9.00000000e-07  2.00000000e-01  6.00000000e-01 
-8.00000000e-07 -4.13489296e-01 -8.00000000e-07  2.00000000e-01  6.00000000e-01 
-7.00000000e-07 -4.04420330e-01 -7.00000000e-07  2.00000000e-01  6.00000000e-01 
-6.00000000e-07 -3.94516050e-01 -6.00000000e-07  2.00000000e-01  6.00000000e-01 
-5.00000000e-07 -3.83493812e-01 -5.00000000e-07  2.00000000e-01  6.00000000e-01 
-4.00000000e-07 -3.70886204e-01 -4.00000000e-07  2.00000000e-01  6.00000000e-01 
-3.00000000e-07 -3.55829216e-01 -3.00000000e-07  2.00000000e-01  6.00000000e-01 
-2.00000000e-07 -3.36419198e-01 -2.00000000e-07  2.00000000e-01  6.00000000e-01 
-1.00000000e-07 -3.06675629e-01 -1.00000000e-07  2.00000000e-01  6.00000000e-01 
-5.71747239e-21  6.13215705e-01 -5.71747239e-21  2.00000000e-01  6.00000000e-01 
 1.00000000e-07  1.01518490e+00  1.00000000e-07  2.00000000e-01  6.00000000e-01 
 2.00000000e-07  1.04759601e+00  2.00000000e-07  2.00000000e-01  6.00000000e-01 
 3.00000000e-07  1.06648050e+00  3.00000000e-07  2.00000000e-01  6.00000000e-01 
 4.00000000e-07  1.07993343e+00  4.00000000e-07  2.00000000e-01  6.00000000e-01 
 5.00000000e-07  1.09043087e+00  5.00000000e-07  2.00000000e-01  6.00000000e-01 
 6.00000000e-07  1.09909392e+00  6.00000000e-07  2.00000000e-01  6.00000000e-01 
 7.00000000e-07  1.10650148e+00  7.00000000e-07  2.00000000e-01  6.00000000e-01 
 8.00000000e-07  1.11299938e+00  8.00000000e-07  2.00000000e-01  6.00000000e-01 
 9.00000000e-07  1.11878770e+00  9.00000000e-07  2.00000000e-01  6.00000000e-01 
 1.00000000e-06  1.12404017e+00  1.00000000e-06  2.00000000e-01  6.00000000e-01 
 1.10000000e-06  1.12885234e+00  1.10000000e-06  2.00000000e-01  6.00000000e-01 
 1.20000000e-06  1.13331024e+00  1.20000000e-06  2.00000000e-01  6.00000000e-01 
 1.30000000e-06  1.13745177e+00  1.30000000e-06  2.00000000e-01  6.00000000e-01 
 1.40000000e-06  1.14133584e+00  1.40000000e-06  2.00000000e-01  6.00000000e-01 
 1.50000000e-06  1.14499764e+00  1.50000000e-06  2.00000000e-01  6.00000000e-01 
 1.60000000e-06  1.14846560e+00  1.60000000e-06  2.00000000e-01  6.00000000e-01 
 1.70000000e-06  1.15176304e+00  1.70000000e-06  2.00000000e-01  6.00000000e-01 
 1.80000000e-06  1.15490926e+00  1.80000000e-06  2.00000000e-01  6.00000000e-01 
 1.90000000e-06  1.15792044e+00  1.90000000e-06  2.00000000e-01  6.00000000e-01 
 2.00000000e-06  1.16081026e+00  2.00000000e-06  2.00000000e-01  6.00000000e-01 
 2.10000000e-06  1.16359041e+00  2.10000000e-06  2.00000000e-01  6.00000000e-01 
 2.20000000e-06  1.16627092e+00  2.20000000e-06  2.00000000e-01  6.00000000e-01 
 2.30000000e-06  1.16886051e+00  2.30000000e-06  2.00000000e-01  6.00000000e-01 
 2.40000000e-06  1.17136674e+00  2.40000000e-06  2.00000000e-01  6.00000000e-01 
 2.50000000e-06  1.17379629e+00  2.50000000e-06  2.00000000e-01  6.00000000e-01 
 2.60000000e-06  1.17615503e+00  2.60000000e-06  2.00000000e-01  6.00000000e-01 
 2.70000000e-06  1.17844815e+00  2.70000000e-06  2.00000000e-01  6.00000000e-01 
 2.80000000e-06  1.18068031e+00  2.80000000e-06  2.00000000e-01  6.00000000e-01 
 2.90000000e-06  1.18285564e+00  2.90000000e-06  2.00000000e-01  6.00000000e-01 
 3.00000000e-06  1.18497789e+00  3.00000000e-06  2.00000000e-01  6.00000000e-01 
 3.10000000e-06  1.18705042e+00  3.10000000e-06  2.00000000e-01  6.00000000e-01 
 3.20000000e-06  1.18907627e+00  3.20000000e-06  2.00000000e-01  6.00000000e-01 
 3.30000000e-06  1.19105820e+00  3.30000000e-06  2.00000000e-01  6.00000000e-01 
 3.40000000e-06  1.19299875e+00  3.40000000e-06  2.00000000e-01  6.00000000e-01 
 3.50000000e-06  1.19490019e+00  3.50000000e-06  2.00000000e-01  6.00000000e-01 
 3.60000000e-06  1.19677151e+00  3.60000000e-06  2.00000000e-01  6.00000000e-01 
 3.70000000e-06  1.19859979e+00  3.70000000e-06  2.00000000e-01  6.00000000e-01 
 3.80000000e-06  1.20039501e+00  3.80000000e-06  2.00000000e-01  6.00000000e-01 
 3.90000000e-06  1.20215876e+00  3.90000000e-06  2.00000000e-01  6.00000000e-01 
 4.00000000e-06  1.20389254e+00  4.00000000e-06  2.00000000e-01  6.00000000e-01 
 4.10000000e-06  1.20559773e+00  4.10000000e-06  2.00000000e-01  6.00000000e-01 
 4.20000000e-06  1.20727564e+00  4.20000000e-06  2.00000000e-01  6.00000000e-01 
 4.30000000e-06  1.20892745e+00  4.30000000e-06  2.00000000e-01  6.00000000e-01 
 4.40000000e-06  1.21055430e+00  4.40000000e-06  2.00000000e-01  6.00000000e-01 
 4.50000000e-06  1.21215722e+00  4.50000000e-06  2.00000000e-01  6.00000000e-01 
 4.60000000e-06  1.21373721e+00  4.60000000e-06  2.00000000e-01  6.00000000e-01 
 4.70000000e-06  1.21529519e+00  4.70000000e-06  2.00000000e-01  6.00000000e-01 
 4.80000000e-06  1.21683201e+00  4.80000000e-06  2.00000000e-01  6.00000000e-01 
 4.90000000e-06  1.21834850e+00  4.90000000e-06  2.00000000e-01  6.00000000e-01 
 5.00000000e-06  1.21984541e+00  5.00000000e-06  2.00000000e-01  6.00000000e-01 
 5.10000000e-06  1.22132347e+00  5.10000000e-06  2.00000000e-01  6.00000000e-01 
 5.20000000e-06  1.22278335e+00  5.20000000e-06  2.00000000e-01  6.00000000e-01 
 5.30000000e-06  1.22422571e+00  5.30000000e-06  2.00000000e-01  6.00000000e-01 
 5.40000000e-06  1.22565113e+00  5.40000000e-06  2.00000000e-01  6.00000000e-01 
 5.50000000e-06  1.22706021e+00  5.50000000e-06  2.00000000e-01  6.00000000e-01 
 5.60000000e-06  1.22845347e+00  5.60000000e-06  2.00000000e-01  6.00000000e-01 
 5.70000000e-06  1.22983145e+00  5.70000000e-06  2.00000000e-01  6.00000000e-01 
 5.80000000e-06  1.23119463e+00  5.80000000e-06  2.00000000e-01  6.00000000e-01 
 5.90000000e-06  1.23254347e+00  5.90000000e-06  2.00000000e-01  6.00000000e-01 
 6.00000000e-06  1.23387841e+00  6.00000000e-06  2.00000000e-01  6.00000000e-01 
