 i-sweep         v(vout)         i(viin)         v(vgate)        v(vmid)        
-6.00000000e-06 -5.03059825e-01 -6.00000000e-06  4.00000000e-01  4.00000000e-01 
-5.90000000e-06 -4.99687663e-01 -5.90000000e-06  4.00000000e-01  4.00000000e-01 
-5.80000000e-06 -4.96290271e-01 -5.80000000e-06  4.00000000e-01  4.00000000e-01 
-5.70000000e-06 -4.92867048e-01 -5.70000000e-06  4.00000000e-01  4.00000000e-01 
-5.60000000e-06 -4.89417361e-01 -5.60000000e-06  4.00000000e-01  4.00000000e-01 
-5.50000000e-06 -4.85940547e-01 -5.50000000e-06  4.00000000e-01  4.00000000e-01 
-5.40000000e-06 -4.82435906e-01 -5.40000000e-06  4.00000000e-01  4.00000000e-01 
-5.30000000e-06 -4.78902707e-01 -5.30000000e-06  4.00000000e-01  4.00000000e-01 
-5.20000000e-06 -4.75340179e-01 -5.20000000e-06  4.00000000e-01  4.00000000e-01 
-5.10000000e-06 -4.71747515e-01 -5.10000000e-06  4.00000000e-01  4.00000000e-01 
-5.00000000e-06 -4.68123862e-01 -5.00000000e-06  4.00000000e-01  4.00000000e-01 
-4.90000000e-06 -4.64468326e-01 -4.90000000e-06  4.00000000e-01  4.00000000e-01 
-4.80000000e-06 -4.60779967e-01 -4.80000000e-06  4.00000000e-01  4.00000000e-01 
-4.70000000e-06 -4.57057792e-01 -4.70000000e-06  4.00000000e-01  4.00000000e-01 
-4.60000000e-06 -4.53300756e-01 -4.60000000e-06  4.00000000e-01  4.00000000e-01 
-4.50000000e-06 -4.49507755e-01 -4.50000000e-06  4.00000000e-01  4.00000000e-01 
-4.40000000e-06 -4.45677624e-01 -4.40000000e-06  4.00000000e-01  4.00000000e-01 
-4.30000000e-06 -4.41809130e-01 -4.30000000e-06  4.00000000e-01  4.00000000e-01 
-4.20000000e-06 -4.37900968e-01 -4.20000000e-06  4.00000000e-01  4.00000000e-01 
-4.10000000e-06 -4.33951752e-01 -4.10000000e-06  4.00000000e-01  4.00000000e-01 
-4.00000000e-06 -4.29960011e-01 -4.00000000e-06  4.00000000e-01  4.00000000e-01 
-3.90000000e-06 -4.25924181e-01 -3.90000000e-06  4.00000000e-01  4.00000000e-01 
-3.80000000e-06 -4.21842591e-01 -3.80000000e-06  4.00000000e-01  4.00000000e-01 
-3.70000000e-06 -4.17713462e-01 -3.70000000e-06  4.00000000e-01  4.00000000e-01 
-3.60000000e-06 -4.13534885e-01 -3.60000000e-06  4.00000000e-01  4.00000000e-01 
-3.50000000e-06 -4.09304815e-01 -3.50000000e-06  4.00000000e-01  4.00000000e-01 
-3.40000000e-06 -4.05021054e-01 -3.40000000e-06  4.00000000e-01  4.00000000e-01 
-3.30000000e-06 -4.00681234e-01 -3.30000000e-06  4.00000000e-01  4.00000000e-01 
-3.20000000e-06 -3.96282793e-01 -3.20000000e-06  4.00000000e-01  4.00000000e-01 
-3.10000000e-06 -3.91822959e-01 -3.10000000e-06  4.00000000e-01  4.00000000e-01 
-3.00000000e-06 -3.87298718e-01 -3.00000000e-06  4.00000000e-01  4.00000000e-01 
-2.90000000e-06 -3.82706783e-01 -2.90000000e-06  4.00000000e-01  4.00000000e-01 
-2.80000000e-06 -3.78043558e-01 -2.80000000e-06  4.00000000e-01  4.00000000e-01 
-2.70000000e-06 -3.73305097e-01 -2.70000000e-06  4.00000000e-01  4.00000000e-01 
-2.60000000e-06 -3.68487047e-01 -2.60000000e-06  4.00000000e-01  4.00000000e-01 
-2.50000000e-06 -3.63584592e-01 -2.50000000e-06  4.00000000e-01  4.00000000e-01 
-2.40000000e-06 -3.58592375e-01 -2.40000000e-06  4.00000000e-01  4.00000000e-01 
-2.30000000e-06 -3.53504411e-01 -2.30000000e-06  4.00000000e-01  4.00000000e-01 
-2.20000000e-06 -3.48313979e-01 -2.20000000e-06  4.00000000e-01  4.00000000e-01 
-2.10000000e-06 -3.43013483e-01 -2.10000000e-06  4.00000000e-01  4.00000000e-01 
-2.00000000e-06 -3.37594295e-01 -2.00000000e-06  4.00000000e-01  4.00000000e-01 
-1.90000000e-06 -3.32046538e-01 -1.90000000e-06  4.00000000e-01  4.00000000e-01 
-1.80000000e-06 -3.26358832e-01 -1.80000000e-06  4.00000000e-01  4.00000000e-01 
-1.70000000e-06 -3.20517954e-01 -1.70000000e-06  4.00000000e-01  4.00000000e-01 
-1.60000000e-06 -3.14508401e-01 -1.60000000e-06  4.00000000e-01  4.00000000e-01 
-1.50000000e-06 -3.08311824e-01 -1.50000000e-06  4.00000000e-01  4.00000000e-01 
-1.40000000e-06 -3.01906257e-01 -1.40000000e-06  4.00000000e-01  4.00000000e-01 
-1.30000000e-06 -2.95265080e-01 -1.30000000e-06  4.00000000e-01  4.00000000e-01 
-1.20000000e-06 -2.88355571e-01 -1.20000000e-06  4.00000000e-01  4.00000000e-01 
-1.10000000e-06 -2.81136420e-01 -1.10000000e-06  4.00000000e-01  4.00000000e-01 
-1.00000000e-06 -2.73555989e-01 -1.00000000e-06  4.00000000e-01  4.00000000e-01 
-9.00000000e-07 -2.65546057e-01 -9.00000000e-07  4.00000000e-01  4.00000000e-01 
-8.00000000e-07 -2.57015495e-01 -8.00000000e-07  4.00000000e-01  4.00000000e-01 
-7.00000000e-07 -2.47837989e-01 -7.00000000e-07  4.00000000e-01  4.00000000e-01 
-6.00000000e-07 -2.37830818e-01 -6.00000000e-07  4.00000000e-01  4.00000000e-01 
-5.00000000e-07 -2.26714597e-01 -5.00000000e-07  4.00000000e-01  4.00000000e-01 
-4.00000000e-07 -2.14027319e-01 -4.00000000e-07  4.00000000e-01  4.00000000e-01 
-3.00000000e-07 -1.98917729e-01 -3.00000000e-07  4.00000000e-01  4.00000000e-01 
-2.00000000e-07 -1.79505482e-01 -2.00000000e-07  4.00000000e-01  4.00000000e-01 
-1.00000000e-07 -1.49896191e-01 -1.00000000e-07  4.00000000e-01  4.00000000e-01 
-5.71747239e-21  6.13152750e-01 -5.71747239e-21  4.00000000e-01  4.00000000e-01 
 1.00000000e-07  1.01518044e+00  1.00000000e-07  4.00000000e-01  4.00000000e-01 
 2.00000000e-07  1.04759003e+00  2.00000000e-07  4.00000000e-01  4.00000000e-01 
 3.00000000e-07  1.06647607e+00  3.00000000e-07  4.00000000e-01  4.00000000e-01 
 4.00000000e-07  1.07991903e+00  4.00000000e-07  4.00000000e-01  4.00000000e-01 
 5.00000000e-07  1.09042458e+00  5.00000000e-07  4.00000000e-01  4.00000000e-01 
 6.00000000e-07  1.09909377e+00  6.00000000e-07  4.00000000e-01  4.00000000e-01 
 7.00000000e-07  1.10649210e+00  7.00000000e-07  4.00000000e-01  4.00000000e-01 
 8.00000000e-07  1.11298496e+00  8.00000000e-07  4.00000000e-01  4.00000000e-01 
 9.00000000e-07  1.11878324e+00  9.00000000e-07  4.00000000e-01  4.00000000e-01 
 1.00000000e-06  1.12404576e+00  1.00000000e-06  4.00000000e-01  4.00000000e-01 
 1.10000000e-06  1.12885454e+00  1.10000000e-06  4.00000000e-01  4.00000000e-01 
 1.20000000e-06  1.13330177e+00  1.20000000e-06  4.00000000e-01  4.00000000e-01 
 1.30000000e-06  1.13744547e+00  1.30000000e-06  4.00000000e-01  4.00000000e-01 
 1.40000000e-06  1.14133069e+00  1.40000000e-06  4.00000000e-01  4.00000000e-01 
 1.50000000e-06  1.14499307e+00  1.50000000e-06  4.00000000e-01  4.00000000e-01 
 1.60000000e-06  1.14846132e+00  1.60000000e-06  4.00000000e-01  4.00000000e-01 
 1.70000000e-06  1.15175888e+00  1.70000000e-06  4.00000000e-01  4.00000000e-01 
 1.80000000e-06  1.15490514e+00  1.80000000e-06  4.00000000e-01  4.00000000e-01 
 1.90000000e-06  1.15791631e+00  1.90000000e-06  4.00000000e-01  4.00000000e-01 
 2.00000000e-06  1.16080610e+00  2.00000000e-06  4.00000000e-01  4.00000000e-01 
 2.10000000e-06  1.16358622e+00  2.10000000e-06  4.00000000e-01  4.00000000e-01 
 2.20000000e-06  1.16626669e+00  2.20000000e-06  4.00000000e-01  4.00000000e-01 
 2.30000000e-06  1.16885624e+00  2.30000000e-06  4.00000000e-01  4.00000000e-01 
 2.40000000e-06  1.17136245e+00  2.40000000e-06  4.00000000e-01  4.00000000e-01 
 2.50000000e-06  1.17379197e+00  2.50000000e-06  4.00000000e-01  4.00000000e-01 
 2.60000000e-06  1.17615068e+00  2.60000000e-06  4.00000000e-01  4.00000000e-01 
 2.70000000e-06  1.17844379e+00  2.70000000e-06  4.00000000e-01  4.00000000e-01 
 2.80000000e-06  1.18067593e+00  2.80000000e-06  4.00000000e-01  4.00000000e-01 
 2.90000000e-06  1.18285125e+00  2.90000000e-06  4.00000000e-01  4.00000000e-01 
 3.00000000e-06  1.18497349e+00  3.00000000e-06  4.00000000e-01  4.00000000e-01 
 3.10000000e-06  1.18704601e+00  3.10000000e-06  4.00000000e-01  4.00000000e-01 
 3.20000000e-06  1.18907185e+00  3.20000000e-06  4.00000000e-01  4.00000000e-01 
 3.30000000e-06  1.19105378e+00  3.30000000e-06  4.00000000e-01  4.00000000e-01 
 3.40000000e-06  1.19299432e+00  3.40000000e-06  4.00000000e-01  4.00000000e-01 
 3.50000000e-06  1.19489577e+00  3.50000000e-06  4.00000000e-01  4.00000000e-01 
 3.60000000e-06  1.19676023e+00  3.60000000e-06  4.00000000e-01  4.00000000e-01 
 3.70000000e-06  1.19858964e+00  3.70000000e-06  4.00000000e-01  4.00000000e-01 
 3.80000000e-06  1.20038578e+00  3.80000000e-06  4.00000000e-01  4.00000000e-01 
 3.90000000e-06  1.20215031e+00  3.90000000e-06  4.00000000e-01  4.00000000e-01 
 4.00000000e-06  1.20388473e+00  4.00000000e-06  4.00000000e-01  4.00000000e-01 
 4.10000000e-06  1.20559047e+00  4.10000000e-06  4.00000000e-01  4.00000000e-01 
 4.20000000e-06  1.20726882e+00  4.20000000e-06  4.00000000e-01  4.00000000e-01 
 4.30000000e-06  1.20892101e+00  4.30000000e-06  4.00000000e-01  4.00000000e-01 
 4.40000000e-06  1.21054817e+00  4.40000000e-06  4.00000000e-01  4.00000000e-01 
 4.50000000e-06  1.21215740e+00  4.50000000e-06  4.00000000e-01  4.00000000e-01 
 4.60000000e-06  1.21373649e+00  4.60000000e-06  4.00000000e-01  4.00000000e-01 
 4.70000000e-06  1.21529373e+00  4.70000000e-06  4.00000000e-01  4.00000000e-01 
 4.80000000e-06  1.21682995e+00  4.80000000e-06  4.00000000e-01  4.00000000e-01 
 4.90000000e-06  1.21834594e+00  4.90000000e-06  4.00000000e-01  4.00000000e-01 
 5.00000000e-06  1.21984246e+00  5.00000000e-06  4.00000000e-01  4.00000000e-01 
 5.10000000e-06  1.22132020e+00  5.10000000e-06  4.00000000e-01  4.00000000e-01 
 5.20000000e-06  1.22277982e+00  5.20000000e-06  4.00000000e-01  4.00000000e-01 
 5.30000000e-06  1.22422197e+00  5.30000000e-06  4.00000000e-01  4.00000000e-01 
 5.40000000e-06  1.22564724e+00  5.40000000e-06  4.00000000e-01  4.00000000e-01 
 5.50000000e-06  1.22705619e+00  5.50000000e-06  4.00000000e-01  4.00000000e-01 
 5.60000000e-06  1.22844935e+00  5.60000000e-06  4.00000000e-01  4.00000000e-01 
 5.70000000e-06  1.22982725e+00  5.70000000e-06  4.00000000e-01  4.00000000e-01 
 5.80000000e-06  1.23119037e+00  5.80000000e-06  4.00000000e-01  4.00000000e-01 
 5.90000000e-06  1.23253916e+00  5.90000000e-06  4.00000000e-01  4.00000000e-01 
 6.00000000e-06  1.23387408e+00  6.00000000e-06  4.00000000e-01  4.00000000e-01 
