 i-sweep         v(vout)         i(viin)         v(vgate)        v(vmid)        
 0.00000000e+00  5.06552463e-01  0.00000000e+00  8.00000000e-01  5.00000000e-01 
 1.00000000e-07  1.01545616e+00  1.00000000e-07  8.00000000e-01  5.00000000e-01 
 2.00000000e-07  1.04763099e+00  2.00000000e-07  8.00000000e-01  5.00000000e-01 
 3.00000000e-07  1.06667368e+00  3.00000000e-07  8.00000000e-01  5.00000000e-01 
 4.00000000e-07  1.07996016e+00  4.00000000e-07  8.00000000e-01  5.00000000e-01 
 5.00000000e-07  1.09043523e+00  5.00000000e-07  8.00000000e-01  5.00000000e-01 
 6.00000000e-07  1.09987542e+00  6.00000000e-07  8.00000000e-01  5.00000000e-01 
 7.00000000e-07  1.10693318e+00  7.00000000e-07  8.00000000e-01  5.00000000e-01 
 8.00000000e-07  1.11334181e+00  8.00000000e-07  8.00000000e-01  5.00000000e-01 
 9.00000000e-07  1.11906215e+00  9.00000000e-07  8.00000000e-01  5.00000000e-01 
 1.00000000e-06  1.12426140e+00  1.00000000e-06  8.00000000e-01  5.00000000e-01 
 1.10000000e-06  1.12903403e+00  1.10000000e-06  8.00000000e-01  5.00000000e-01 
 1.20000000e-06  1.13345339e+00  1.20000000e-06  8.00000000e-01  5.00000000e-01 
 1.30000000e-06  1.13757518e+00  1.30000000e-06  8.00000000e-01  5.00000000e-01 
 1.40000000e-06  1.14144288e+00  1.40000000e-06  8.00000000e-01  5.00000000e-01 
 1.50000000e-06  1.14509108e+00  1.50000000e-06  8.00000000e-01  5.00000000e-01 
 1.60000000e-06  1.14854767e+00  1.60000000e-06  8.00000000e-01  5.00000000e-01 
 1.70000000e-06  1.15183555e+00  1.70000000e-06  8.00000000e-01  5.00000000e-01 
 1.80000000e-06  1.15497368e+00  1.80000000e-06  8.00000000e-01  5.00000000e-01 
 1.90000000e-06  1.15797797e+00  1.90000000e-06  8.00000000e-01  5.00000000e-01 
 2.00000000e-06  1.16086188e+00  2.00000000e-06  8.00000000e-01  5.00000000e-01 
 2.10000000e-06  1.16363692e+00  2.10000000e-06  8.00000000e-01  5.00000000e-01 
 2.20000000e-06  1.16631301e+00  2.20000000e-06  8.00000000e-01  5.00000000e-01 
 2.30000000e-06  1.16889872e+00  2.30000000e-06  8.00000000e-01  5.00000000e-01 
 2.40000000e-06  1.17140156e+00  2.40000000e-06  8.00000000e-01  5.00000000e-01 
 2.50000000e-06  1.17382811e+00  2.50000000e-06  8.00000000e-01  5.00000000e-01 
 2.60000000e-06  1.17618418e+00  2.60000000e-06  8.00000000e-01  5.00000000e-01 
 2.70000000e-06  1.17847493e+00  2.70000000e-06  8.00000000e-01  5.00000000e-01 
 2.80000000e-06  1.18070497e+00  2.80000000e-06  8.00000000e-01  5.00000000e-01 
 2.90000000e-06  1.18287840e+00  2.90000000e-06  8.00000000e-01  5.00000000e-01 
 3.00000000e-06  1.18499893e+00  3.00000000e-06  8.00000000e-01  5.00000000e-01 
 3.10000000e-06  1.18706990e+00  3.10000000e-06  8.00000000e-01  5.00000000e-01 
 3.20000000e-06  1.18909434e+00  3.20000000e-06  8.00000000e-01  5.00000000e-01 
 3.30000000e-06  1.19107499e+00  3.30000000e-06  8.00000000e-01  5.00000000e-01 
 3.40000000e-06  1.19301436e+00  3.40000000e-06  8.00000000e-01  5.00000000e-01 
 3.50000000e-06  1.19491473e+00  3.50000000e-06  8.00000000e-01  5.00000000e-01 
 3.60000000e-06  1.19677820e+00  3.60000000e-06  8.00000000e-01  5.00000000e-01 
 3.70000000e-06  1.19860671e+00  3.70000000e-06  8.00000000e-01  5.00000000e-01 
 3.80000000e-06  1.20040202e+00  3.80000000e-06  8.00000000e-01  5.00000000e-01 
 3.90000000e-06  1.20216577e+00  3.90000000e-06  8.00000000e-01  5.00000000e-01 
 4.00000000e-06  1.20389948e+00  4.00000000e-06  8.00000000e-01  5.00000000e-01 
 4.10000000e-06  1.20560454e+00  4.10000000e-06  8.00000000e-01  5.00000000e-01 
 4.20000000e-06  1.20728228e+00  4.20000000e-06  8.00000000e-01  5.00000000e-01 
 4.30000000e-06  1.20893389e+00  4.30000000e-06  8.00000000e-01  5.00000000e-01 
 4.40000000e-06  1.21056051e+00  4.40000000e-06  8.00000000e-01  5.00000000e-01 
 4.50000000e-06  1.21216320e+00  4.50000000e-06  8.00000000e-01  5.00000000e-01 
 4.60000000e-06  1.21374294e+00  4.60000000e-06  8.00000000e-01  5.00000000e-01 
 4.70000000e-06  1.21530066e+00  4.70000000e-06  8.00000000e-01  5.00000000e-01 
 4.80000000e-06  1.21683723e+00  4.80000000e-06  8.00000000e-01  5.00000000e-01 
 4.90000000e-06  1.21835345e+00  4.90000000e-06  8.00000000e-01  5.00000000e-01 
 5.00000000e-06  1.21985011e+00  5.00000000e-06  8.00000000e-01  5.00000000e-01 
 5.10000000e-06  1.22132792e+00  5.10000000e-06  8.00000000e-01  5.00000000e-01 
 5.20000000e-06  1.22278755e+00  5.20000000e-06  8.00000000e-01  5.00000000e-01 
 5.30000000e-06  1.22422966e+00  5.30000000e-06  8.00000000e-01  5.00000000e-01 
 5.40000000e-06  1.22565485e+00  5.40000000e-06  8.00000000e-01  5.00000000e-01 
 5.50000000e-06  1.22706370e+00  5.50000000e-06  8.00000000e-01  5.00000000e-01 
 5.60000000e-06  1.22845675e+00  5.60000000e-06  8.00000000e-01  5.00000000e-01 
 5.70000000e-06  1.22983451e+00  5.70000000e-06  8.00000000e-01  5.00000000e-01 
 5.80000000e-06  1.23119748e+00  5.80000000e-06  8.00000000e-01  5.00000000e-01 
 5.90000000e-06  1.23254612e+00  5.90000000e-06  8.00000000e-01  5.00000000e-01 
 6.00000000e-06  1.23388088e+00  6.00000000e-06  8.00000000e-01  5.00000000e-01 
 6.10000000e-06  1.23520217e+00  6.10000000e-06  8.00000000e-01  5.00000000e-01 
 6.20000000e-06  1.23651040e+00  6.20000000e-06  8.00000000e-01  5.00000000e-01 
 6.30000000e-06  1.23780594e+00  6.30000000e-06  8.00000000e-01  5.00000000e-01 
 6.40000000e-06  1.23908917e+00  6.40000000e-06  8.00000000e-01  5.00000000e-01 
 6.50000000e-06  1.24036044e+00  6.50000000e-06  8.00000000e-01  5.00000000e-01 
 6.60000000e-06  1.24162006e+00  6.60000000e-06  8.00000000e-01  5.00000000e-01 
 6.70000000e-06  1.24286837e+00  6.70000000e-06  8.00000000e-01  5.00000000e-01 
 6.80000000e-06  1.24410567e+00  6.80000000e-06  8.00000000e-01  5.00000000e-01 
 6.90000000e-06  1.24533225e+00  6.90000000e-06  8.00000000e-01  5.00000000e-01 
 7.00000000e-06  1.24654839e+00  7.00000000e-06  8.00000000e-01  5.00000000e-01 
 7.10000000e-06  1.24775436e+00  7.10000000e-06  8.00000000e-01  5.00000000e-01 
 7.20000000e-06  1.24895041e+00  7.20000000e-06  8.00000000e-01  5.00000000e-01 
 7.30000000e-06  1.25013679e+00  7.30000000e-06  8.00000000e-01  5.00000000e-01 
 7.40000000e-06  1.25131373e+00  7.40000000e-06  8.00000000e-01  5.00000000e-01 
 7.50000000e-06  1.25248148e+00  7.50000000e-06  8.00000000e-01  5.00000000e-01 
 7.60000000e-06  1.25364024e+00  7.60000000e-06  8.00000000e-01  5.00000000e-01 
 7.70000000e-06  1.25479022e+00  7.70000000e-06  8.00000000e-01  5.00000000e-01 
 7.80000000e-06  1.25593164e+00  7.80000000e-06  8.00000000e-01  5.00000000e-01 
 7.90000000e-06  1.25706468e+00  7.90000000e-06  8.00000000e-01  5.00000000e-01 
 8.00000000e-06  1.25818953e+00  8.00000000e-06  8.00000000e-01  5.00000000e-01 
 8.10000000e-06  1.25930638e+00  8.10000000e-06  8.00000000e-01  5.00000000e-01 
 8.20000000e-06  1.26041539e+00  8.20000000e-06  8.00000000e-01  5.00000000e-01 
 8.30000000e-06  1.26151675e+00  8.30000000e-06  8.00000000e-01  5.00000000e-01 
 8.40000000e-06  1.26261060e+00  8.40000000e-06  8.00000000e-01  5.00000000e-01 
 8.50000000e-06  1.26369712e+00  8.50000000e-06  8.00000000e-01  5.00000000e-01 
 8.60000000e-06  1.26477645e+00  8.60000000e-06  8.00000000e-01  5.00000000e-01 
 8.70000000e-06  1.26584873e+00  8.70000000e-06  8.00000000e-01  5.00000000e-01 
 8.80000000e-06  1.26691412e+00  8.80000000e-06  8.00000000e-01  5.00000000e-01 
 8.90000000e-06  1.26797275e+00  8.90000000e-06  8.00000000e-01  5.00000000e-01 
 9.00000000e-06  1.26902475e+00  9.00000000e-06  8.00000000e-01  5.00000000e-01 
 9.10000000e-06  1.27007025e+00  9.10000000e-06  8.00000000e-01  5.00000000e-01 
 9.20000000e-06  1.27110938e+00  9.20000000e-06  8.00000000e-01  5.00000000e-01 
 9.30000000e-06  1.27214226e+00  9.30000000e-06  8.00000000e-01  5.00000000e-01 
 9.40000000e-06  1.27316900e+00  9.40000000e-06  8.00000000e-01  5.00000000e-01 
 9.50000000e-06  1.27418973e+00  9.50000000e-06  8.00000000e-01  5.00000000e-01 
 9.60000000e-06  1.27520454e+00  9.60000000e-06  8.00000000e-01  5.00000000e-01 
 9.70000000e-06  1.27621356e+00  9.70000000e-06  8.00000000e-01  5.00000000e-01 
 9.80000000e-06  1.27721687e+00  9.80000000e-06  8.00000000e-01  5.00000000e-01 
 9.90000000e-06  1.27821459e+00  9.90000000e-06  8.00000000e-01  5.00000000e-01 
 1.00000000e-05  1.27920680e+00  1.00000000e-05  8.00000000e-01  5.00000000e-01 
 1.01000000e-05  1.28019362e+00  1.01000000e-05  8.00000000e-01  5.00000000e-01 
 1.02000000e-05  1.28117512e+00  1.02000000e-05  8.00000000e-01  5.00000000e-01 
 1.03000000e-05  1.28215141e+00  1.03000000e-05  8.00000000e-01  5.00000000e-01 
 1.04000000e-05  1.28312256e+00  1.04000000e-05  8.00000000e-01  5.00000000e-01 
 1.05000000e-05  1.28408866e+00  1.05000000e-05  8.00000000e-01  5.00000000e-01 
 1.06000000e-05  1.28504980e+00  1.06000000e-05  8.00000000e-01  5.00000000e-01 
 1.07000000e-05  1.28600605e+00  1.07000000e-05  8.00000000e-01  5.00000000e-01 
 1.08000000e-05  1.28695750e+00  1.08000000e-05  8.00000000e-01  5.00000000e-01 
 1.09000000e-05  1.28790422e+00  1.09000000e-05  8.00000000e-01  5.00000000e-01 
 1.10000000e-05  1.28884629e+00  1.10000000e-05  8.00000000e-01  5.00000000e-01 
 1.11000000e-05  1.28978377e+00  1.11000000e-05  8.00000000e-01  5.00000000e-01 
 1.12000000e-05  1.29071674e+00  1.12000000e-05  8.00000000e-01  5.00000000e-01 
 1.13000000e-05  1.29164528e+00  1.13000000e-05  8.00000000e-01  5.00000000e-01 
 1.14000000e-05  1.29256943e+00  1.14000000e-05  8.00000000e-01  5.00000000e-01 
 1.15000000e-05  1.29348928e+00  1.15000000e-05  8.00000000e-01  5.00000000e-01 
 1.16000000e-05  1.29440489e+00  1.16000000e-05  8.00000000e-01  5.00000000e-01 
 1.17000000e-05  1.29531631e+00  1.17000000e-05  8.00000000e-01  5.00000000e-01 
 1.18000000e-05  1.29622361e+00  1.18000000e-05  8.00000000e-01  5.00000000e-01 
 1.19000000e-05  1.29712685e+00  1.19000000e-05  8.00000000e-01  5.00000000e-01 
 1.20000000e-05  1.29802609e+00  1.20000000e-05  8.00000000e-01  5.00000000e-01 
 1.21000000e-05  1.29892137e+00  1.21000000e-05  8.00000000e-01  5.00000000e-01 
 1.22000000e-05  1.29981277e+00  1.22000000e-05  8.00000000e-01  5.00000000e-01 
 1.23000000e-05  1.30070033e+00  1.23000000e-05  8.00000000e-01  5.00000000e-01 
 1.24000000e-05  1.30158411e+00  1.24000000e-05  8.00000000e-01  5.00000000e-01 
 1.25000000e-05  1.30246415e+00  1.25000000e-05  8.00000000e-01  5.00000000e-01 
 1.26000000e-05  1.30334051e+00  1.26000000e-05  8.00000000e-01  5.00000000e-01 
 1.27000000e-05  1.30421324e+00  1.27000000e-05  8.00000000e-01  5.00000000e-01 
 1.28000000e-05  1.30508238e+00  1.28000000e-05  8.00000000e-01  5.00000000e-01 
 1.29000000e-05  1.30594799e+00  1.29000000e-05  8.00000000e-01  5.00000000e-01 
 1.30000000e-05  1.30681011e+00  1.30000000e-05  8.00000000e-01  5.00000000e-01 
 1.31000000e-05  1.30766878e+00  1.31000000e-05  8.00000000e-01  5.00000000e-01 
 1.32000000e-05  1.30852405e+00  1.32000000e-05  8.00000000e-01  5.00000000e-01 
 1.33000000e-05  1.30937596e+00  1.33000000e-05  8.00000000e-01  5.00000000e-01 
 1.34000000e-05  1.31022455e+00  1.34000000e-05  8.00000000e-01  5.00000000e-01 
 1.35000000e-05  1.31106988e+00  1.35000000e-05  8.00000000e-01  5.00000000e-01 
 1.36000000e-05  1.31191196e+00  1.36000000e-05  8.00000000e-01  5.00000000e-01 
 1.37000000e-05  1.31275086e+00  1.37000000e-05  8.00000000e-01  5.00000000e-01 
 1.38000000e-05  1.31358660e+00  1.38000000e-05  8.00000000e-01  5.00000000e-01 
 1.39000000e-05  1.31441923e+00  1.39000000e-05  8.00000000e-01  5.00000000e-01 
 1.40000000e-05  1.31524877e+00  1.40000000e-05  8.00000000e-01  5.00000000e-01 
 1.41000000e-05  1.31607528e+00  1.41000000e-05  8.00000000e-01  5.00000000e-01 
 1.42000000e-05  1.31689878e+00  1.42000000e-05  8.00000000e-01  5.00000000e-01 
 1.43000000e-05  1.31771931e+00  1.43000000e-05  8.00000000e-01  5.00000000e-01 
 1.44000000e-05  1.31853690e+00  1.44000000e-05  8.00000000e-01  5.00000000e-01 
 1.45000000e-05  1.31935159e+00  1.45000000e-05  8.00000000e-01  5.00000000e-01 
 1.46000000e-05  1.32016342e+00  1.46000000e-05  8.00000000e-01  5.00000000e-01 
 1.47000000e-05  1.32097240e+00  1.47000000e-05  8.00000000e-01  5.00000000e-01 
 1.48000000e-05  1.32177859e+00  1.48000000e-05  8.00000000e-01  5.00000000e-01 
 1.49000000e-05  1.32258200e+00  1.49000000e-05  8.00000000e-01  5.00000000e-01 
 1.50000000e-05  1.32338267e+00  1.50000000e-05  8.00000000e-01  5.00000000e-01 
 1.51000000e-05  1.32418063e+00  1.51000000e-05  8.00000000e-01  5.00000000e-01 
 1.52000000e-05  1.32497591e+00  1.52000000e-05  8.00000000e-01  5.00000000e-01 
 1.53000000e-05  1.32576853e+00  1.53000000e-05  8.00000000e-01  5.00000000e-01 
 1.54000000e-05  1.32655854e+00  1.54000000e-05  8.00000000e-01  5.00000000e-01 
 1.55000000e-05  1.32734594e+00  1.55000000e-05  8.00000000e-01  5.00000000e-01 
 1.56000000e-05  1.32813078e+00  1.56000000e-05  8.00000000e-01  5.00000000e-01 
 1.57000000e-05  1.32891308e+00  1.57000000e-05  8.00000000e-01  5.00000000e-01 
 1.58000000e-05  1.32969287e+00  1.58000000e-05  8.00000000e-01  5.00000000e-01 
 1.59000000e-05  1.33047017e+00  1.59000000e-05  8.00000000e-01  5.00000000e-01 
 1.60000000e-05  1.33124500e+00  1.60000000e-05  8.00000000e-01  5.00000000e-01 
 1.61000000e-05  1.33201740e+00  1.61000000e-05  8.00000000e-01  5.00000000e-01 
 1.62000000e-05  1.33278739e+00  1.62000000e-05  8.00000000e-01  5.00000000e-01 
 1.63000000e-05  1.33355499e+00  1.63000000e-05  8.00000000e-01  5.00000000e-01 
 1.64000000e-05  1.33432023e+00  1.64000000e-05  8.00000000e-01  5.00000000e-01 
 1.65000000e-05  1.33508313e+00  1.65000000e-05  8.00000000e-01  5.00000000e-01 
 1.66000000e-05  1.33584372e+00  1.66000000e-05  8.00000000e-01  5.00000000e-01 
 1.67000000e-05  1.33660201e+00  1.67000000e-05  8.00000000e-01  5.00000000e-01 
 1.68000000e-05  1.33735803e+00  1.68000000e-05  8.00000000e-01  5.00000000e-01 
 1.69000000e-05  1.33811180e+00  1.69000000e-05  8.00000000e-01  5.00000000e-01 
 1.70000000e-05  1.33886334e+00  1.70000000e-05  8.00000000e-01  5.00000000e-01 
 1.71000000e-05  1.33961268e+00  1.71000000e-05  8.00000000e-01  5.00000000e-01 
 1.72000000e-05  1.34035984e+00  1.72000000e-05  8.00000000e-01  5.00000000e-01 
 1.73000000e-05  1.34110483e+00  1.73000000e-05  8.00000000e-01  5.00000000e-01 
 1.74000000e-05  1.34184768e+00  1.74000000e-05  8.00000000e-01  5.00000000e-01 
 1.75000000e-05  1.34258840e+00  1.75000000e-05  8.00000000e-01  5.00000000e-01 
 1.76000000e-05  1.34332702e+00  1.76000000e-05  8.00000000e-01  5.00000000e-01 
 1.77000000e-05  1.34406356e+00  1.77000000e-05  8.00000000e-01  5.00000000e-01 
 1.78000000e-05  1.34479804e+00  1.78000000e-05  8.00000000e-01  5.00000000e-01 
 1.79000000e-05  1.34553046e+00  1.79000000e-05  8.00000000e-01  5.00000000e-01 
 1.80000000e-05  1.34626087e+00  1.80000000e-05  8.00000000e-01  5.00000000e-01 
 1.81000000e-05  1.34698926e+00  1.81000000e-05  8.00000000e-01  5.00000000e-01 
 1.82000000e-05  1.34771566e+00  1.82000000e-05  8.00000000e-01  5.00000000e-01 
 1.83000000e-05  1.34844009e+00  1.83000000e-05  8.00000000e-01  5.00000000e-01 
 1.84000000e-05  1.34916256e+00  1.84000000e-05  8.00000000e-01  5.00000000e-01 
 1.85000000e-05  1.34988309e+00  1.85000000e-05  8.00000000e-01  5.00000000e-01 
 1.86000000e-05  1.35060171e+00  1.86000000e-05  8.00000000e-01  5.00000000e-01 
 1.87000000e-05  1.35131842e+00  1.87000000e-05  8.00000000e-01  5.00000000e-01 
 1.88000000e-05  1.35203324e+00  1.88000000e-05  8.00000000e-01  5.00000000e-01 
 1.89000000e-05  1.35274619e+00  1.89000000e-05  8.00000000e-01  5.00000000e-01 
 1.90000000e-05  1.35345728e+00  1.90000000e-05  8.00000000e-01  5.00000000e-01 
 1.91000000e-05  1.35416653e+00  1.91000000e-05  8.00000000e-01  5.00000000e-01 
 1.92000000e-05  1.35487396e+00  1.92000000e-05  8.00000000e-01  5.00000000e-01 
 1.93000000e-05  1.35557958e+00  1.93000000e-05  8.00000000e-01  5.00000000e-01 
 1.94000000e-05  1.35628340e+00  1.94000000e-05  8.00000000e-01  5.00000000e-01 
 1.95000000e-05  1.35698545e+00  1.95000000e-05  8.00000000e-01  5.00000000e-01 
 1.96000000e-05  1.35768573e+00  1.96000000e-05  8.00000000e-01  5.00000000e-01 
 1.97000000e-05  1.35838426e+00  1.97000000e-05  8.00000000e-01  5.00000000e-01 
 1.98000000e-05  1.35908106e+00  1.98000000e-05  8.00000000e-01  5.00000000e-01 
 1.99000000e-05  1.35977613e+00  1.99000000e-05  8.00000000e-01  5.00000000e-01 
 2.00000000e-05  1.36046950e+00  2.00000000e-05  8.00000000e-01  5.00000000e-01 
 2.01000000e-05  1.36116117e+00  2.01000000e-05  8.00000000e-01  5.00000000e-01 
 2.02000000e-05  1.36185116e+00  2.02000000e-05  8.00000000e-01  5.00000000e-01 
 2.03000000e-05  1.36253948e+00  2.03000000e-05  8.00000000e-01  5.00000000e-01 
 2.04000000e-05  1.36322616e+00  2.04000000e-05  8.00000000e-01  5.00000000e-01 
 2.05000000e-05  1.36391119e+00  2.05000000e-05  8.00000000e-01  5.00000000e-01 
 2.06000000e-05  1.36459459e+00  2.06000000e-05  8.00000000e-01  5.00000000e-01 
 2.07000000e-05  1.36527637e+00  2.07000000e-05  8.00000000e-01  5.00000000e-01 
 2.08000000e-05  1.36595656e+00  2.08000000e-05  8.00000000e-01  5.00000000e-01 
 2.09000000e-05  1.36663515e+00  2.09000000e-05  8.00000000e-01  5.00000000e-01 
 2.10000000e-05  1.36731216e+00  2.10000000e-05  8.00000000e-01  5.00000000e-01 
 2.11000000e-05  1.36798761e+00  2.11000000e-05  8.00000000e-01  5.00000000e-01 
 2.12000000e-05  1.36866151e+00  2.12000000e-05  8.00000000e-01  5.00000000e-01 
 2.13000000e-05  1.36933386e+00  2.13000000e-05  8.00000000e-01  5.00000000e-01 
 2.14000000e-05  1.37000468e+00  2.14000000e-05  8.00000000e-01  5.00000000e-01 
 2.15000000e-05  1.37067398e+00  2.15000000e-05  8.00000000e-01  5.00000000e-01 
 2.16000000e-05  1.37134177e+00  2.16000000e-05  8.00000000e-01  5.00000000e-01 
 2.17000000e-05  1.37200806e+00  2.17000000e-05  8.00000000e-01  5.00000000e-01 
 2.18000000e-05  1.37267287e+00  2.18000000e-05  8.00000000e-01  5.00000000e-01 
 2.19000000e-05  1.37333620e+00  2.19000000e-05  8.00000000e-01  5.00000000e-01 
 2.20000000e-05  1.37399807e+00  2.20000000e-05  8.00000000e-01  5.00000000e-01 
 2.21000000e-05  1.37465848e+00  2.21000000e-05  8.00000000e-01  5.00000000e-01 
 2.22000000e-05  1.37531745e+00  2.22000000e-05  8.00000000e-01  5.00000000e-01 
 2.23000000e-05  1.37597499e+00  2.23000000e-05  8.00000000e-01  5.00000000e-01 
 2.24000000e-05  1.37663110e+00  2.24000000e-05  8.00000000e-01  5.00000000e-01 
 2.25000000e-05  1.37728580e+00  2.25000000e-05  8.00000000e-01  5.00000000e-01 
 2.26000000e-05  1.37793909e+00  2.26000000e-05  8.00000000e-01  5.00000000e-01 
 2.27000000e-05  1.37859100e+00  2.27000000e-05  8.00000000e-01  5.00000000e-01 
 2.28000000e-05  1.37924152e+00  2.28000000e-05  8.00000000e-01  5.00000000e-01 
 2.29000000e-05  1.37989066e+00  2.29000000e-05  8.00000000e-01  5.00000000e-01 
 2.30000000e-05  1.38053844e+00  2.30000000e-05  8.00000000e-01  5.00000000e-01 
 2.31000000e-05  1.38118487e+00  2.31000000e-05  8.00000000e-01  5.00000000e-01 
 2.32000000e-05  1.38182995e+00  2.32000000e-05  8.00000000e-01  5.00000000e-01 
 2.33000000e-05  1.38247369e+00  2.33000000e-05  8.00000000e-01  5.00000000e-01 
 2.34000000e-05  1.38311611e+00  2.34000000e-05  8.00000000e-01  5.00000000e-01 
 2.35000000e-05  1.38375721e+00  2.35000000e-05  8.00000000e-01  5.00000000e-01 
 2.36000000e-05  1.38439699e+00  2.36000000e-05  8.00000000e-01  5.00000000e-01 
 2.37000000e-05  1.38503548e+00  2.37000000e-05  8.00000000e-01  5.00000000e-01 
 2.38000000e-05  1.38567268e+00  2.38000000e-05  8.00000000e-01  5.00000000e-01 
 2.39000000e-05  1.38630859e+00  2.39000000e-05  8.00000000e-01  5.00000000e-01 
 2.40000000e-05  1.38694322e+00  2.40000000e-05  8.00000000e-01  5.00000000e-01 
 2.41000000e-05  1.38757659e+00  2.41000000e-05  8.00000000e-01  5.00000000e-01 
 2.42000000e-05  1.38820870e+00  2.42000000e-05  8.00000000e-01  5.00000000e-01 
 2.43000000e-05  1.38883957e+00  2.43000000e-05  8.00000000e-01  5.00000000e-01 
 2.44000000e-05  1.38946918e+00  2.44000000e-05  8.00000000e-01  5.00000000e-01 
 2.45000000e-05  1.39009757e+00  2.45000000e-05  8.00000000e-01  5.00000000e-01 
 2.46000000e-05  1.39072473e+00  2.46000000e-05  8.00000000e-01  5.00000000e-01 
 2.47000000e-05  1.39135067e+00  2.47000000e-05  8.00000000e-01  5.00000000e-01 
 2.48000000e-05  1.39197540e+00  2.48000000e-05  8.00000000e-01  5.00000000e-01 
 2.49000000e-05  1.39259893e+00  2.49000000e-05  8.00000000e-01  5.00000000e-01 
 2.50000000e-05  1.39322126e+00  2.50000000e-05  8.00000000e-01  5.00000000e-01 
 2.51000000e-05  1.39384240e+00  2.51000000e-05  8.00000000e-01  5.00000000e-01 
 2.52000000e-05  1.39446236e+00  2.52000000e-05  8.00000000e-01  5.00000000e-01 
 2.53000000e-05  1.39508115e+00  2.53000000e-05  8.00000000e-01  5.00000000e-01 
 2.54000000e-05  1.39569878e+00  2.54000000e-05  8.00000000e-01  5.00000000e-01 
 2.55000000e-05  1.39631525e+00  2.55000000e-05  8.00000000e-01  5.00000000e-01 
 2.56000000e-05  1.39693056e+00  2.56000000e-05  8.00000000e-01  5.00000000e-01 
 2.57000000e-05  1.39754473e+00  2.57000000e-05  8.00000000e-01  5.00000000e-01 
 2.58000000e-05  1.39815777e+00  2.58000000e-05  8.00000000e-01  5.00000000e-01 
 2.59000000e-05  1.39876967e+00  2.59000000e-05  8.00000000e-01  5.00000000e-01 
 2.60000000e-05  1.39938045e+00  2.60000000e-05  8.00000000e-01  5.00000000e-01 
 2.61000000e-05  1.39999011e+00  2.61000000e-05  8.00000000e-01  5.00000000e-01 
 2.62000000e-05  1.40059866e+00  2.62000000e-05  8.00000000e-01  5.00000000e-01 
 2.63000000e-05  1.40120611e+00  2.63000000e-05  8.00000000e-01  5.00000000e-01 
 2.64000000e-05  1.40181246e+00  2.64000000e-05  8.00000000e-01  5.00000000e-01 
 2.65000000e-05  1.40241773e+00  2.65000000e-05  8.00000000e-01  5.00000000e-01 
 2.66000000e-05  1.40302190e+00  2.66000000e-05  8.00000000e-01  5.00000000e-01 
 2.67000000e-05  1.40362501e+00  2.67000000e-05  8.00000000e-01  5.00000000e-01 
 2.68000000e-05  1.40422703e+00  2.68000000e-05  8.00000000e-01  5.00000000e-01 
 2.69000000e-05  1.40482800e+00  2.69000000e-05  8.00000000e-01  5.00000000e-01 
 2.70000000e-05  1.40542790e+00  2.70000000e-05  8.00000000e-01  5.00000000e-01 
 2.71000000e-05  1.40602676e+00  2.71000000e-05  8.00000000e-01  5.00000000e-01 
 2.72000000e-05  1.40662456e+00  2.72000000e-05  8.00000000e-01  5.00000000e-01 
 2.73000000e-05  1.40722133e+00  2.73000000e-05  8.00000000e-01  5.00000000e-01 
 2.74000000e-05  1.40781706e+00  2.74000000e-05  8.00000000e-01  5.00000000e-01 
 2.75000000e-05  1.40841176e+00  2.75000000e-05  8.00000000e-01  5.00000000e-01 
 2.76000000e-05  1.40900544e+00  2.76000000e-05  8.00000000e-01  5.00000000e-01 
 2.77000000e-05  1.40959810e+00  2.77000000e-05  8.00000000e-01  5.00000000e-01 
 2.78000000e-05  1.41018975e+00  2.78000000e-05  8.00000000e-01  5.00000000e-01 
 2.79000000e-05  1.41078040e+00  2.79000000e-05  8.00000000e-01  5.00000000e-01 
 2.80000000e-05  1.41137004e+00  2.80000000e-05  8.00000000e-01  5.00000000e-01 
 2.81000000e-05  1.41195869e+00  2.81000000e-05  8.00000000e-01  5.00000000e-01 
 2.82000000e-05  1.41254635e+00  2.82000000e-05  8.00000000e-01  5.00000000e-01 
 2.83000000e-05  1.41313303e+00  2.83000000e-05  8.00000000e-01  5.00000000e-01 
 2.84000000e-05  1.41371873e+00  2.84000000e-05  8.00000000e-01  5.00000000e-01 
 2.85000000e-05  1.41430346e+00  2.85000000e-05  8.00000000e-01  5.00000000e-01 
 2.86000000e-05  1.41488722e+00  2.86000000e-05  8.00000000e-01  5.00000000e-01 
 2.87000000e-05  1.41547001e+00  2.87000000e-05  8.00000000e-01  5.00000000e-01 
 2.88000000e-05  1.41605185e+00  2.88000000e-05  8.00000000e-01  5.00000000e-01 
 2.89000000e-05  1.41663274e+00  2.89000000e-05  8.00000000e-01  5.00000000e-01 
 2.90000000e-05  1.41721268e+00  2.90000000e-05  8.00000000e-01  5.00000000e-01 
 2.91000000e-05  1.41779168e+00  2.91000000e-05  8.00000000e-01  5.00000000e-01 
 2.92000000e-05  1.41836974e+00  2.92000000e-05  8.00000000e-01  5.00000000e-01 
 2.93000000e-05  1.41894687e+00  2.93000000e-05  8.00000000e-01  5.00000000e-01 
 2.94000000e-05  1.41952307e+00  2.94000000e-05  8.00000000e-01  5.00000000e-01 
 2.95000000e-05  1.42009836e+00  2.95000000e-05  8.00000000e-01  5.00000000e-01 
 2.96000000e-05  1.42067272e+00  2.96000000e-05  8.00000000e-01  5.00000000e-01 
 2.97000000e-05  1.42124617e+00  2.97000000e-05  8.00000000e-01  5.00000000e-01 
 2.98000000e-05  1.42181872e+00  2.98000000e-05  8.00000000e-01  5.00000000e-01 
 2.99000000e-05  1.42239036e+00  2.99000000e-05  8.00000000e-01  5.00000000e-01 
 3.00000000e-05  1.42296111e+00  3.00000000e-05  8.00000000e-01  5.00000000e-01 
