 i-sweep         v(vout)         i(viin)         v(vgate)        v(vmid)        
-6.00000000e-06  1.30837968e-01 -6.00000000e-06  1.20000000e+00  7.00000000e-01 
-5.90000000e-06  1.34392385e-01 -5.90000000e-06  1.20000000e+00  7.00000000e-01 
-5.80000000e-06  1.37975135e-01 -5.80000000e-06  1.20000000e+00  7.00000000e-01 
-5.70000000e-06  1.41586922e-01 -5.70000000e-06  1.20000000e+00  7.00000000e-01 
-5.60000000e-06  1.45228479e-01 -5.60000000e-06  1.20000000e+00  7.00000000e-01 
-5.50000000e-06  1.48900568e-01 -5.50000000e-06  1.20000000e+00  7.00000000e-01 
-5.40000000e-06  1.52603988e-01 -5.40000000e-06  1.20000000e+00  7.00000000e-01 
-5.30000000e-06  1.56339571e-01 -5.30000000e-06  1.20000000e+00  7.00000000e-01 
-5.20000000e-06  1.60108187e-01 -5.20000000e-06  1.20000000e+00  7.00000000e-01 
-5.10000000e-06  1.63910748e-01 -5.10000000e-06  1.20000000e+00  7.00000000e-01 
-5.00000000e-06  1.67748205e-01 -5.00000000e-06  1.20000000e+00  7.00000000e-01 
-4.90000000e-06  1.71621560e-01 -4.90000000e-06  1.20000000e+00  7.00000000e-01 
-4.80000000e-06  1.75531861e-01 -4.80000000e-06  1.20000000e+00  7.00000000e-01 
-4.70000000e-06  1.79480210e-01 -4.70000000e-06  1.20000000e+00  7.00000000e-01 
-4.60000000e-06  1.83467766e-01 -4.60000000e-06  1.20000000e+00  7.00000000e-01 
-4.50000000e-06  1.87495748e-01 -4.50000000e-06  1.20000000e+00  7.00000000e-01 
-4.40000000e-06  1.91565444e-01 -4.40000000e-06  1.20000000e+00  7.00000000e-01 
-4.30000000e-06  1.95678209e-01 -4.30000000e-06  1.20000000e+00  7.00000000e-01 
-4.20000000e-06  1.99835480e-01 -4.20000000e-06  1.20000000e+00  7.00000000e-01 
-4.10000000e-06  2.04038774e-01 -4.10000000e-06  1.20000000e+00  7.00000000e-01 
-4.00000000e-06  2.08289702e-01 -4.00000000e-06  1.20000000e+00  7.00000000e-01 
-3.90000000e-06  2.12589973e-01 -3.90000000e-06  1.20000000e+00  7.00000000e-01 
-3.80000000e-06  2.16941406e-01 -3.80000000e-06  1.20000000e+00  7.00000000e-01 
-3.70000000e-06  2.21345939e-01 -3.70000000e-06  1.20000000e+00  7.00000000e-01 
-3.60000000e-06  2.25805641e-01 -3.60000000e-06  1.20000000e+00  7.00000000e-01 
-3.50000000e-06  2.30322726e-01 -3.50000000e-06  1.20000000e+00  7.00000000e-01 
-3.40000000e-06  2.34899567e-01 -3.40000000e-06  1.20000000e+00  7.00000000e-01 
-3.30000000e-06  2.39538716e-01 -3.30000000e-06  1.20000000e+00  7.00000000e-01 
-3.20000000e-06  2.44242922e-01 -3.20000000e-06  1.20000000e+00  7.00000000e-01 
-3.10000000e-06  2.49015155e-01 -3.10000000e-06  1.20000000e+00  7.00000000e-01 
-3.00000000e-06  2.53858633e-01 -3.00000000e-06  1.20000000e+00  7.00000000e-01 
-2.90000000e-06  2.58776853e-01 -2.90000000e-06  1.20000000e+00  7.00000000e-01 
-2.80000000e-06  2.63773629e-01 -2.80000000e-06  1.20000000e+00  7.00000000e-01 
-2.70000000e-06  2.68853136e-01 -2.70000000e-06  1.20000000e+00  7.00000000e-01 
-2.60000000e-06  2.74019956e-01 -2.60000000e-06  1.20000000e+00  7.00000000e-01 
-2.50000000e-06  2.79279147e-01 -2.50000000e-06  1.20000000e+00  7.00000000e-01 
-2.40000000e-06  2.84636312e-01 -2.40000000e-06  1.20000000e+00  7.00000000e-01 
-2.30000000e-06  2.90097688e-01 -2.30000000e-06  1.20000000e+00  7.00000000e-01 
-2.20000000e-06  2.95670256e-01 -2.20000000e-06  1.20000000e+00  7.00000000e-01 
-2.10000000e-06  3.01361873e-01 -2.10000000e-06  1.20000000e+00  7.00000000e-01 
-2.00000000e-06  3.07181436e-01 -2.00000000e-06  1.20000000e+00  7.00000000e-01 
-1.90000000e-06  3.13139093e-01 -1.90000000e-06  1.20000000e+00  7.00000000e-01 
-1.80000000e-06  3.19246496e-01 -1.80000000e-06  1.20000000e+00  7.00000000e-01 
-1.70000000e-06  3.25517145e-01 -1.70000000e-06  1.20000000e+00  7.00000000e-01 
-1.60000000e-06  3.31966815e-01 -1.60000000e-06  1.20000000e+00  7.00000000e-01 
-1.50000000e-06  3.38614128e-01 -1.50000000e-06  1.20000000e+00  7.00000000e-01 
-1.40000000e-06  3.45481319e-01 -1.40000000e-06  1.20000000e+00  7.00000000e-01 
-1.30000000e-06  3.52595275e-01 -1.30000000e-06  1.20000000e+00  7.00000000e-01 
-1.20000000e-06  3.59988977e-01 -1.20000000e-06  1.20000000e+00  7.00000000e-01 
-1.10000000e-06  3.67703567e-01 -1.10000000e-06  1.20000000e+00  7.00000000e-01 
-1.00000000e-06  3.75791828e-01 -1.00000000e-06  1.20000000e+00  7.00000000e-01 
-9.00000000e-07  3.84321359e-01 -9.00000000e-07  1.20000000e+00  7.00000000e-01 
-8.00000000e-07  3.93383628e-01 -8.00000000e-07  1.20000000e+00  7.00000000e-01 
-7.00000000e-07  4.03104940e-01 -7.00000000e-07  1.20000000e+00  7.00000000e-01 
-6.00000000e-07  4.13667786e-01 -6.00000000e-07  1.20000000e+00  7.00000000e-01 
-5.00000000e-07  4.25350970e-01 -5.00000000e-07  1.20000000e+00  7.00000000e-01 
-4.00000000e-07  4.38614112e-01 -4.00000000e-07  1.20000000e+00  7.00000000e-01 
-3.00000000e-07  4.54303394e-01 -3.00000000e-07  1.20000000e+00  7.00000000e-01 
-2.00000000e-07  4.74284099e-01 -2.00000000e-07  1.20000000e+00  7.00000000e-01 
-1.00000000e-07  5.04372997e-01 -1.00000000e-07  1.20000000e+00  7.00000000e-01 
-5.71747239e-21  6.98671882e-01 -5.71747239e-21  1.20000000e+00  7.00000000e-01 
 1.00000000e-07  1.01507942e+00  1.00000000e-07  1.20000000e+00  7.00000000e-01 
 2.00000000e-07  1.04756339e+00  2.00000000e-07  1.20000000e+00  7.00000000e-01 
 3.00000000e-07  1.06647049e+00  3.00000000e-07  1.20000000e+00  7.00000000e-01 
 4.00000000e-07  1.07992430e+00  4.00000000e-07  1.20000000e+00  7.00000000e-01 
 5.00000000e-07  1.09043852e+00  5.00000000e-07  1.20000000e+00  7.00000000e-01 
 6.00000000e-07  1.09910396e+00  6.00000000e-07  1.20000000e+00  7.00000000e-01 
 7.00000000e-07  1.10651332e+00  7.00000000e-07  1.20000000e+00  7.00000000e-01 
 8.00000000e-07  1.11300837e+00  8.00000000e-07  1.20000000e+00  7.00000000e-01 
 9.00000000e-07  1.11880847e+00  9.00000000e-07  1.20000000e+00  7.00000000e-01 
 1.00000000e-06  1.12406244e+00  1.00000000e-06  1.20000000e+00  7.00000000e-01 
 1.10000000e-06  1.12887583e+00  1.10000000e-06  1.20000000e+00  7.00000000e-01 
 1.20000000e-06  1.13332618e+00  1.20000000e-06  1.20000000e+00  7.00000000e-01 
 1.30000000e-06  1.13747872e+00  1.30000000e-06  1.20000000e+00  7.00000000e-01 
 1.40000000e-06  1.14136294e+00  1.40000000e-06  1.20000000e+00  7.00000000e-01 
 1.50000000e-06  1.14502501e+00  1.50000000e-06  1.20000000e+00  7.00000000e-01 
 1.60000000e-06  1.14849331e+00  1.60000000e-06  1.20000000e+00  7.00000000e-01 
 1.70000000e-06  1.15179110e+00  1.70000000e-06  1.20000000e+00  7.00000000e-01 
 1.80000000e-06  1.15493766e+00  1.80000000e-06  1.20000000e+00  7.00000000e-01 
 1.90000000e-06  1.15794918e+00  1.90000000e-06  1.20000000e+00  7.00000000e-01 
 2.00000000e-06  1.16083932e+00  2.00000000e-06  1.20000000e+00  7.00000000e-01 
 2.10000000e-06  1.16361976e+00  2.10000000e-06  1.20000000e+00  7.00000000e-01 
 2.20000000e-06  1.16630055e+00  2.20000000e-06  1.20000000e+00  7.00000000e-01 
 2.30000000e-06  1.16889039e+00  2.30000000e-06  1.20000000e+00  7.00000000e-01 
 2.40000000e-06  1.17139687e+00  2.40000000e-06  1.20000000e+00  7.00000000e-01 
 2.50000000e-06  1.17382664e+00  2.50000000e-06  1.20000000e+00  7.00000000e-01 
 2.60000000e-06  1.17618558e+00  2.60000000e-06  1.20000000e+00  7.00000000e-01 
 2.70000000e-06  1.17847889e+00  2.70000000e-06  1.20000000e+00  7.00000000e-01 
 2.80000000e-06  1.18071123e+00  2.80000000e-06  1.20000000e+00  7.00000000e-01 
 2.90000000e-06  1.18288673e+00  2.90000000e-06  1.20000000e+00  7.00000000e-01 
 3.00000000e-06  1.18500914e+00  3.00000000e-06  1.20000000e+00  7.00000000e-01 
 3.10000000e-06  1.18708181e+00  3.10000000e-06  1.20000000e+00  7.00000000e-01 
 3.20000000e-06  1.18910780e+00  3.20000000e-06  1.20000000e+00  7.00000000e-01 
 3.30000000e-06  1.19108986e+00  3.30000000e-06  1.20000000e+00  7.00000000e-01 
 3.40000000e-06  1.19303052e+00  3.40000000e-06  1.20000000e+00  7.00000000e-01 
 3.50000000e-06  1.19493209e+00  3.50000000e-06  1.20000000e+00  7.00000000e-01 
 3.60000000e-06  1.19679666e+00  3.60000000e-06  1.20000000e+00  7.00000000e-01 
 3.70000000e-06  1.19862617e+00  3.70000000e-06  1.20000000e+00  7.00000000e-01 
 3.80000000e-06  1.20042874e+00  3.80000000e-06  1.20000000e+00  7.00000000e-01 
 3.90000000e-06  1.20219237e+00  3.90000000e-06  1.20000000e+00  7.00000000e-01 
 4.00000000e-06  1.20392605e+00  4.00000000e-06  1.20000000e+00  7.00000000e-01 
 4.10000000e-06  1.20563117e+00  4.10000000e-06  1.20000000e+00  7.00000000e-01 
 4.20000000e-06  1.20730902e+00  4.20000000e-06  1.20000000e+00  7.00000000e-01 
 4.30000000e-06  1.20896080e+00  4.30000000e-06  1.20000000e+00  7.00000000e-01 
 4.40000000e-06  1.21058762e+00  4.40000000e-06  1.20000000e+00  7.00000000e-01 
 4.50000000e-06  1.21219053e+00  4.50000000e-06  1.20000000e+00  7.00000000e-01 
 4.60000000e-06  1.21377052e+00  4.60000000e-06  1.20000000e+00  7.00000000e-01 
 4.70000000e-06  1.21532849e+00  4.70000000e-06  1.20000000e+00  7.00000000e-01 
 4.80000000e-06  1.21686533e+00  4.80000000e-06  1.20000000e+00  7.00000000e-01 
 4.90000000e-06  1.21838183e+00  4.90000000e-06  1.20000000e+00  7.00000000e-01 
 5.00000000e-06  1.21987875e+00  5.00000000e-06  1.20000000e+00  7.00000000e-01 
 5.10000000e-06  1.22135683e+00  5.10000000e-06  1.20000000e+00  7.00000000e-01 
 5.20000000e-06  1.22281674e+00  5.20000000e-06  1.20000000e+00  7.00000000e-01 
 5.30000000e-06  1.22425912e+00  5.30000000e-06  1.20000000e+00  7.00000000e-01 
 5.40000000e-06  1.22568457e+00  5.40000000e-06  1.20000000e+00  7.00000000e-01 
 5.50000000e-06  1.22709367e+00  5.50000000e-06  1.20000000e+00  7.00000000e-01 
 5.60000000e-06  1.22848697e+00  5.60000000e-06  1.20000000e+00  7.00000000e-01 
 5.70000000e-06  1.22986498e+00  5.70000000e-06  1.20000000e+00  7.00000000e-01 
 5.80000000e-06  1.23122818e+00  5.80000000e-06  1.20000000e+00  7.00000000e-01 
 5.90000000e-06  1.23257705e+00  5.90000000e-06  1.20000000e+00  7.00000000e-01 
 6.00000000e-06  1.23391203e+00  6.00000000e-06  1.20000000e+00  7.00000000e-01 
