 i-sweep         v(vout)         i(viin)         v(vgate)        v(vmid)        
-6.00000000e-06  5.56946926e-02 -6.00000000e-06  1.10000000e+00  1.80000000e+00 
-5.90000000e-06  5.91973073e-02 -5.90000000e-06  1.10000000e+00  1.80000000e+00 
-5.80000000e-06  6.27277144e-02 -5.80000000e-06  1.10000000e+00  1.80000000e+00 
-5.70000000e-06  6.62865995e-02 -5.70000000e-06  1.10000000e+00  1.80000000e+00 
-5.60000000e-06  6.98746769e-02 -5.60000000e-06  1.10000000e+00  1.80000000e+00 
-5.50000000e-06  7.34926916e-02 -5.50000000e-06  1.10000000e+00  1.80000000e+00 
-5.40000000e-06  7.71414210e-02 -5.40000000e-06  1.10000000e+00  1.80000000e+00 
-5.30000000e-06  8.08216769e-02 -5.30000000e-06  1.10000000e+00  1.80000000e+00 
-5.20000000e-06  8.45343079e-02 -5.20000000e-06  1.10000000e+00  1.80000000e+00 
-5.10000000e-06  8.82802021e-02 -5.10000000e-06  1.10000000e+00  1.80000000e+00 
-5.00000000e-06  9.20602892e-02 -5.00000000e-06  1.10000000e+00  1.80000000e+00 
-4.90000000e-06  9.58755439e-02 -4.90000000e-06  1.10000000e+00  1.80000000e+00 
-4.80000000e-06  9.97269891e-02 -4.80000000e-06  1.10000000e+00  1.80000000e+00 
-4.70000000e-06  1.03615699e-01 -4.70000000e-06  1.10000000e+00  1.80000000e+00 
-4.60000000e-06  1.07542804e-01 -4.60000000e-06  1.10000000e+00  1.80000000e+00 
-4.50000000e-06  1.11509494e-01 -4.50000000e-06  1.10000000e+00  1.80000000e+00 
-4.40000000e-06  1.15517023e-01 -4.40000000e-06  1.10000000e+00  1.80000000e+00 
-4.30000000e-06  1.19566716e-01 -4.30000000e-06  1.10000000e+00  1.80000000e+00 
-4.20000000e-06  1.23659972e-01 -4.20000000e-06  1.10000000e+00  1.80000000e+00 
-4.10000000e-06  1.27798275e-01 -4.10000000e-06  1.10000000e+00  1.80000000e+00 
-4.00000000e-06  1.31983195e-01 -4.00000000e-06  1.10000000e+00  1.80000000e+00 
-3.90000000e-06  1.36216403e-01 -3.90000000e-06  1.10000000e+00  1.80000000e+00 
-3.80000000e-06  1.40499676e-01 -3.80000000e-06  1.10000000e+00  1.80000000e+00 
-3.70000000e-06  1.44834908e-01 -3.70000000e-06  1.10000000e+00  1.80000000e+00 
-3.60000000e-06  1.49224122e-01 -3.60000000e-06  1.10000000e+00  1.80000000e+00 
-3.50000000e-06  1.53669484e-01 -3.50000000e-06  1.10000000e+00  1.80000000e+00 
-3.40000000e-06  1.58173318e-01 -3.40000000e-06  1.10000000e+00  1.80000000e+00 
-3.30000000e-06  1.62738123e-01 -3.30000000e-06  1.10000000e+00  1.80000000e+00 
-3.20000000e-06  1.67366595e-01 -3.20000000e-06  1.10000000e+00  1.80000000e+00 
-3.10000000e-06  1.72061647e-01 -3.10000000e-06  1.10000000e+00  1.80000000e+00 
-3.00000000e-06  1.76826438e-01 -3.00000000e-06  1.10000000e+00  1.80000000e+00 
-2.90000000e-06  1.81664405e-01 -2.90000000e-06  1.10000000e+00  1.80000000e+00 
-2.80000000e-06  1.86579300e-01 -2.80000000e-06  1.10000000e+00  1.80000000e+00 
-2.70000000e-06  1.91575230e-01 -2.70000000e-06  1.10000000e+00  1.80000000e+00 
-2.60000000e-06  1.96656715e-01 -2.60000000e-06  1.10000000e+00  1.80000000e+00 
-2.50000000e-06  2.01828744e-01 -2.50000000e-06  1.10000000e+00  1.80000000e+00 
-2.40000000e-06  2.07096850e-01 -2.40000000e-06  1.10000000e+00  1.80000000e+00 
-2.30000000e-06  2.12467202e-01 -2.30000000e-06  1.10000000e+00  1.80000000e+00 
-2.20000000e-06  2.17946712e-01 -2.20000000e-06  1.10000000e+00  1.80000000e+00 
-2.10000000e-06  2.23543169e-01 -2.10000000e-06  1.10000000e+00  1.80000000e+00 
-2.00000000e-06  2.29265406e-01 -2.00000000e-06  1.10000000e+00  1.80000000e+00 
-1.90000000e-06  2.35123508e-01 -1.90000000e-06  1.10000000e+00  1.80000000e+00 
-1.80000000e-06  2.41129075e-01 -1.80000000e-06  1.10000000e+00  1.80000000e+00 
-1.70000000e-06  2.47295560e-01 -1.70000000e-06  1.10000000e+00  1.80000000e+00 
-1.60000000e-06  2.53638705e-01 -1.60000000e-06  1.10000000e+00  1.80000000e+00 
-1.50000000e-06  2.60177122e-01 -1.50000000e-06  1.10000000e+00  1.80000000e+00 
-1.40000000e-06  2.66933061e-01 -1.40000000e-06  1.10000000e+00  1.80000000e+00 
-1.30000000e-06  2.73933463e-01 -1.30000000e-06  1.10000000e+00  1.80000000e+00 
-1.20000000e-06  2.81211428e-01 -1.20000000e-06  1.10000000e+00  1.80000000e+00 
-1.10000000e-06  2.88808302e-01 -1.10000000e-06  1.10000000e+00  1.80000000e+00 
-1.00000000e-06  2.96776751e-01 -1.00000000e-06  1.10000000e+00  1.80000000e+00 
-9.00000000e-07  3.05185413e-01 -9.00000000e-07  1.10000000e+00  1.80000000e+00 
-8.00000000e-07  3.14126247e-01 -8.00000000e-07  1.10000000e+00  1.80000000e+00 
-7.00000000e-07  3.23726719e-01 -7.00000000e-07  1.10000000e+00  1.80000000e+00 
-6.00000000e-07  3.34171241e-01 -6.00000000e-07  1.10000000e+00  1.80000000e+00 
-5.00000000e-07  3.45741958e-01 -5.00000000e-07  1.10000000e+00  1.80000000e+00 
-4.00000000e-07  3.58904787e-01 -4.00000000e-07  1.10000000e+00  1.80000000e+00 
-3.00000000e-07  3.74519494e-01 -3.00000000e-07  1.10000000e+00  1.80000000e+00 
-2.00000000e-07  3.94483033e-01 -2.00000000e-07  1.10000000e+00  1.80000000e+00 
-1.00000000e-07  4.24733734e-01 -1.00000000e-07  1.10000000e+00  1.80000000e+00 
-5.71747239e-21  9.07220139e-01 -5.71747239e-21  1.10000000e+00  1.80000000e+00 
 1.00000000e-07  1.52368399e+00  1.00000000e-07  1.10000000e+00  1.80000000e+00 
 2.00000000e-07  1.55582452e+00  2.00000000e-07  1.10000000e+00  1.80000000e+00 
 3.00000000e-07  1.57456756e+00  3.00000000e-07  1.10000000e+00  1.80000000e+00 
 4.00000000e-07  1.58791767e+00  4.00000000e-07  1.10000000e+00  1.80000000e+00 
 5.00000000e-07  1.59832538e+00  5.00000000e-07  1.10000000e+00  1.80000000e+00 
 6.00000000e-07  1.60691212e+00  6.00000000e-07  1.10000000e+00  1.80000000e+00 
 7.00000000e-07  1.61424959e+00  7.00000000e-07  1.10000000e+00  1.80000000e+00 
 8.00000000e-07  1.62067800e+00  8.00000000e-07  1.10000000e+00  1.80000000e+00 
 9.00000000e-07  1.62641545e+00  9.00000000e-07  1.10000000e+00  1.80000000e+00 
 1.00000000e-06  1.63160994e+00  1.00000000e-06  1.10000000e+00  1.80000000e+00 
 1.10000000e-06  1.63636639e+00  1.10000000e-06  1.10000000e+00  1.80000000e+00 
 1.20000000e-06  1.64076188e+00  1.20000000e-06  1.10000000e+00  1.80000000e+00 
 1.30000000e-06  1.64485469e+00  1.30000000e-06  1.10000000e+00  1.80000000e+00 
 1.40000000e-06  1.64868993e+00  1.40000000e-06  1.10000000e+00  1.80000000e+00 
 1.50000000e-06  1.65230327e+00  1.50000000e-06  1.10000000e+00  1.80000000e+00 
 1.60000000e-06  1.65572336e+00  1.60000000e-06  1.10000000e+00  1.80000000e+00 
 1.70000000e-06  1.65897359e+00  1.70000000e-06  1.10000000e+00  1.80000000e+00 
 1.80000000e-06  1.66207329e+00  1.80000000e-06  1.10000000e+00  1.80000000e+00 
 1.90000000e-06  1.66503862e+00  1.90000000e-06  1.10000000e+00  1.80000000e+00 
 2.00000000e-06  1.66788324e+00  2.00000000e-06  1.10000000e+00  1.80000000e+00 
 2.10000000e-06  1.67061879e+00  2.10000000e-06  1.10000000e+00  1.80000000e+00 
 2.20000000e-06  1.67325529e+00  2.20000000e-06  1.10000000e+00  1.80000000e+00 
 2.30000000e-06  1.67580139e+00  2.30000000e-06  1.10000000e+00  1.80000000e+00 
 2.40000000e-06  1.67826464e+00  2.40000000e-06  1.10000000e+00  1.80000000e+00 
 2.50000000e-06  1.68065168e+00  2.50000000e-06  1.10000000e+00  1.80000000e+00 
 2.60000000e-06  1.68296835e+00  2.60000000e-06  1.10000000e+00  1.80000000e+00 
 2.70000000e-06  1.68521983e+00  2.70000000e-06  1.10000000e+00  1.80000000e+00 
 2.80000000e-06  1.68741073e+00  2.80000000e-06  1.10000000e+00  1.80000000e+00 
 2.90000000e-06  1.68954518e+00  2.90000000e-06  1.10000000e+00  1.80000000e+00 
 3.00000000e-06  1.69162690e+00  3.00000000e-06  1.10000000e+00  1.80000000e+00 
 3.10000000e-06  1.69365922e+00  3.10000000e-06  1.10000000e+00  1.80000000e+00 
 3.20000000e-06  1.69564519e+00  3.20000000e-06  1.10000000e+00  1.80000000e+00 
 3.30000000e-06  1.69758754e+00  3.30000000e-06  1.10000000e+00  1.80000000e+00 
 3.40000000e-06  1.69948879e+00  3.40000000e-06  1.10000000e+00  1.80000000e+00 
 3.50000000e-06  1.70135122e+00  3.50000000e-06  1.10000000e+00  1.80000000e+00 
 3.60000000e-06  1.70317692e+00  3.60000000e-06  1.10000000e+00  1.80000000e+00 
 3.70000000e-06  1.70496783e+00  3.70000000e-06  1.10000000e+00  1.80000000e+00 
 3.80000000e-06  1.70672571e+00  3.80000000e-06  1.10000000e+00  1.80000000e+00 
 3.90000000e-06  1.70845220e+00  3.90000000e-06  1.10000000e+00  1.80000000e+00 
 4.00000000e-06  1.71014881e+00  4.00000000e-06  1.10000000e+00  1.80000000e+00 
 4.10000000e-06  1.71181694e+00  4.10000000e-06  1.10000000e+00  1.80000000e+00 
 4.20000000e-06  1.71345790e+00  4.20000000e-06  1.10000000e+00  1.80000000e+00 
 4.30000000e-06  1.71507290e+00  4.30000000e-06  1.10000000e+00  1.80000000e+00 
 4.40000000e-06  1.71666306e+00  4.40000000e-06  1.10000000e+00  1.80000000e+00 
 4.50000000e-06  1.71822944e+00  4.50000000e-06  1.10000000e+00  1.80000000e+00 
 4.60000000e-06  1.71977302e+00  4.60000000e-06  1.10000000e+00  1.80000000e+00 
 4.70000000e-06  1.72129472e+00  4.70000000e-06  1.10000000e+00  1.80000000e+00 
 4.80000000e-06  1.72279541e+00  4.80000000e-06  1.10000000e+00  1.80000000e+00 
 4.90000000e-06  1.72427590e+00  4.90000000e-06  1.10000000e+00  1.80000000e+00 
 5.00000000e-06  1.72573695e+00  5.00000000e-06  1.10000000e+00  1.80000000e+00 
 5.10000000e-06  1.72717929e+00  5.10000000e-06  1.10000000e+00  1.80000000e+00 
 5.20000000e-06  1.72860359e+00  5.20000000e-06  1.10000000e+00  1.80000000e+00 
 5.30000000e-06  1.73001049e+00  5.30000000e-06  1.10000000e+00  1.80000000e+00 
 5.40000000e-06  1.73140060e+00  5.40000000e-06  1.10000000e+00  1.80000000e+00 
 5.50000000e-06  1.73277449e+00  5.50000000e-06  1.10000000e+00  1.80000000e+00 
 5.60000000e-06  1.73413269e+00  5.60000000e-06  1.10000000e+00  1.80000000e+00 
 5.70000000e-06  1.73547573e+00  5.70000000e-06  1.10000000e+00  1.80000000e+00 
 5.80000000e-06  1.73680410e+00  5.80000000e-06  1.10000000e+00  1.80000000e+00 
 5.90000000e-06  1.73811825e+00  5.90000000e-06  1.10000000e+00  1.80000000e+00 
 6.00000000e-06  1.73941862e+00  6.00000000e-06  1.10000000e+00  1.80000000e+00 
