 i-sweep         v(vout)         i(viin)         v(vgate)        v(vmid)        
-6.00000000e-06  5.47744302e-01 -6.00000000e-06  1.70000000e+00  1.40000000e+00 
-5.90000000e-06  5.51386295e-01 -5.90000000e-06  1.70000000e+00  1.40000000e+00 
-5.80000000e-06  5.55057054e-01 -5.80000000e-06  1.70000000e+00  1.40000000e+00 
-5.70000000e-06  5.58757299e-01 -5.70000000e-06  1.70000000e+00  1.40000000e+00 
-5.60000000e-06  5.62487784e-01 -5.60000000e-06  1.70000000e+00  1.40000000e+00 
-5.50000000e-06  5.66249291e-01 -5.50000000e-06  1.70000000e+00  1.40000000e+00 
-5.40000000e-06  5.70042640e-01 -5.40000000e-06  1.70000000e+00  1.40000000e+00 
-5.30000000e-06  5.73868686e-01 -5.30000000e-06  1.70000000e+00  1.40000000e+00 
-5.20000000e-06  5.77728323e-01 -5.20000000e-06  1.70000000e+00  1.40000000e+00 
-5.10000000e-06  5.81622489e-01 -5.10000000e-06  1.70000000e+00  1.40000000e+00 
-5.00000000e-06  5.85552162e-01 -5.00000000e-06  1.70000000e+00  1.40000000e+00 
-4.90000000e-06  5.89518371e-01 -4.90000000e-06  1.70000000e+00  1.40000000e+00 
-4.80000000e-06  5.93522195e-01 -4.80000000e-06  1.70000000e+00  1.40000000e+00 
-4.70000000e-06  5.97564768e-01 -4.70000000e-06  1.70000000e+00  1.40000000e+00 
-4.60000000e-06  6.01647281e-01 -4.60000000e-06  1.70000000e+00  1.40000000e+00 
-4.50000000e-06  6.05770991e-01 -4.50000000e-06  1.70000000e+00  1.40000000e+00 
-4.40000000e-06  6.09937220e-01 -4.40000000e-06  1.70000000e+00  1.40000000e+00 
-4.30000000e-06  6.14147365e-01 -4.30000000e-06  1.70000000e+00  1.40000000e+00 
-4.20000000e-06  6.18402904e-01 -4.20000000e-06  1.70000000e+00  1.40000000e+00 
-4.10000000e-06  6.22705401e-01 -4.10000000e-06  1.70000000e+00  1.40000000e+00 
-4.00000000e-06  6.27056511e-01 -4.00000000e-06  1.70000000e+00  1.40000000e+00 
-3.90000000e-06  6.31457995e-01 -3.90000000e-06  1.70000000e+00  1.40000000e+00 
-3.80000000e-06  6.35911726e-01 -3.80000000e-06  1.70000000e+00  1.40000000e+00 
-3.70000000e-06  6.40419697e-01 -3.70000000e-06  1.70000000e+00  1.40000000e+00 
-3.60000000e-06  6.44984038e-01 -3.60000000e-06  1.70000000e+00  1.40000000e+00 
-3.50000000e-06  6.49607027e-01 -3.50000000e-06  1.70000000e+00  1.40000000e+00 
-3.40000000e-06  6.54291106e-01 -3.40000000e-06  1.70000000e+00  1.40000000e+00 
-3.30000000e-06  6.59038898e-01 -3.30000000e-06  1.70000000e+00  1.40000000e+00 
-3.20000000e-06  6.63853230e-01 -3.20000000e-06  1.70000000e+00  1.40000000e+00 
-3.10000000e-06  6.68737155e-01 -3.10000000e-06  1.70000000e+00  1.40000000e+00 
-3.00000000e-06  6.73693978e-01 -3.00000000e-06  1.70000000e+00  1.40000000e+00 
-2.90000000e-06  6.78727291e-01 -2.90000000e-06  1.70000000e+00  1.40000000e+00 
-2.80000000e-06  6.83841008e-01 -2.80000000e-06  1.70000000e+00  1.40000000e+00 
-2.70000000e-06  6.89039410e-01 -2.70000000e-06  1.70000000e+00  1.40000000e+00 
-2.60000000e-06  6.94327195e-01 -2.60000000e-06  1.70000000e+00  1.40000000e+00 
-2.50000000e-06  6.99709545e-01 -2.50000000e-06  1.70000000e+00  1.40000000e+00 
-2.40000000e-06  7.05192194e-01 -2.40000000e-06  1.70000000e+00  1.40000000e+00 
-2.30000000e-06  7.10781523e-01 -2.30000000e-06  1.70000000e+00  1.40000000e+00 
-2.20000000e-06  7.16484665e-01 -2.20000000e-06  1.70000000e+00  1.40000000e+00 
-2.10000000e-06  7.22309645e-01 -2.10000000e-06  1.70000000e+00  1.40000000e+00 
-2.00000000e-06  7.28265541e-01 -2.00000000e-06  1.70000000e+00  1.40000000e+00 
-1.90000000e-06  7.34362694e-01 -1.90000000e-06  1.70000000e+00  1.40000000e+00 
-1.80000000e-06  7.40612975e-01 -1.80000000e-06  1.70000000e+00  1.40000000e+00 
-1.70000000e-06  7.47030119e-01 -1.70000000e-06  1.70000000e+00  1.40000000e+00 
-1.60000000e-06  7.53630164e-01 -1.60000000e-06  1.70000000e+00  1.40000000e+00 
-1.50000000e-06  7.60432028e-01 -1.50000000e-06  1.70000000e+00  1.40000000e+00 
-1.40000000e-06  7.67458279e-01 -1.40000000e-06  1.70000000e+00  1.40000000e+00 
-1.30000000e-06  7.74736189e-01 -1.30000000e-06  1.70000000e+00  1.40000000e+00 
-1.20000000e-06  7.82299196e-01 -1.20000000e-06  1.70000000e+00  1.40000000e+00 
-1.10000000e-06  7.90188992e-01 -1.10000000e-06  1.70000000e+00  1.40000000e+00 
-1.00000000e-06  7.98458584e-01 -1.00000000e-06  1.70000000e+00  1.40000000e+00 
-9.00000000e-07  8.07176938e-01 -9.00000000e-07  1.70000000e+00  1.40000000e+00 
-8.00000000e-07  8.16436302e-01 -8.00000000e-07  1.70000000e+00  1.40000000e+00 
-7.00000000e-07  8.26364332e-01 -7.00000000e-07  1.70000000e+00  1.40000000e+00 
-6.00000000e-07  8.37145417e-01 -6.00000000e-07  1.70000000e+00  1.40000000e+00 
-5.00000000e-07  8.49061183e-01 -5.00000000e-07  1.70000000e+00  1.40000000e+00 
-4.00000000e-07  8.62575809e-01 -4.00000000e-07  1.70000000e+00  1.40000000e+00 
-3.00000000e-07  8.78543881e-01 -3.00000000e-07  1.70000000e+00  1.40000000e+00 
-2.00000000e-07  8.98844597e-01 -2.00000000e-07  1.70000000e+00  1.40000000e+00 
-1.00000000e-07  9.29335876e-01 -1.00000000e-07  1.70000000e+00  1.40000000e+00 
-5.71747239e-21  1.05124649e+00 -5.71747239e-21  1.70000000e+00  1.40000000e+00 
 1.00000000e-07  1.20391718e+00  1.00000000e-07  1.70000000e+00  1.40000000e+00 
 2.00000000e-07  1.23625440e+00  2.00000000e-07  1.70000000e+00  1.40000000e+00 
 3.00000000e-07  1.25510424e+00  3.00000000e-07  1.70000000e+00  1.40000000e+00 
 4.00000000e-07  1.26852754e+00  4.00000000e-07  1.70000000e+00  1.40000000e+00 
 5.00000000e-07  1.27899844e+00  5.00000000e-07  1.70000000e+00  1.40000000e+00 
 6.00000000e-07  1.28764171e+00  6.00000000e-07  1.70000000e+00  1.40000000e+00 
 7.00000000e-07  1.29502804e+00  7.00000000e-07  1.70000000e+00  1.40000000e+00 
 8.00000000e-07  1.30150141e+00  8.00000000e-07  1.70000000e+00  1.40000000e+00 
 9.00000000e-07  1.30728093e+00  9.00000000e-07  1.70000000e+00  1.40000000e+00 
 1.00000000e-06  1.31252967e+00  1.00000000e-06  1.70000000e+00  1.40000000e+00 
 1.10000000e-06  1.31730973e+00  1.10000000e-06  1.70000000e+00  1.40000000e+00 
 1.20000000e-06  1.32174202e+00  1.20000000e-06  1.70000000e+00  1.40000000e+00 
 1.30000000e-06  1.32586982e+00  1.30000000e-06  1.70000000e+00  1.40000000e+00 
 1.40000000e-06  1.32973929e+00  1.40000000e-06  1.70000000e+00  1.40000000e+00 
 1.50000000e-06  1.33338584e+00  1.50000000e-06  1.70000000e+00  1.40000000e+00 
 1.60000000e-06  1.33683844e+00  1.60000000e-06  1.70000000e+00  1.40000000e+00 
 1.70000000e-06  1.34012700e+00  1.70000000e-06  1.70000000e+00  1.40000000e+00 
 1.80000000e-06  1.34325126e+00  1.80000000e-06  1.70000000e+00  1.40000000e+00 
 1.90000000e-06  1.34624957e+00  1.90000000e-06  1.70000000e+00  1.40000000e+00 
 2.00000000e-06  1.34912160e+00  2.00000000e-06  1.70000000e+00  1.40000000e+00 
 2.10000000e-06  1.35188670e+00  2.10000000e-06  1.70000000e+00  1.40000000e+00 
 2.20000000e-06  1.35455229e+00  2.20000000e-06  1.70000000e+00  1.40000000e+00 
 2.30000000e-06  1.35712723e+00  2.30000000e-06  1.70000000e+00  1.40000000e+00 
 2.40000000e-06  1.35962049e+00  2.40000000e-06  1.70000000e+00  1.40000000e+00 
 2.50000000e-06  1.36203346e+00  2.50000000e-06  1.70000000e+00  1.40000000e+00 
 2.60000000e-06  1.36437773e+00  2.60000000e-06  1.70000000e+00  1.40000000e+00 
 2.70000000e-06  1.36665651e+00  2.70000000e-06  1.70000000e+00  1.40000000e+00 
 2.80000000e-06  1.36887443e+00  2.80000000e-06  1.70000000e+00  1.40000000e+00 
 2.90000000e-06  1.37103563e+00  2.90000000e-06  1.70000000e+00  1.40000000e+00 
 3.00000000e-06  1.37314385e+00  3.00000000e-06  1.70000000e+00  1.40000000e+00 
 3.10000000e-06  1.37520244e+00  3.10000000e-06  1.70000000e+00  1.40000000e+00 
 3.20000000e-06  1.37721444e+00  3.20000000e-06  1.70000000e+00  1.40000000e+00 
 3.30000000e-06  1.37919164e+00  3.30000000e-06  1.70000000e+00  1.40000000e+00 
 3.40000000e-06  1.38111708e+00  3.40000000e-06  1.70000000e+00  1.40000000e+00 
 3.50000000e-06  1.38300376e+00  3.50000000e-06  1.70000000e+00  1.40000000e+00 
 3.60000000e-06  1.38485373e+00  3.60000000e-06  1.70000000e+00  1.40000000e+00 
 3.70000000e-06  1.38666889e+00  3.70000000e-06  1.70000000e+00  1.40000000e+00 
 3.80000000e-06  1.38845098e+00  3.80000000e-06  1.70000000e+00  1.40000000e+00 
 3.90000000e-06  1.39020164e+00  3.90000000e-06  1.70000000e+00  1.40000000e+00 
 4.00000000e-06  1.39192236e+00  4.00000000e-06  1.70000000e+00  1.40000000e+00 
 4.10000000e-06  1.39361453e+00  4.10000000e-06  1.70000000e+00  1.40000000e+00 
 4.20000000e-06  1.39527945e+00  4.20000000e-06  1.70000000e+00  1.40000000e+00 
 4.30000000e-06  1.39691832e+00  4.30000000e-06  1.70000000e+00  1.40000000e+00 
 4.40000000e-06  1.39853226e+00  4.40000000e-06  1.70000000e+00  1.40000000e+00 
 4.50000000e-06  1.40012233e+00  4.50000000e-06  1.70000000e+00  1.40000000e+00 
 4.60000000e-06  1.40168951e+00  4.60000000e-06  1.70000000e+00  1.40000000e+00 
 4.70000000e-06  1.40323473e+00  4.70000000e-06  1.70000000e+00  1.40000000e+00 
 4.80000000e-06  1.40475884e+00  4.80000000e-06  1.70000000e+00  1.40000000e+00 
 4.90000000e-06  1.40626265e+00  4.90000000e-06  1.70000000e+00  1.40000000e+00 
 5.00000000e-06  1.40774694e+00  5.00000000e-06  1.70000000e+00  1.40000000e+00 
 5.10000000e-06  1.40921242e+00  5.10000000e-06  1.70000000e+00  1.40000000e+00 
 5.20000000e-06  1.41065978e+00  5.20000000e-06  1.70000000e+00  1.40000000e+00 
 5.30000000e-06  1.41208964e+00  5.30000000e-06  1.70000000e+00  1.40000000e+00 
 5.40000000e-06  1.41350263e+00  5.40000000e-06  1.70000000e+00  1.40000000e+00 
 5.50000000e-06  1.41489931e+00  5.50000000e-06  1.70000000e+00  1.40000000e+00 
 5.60000000e-06  1.41628022e+00  5.60000000e-06  1.70000000e+00  1.40000000e+00 
 5.70000000e-06  1.41764589e+00  5.70000000e-06  1.70000000e+00  1.40000000e+00 
 5.80000000e-06  1.41899679e+00  5.80000000e-06  1.70000000e+00  1.40000000e+00 
 5.90000000e-06  1.42033340e+00  5.90000000e-06  1.70000000e+00  1.40000000e+00 
 6.00000000e-06  1.42165616e+00  6.00000000e-06  1.70000000e+00  1.40000000e+00 
