 i-sweep         v(vout)         i(viin)         v(vgate)        v(vmid)        
-6.00000000e-06  5.41059886e-01 -6.00000000e-06  1.70000000e+00  1.00000000e+00 
-5.90000000e-06  5.44723179e-01 -5.90000000e-06  1.70000000e+00  1.00000000e+00 
-5.80000000e-06  5.48415581e-01 -5.80000000e-06  1.70000000e+00  1.00000000e+00 
-5.70000000e-06  5.52137828e-01 -5.70000000e-06  1.70000000e+00  1.00000000e+00 
-5.60000000e-06  5.55890685e-01 -5.60000000e-06  1.70000000e+00  1.00000000e+00 
-5.50000000e-06  5.59674951e-01 -5.50000000e-06  1.70000000e+00  1.00000000e+00 
-5.40000000e-06  5.63491460e-01 -5.40000000e-06  1.70000000e+00  1.00000000e+00 
-5.30000000e-06  5.67341083e-01 -5.30000000e-06  1.70000000e+00  1.00000000e+00 
-5.20000000e-06  5.71224734e-01 -5.20000000e-06  1.70000000e+00  1.00000000e+00 
-5.10000000e-06  5.75143365e-01 -5.10000000e-06  1.70000000e+00  1.00000000e+00 
-5.00000000e-06  5.79097976e-01 -5.00000000e-06  1.70000000e+00  1.00000000e+00 
-4.90000000e-06  5.83089617e-01 -4.90000000e-06  1.70000000e+00  1.00000000e+00 
-4.80000000e-06  5.87119387e-01 -4.80000000e-06  1.70000000e+00  1.00000000e+00 
-4.70000000e-06  5.91188443e-01 -4.70000000e-06  1.70000000e+00  1.00000000e+00 
-4.60000000e-06  5.95298002e-01 -4.60000000e-06  1.70000000e+00  1.00000000e+00 
-4.50000000e-06  5.99449345e-01 -4.50000000e-06  1.70000000e+00  1.00000000e+00 
-4.40000000e-06  6.03643822e-01 -4.40000000e-06  1.70000000e+00  1.00000000e+00 
-4.30000000e-06  6.07882860e-01 -4.30000000e-06  1.70000000e+00  1.00000000e+00 
-4.20000000e-06  6.12167967e-01 -4.20000000e-06  1.70000000e+00  1.00000000e+00 
-4.10000000e-06  6.16500739e-01 -4.10000000e-06  1.70000000e+00  1.00000000e+00 
-4.00000000e-06  6.20882868e-01 -4.00000000e-06  1.70000000e+00  1.00000000e+00 
-3.90000000e-06  6.25316150e-01 -3.90000000e-06  1.70000000e+00  1.00000000e+00 
-3.80000000e-06  6.29802497e-01 -3.80000000e-06  1.70000000e+00  1.00000000e+00 
-3.70000000e-06  6.34343945e-01 -3.70000000e-06  1.70000000e+00  1.00000000e+00 
-3.60000000e-06  6.38942668e-01 -3.60000000e-06  1.70000000e+00  1.00000000e+00 
-3.50000000e-06  6.43600990e-01 -3.50000000e-06  1.70000000e+00  1.00000000e+00 
-3.40000000e-06  6.48321402e-01 -3.40000000e-06  1.70000000e+00  1.00000000e+00 
-3.30000000e-06  6.53106581e-01 -3.30000000e-06  1.70000000e+00  1.00000000e+00 
-3.20000000e-06  6.57959410e-01 -3.20000000e-06  1.70000000e+00  1.00000000e+00 
-3.10000000e-06  6.62882998e-01 -3.10000000e-06  1.70000000e+00  1.00000000e+00 
-3.00000000e-06  6.67880715e-01 -3.00000000e-06  1.70000000e+00  1.00000000e+00 
-2.90000000e-06  6.72956215e-01 -2.90000000e-06  1.70000000e+00  1.00000000e+00 
-2.80000000e-06  6.78113482e-01 -2.80000000e-06  1.70000000e+00  1.00000000e+00 
-2.70000000e-06  6.83356866e-01 -2.70000000e-06  1.70000000e+00  1.00000000e+00 
-2.60000000e-06  6.88691141e-01 -2.60000000e-06  1.70000000e+00  1.00000000e+00 
-2.50000000e-06  6.94121561e-01 -2.50000000e-06  1.70000000e+00  1.00000000e+00 
-2.40000000e-06  6.99653939e-01 -2.40000000e-06  1.70000000e+00  1.00000000e+00 
-2.30000000e-06  7.05294730e-01 -2.30000000e-06  1.70000000e+00  1.00000000e+00 
-2.20000000e-06  7.11051143e-01 -2.20000000e-06  1.70000000e+00  1.00000000e+00 
-2.10000000e-06  7.16931273e-01 -2.10000000e-06  1.70000000e+00  1.00000000e+00 
-2.00000000e-06  7.22944260e-01 -2.00000000e-06  1.70000000e+00  1.00000000e+00 
-1.90000000e-06  7.29100497e-01 -1.90000000e-06  1.70000000e+00  1.00000000e+00 
-1.80000000e-06  7.35411884e-01 -1.80000000e-06  1.70000000e+00  1.00000000e+00 
-1.70000000e-06  7.41892154e-01 -1.70000000e-06  1.70000000e+00  1.00000000e+00 
-1.60000000e-06  7.48557303e-01 -1.60000000e-06  1.70000000e+00  1.00000000e+00 
-1.50000000e-06  7.55426137e-01 -1.50000000e-06  1.70000000e+00  1.00000000e+00 
-1.40000000e-06  7.62521014e-01 -1.40000000e-06  1.70000000e+00  1.00000000e+00 
-1.30000000e-06  7.69868847e-01 -1.30000000e-06  1.70000000e+00  1.00000000e+00 
-1.20000000e-06  7.77502491e-01 -1.20000000e-06  1.70000000e+00  1.00000000e+00 
-1.10000000e-06  7.85462705e-01 -1.10000000e-06  1.70000000e+00  1.00000000e+00 
-1.00000000e-06  7.93801012e-01 -1.00000000e-06  1.70000000e+00  1.00000000e+00 
-9.00000000e-07  8.02583986e-01 -9.00000000e-07  1.70000000e+00  1.00000000e+00 
-8.00000000e-07  8.11899936e-01 -8.00000000e-07  1.70000000e+00  1.00000000e+00 
-7.00000000e-07  8.21869787e-01 -7.00000000e-07  1.70000000e+00  1.00000000e+00 
-6.00000000e-07  8.32665799e-01 -6.00000000e-07  1.70000000e+00  1.00000000e+00 
-5.00000000e-07  8.44546063e-01 -5.00000000e-07  1.70000000e+00  1.00000000e+00 
-4.00000000e-07  8.57923880e-01 -4.00000000e-07  1.70000000e+00  1.00000000e+00 
-3.00000000e-07  8.73524790e-01 -3.00000000e-07  1.70000000e+00  1.00000000e+00 
-2.00000000e-07  8.92804163e-01 -2.00000000e-07  1.70000000e+00  1.00000000e+00 
-1.00000000e-07  9.19329803e-01 -1.00000000e-07  1.70000000e+00  1.00000000e+00 
-5.71747239e-21  9.63216878e-01 -5.71747239e-21  1.70000000e+00  1.00000000e+00 
 1.00000000e-07  1.01895531e+00  1.00000000e-07  1.70000000e+00  1.00000000e+00 
 2.00000000e-07  1.05180664e+00  2.00000000e-07  1.70000000e+00  1.00000000e+00 
 3.00000000e-07  1.07155000e+00  3.00000000e-07  1.70000000e+00  1.00000000e+00 
 4.00000000e-07  1.08548921e+00  4.00000000e-07  1.70000000e+00  1.00000000e+00 
 5.00000000e-07  1.09629297e+00  5.00000000e-07  1.70000000e+00  1.00000000e+00 
 6.00000000e-07  1.10516212e+00  6.00000000e-07  1.70000000e+00  1.00000000e+00 
 7.00000000e-07  1.11271760e+00  7.00000000e-07  1.70000000e+00  1.00000000e+00 
 8.00000000e-07  1.11931787e+00  8.00000000e-07  1.70000000e+00  1.00000000e+00 
 9.00000000e-07  1.12520124e+00  9.00000000e-07  1.70000000e+00  1.00000000e+00 
 1.00000000e-06  1.13052174e+00  1.00000000e-06  1.70000000e+00  1.00000000e+00 
 1.10000000e-06  1.13538939e+00  1.10000000e-06  1.70000000e+00  1.00000000e+00 
 1.20000000e-06  1.13988468e+00  1.20000000e-06  1.70000000e+00  1.00000000e+00 
 1.30000000e-06  1.14406844e+00  1.30000000e-06  1.70000000e+00  1.00000000e+00 
 1.40000000e-06  1.14798774e+00  1.40000000e-06  1.70000000e+00  1.00000000e+00 
 1.50000000e-06  1.15168377e+00  1.50000000e-06  1.70000000e+00  1.00000000e+00 
 1.60000000e-06  1.15517334e+00  1.60000000e-06  1.70000000e+00  1.00000000e+00 
 1.70000000e-06  1.15849787e+00  1.70000000e-06  1.70000000e+00  1.00000000e+00 
 1.80000000e-06  1.16166122e+00  1.80000000e-06  1.70000000e+00  1.00000000e+00 
 1.90000000e-06  1.16468879e+00  1.90000000e-06  1.70000000e+00  1.00000000e+00 
 2.00000000e-06  1.16759406e+00  2.00000000e-06  1.70000000e+00  1.00000000e+00 
 2.10000000e-06  1.17038858e+00  2.10000000e-06  1.70000000e+00  1.00000000e+00 
 2.20000000e-06  1.17308202e+00  2.20000000e-06  1.70000000e+00  1.00000000e+00 
 2.30000000e-06  1.17568343e+00  2.30000000e-06  1.70000000e+00  1.00000000e+00 
 2.40000000e-06  1.17820078e+00  2.40000000e-06  1.70000000e+00  1.00000000e+00 
 2.50000000e-06  1.18064524e+00  2.50000000e-06  1.70000000e+00  1.00000000e+00 
 2.60000000e-06  1.18300784e+00  2.60000000e-06  1.70000000e+00  1.00000000e+00 
 2.70000000e-06  1.18530948e+00  2.70000000e-06  1.70000000e+00  1.00000000e+00 
 2.80000000e-06  1.18754987e+00  2.80000000e-06  1.70000000e+00  1.00000000e+00 
 2.90000000e-06  1.18973403e+00  2.90000000e-06  1.70000000e+00  1.00000000e+00 
 3.00000000e-06  1.19186747e+00  3.00000000e-06  1.70000000e+00  1.00000000e+00 
 3.10000000e-06  1.19393990e+00  3.10000000e-06  1.70000000e+00  1.00000000e+00 
 3.20000000e-06  1.19597167e+00  3.20000000e-06  1.70000000e+00  1.00000000e+00 
 3.30000000e-06  1.19795918e+00  3.30000000e-06  1.70000000e+00  1.00000000e+00 
 3.40000000e-06  1.19990500e+00  3.40000000e-06  1.70000000e+00  1.00000000e+00 
 3.50000000e-06  1.20181154e+00  3.50000000e-06  1.70000000e+00  1.00000000e+00 
 3.60000000e-06  1.20368109e+00  3.60000000e-06  1.70000000e+00  1.00000000e+00 
 3.70000000e-06  1.20551567e+00  3.70000000e-06  1.70000000e+00  1.00000000e+00 
 3.80000000e-06  1.20731602e+00  3.80000000e-06  1.70000000e+00  1.00000000e+00 
 3.90000000e-06  1.20908277e+00  3.90000000e-06  1.70000000e+00  1.00000000e+00 
 4.00000000e-06  1.21082088e+00  4.00000000e-06  1.70000000e+00  1.00000000e+00 
 4.10000000e-06  1.21253011e+00  4.10000000e-06  1.70000000e+00  1.00000000e+00 
 4.20000000e-06  1.21421178e+00  4.20000000e-06  1.70000000e+00  1.00000000e+00 
 4.30000000e-06  1.21586712e+00  4.30000000e-06  1.70000000e+00  1.00000000e+00 
 4.40000000e-06  1.21749728e+00  4.40000000e-06  1.70000000e+00  1.00000000e+00 
 4.50000000e-06  1.21910333e+00  4.50000000e-06  1.70000000e+00  1.00000000e+00 
 4.60000000e-06  1.22069268e+00  4.60000000e-06  1.70000000e+00  1.00000000e+00 
 4.70000000e-06  1.22225267e+00  4.70000000e-06  1.70000000e+00  1.00000000e+00 
 4.80000000e-06  1.22379146e+00  4.80000000e-06  1.70000000e+00  1.00000000e+00 
 4.90000000e-06  1.22530985e+00  4.90000000e-06  1.70000000e+00  1.00000000e+00 
 5.00000000e-06  1.22680863e+00  5.00000000e-06  1.70000000e+00  1.00000000e+00 
 5.10000000e-06  1.22828850e+00  5.10000000e-06  1.70000000e+00  1.00000000e+00 
 5.20000000e-06  1.22975014e+00  5.20000000e-06  1.70000000e+00  1.00000000e+00 
 5.30000000e-06  1.23119420e+00  5.30000000e-06  1.70000000e+00  1.00000000e+00 
 5.40000000e-06  1.23262128e+00  5.40000000e-06  1.70000000e+00  1.00000000e+00 
 5.50000000e-06  1.23403196e+00  5.50000000e-06  1.70000000e+00  1.00000000e+00 
 5.60000000e-06  1.23542679e+00  5.60000000e-06  1.70000000e+00  1.00000000e+00 
 5.70000000e-06  1.23680627e+00  5.70000000e-06  1.70000000e+00  1.00000000e+00 
 5.80000000e-06  1.23817091e+00  5.80000000e-06  1.70000000e+00  1.00000000e+00 
 5.90000000e-06  1.23952117e+00  5.90000000e-06  1.70000000e+00  1.00000000e+00 
 6.00000000e-06  1.24085748e+00  6.00000000e-06  1.70000000e+00  1.00000000e+00 
