 i-sweep         v(vout)         i(viin)         v(vgate)        v(vmid)        
 0.00000000e+00  6.63257680e-01  0.00000000e+00  1.00000000e+00  8.00000000e-01 
 1.00000000e-07  1.01544673e+00  1.00000000e-07  1.00000000e+00  8.00000000e-01 
 2.00000000e-07  1.04785601e+00  2.00000000e-07  1.00000000e+00  8.00000000e-01 
 3.00000000e-07  1.06673958e+00  3.00000000e-07  1.00000000e+00  8.00000000e-01 
 4.00000000e-07  1.08018164e+00  4.00000000e-07  1.00000000e+00  8.00000000e-01 
 5.00000000e-07  1.09068839e+00  5.00000000e-07  1.00000000e+00  8.00000000e-01 
 6.00000000e-07  1.09934955e+00  6.00000000e-07  1.00000000e+00  8.00000000e-01 
 7.00000000e-07  1.10675572e+00  7.00000000e-07  1.00000000e+00  8.00000000e-01 
 8.00000000e-07  1.11324836e+00  8.00000000e-07  1.00000000e+00  8.00000000e-01 
 9.00000000e-07  1.11904655e+00  9.00000000e-07  1.00000000e+00  8.00000000e-01 
 1.00000000e-06  1.12429900e+00  1.00000000e-06  1.00000000e+00  8.00000000e-01 
 1.10000000e-06  1.12911115e+00  1.10000000e-06  1.00000000e+00  8.00000000e-01 
 1.20000000e-06  1.13357048e+00  1.20000000e-06  1.00000000e+00  8.00000000e-01 
 1.30000000e-06  1.13771142e+00  1.30000000e-06  1.00000000e+00  8.00000000e-01 
 1.40000000e-06  1.14159513e+00  1.40000000e-06  1.00000000e+00  8.00000000e-01 
 1.50000000e-06  1.14525670e+00  1.50000000e-06  1.00000000e+00  8.00000000e-01 
 1.60000000e-06  1.14872452e+00  1.60000000e-06  1.00000000e+00  8.00000000e-01 
 1.70000000e-06  1.15202185e+00  1.70000000e-06  1.00000000e+00  8.00000000e-01 
 1.80000000e-06  1.15516800e+00  1.80000000e-06  1.00000000e+00  8.00000000e-01 
 1.90000000e-06  1.15817913e+00  1.90000000e-06  1.00000000e+00  8.00000000e-01 
 2.00000000e-06  1.16106891e+00  2.00000000e-06  1.00000000e+00  8.00000000e-01 
 2.10000000e-06  1.16384903e+00  2.10000000e-06  1.00000000e+00  8.00000000e-01 
 2.20000000e-06  1.16652951e+00  2.20000000e-06  1.00000000e+00  8.00000000e-01 
 2.30000000e-06  1.16911907e+00  2.30000000e-06  1.00000000e+00  8.00000000e-01 
 2.40000000e-06  1.17162528e+00  2.40000000e-06  1.00000000e+00  8.00000000e-01 
 2.50000000e-06  1.17405481e+00  2.50000000e-06  1.00000000e+00  8.00000000e-01 
 2.60000000e-06  1.17641352e+00  2.60000000e-06  1.00000000e+00  8.00000000e-01 
 2.70000000e-06  1.17870663e+00  2.70000000e-06  1.00000000e+00  8.00000000e-01 
 2.80000000e-06  1.18093876e+00  2.80000000e-06  1.00000000e+00  8.00000000e-01 
 2.90000000e-06  1.18311408e+00  2.90000000e-06  1.00000000e+00  8.00000000e-01 
 3.00000000e-06  1.18523631e+00  3.00000000e-06  1.00000000e+00  8.00000000e-01 
 3.10000000e-06  1.18730882e+00  3.10000000e-06  1.00000000e+00  8.00000000e-01 
 3.20000000e-06  1.18933465e+00  3.20000000e-06  1.00000000e+00  8.00000000e-01 
 3.30000000e-06  1.19131656e+00  3.30000000e-06  1.00000000e+00  8.00000000e-01 
 3.40000000e-06  1.19325709e+00  3.40000000e-06  1.00000000e+00  8.00000000e-01 
 3.50000000e-06  1.19515852e+00  3.50000000e-06  1.00000000e+00  8.00000000e-01 
 3.60000000e-06  1.19702296e+00  3.60000000e-06  1.00000000e+00  8.00000000e-01 
 3.70000000e-06  1.19885903e+00  3.70000000e-06  1.00000000e+00  8.00000000e-01 
 3.80000000e-06  1.20065409e+00  3.80000000e-06  1.00000000e+00  8.00000000e-01 
 3.90000000e-06  1.20241771e+00  3.90000000e-06  1.00000000e+00  8.00000000e-01 
 4.00000000e-06  1.20415137e+00  4.00000000e-06  1.00000000e+00  8.00000000e-01 
 4.10000000e-06  1.20585647e+00  4.10000000e-06  1.00000000e+00  8.00000000e-01 
 4.20000000e-06  1.20753428e+00  4.20000000e-06  1.00000000e+00  8.00000000e-01 
 4.30000000e-06  1.20918602e+00  4.30000000e-06  1.00000000e+00  8.00000000e-01 
 4.40000000e-06  1.21081279e+00  4.40000000e-06  1.00000000e+00  8.00000000e-01 
 4.50000000e-06  1.21241566e+00  4.50000000e-06  1.00000000e+00  8.00000000e-01 
 4.60000000e-06  1.21399559e+00  4.60000000e-06  1.00000000e+00  8.00000000e-01 
 4.70000000e-06  1.21555352e+00  4.70000000e-06  1.00000000e+00  8.00000000e-01 
 4.80000000e-06  1.21709029e+00  4.80000000e-06  1.00000000e+00  8.00000000e-01 
 4.90000000e-06  1.21860674e+00  4.90000000e-06  1.00000000e+00  8.00000000e-01 
 5.00000000e-06  1.22010361e+00  5.00000000e-06  1.00000000e+00  8.00000000e-01 
 5.10000000e-06  1.22158163e+00  5.10000000e-06  1.00000000e+00  8.00000000e-01 
 5.20000000e-06  1.22304148e+00  5.20000000e-06  1.00000000e+00  8.00000000e-01 
 5.30000000e-06  1.22448381e+00  5.30000000e-06  1.00000000e+00  8.00000000e-01 
 5.40000000e-06  1.22590920e+00  5.40000000e-06  1.00000000e+00  8.00000000e-01 
 5.50000000e-06  1.22731825e+00  5.50000000e-06  1.00000000e+00  8.00000000e-01 
 5.60000000e-06  1.22871149e+00  5.60000000e-06  1.00000000e+00  8.00000000e-01 
 5.70000000e-06  1.23008945e+00  5.70000000e-06  1.00000000e+00  8.00000000e-01 
 5.80000000e-06  1.23145260e+00  5.80000000e-06  1.00000000e+00  8.00000000e-01 
 5.90000000e-06  1.23280142e+00  5.90000000e-06  1.00000000e+00  8.00000000e-01 
 6.00000000e-06  1.23413634e+00  6.00000000e-06  1.00000000e+00  8.00000000e-01 
 6.10000000e-06  1.23545780e+00  6.10000000e-06  1.00000000e+00  8.00000000e-01 
 6.20000000e-06  1.23676618e+00  6.20000000e-06  1.00000000e+00  8.00000000e-01 
 6.30000000e-06  1.23806188e+00  6.30000000e-06  1.00000000e+00  8.00000000e-01 
 6.40000000e-06  1.23934525e+00  6.40000000e-06  1.00000000e+00  8.00000000e-01 
 6.50000000e-06  1.24061666e+00  6.50000000e-06  1.00000000e+00  8.00000000e-01 
 6.60000000e-06  1.24187642e+00  6.60000000e-06  1.00000000e+00  8.00000000e-01 
 6.70000000e-06  1.24312486e+00  6.70000000e-06  1.00000000e+00  8.00000000e-01 
 6.80000000e-06  1.24436228e+00  6.80000000e-06  1.00000000e+00  8.00000000e-01 
 6.90000000e-06  1.24558898e+00  6.90000000e-06  1.00000000e+00  8.00000000e-01 
 7.00000000e-06  1.24680523e+00  7.00000000e-06  1.00000000e+00  8.00000000e-01 
 7.10000000e-06  1.24801130e+00  7.10000000e-06  1.00000000e+00  8.00000000e-01 
 7.20000000e-06  1.24920746e+00  7.20000000e-06  1.00000000e+00  8.00000000e-01 
 7.30000000e-06  1.25039394e+00  7.30000000e-06  1.00000000e+00  8.00000000e-01 
 7.40000000e-06  1.25157098e+00  7.40000000e-06  1.00000000e+00  8.00000000e-01 
 7.50000000e-06  1.25273882e+00  7.50000000e-06  1.00000000e+00  8.00000000e-01 
 7.60000000e-06  1.25389767e+00  7.60000000e-06  1.00000000e+00  8.00000000e-01 
 7.70000000e-06  1.25504774e+00  7.70000000e-06  1.00000000e+00  8.00000000e-01 
 7.80000000e-06  1.25618923e+00  7.80000000e-06  1.00000000e+00  8.00000000e-01 
 7.90000000e-06  1.25732235e+00  7.90000000e-06  1.00000000e+00  8.00000000e-01 
 8.00000000e-06  1.25844727e+00  8.00000000e-06  1.00000000e+00  8.00000000e-01 
 8.10000000e-06  1.25956419e+00  8.10000000e-06  1.00000000e+00  8.00000000e-01 
 8.20000000e-06  1.26067328e+00  8.20000000e-06  1.00000000e+00  8.00000000e-01 
 8.30000000e-06  1.26177470e+00  8.30000000e-06  1.00000000e+00  8.00000000e-01 
 8.40000000e-06  1.26286861e+00  8.40000000e-06  1.00000000e+00  8.00000000e-01 
 8.50000000e-06  1.26395519e+00  8.50000000e-06  1.00000000e+00  8.00000000e-01 
 8.60000000e-06  1.26503458e+00  8.60000000e-06  1.00000000e+00  8.00000000e-01 
 8.70000000e-06  1.26610692e+00  8.70000000e-06  1.00000000e+00  8.00000000e-01 
 8.80000000e-06  1.26717236e+00  8.80000000e-06  1.00000000e+00  8.00000000e-01 
 8.90000000e-06  1.26823104e+00  8.90000000e-06  1.00000000e+00  8.00000000e-01 
 9.00000000e-06  1.26928309e+00  9.00000000e-06  1.00000000e+00  8.00000000e-01 
 9.10000000e-06  1.27032864e+00  9.10000000e-06  1.00000000e+00  8.00000000e-01 
 9.20000000e-06  1.27136782e+00  9.20000000e-06  1.00000000e+00  8.00000000e-01 
 9.30000000e-06  1.27240074e+00  9.30000000e-06  1.00000000e+00  8.00000000e-01 
 9.40000000e-06  1.27342752e+00  9.40000000e-06  1.00000000e+00  8.00000000e-01 
 9.50000000e-06  1.27444829e+00  9.50000000e-06  1.00000000e+00  8.00000000e-01 
 9.60000000e-06  1.27546314e+00  9.60000000e-06  1.00000000e+00  8.00000000e-01 
 9.70000000e-06  1.27647219e+00  9.70000000e-06  1.00000000e+00  8.00000000e-01 
 9.80000000e-06  1.27747554e+00  9.80000000e-06  1.00000000e+00  8.00000000e-01 
 9.90000000e-06  1.27847329e+00  9.90000000e-06  1.00000000e+00  8.00000000e-01 
 1.00000000e-05  1.27946554e+00  1.00000000e-05  1.00000000e+00  8.00000000e-01 
 1.01000000e-05  1.28045239e+00  1.01000000e-05  1.00000000e+00  8.00000000e-01 
 1.02000000e-05  1.28143392e+00  1.02000000e-05  1.00000000e+00  8.00000000e-01 
 1.03000000e-05  1.28241023e+00  1.03000000e-05  1.00000000e+00  8.00000000e-01 
 1.04000000e-05  1.28338141e+00  1.04000000e-05  1.00000000e+00  8.00000000e-01 
 1.05000000e-05  1.28434754e+00  1.05000000e-05  1.00000000e+00  8.00000000e-01 
 1.06000000e-05  1.28530870e+00  1.06000000e-05  1.00000000e+00  8.00000000e-01 
 1.07000000e-05  1.28626498e+00  1.07000000e-05  1.00000000e+00  8.00000000e-01 
 1.08000000e-05  1.28721646e+00  1.08000000e-05  1.00000000e+00  8.00000000e-01 
 1.09000000e-05  1.28816320e+00  1.09000000e-05  1.00000000e+00  8.00000000e-01 
 1.10000000e-05  1.28910529e+00  1.10000000e-05  1.00000000e+00  8.00000000e-01 
 1.11000000e-05  1.29004279e+00  1.11000000e-05  1.00000000e+00  8.00000000e-01 
 1.12000000e-05  1.29097578e+00  1.12000000e-05  1.00000000e+00  8.00000000e-01 
 1.13000000e-05  1.29190434e+00  1.13000000e-05  1.00000000e+00  8.00000000e-01 
 1.14000000e-05  1.29282851e+00  1.14000000e-05  1.00000000e+00  8.00000000e-01 
 1.15000000e-05  1.29374838e+00  1.15000000e-05  1.00000000e+00  8.00000000e-01 
 1.16000000e-05  1.29466400e+00  1.16000000e-05  1.00000000e+00  8.00000000e-01 
 1.17000000e-05  1.29557544e+00  1.17000000e-05  1.00000000e+00  8.00000000e-01 
 1.18000000e-05  1.29648275e+00  1.18000000e-05  1.00000000e+00  8.00000000e-01 
 1.19000000e-05  1.29739019e+00  1.19000000e-05  1.00000000e+00  8.00000000e-01 
 1.20000000e-05  1.29828918e+00  1.20000000e-05  1.00000000e+00  8.00000000e-01 
 1.21000000e-05  1.29918423e+00  1.21000000e-05  1.00000000e+00  8.00000000e-01 
 1.22000000e-05  1.30007541e+00  1.22000000e-05  1.00000000e+00  8.00000000e-01 
 1.23000000e-05  1.30096277e+00  1.23000000e-05  1.00000000e+00  8.00000000e-01 
 1.24000000e-05  1.30184635e+00  1.24000000e-05  1.00000000e+00  8.00000000e-01 
 1.25000000e-05  1.30272621e+00  1.25000000e-05  1.00000000e+00  8.00000000e-01 
 1.26000000e-05  1.30360240e+00  1.26000000e-05  1.00000000e+00  8.00000000e-01 
 1.27000000e-05  1.30447497e+00  1.27000000e-05  1.00000000e+00  8.00000000e-01 
 1.28000000e-05  1.30534397e+00  1.28000000e-05  1.00000000e+00  8.00000000e-01 
 1.29000000e-05  1.30620944e+00  1.29000000e-05  1.00000000e+00  8.00000000e-01 
 1.30000000e-05  1.30707142e+00  1.30000000e-05  1.00000000e+00  8.00000000e-01 
 1.31000000e-05  1.30792997e+00  1.31000000e-05  1.00000000e+00  8.00000000e-01 
 1.32000000e-05  1.30878512e+00  1.32000000e-05  1.00000000e+00  8.00000000e-01 
 1.33000000e-05  1.30963693e+00  1.33000000e-05  1.00000000e+00  8.00000000e-01 
 1.34000000e-05  1.31048542e+00  1.34000000e-05  1.00000000e+00  8.00000000e-01 
 1.35000000e-05  1.31132948e+00  1.35000000e-05  1.00000000e+00  8.00000000e-01 
 1.36000000e-05  1.31217136e+00  1.36000000e-05  1.00000000e+00  8.00000000e-01 
 1.37000000e-05  1.31301021e+00  1.37000000e-05  1.00000000e+00  8.00000000e-01 
 1.38000000e-05  1.31384594e+00  1.38000000e-05  1.00000000e+00  8.00000000e-01 
 1.39000000e-05  1.31467857e+00  1.39000000e-05  1.00000000e+00  8.00000000e-01 
 1.40000000e-05  1.31550811e+00  1.40000000e-05  1.00000000e+00  8.00000000e-01 
 1.41000000e-05  1.31633462e+00  1.41000000e-05  1.00000000e+00  8.00000000e-01 
 1.42000000e-05  1.31715812e+00  1.42000000e-05  1.00000000e+00  8.00000000e-01 
 1.43000000e-05  1.31797866e+00  1.43000000e-05  1.00000000e+00  8.00000000e-01 
 1.44000000e-05  1.31879625e+00  1.44000000e-05  1.00000000e+00  8.00000000e-01 
 1.45000000e-05  1.31961095e+00  1.45000000e-05  1.00000000e+00  8.00000000e-01 
 1.46000000e-05  1.32042277e+00  1.46000000e-05  1.00000000e+00  8.00000000e-01 
 1.47000000e-05  1.32123176e+00  1.47000000e-05  1.00000000e+00  8.00000000e-01 
 1.48000000e-05  1.32204163e+00  1.48000000e-05  1.00000000e+00  8.00000000e-01 
 1.49000000e-05  1.32284423e+00  1.49000000e-05  1.00000000e+00  8.00000000e-01 
 1.50000000e-05  1.32364428e+00  1.50000000e-05  1.00000000e+00  8.00000000e-01 
 1.51000000e-05  1.32444176e+00  1.51000000e-05  1.00000000e+00  8.00000000e-01 
 1.52000000e-05  1.32523668e+00  1.52000000e-05  1.00000000e+00  8.00000000e-01 
 1.53000000e-05  1.32602902e+00  1.53000000e-05  1.00000000e+00  8.00000000e-01 
 1.54000000e-05  1.32681790e+00  1.54000000e-05  1.00000000e+00  8.00000000e-01 
 1.55000000e-05  1.32760531e+00  1.55000000e-05  1.00000000e+00  8.00000000e-01 
 1.56000000e-05  1.32839015e+00  1.56000000e-05  1.00000000e+00  8.00000000e-01 
 1.57000000e-05  1.32917245e+00  1.57000000e-05  1.00000000e+00  8.00000000e-01 
 1.58000000e-05  1.32995223e+00  1.58000000e-05  1.00000000e+00  8.00000000e-01 
 1.59000000e-05  1.33072953e+00  1.59000000e-05  1.00000000e+00  8.00000000e-01 
 1.60000000e-05  1.33150436e+00  1.60000000e-05  1.00000000e+00  8.00000000e-01 
 1.61000000e-05  1.33227676e+00  1.61000000e-05  1.00000000e+00  8.00000000e-01 
 1.62000000e-05  1.33304675e+00  1.62000000e-05  1.00000000e+00  8.00000000e-01 
 1.63000000e-05  1.33381784e+00  1.63000000e-05  1.00000000e+00  8.00000000e-01 
 1.64000000e-05  1.33458218e+00  1.64000000e-05  1.00000000e+00  8.00000000e-01 
 1.65000000e-05  1.33534441e+00  1.65000000e-05  1.00000000e+00  8.00000000e-01 
 1.66000000e-05  1.33610449e+00  1.66000000e-05  1.00000000e+00  8.00000000e-01 
 1.67000000e-05  1.33686240e+00  1.67000000e-05  1.00000000e+00  8.00000000e-01 
 1.68000000e-05  1.33761814e+00  1.68000000e-05  1.00000000e+00  8.00000000e-01 
 1.69000000e-05  1.33837170e+00  1.69000000e-05  1.00000000e+00  8.00000000e-01 
 1.70000000e-05  1.33912309e+00  1.70000000e-05  1.00000000e+00  8.00000000e-01 
 1.71000000e-05  1.33987231e+00  1.71000000e-05  1.00000000e+00  8.00000000e-01 
 1.72000000e-05  1.34061938e+00  1.72000000e-05  1.00000000e+00  8.00000000e-01 
 1.73000000e-05  1.34136431e+00  1.73000000e-05  1.00000000e+00  8.00000000e-01 
 1.74000000e-05  1.34210711e+00  1.74000000e-05  1.00000000e+00  8.00000000e-01 
 1.75000000e-05  1.34284780e+00  1.75000000e-05  1.00000000e+00  8.00000000e-01 
 1.76000000e-05  1.34358640e+00  1.76000000e-05  1.00000000e+00  8.00000000e-01 
 1.77000000e-05  1.34432292e+00  1.77000000e-05  1.00000000e+00  8.00000000e-01 
 1.78000000e-05  1.34505737e+00  1.78000000e-05  1.00000000e+00  8.00000000e-01 
 1.79000000e-05  1.34578979e+00  1.79000000e-05  1.00000000e+00  8.00000000e-01 
 1.80000000e-05  1.34652018e+00  1.80000000e-05  1.00000000e+00  8.00000000e-01 
 1.81000000e-05  1.34724856e+00  1.81000000e-05  1.00000000e+00  8.00000000e-01 
 1.82000000e-05  1.34797496e+00  1.82000000e-05  1.00000000e+00  8.00000000e-01 
 1.83000000e-05  1.34869938e+00  1.83000000e-05  1.00000000e+00  8.00000000e-01 
 1.84000000e-05  1.34942185e+00  1.84000000e-05  1.00000000e+00  8.00000000e-01 
 1.85000000e-05  1.35014238e+00  1.85000000e-05  1.00000000e+00  8.00000000e-01 
 1.86000000e-05  1.35086098e+00  1.86000000e-05  1.00000000e+00  8.00000000e-01 
 1.87000000e-05  1.35157769e+00  1.87000000e-05  1.00000000e+00  8.00000000e-01 
 1.88000000e-05  1.35229250e+00  1.88000000e-05  1.00000000e+00  8.00000000e-01 
 1.89000000e-05  1.35300544e+00  1.89000000e-05  1.00000000e+00  8.00000000e-01 
 1.90000000e-05  1.35371653e+00  1.90000000e-05  1.00000000e+00  8.00000000e-01 
 1.91000000e-05  1.35442578e+00  1.91000000e-05  1.00000000e+00  8.00000000e-01 
 1.92000000e-05  1.35513320e+00  1.92000000e-05  1.00000000e+00  8.00000000e-01 
 1.93000000e-05  1.35583881e+00  1.93000000e-05  1.00000000e+00  8.00000000e-01 
 1.94000000e-05  1.35654263e+00  1.94000000e-05  1.00000000e+00  8.00000000e-01 
 1.95000000e-05  1.35724467e+00  1.95000000e-05  1.00000000e+00  8.00000000e-01 
 1.96000000e-05  1.35794495e+00  1.96000000e-05  1.00000000e+00  8.00000000e-01 
 1.97000000e-05  1.35864683e+00  1.97000000e-05  1.00000000e+00  8.00000000e-01 
 1.98000000e-05  1.35934301e+00  1.98000000e-05  1.00000000e+00  8.00000000e-01 
 1.99000000e-05  1.36003758e+00  1.99000000e-05  1.00000000e+00  8.00000000e-01 
 2.00000000e-05  1.36073053e+00  2.00000000e-05  1.00000000e+00  8.00000000e-01 
 2.01000000e-05  1.36142185e+00  2.01000000e-05  1.00000000e+00  8.00000000e-01 
 2.02000000e-05  1.36211156e+00  2.02000000e-05  1.00000000e+00  8.00000000e-01 
 2.03000000e-05  1.36279965e+00  2.03000000e-05  1.00000000e+00  8.00000000e-01 
 2.04000000e-05  1.36348613e+00  2.04000000e-05  1.00000000e+00  8.00000000e-01 
 2.05000000e-05  1.36417100e+00  2.05000000e-05  1.00000000e+00  8.00000000e-01 
 2.06000000e-05  1.36485427e+00  2.06000000e-05  1.00000000e+00  8.00000000e-01 
 2.07000000e-05  1.36553595e+00  2.07000000e-05  1.00000000e+00  8.00000000e-01 
 2.08000000e-05  1.36621605e+00  2.08000000e-05  1.00000000e+00  8.00000000e-01 
 2.09000000e-05  1.36689457e+00  2.09000000e-05  1.00000000e+00  8.00000000e-01 
 2.10000000e-05  1.36757152e+00  2.10000000e-05  1.00000000e+00  8.00000000e-01 
 2.11000000e-05  1.36824692e+00  2.11000000e-05  1.00000000e+00  8.00000000e-01 
 2.12000000e-05  1.36892077e+00  2.12000000e-05  1.00000000e+00  8.00000000e-01 
 2.13000000e-05  1.36959308e+00  2.13000000e-05  1.00000000e+00  8.00000000e-01 
 2.14000000e-05  1.37026387e+00  2.14000000e-05  1.00000000e+00  8.00000000e-01 
 2.15000000e-05  1.37093314e+00  2.15000000e-05  1.00000000e+00  8.00000000e-01 
 2.16000000e-05  1.37160091e+00  2.16000000e-05  1.00000000e+00  8.00000000e-01 
 2.17000000e-05  1.37226719e+00  2.17000000e-05  1.00000000e+00  8.00000000e-01 
 2.18000000e-05  1.37293198e+00  2.18000000e-05  1.00000000e+00  8.00000000e-01 
 2.19000000e-05  1.37359529e+00  2.19000000e-05  1.00000000e+00  8.00000000e-01 
 2.20000000e-05  1.37425715e+00  2.20000000e-05  1.00000000e+00  8.00000000e-01 
 2.21000000e-05  1.37491755e+00  2.21000000e-05  1.00000000e+00  8.00000000e-01 
 2.22000000e-05  1.37557650e+00  2.22000000e-05  1.00000000e+00  8.00000000e-01 
 2.23000000e-05  1.37623403e+00  2.23000000e-05  1.00000000e+00  8.00000000e-01 
 2.24000000e-05  1.37689013e+00  2.24000000e-05  1.00000000e+00  8.00000000e-01 
 2.25000000e-05  1.37754482e+00  2.25000000e-05  1.00000000e+00  8.00000000e-01 
 2.26000000e-05  1.37819810e+00  2.26000000e-05  1.00000000e+00  8.00000000e-01 
 2.27000000e-05  1.37885000e+00  2.27000000e-05  1.00000000e+00  8.00000000e-01 
 2.28000000e-05  1.37950051e+00  2.28000000e-05  1.00000000e+00  8.00000000e-01 
 2.29000000e-05  1.38014964e+00  2.29000000e-05  1.00000000e+00  8.00000000e-01 
 2.30000000e-05  1.38079742e+00  2.30000000e-05  1.00000000e+00  8.00000000e-01 
 2.31000000e-05  1.38144383e+00  2.31000000e-05  1.00000000e+00  8.00000000e-01 
 2.32000000e-05  1.38208891e+00  2.32000000e-05  1.00000000e+00  8.00000000e-01 
 2.33000000e-05  1.38273264e+00  2.33000000e-05  1.00000000e+00  8.00000000e-01 
 2.34000000e-05  1.38337505e+00  2.34000000e-05  1.00000000e+00  8.00000000e-01 
 2.35000000e-05  1.38401614e+00  2.35000000e-05  1.00000000e+00  8.00000000e-01 
 2.36000000e-05  1.38465592e+00  2.36000000e-05  1.00000000e+00  8.00000000e-01 
 2.37000000e-05  1.38529440e+00  2.37000000e-05  1.00000000e+00  8.00000000e-01 
 2.38000000e-05  1.38593158e+00  2.38000000e-05  1.00000000e+00  8.00000000e-01 
 2.39000000e-05  1.38656749e+00  2.39000000e-05  1.00000000e+00  8.00000000e-01 
 2.40000000e-05  1.38720211e+00  2.40000000e-05  1.00000000e+00  8.00000000e-01 
 2.41000000e-05  1.38783547e+00  2.41000000e-05  1.00000000e+00  8.00000000e-01 
 2.42000000e-05  1.38846758e+00  2.42000000e-05  1.00000000e+00  8.00000000e-01 
 2.43000000e-05  1.38909843e+00  2.43000000e-05  1.00000000e+00  8.00000000e-01 
 2.44000000e-05  1.38972804e+00  2.44000000e-05  1.00000000e+00  8.00000000e-01 
 2.45000000e-05  1.39035642e+00  2.45000000e-05  1.00000000e+00  8.00000000e-01 
 2.46000000e-05  1.39098357e+00  2.46000000e-05  1.00000000e+00  8.00000000e-01 
 2.47000000e-05  1.39160950e+00  2.47000000e-05  1.00000000e+00  8.00000000e-01 
 2.48000000e-05  1.39223422e+00  2.48000000e-05  1.00000000e+00  8.00000000e-01 
 2.49000000e-05  1.39285774e+00  2.49000000e-05  1.00000000e+00  8.00000000e-01 
 2.50000000e-05  1.39348006e+00  2.50000000e-05  1.00000000e+00  8.00000000e-01 
