 i-sweep         v(vout)         i(viin)         v(vgate)        v(vmid)        
-6.00000000e-06 -4.21349816e-01 -6.00000000e-06  5.00000000e-01  1.60000000e+00 
-5.90000000e-06 -4.17979677e-01 -5.90000000e-06  5.00000000e-01  1.60000000e+00 
-5.80000000e-06 -4.14584006e-01 -5.80000000e-06  5.00000000e-01  1.60000000e+00 
-5.70000000e-06 -4.11162156e-01 -5.70000000e-06  5.00000000e-01  1.60000000e+00 
-5.60000000e-06 -4.07713455e-01 -5.60000000e-06  5.00000000e-01  1.60000000e+00 
-5.50000000e-06 -4.04237202e-01 -5.50000000e-06  5.00000000e-01  1.60000000e+00 
-5.40000000e-06 -4.00732667e-01 -5.40000000e-06  5.00000000e-01  1.60000000e+00 
-5.30000000e-06 -3.97199085e-01 -5.30000000e-06  5.00000000e-01  1.60000000e+00 
-5.20000000e-06 -3.93635661e-01 -5.20000000e-06  5.00000000e-01  1.60000000e+00 
-5.10000000e-06 -3.90041561e-01 -5.10000000e-06  5.00000000e-01  1.60000000e+00 
-5.00000000e-06 -3.86415912e-01 -5.00000000e-06  5.00000000e-01  1.60000000e+00 
-4.90000000e-06 -3.82757799e-01 -4.90000000e-06  5.00000000e-01  1.60000000e+00 
-4.80000000e-06 -3.79066262e-01 -4.80000000e-06  5.00000000e-01  1.60000000e+00 
-4.70000000e-06 -3.75340294e-01 -4.70000000e-06  5.00000000e-01  1.60000000e+00 
-4.60000000e-06 -3.71578835e-01 -4.60000000e-06  5.00000000e-01  1.60000000e+00 
-4.50000000e-06 -3.67780767e-01 -4.50000000e-06  5.00000000e-01  1.60000000e+00 
-4.40000000e-06 -3.63944914e-01 -4.40000000e-06  5.00000000e-01  1.60000000e+00 
-4.30000000e-06 -3.60070032e-01 -4.30000000e-06  5.00000000e-01  1.60000000e+00 
-4.20000000e-06 -3.56154806e-01 -4.20000000e-06  5.00000000e-01  1.60000000e+00 
-4.10000000e-06 -3.52197842e-01 -4.10000000e-06  5.00000000e-01  1.60000000e+00 
-4.00000000e-06 -3.48197661e-01 -4.00000000e-06  5.00000000e-01  1.60000000e+00 
-3.90000000e-06 -3.44152692e-01 -3.90000000e-06  5.00000000e-01  1.60000000e+00 
-3.80000000e-06 -3.40061259e-01 -3.80000000e-06  5.00000000e-01  1.60000000e+00 
-3.70000000e-06 -3.35921575e-01 -3.70000000e-06  5.00000000e-01  1.60000000e+00 
-3.60000000e-06 -3.31731728e-01 -3.60000000e-06  5.00000000e-01  1.60000000e+00 
-3.50000000e-06 -3.27489668e-01 -3.50000000e-06  5.00000000e-01  1.60000000e+00 
-3.40000000e-06 -3.23193191e-01 -3.40000000e-06  5.00000000e-01  1.60000000e+00 
-3.30000000e-06 -3.18839926e-01 -3.30000000e-06  5.00000000e-01  1.60000000e+00 
-3.20000000e-06 -3.14427308e-01 -3.20000000e-06  5.00000000e-01  1.60000000e+00 
-3.10000000e-06 -3.09952561e-01 -3.10000000e-06  5.00000000e-01  1.60000000e+00 
-3.00000000e-06 -3.05412665e-01 -3.00000000e-06  5.00000000e-01  1.60000000e+00 
-2.90000000e-06 -3.00804330e-01 -2.90000000e-06  5.00000000e-01  1.60000000e+00 
-2.80000000e-06 -2.96123958e-01 -2.80000000e-06  5.00000000e-01  1.60000000e+00 
-2.70000000e-06 -2.91367596e-01 -2.70000000e-06  5.00000000e-01  1.60000000e+00 
-2.60000000e-06 -2.86530887e-01 -2.60000000e-06  5.00000000e-01  1.60000000e+00 
-2.50000000e-06 -2.81609008e-01 -2.50000000e-06  5.00000000e-01  1.60000000e+00 
-2.40000000e-06 -2.76596594e-01 -2.40000000e-06  5.00000000e-01  1.60000000e+00 
-2.30000000e-06 -2.71487652e-01 -2.30000000e-06  5.00000000e-01  1.60000000e+00 
-2.20000000e-06 -2.66275447e-01 -2.20000000e-06  5.00000000e-01  1.60000000e+00 
-2.10000000e-06 -2.60952371e-01 -2.10000000e-06  5.00000000e-01  1.60000000e+00 
-2.00000000e-06 -2.55509774e-01 -2.00000000e-06  5.00000000e-01  1.60000000e+00 
-1.90000000e-06 -2.49937758e-01 -1.90000000e-06  5.00000000e-01  1.60000000e+00 
-1.80000000e-06 -2.44224909e-01 -1.80000000e-06  5.00000000e-01  1.60000000e+00 
-1.70000000e-06 -2.38357960e-01 -1.70000000e-06  5.00000000e-01  1.60000000e+00 
-1.60000000e-06 -2.32321355e-01 -1.60000000e-06  5.00000000e-01  1.60000000e+00 
-1.50000000e-06 -2.26096667e-01 -1.50000000e-06  5.00000000e-01  1.60000000e+00 
-1.40000000e-06 -2.19661828e-01 -1.40000000e-06  5.00000000e-01  1.60000000e+00 
-1.30000000e-06 -2.12990072e-01 -1.30000000e-06  5.00000000e-01  1.60000000e+00 
-1.20000000e-06 -2.06048469e-01 -1.20000000e-06  5.00000000e-01  1.60000000e+00 
-1.10000000e-06 -1.98795832e-01 -1.10000000e-06  5.00000000e-01  1.60000000e+00 
-1.00000000e-06 -1.91179641e-01 -1.00000000e-06  5.00000000e-01  1.60000000e+00 
-9.00000000e-07 -1.83131382e-01 -9.00000000e-07  5.00000000e-01  1.60000000e+00 
-8.00000000e-07 -1.74559177e-01 -8.00000000e-07  5.00000000e-01  1.60000000e+00 
-7.00000000e-07 -1.65335578e-01 -7.00000000e-07  5.00000000e-01  1.60000000e+00 
-6.00000000e-07 -1.55276061e-01 -6.00000000e-07  5.00000000e-01  1.60000000e+00 
-5.00000000e-07 -1.44097943e-01 -5.00000000e-07  5.00000000e-01  1.60000000e+00 
-4.00000000e-07 -1.31334242e-01 -4.00000000e-07  5.00000000e-01  1.60000000e+00 
-3.00000000e-07 -1.16121871e-01 -3.00000000e-07  5.00000000e-01  1.60000000e+00 
-2.00000000e-07 -9.65533426e-02 -2.00000000e-07  5.00000000e-01  1.60000000e+00 
-1.00000000e-07 -6.66426482e-02 -1.00000000e-07  5.00000000e-01  1.60000000e+00 
-5.71747239e-21  8.87650699e-01 -5.71747239e-21  5.00000000e-01  1.60000000e+00 
 1.00000000e-07  1.36372235e+00  1.00000000e-07  5.00000000e-01  1.60000000e+00 
 2.00000000e-07  1.39599337e+00  2.00000000e-07  5.00000000e-01  1.60000000e+00 
 3.00000000e-07  1.41478906e+00  3.00000000e-07  5.00000000e-01  1.60000000e+00 
 4.00000000e-07  1.42817164e+00  4.00000000e-07  5.00000000e-01  1.60000000e+00 
 5.00000000e-07  1.43864418e+00  5.00000000e-07  5.00000000e-01  1.60000000e+00 
 6.00000000e-07  1.44724979e+00  6.00000000e-07  5.00000000e-01  1.60000000e+00 
 7.00000000e-07  1.45461073e+00  7.00000000e-07  5.00000000e-01  1.60000000e+00 
 8.00000000e-07  1.46106277e+00  8.00000000e-07  5.00000000e-01  1.60000000e+00 
 9.00000000e-07  1.46682291e+00  9.00000000e-07  5.00000000e-01  1.60000000e+00 
 1.00000000e-06  1.47203901e+00  1.00000000e-06  5.00000000e-01  1.60000000e+00 
 1.10000000e-06  1.47681606e+00  1.10000000e-06  5.00000000e-01  1.60000000e+00 
 1.20000000e-06  1.48123130e+00  1.20000000e-06  5.00000000e-01  1.60000000e+00 
 1.30000000e-06  1.48534311e+00  1.30000000e-06  5.00000000e-01  1.60000000e+00 
 1.40000000e-06  1.48919672e+00  1.40000000e-06  5.00000000e-01  1.60000000e+00 
 1.50000000e-06  1.49284135e+00  1.50000000e-06  5.00000000e-01  1.60000000e+00 
 1.60000000e-06  1.49627439e+00  1.60000000e-06  5.00000000e-01  1.60000000e+00 
 1.70000000e-06  1.49953862e+00  1.70000000e-06  5.00000000e-01  1.60000000e+00 
 1.80000000e-06  1.50265289e+00  1.80000000e-06  5.00000000e-01  1.60000000e+00 
 1.90000000e-06  1.50563308e+00  1.90000000e-06  5.00000000e-01  1.60000000e+00 
 2.00000000e-06  1.50849268e+00  2.00000000e-06  5.00000000e-01  1.60000000e+00 
 2.10000000e-06  1.51124320e+00  2.10000000e-06  5.00000000e-01  1.60000000e+00 
 2.20000000e-06  1.51389460e+00  2.20000000e-06  5.00000000e-01  1.60000000e+00 
 2.30000000e-06  1.51645550e+00  2.30000000e-06  5.00000000e-01  1.60000000e+00 
 2.40000000e-06  1.51893343e+00  2.40000000e-06  5.00000000e-01  1.60000000e+00 
 2.50000000e-06  1.52133501e+00  2.50000000e-06  5.00000000e-01  1.60000000e+00 
 2.60000000e-06  1.52366607e+00  2.60000000e-06  5.00000000e-01  1.60000000e+00 
 2.70000000e-06  1.52593180e+00  2.70000000e-06  5.00000000e-01  1.60000000e+00 
 2.80000000e-06  1.52813681e+00  2.80000000e-06  5.00000000e-01  1.60000000e+00 
 2.90000000e-06  1.53028524e+00  2.90000000e-06  5.00000000e-01  1.60000000e+00 
 3.00000000e-06  1.53238080e+00  3.00000000e-06  5.00000000e-01  1.60000000e+00 
 3.10000000e-06  1.53442684e+00  3.10000000e-06  5.00000000e-01  1.60000000e+00 
 3.20000000e-06  1.53642641e+00  3.20000000e-06  5.00000000e-01  1.60000000e+00 
 3.30000000e-06  1.53838224e+00  3.30000000e-06  5.00000000e-01  1.60000000e+00 
 3.40000000e-06  1.54029686e+00  3.40000000e-06  5.00000000e-01  1.60000000e+00 
 3.50000000e-06  1.54217255e+00  3.50000000e-06  5.00000000e-01  1.60000000e+00 
 3.60000000e-06  1.54401142e+00  3.60000000e-06  5.00000000e-01  1.60000000e+00 
 3.70000000e-06  1.54581540e+00  3.70000000e-06  5.00000000e-01  1.60000000e+00 
 3.80000000e-06  1.54758626e+00  3.80000000e-06  5.00000000e-01  1.60000000e+00 
 3.90000000e-06  1.54932564e+00  3.90000000e-06  5.00000000e-01  1.60000000e+00 
 4.00000000e-06  1.55103506e+00  4.00000000e-06  5.00000000e-01  1.60000000e+00 
 4.10000000e-06  1.55271592e+00  4.10000000e-06  5.00000000e-01  1.60000000e+00 
 4.20000000e-06  1.55436953e+00  4.20000000e-06  5.00000000e-01  1.60000000e+00 
 4.30000000e-06  1.55599710e+00  4.30000000e-06  5.00000000e-01  1.60000000e+00 
 4.40000000e-06  1.55759976e+00  4.40000000e-06  5.00000000e-01  1.60000000e+00 
 4.50000000e-06  1.55917856e+00  4.50000000e-06  5.00000000e-01  1.60000000e+00 
 4.60000000e-06  1.56073451e+00  4.60000000e-06  5.00000000e-01  1.60000000e+00 
 4.70000000e-06  1.56226851e+00  4.70000000e-06  5.00000000e-01  1.60000000e+00 
 4.80000000e-06  1.56379247e+00  4.80000000e-06  5.00000000e-01  1.60000000e+00 
 4.90000000e-06  1.56528391e+00  4.90000000e-06  5.00000000e-01  1.60000000e+00 
 5.00000000e-06  1.56675600e+00  5.00000000e-06  5.00000000e-01  1.60000000e+00 
 5.10000000e-06  1.56820944e+00  5.10000000e-06  5.00000000e-01  1.60000000e+00 
 5.20000000e-06  1.56964490e+00  5.20000000e-06  5.00000000e-01  1.60000000e+00 
 5.30000000e-06  1.57106301e+00  5.30000000e-06  5.00000000e-01  1.60000000e+00 
 5.40000000e-06  1.57246436e+00  5.40000000e-06  5.00000000e-01  1.60000000e+00 
 5.50000000e-06  1.57384952e+00  5.50000000e-06  5.00000000e-01  1.60000000e+00 
 5.60000000e-06  1.57521901e+00  5.60000000e-06  5.00000000e-01  1.60000000e+00 
 5.70000000e-06  1.57657335e+00  5.70000000e-06  5.00000000e-01  1.60000000e+00 
 5.80000000e-06  1.57791301e+00  5.80000000e-06  5.00000000e-01  1.60000000e+00 
 5.90000000e-06  1.57923846e+00  5.90000000e-06  5.00000000e-01  1.60000000e+00 
 6.00000000e-06  1.58055014e+00  6.00000000e-06  5.00000000e-01  1.60000000e+00 
