 i-sweep         v(vout)         i(viin)         v(vgate)        v(vmid)        
-6.00000000e-06  6.31817885e-01 -6.00000000e-06  1.80000000e+00  1.50000000e+00 
-5.90000000e-06  6.35478336e-01 -5.90000000e-06  1.80000000e+00  1.50000000e+00 
-5.80000000e-06  6.39167647e-01 -5.80000000e-06  1.80000000e+00  1.50000000e+00 
-5.70000000e-06  6.42886543e-01 -5.70000000e-06  1.80000000e+00  1.50000000e+00 
-5.60000000e-06  6.46635780e-01 -5.60000000e-06  1.80000000e+00  1.50000000e+00 
-5.50000000e-06  6.50416146e-01 -5.50000000e-06  1.80000000e+00  1.50000000e+00 
-5.40000000e-06  6.54228465e-01 -5.40000000e-06  1.80000000e+00  1.50000000e+00 
-5.30000000e-06  6.58073598e-01 -5.30000000e-06  1.80000000e+00  1.50000000e+00 
-5.20000000e-06  6.61952442e-01 -5.20000000e-06  1.80000000e+00  1.50000000e+00 
-5.10000000e-06  6.65865940e-01 -5.10000000e-06  1.80000000e+00  1.50000000e+00 
-5.00000000e-06  6.69815077e-01 -5.00000000e-06  1.80000000e+00  1.50000000e+00 
-4.90000000e-06  6.73800888e-01 -4.90000000e-06  1.80000000e+00  1.50000000e+00 
-4.80000000e-06  6.77824457e-01 -4.80000000e-06  1.80000000e+00  1.50000000e+00 
-4.70000000e-06  6.81886925e-01 -4.70000000e-06  1.80000000e+00  1.50000000e+00 
-4.60000000e-06  6.85989490e-01 -4.60000000e-06  1.80000000e+00  1.50000000e+00 
-4.50000000e-06  6.90133416e-01 -4.50000000e-06  1.80000000e+00  1.50000000e+00 
-4.40000000e-06  6.94320033e-01 -4.40000000e-06  1.80000000e+00  1.50000000e+00 
-4.30000000e-06  6.98550747e-01 -4.30000000e-06  1.80000000e+00  1.50000000e+00 
-4.20000000e-06  7.02827043e-01 -4.20000000e-06  1.80000000e+00  1.50000000e+00 
-4.10000000e-06  7.07150493e-01 -4.10000000e-06  1.80000000e+00  1.50000000e+00 
-4.00000000e-06  7.11522766e-01 -4.00000000e-06  1.80000000e+00  1.50000000e+00 
-3.90000000e-06  7.15945631e-01 -3.90000000e-06  1.80000000e+00  1.50000000e+00 
-3.80000000e-06  7.20420970e-01 -3.80000000e-06  1.80000000e+00  1.50000000e+00 
-3.70000000e-06  7.24950791e-01 -3.70000000e-06  1.80000000e+00  1.50000000e+00 
-3.60000000e-06  7.29537234e-01 -3.60000000e-06  1.80000000e+00  1.50000000e+00 
-3.50000000e-06  7.34182591e-01 -3.50000000e-06  1.80000000e+00  1.50000000e+00 
-3.40000000e-06  7.38889317e-01 -3.40000000e-06  1.80000000e+00  1.50000000e+00 
-3.30000000e-06  7.43660052e-01 -3.30000000e-06  1.80000000e+00  1.50000000e+00 
-3.20000000e-06  7.48497637e-01 -3.20000000e-06  1.80000000e+00  1.50000000e+00 
-3.10000000e-06  7.53405143e-01 -3.10000000e-06  1.80000000e+00  1.50000000e+00 
-3.00000000e-06  7.58385892e-01 -3.00000000e-06  1.80000000e+00  1.50000000e+00 
-2.90000000e-06  7.63443496e-01 -2.90000000e-06  1.80000000e+00  1.50000000e+00 
-2.80000000e-06  7.68581888e-01 -2.80000000e-06  1.80000000e+00  1.50000000e+00 
-2.70000000e-06  7.73805373e-01 -2.70000000e-06  1.80000000e+00  1.50000000e+00 
-2.60000000e-06  7.79118672e-01 -2.60000000e-06  1.80000000e+00  1.50000000e+00 
-2.50000000e-06  7.84526991e-01 -2.50000000e-06  1.80000000e+00  1.50000000e+00 
-2.40000000e-06  7.90036092e-01 -2.40000000e-06  1.80000000e+00  1.50000000e+00 
-2.30000000e-06  7.95652384e-01 -2.30000000e-06  1.80000000e+00  1.50000000e+00 
-2.20000000e-06  8.01383033e-01 -2.20000000e-06  1.80000000e+00  1.50000000e+00 
-2.10000000e-06  8.07236096e-01 -2.10000000e-06  1.80000000e+00  1.50000000e+00 
-2.00000000e-06  8.13220687e-01 -2.00000000e-06  1.80000000e+00  1.50000000e+00 
-1.90000000e-06  8.19347188e-01 -1.90000000e-06  1.80000000e+00  1.50000000e+00 
-1.80000000e-06  8.25627512e-01 -1.80000000e-06  1.80000000e+00  1.50000000e+00 
-1.70000000e-06  8.32075441e-01 -1.70000000e-06  1.80000000e+00  1.50000000e+00 
-1.60000000e-06  8.38707063e-01 -1.60000000e-06  1.80000000e+00  1.50000000e+00 
-1.50000000e-06  8.45541355e-01 -1.50000000e-06  1.80000000e+00  1.50000000e+00 
-1.40000000e-06  8.52600948e-01 -1.40000000e-06  1.80000000e+00  1.50000000e+00 
-1.30000000e-06  8.59913187e-01 -1.30000000e-06  1.80000000e+00  1.50000000e+00 
-1.20000000e-06  8.67511590e-01 -1.20000000e-06  1.80000000e+00  1.50000000e+00 
-1.10000000e-06  8.75437945e-01 -1.10000000e-06  1.80000000e+00  1.50000000e+00 
-1.00000000e-06  8.83745374e-01 -1.00000000e-06  1.80000000e+00  1.50000000e+00 
-9.00000000e-07  8.92502978e-01 -9.00000000e-07  1.80000000e+00  1.50000000e+00 
-8.00000000e-07  9.01803177e-01 -8.00000000e-07  1.80000000e+00  1.50000000e+00 
-7.00000000e-07  9.11773851e-01 -7.00000000e-07  1.80000000e+00  1.50000000e+00 
-6.00000000e-07  9.22599687e-01 -6.00000000e-07  1.80000000e+00  1.50000000e+00 
-5.00000000e-07  9.34562738e-01 -5.00000000e-07  1.80000000e+00  1.50000000e+00 
-4.00000000e-07  9.48127822e-01 -4.00000000e-07  1.80000000e+00  1.50000000e+00 
-3.00000000e-07  9.64150564e-01 -3.00000000e-07  1.80000000e+00  1.50000000e+00 
-2.00000000e-07  9.84511875e-01 -2.00000000e-07  1.80000000e+00  1.50000000e+00 
-1.00000000e-07  1.01507159e+00 -1.00000000e-07  1.80000000e+00  1.50000000e+00 
-5.71747239e-21  1.13447972e+00 -5.71747239e-21  1.80000000e+00  1.50000000e+00 
 1.00000000e-07  1.28355536e+00  1.00000000e-07  1.80000000e+00  1.50000000e+00 
 2.00000000e-07  1.31585241e+00  2.00000000e-07  1.80000000e+00  1.50000000e+00 
 3.00000000e-07  1.33468248e+00  3.00000000e-07  1.80000000e+00  1.50000000e+00 
 4.00000000e-07  1.34808277e+00  4.00000000e-07  1.80000000e+00  1.50000000e+00 
 5.00000000e-07  1.35856180e+00  5.00000000e-07  1.80000000e+00  1.50000000e+00 
 6.00000000e-07  1.36718146e+00  6.00000000e-07  1.80000000e+00  1.50000000e+00 
 7.00000000e-07  1.37457317e+00  7.00000000e-07  1.80000000e+00  1.50000000e+00 
 8.00000000e-07  1.38102177e+00  8.00000000e-07  1.80000000e+00  1.50000000e+00 
 9.00000000e-07  1.38679230e+00  9.00000000e-07  1.80000000e+00  1.50000000e+00 
 1.00000000e-06  1.39202936e+00  1.00000000e-06  1.80000000e+00  1.50000000e+00 
 1.10000000e-06  1.39680415e+00  1.10000000e-06  1.80000000e+00  1.50000000e+00 
 1.20000000e-06  1.40122813e+00  1.20000000e-06  1.80000000e+00  1.50000000e+00 
 1.30000000e-06  1.40535018e+00  1.30000000e-06  1.80000000e+00  1.50000000e+00 
 1.40000000e-06  1.40921898e+00  1.40000000e-06  1.80000000e+00  1.50000000e+00 
 1.50000000e-06  1.41284928e+00  1.50000000e-06  1.80000000e+00  1.50000000e+00 
 1.60000000e-06  1.41629456e+00  1.60000000e-06  1.80000000e+00  1.50000000e+00 
 1.70000000e-06  1.41957828e+00  1.70000000e-06  1.80000000e+00  1.50000000e+00 
 1.80000000e-06  1.42269313e+00  1.80000000e-06  1.80000000e+00  1.50000000e+00 
 1.90000000e-06  1.42568489e+00  1.90000000e-06  1.80000000e+00  1.50000000e+00 
 2.00000000e-06  1.42854962e+00  2.00000000e-06  1.80000000e+00  1.50000000e+00 
 2.10000000e-06  1.43130795e+00  2.10000000e-06  1.80000000e+00  1.50000000e+00 
 2.20000000e-06  1.43396687e+00  2.20000000e-06  1.80000000e+00  1.50000000e+00 
 2.30000000e-06  1.43653529e+00  2.30000000e-06  1.80000000e+00  1.50000000e+00 
 2.40000000e-06  1.43902475e+00  2.40000000e-06  1.80000000e+00  1.50000000e+00 
 2.50000000e-06  1.44142842e+00  2.50000000e-06  1.80000000e+00  1.50000000e+00 
 2.60000000e-06  1.44376629e+00  2.60000000e-06  1.80000000e+00  1.50000000e+00 
 2.70000000e-06  1.44603873e+00  2.70000000e-06  1.80000000e+00  1.50000000e+00 
 2.80000000e-06  1.44825036e+00  2.80000000e-06  1.80000000e+00  1.50000000e+00 
 2.90000000e-06  1.45040534e+00  2.90000000e-06  1.80000000e+00  1.50000000e+00 
 3.00000000e-06  1.45251963e+00  3.00000000e-06  1.80000000e+00  1.50000000e+00 
 3.10000000e-06  1.45457002e+00  3.10000000e-06  1.80000000e+00  1.50000000e+00 
 3.20000000e-06  1.45657424e+00  3.20000000e-06  1.80000000e+00  1.50000000e+00 
 3.30000000e-06  1.45853498e+00  3.30000000e-06  1.80000000e+00  1.50000000e+00 
 3.40000000e-06  1.46045470e+00  3.40000000e-06  1.80000000e+00  1.50000000e+00 
 3.50000000e-06  1.46233565e+00  3.50000000e-06  1.80000000e+00  1.50000000e+00 
 3.60000000e-06  1.46417990e+00  3.60000000e-06  1.80000000e+00  1.50000000e+00 
 3.70000000e-06  1.46598933e+00  3.70000000e-06  1.80000000e+00  1.50000000e+00 
 3.80000000e-06  1.46776572e+00  3.80000000e-06  1.80000000e+00  1.50000000e+00 
 3.90000000e-06  1.46951069e+00  3.90000000e-06  1.80000000e+00  1.50000000e+00 
 4.00000000e-06  1.47122573e+00  4.00000000e-06  1.80000000e+00  1.50000000e+00 
 4.10000000e-06  1.47291224e+00  4.10000000e-06  1.80000000e+00  1.50000000e+00 
 4.20000000e-06  1.47457152e+00  4.20000000e-06  1.80000000e+00  1.50000000e+00 
 4.30000000e-06  1.47620477e+00  4.30000000e-06  1.80000000e+00  1.50000000e+00 
 4.40000000e-06  1.47781311e+00  4.40000000e-06  1.80000000e+00  1.50000000e+00 
 4.50000000e-06  1.47939760e+00  4.50000000e-06  1.80000000e+00  1.50000000e+00 
 4.60000000e-06  1.48095923e+00  4.60000000e-06  1.80000000e+00  1.50000000e+00 
 4.70000000e-06  1.48249890e+00  4.70000000e-06  1.80000000e+00  1.50000000e+00 
 4.80000000e-06  1.48401749e+00  4.80000000e-06  1.80000000e+00  1.50000000e+00 
 4.90000000e-06  1.48551581e+00  4.90000000e-06  1.80000000e+00  1.50000000e+00 
 5.00000000e-06  1.48699462e+00  5.00000000e-06  1.80000000e+00  1.50000000e+00 
 5.10000000e-06  1.48845465e+00  5.10000000e-06  1.80000000e+00  1.50000000e+00 
 5.20000000e-06  1.48989656e+00  5.20000000e-06  1.80000000e+00  1.50000000e+00 
 5.30000000e-06  1.49132101e+00  5.30000000e-06  1.80000000e+00  1.50000000e+00 
 5.40000000e-06  1.49272860e+00  5.40000000e-06  1.80000000e+00  1.50000000e+00 
 5.50000000e-06  1.49411990e+00  5.50000000e-06  1.80000000e+00  1.50000000e+00 
 5.60000000e-06  1.49549545e+00  5.60000000e-06  1.80000000e+00  1.50000000e+00 
 5.70000000e-06  1.49685577e+00  5.70000000e-06  1.80000000e+00  1.50000000e+00 
 5.80000000e-06  1.49820136e+00  5.80000000e-06  1.80000000e+00  1.50000000e+00 
 5.90000000e-06  1.49953266e+00  5.90000000e-06  1.80000000e+00  1.50000000e+00 
 6.00000000e-06  1.50085013e+00  6.00000000e-06  1.80000000e+00  1.50000000e+00 
