 i-sweep         v(vout)         i(viin)         v(vgate)        v(vmid)        
 0.00000000e+00  5.00000061e-01  0.00000000e+00  1.40000000e+00  5.00000000e-01 
 1.00000000e-07  5.07695156e-01  1.00000000e-07  1.40000000e+00  5.00000000e-01 
 2.00000000e-07  5.15804729e-01  2.00000000e-07  1.40000000e+00  5.00000000e-01 
 3.00000000e-07  5.24248334e-01  3.00000000e-07  1.40000000e+00  5.00000000e-01 
 4.00000000e-07  5.33064768e-01  4.00000000e-07  1.40000000e+00  5.00000000e-01 
 5.00000000e-07  5.42306675e-01  5.00000000e-07  1.40000000e+00  5.00000000e-01 
 6.00000000e-07  5.52040392e-01  6.00000000e-07  1.40000000e+00  5.00000000e-01 
 7.00000000e-07  5.62351138e-01  7.00000000e-07  1.40000000e+00  5.00000000e-01 
 8.00000000e-07  5.73351314e-01  8.00000000e-07  1.40000000e+00  5.00000000e-01 
 9.00000000e-07  5.85194089e-01  9.00000000e-07  1.40000000e+00  5.00000000e-01 
 1.00000000e-06  5.98741743e-01  1.00000000e-06  1.40000000e+00  5.00000000e-01 
 1.10000000e-06  6.13263841e-01  1.10000000e-06  1.40000000e+00  5.00000000e-01 
 1.20000000e-06  6.29867049e-01  1.20000000e-06  1.40000000e+00  5.00000000e-01 
 1.30000000e-06  6.49712021e-01  1.30000000e-06  1.40000000e+00  5.00000000e-01 
 1.40000000e-06  6.75521007e-01  1.40000000e-06  1.40000000e+00  5.00000000e-01 
 1.50000000e-06  7.17935623e-01  1.50000000e-06  1.40000000e+00  5.00000000e-01 
 1.60000000e-06  9.13532476e-01  1.60000000e-06  1.40000000e+00  5.00000000e-01 
 1.70000000e-06  1.01615784e+00  1.70000000e-06  1.40000000e+00  5.00000000e-01 
 1.80000000e-06  1.04732338e+00  1.80000000e-06  1.40000000e+00  5.00000000e-01 
 1.90000000e-06  1.06625136e+00  1.90000000e-06  1.40000000e+00  5.00000000e-01 
 2.00000000e-06  1.07953848e+00  2.00000000e-06  1.40000000e+00  5.00000000e-01 
 2.10000000e-06  1.09002656e+00  2.10000000e-06  1.40000000e+00  5.00000000e-01 
 2.20000000e-06  1.09948305e+00  2.20000000e-06  1.40000000e+00  5.00000000e-01 
 2.30000000e-06  1.10656011e+00  2.30000000e-06  1.40000000e+00  5.00000000e-01 
 2.40000000e-06  1.11298492e+00  2.40000000e-06  1.40000000e+00  5.00000000e-01 
 2.50000000e-06  1.11871990e+00  2.50000000e-06  1.40000000e+00  5.00000000e-01 
 2.60000000e-06  1.12393216e+00  2.60000000e-06  1.40000000e+00  5.00000000e-01 
 2.70000000e-06  1.12871638e+00  2.70000000e-06  1.40000000e+00  5.00000000e-01 
 2.80000000e-06  1.13314611e+00  2.80000000e-06  1.40000000e+00  5.00000000e-01 
 2.90000000e-06  1.13727721e+00  2.90000000e-06  1.40000000e+00  5.00000000e-01 
 3.00000000e-06  1.14115332e+00  3.00000000e-06  1.40000000e+00  5.00000000e-01 
 3.10000000e-06  1.14480913e+00  3.10000000e-06  1.40000000e+00  5.00000000e-01 
 3.20000000e-06  1.14827266e+00  3.20000000e-06  1.40000000e+00  5.00000000e-01 
 3.30000000e-06  1.15156688e+00  3.30000000e-06  1.40000000e+00  5.00000000e-01 
 3.40000000e-06  1.15471081e+00  3.40000000e-06  1.40000000e+00  5.00000000e-01 
 3.50000000e-06  1.15772045e+00  3.50000000e-06  1.40000000e+00  5.00000000e-01 
 3.60000000e-06  1.16060930e+00  3.60000000e-06  1.40000000e+00  5.00000000e-01 
 3.70000000e-06  1.16338893e+00  3.70000000e-06  1.40000000e+00  5.00000000e-01 
 3.80000000e-06  1.16606926e+00  3.80000000e-06  1.40000000e+00  5.00000000e-01 
 3.90000000e-06  1.16865894e+00  3.90000000e-06  1.40000000e+00  5.00000000e-01 
 4.00000000e-06  1.17116547e+00  4.00000000e-06  1.40000000e+00  5.00000000e-01 
 4.10000000e-06  1.17359549e+00  4.10000000e-06  1.40000000e+00  5.00000000e-01 
 4.20000000e-06  1.17595481e+00  4.20000000e-06  1.40000000e+00  5.00000000e-01 
 4.30000000e-06  1.17824862e+00  4.30000000e-06  1.40000000e+00  5.00000000e-01 
 4.40000000e-06  1.18048153e+00  4.40000000e-06  1.40000000e+00  5.00000000e-01 
 4.50000000e-06  1.18265768e+00  4.50000000e-06  1.40000000e+00  5.00000000e-01 
 4.60000000e-06  1.18478078e+00  4.60000000e-06  1.40000000e+00  5.00000000e-01 
 4.70000000e-06  1.18685418e+00  4.70000000e-06  1.40000000e+00  5.00000000e-01 
 4.80000000e-06  1.18888093e+00  4.80000000e-06  1.40000000e+00  5.00000000e-01 
 4.90000000e-06  1.19086377e+00  4.90000000e-06  1.40000000e+00  5.00000000e-01 
 5.00000000e-06  1.19280522e+00  5.00000000e-06  1.40000000e+00  5.00000000e-01 
 5.10000000e-06  1.19470757e+00  5.10000000e-06  1.40000000e+00  5.00000000e-01 
 5.20000000e-06  1.19657294e+00  5.20000000e-06  1.40000000e+00  5.00000000e-01 
 5.30000000e-06  1.19840325e+00  5.30000000e-06  1.40000000e+00  5.00000000e-01 
 5.40000000e-06  1.20020029e+00  5.40000000e-06  1.40000000e+00  5.00000000e-01 
 5.50000000e-06  1.20196569e+00  5.50000000e-06  1.40000000e+00  5.00000000e-01 
 5.60000000e-06  1.20370098e+00  5.60000000e-06  1.40000000e+00  5.00000000e-01 
 5.70000000e-06  1.20540756e+00  5.70000000e-06  1.40000000e+00  5.00000000e-01 
 5.80000000e-06  1.20708675e+00  5.80000000e-06  1.40000000e+00  5.00000000e-01 
 5.90000000e-06  1.20873975e+00  5.90000000e-06  1.40000000e+00  5.00000000e-01 
 6.00000000e-06  1.21036772e+00  6.00000000e-06  1.40000000e+00  5.00000000e-01 
 6.10000000e-06  1.21197170e+00  6.10000000e-06  1.40000000e+00  5.00000000e-01 
 6.20000000e-06  1.21355268e+00  6.20000000e-06  1.40000000e+00  5.00000000e-01 
 6.30000000e-06  1.21511160e+00  6.30000000e-06  1.40000000e+00  5.00000000e-01 
 6.40000000e-06  1.21664932e+00  6.40000000e-06  1.40000000e+00  5.00000000e-01 
 6.50000000e-06  1.21816666e+00  6.50000000e-06  1.40000000e+00  5.00000000e-01 
 6.60000000e-06  1.21966439e+00  6.60000000e-06  1.40000000e+00  5.00000000e-01 
 6.70000000e-06  1.22114324e+00  6.70000000e-06  1.40000000e+00  5.00000000e-01 
 6.80000000e-06  1.22260388e+00  6.80000000e-06  1.40000000e+00  5.00000000e-01 
 6.90000000e-06  1.22404696e+00  6.90000000e-06  1.40000000e+00  5.00000000e-01 
 7.00000000e-06  1.22547309e+00  7.00000000e-06  1.40000000e+00  5.00000000e-01 
 7.10000000e-06  1.22688285e+00  7.10000000e-06  1.40000000e+00  5.00000000e-01 
 7.20000000e-06  1.22827678e+00  7.20000000e-06  1.40000000e+00  5.00000000e-01 
 7.30000000e-06  1.22965540e+00  7.30000000e-06  1.40000000e+00  5.00000000e-01 
 7.40000000e-06  1.23101920e+00  7.40000000e-06  1.40000000e+00  5.00000000e-01 
 7.50000000e-06  1.23236864e+00  7.50000000e-06  1.40000000e+00  5.00000000e-01 
 7.60000000e-06  1.23370418e+00  7.60000000e-06  1.40000000e+00  5.00000000e-01 
 7.70000000e-06  1.23502623e+00  7.70000000e-06  1.40000000e+00  5.00000000e-01 
 7.80000000e-06  1.23633519e+00  7.80000000e-06  1.40000000e+00  5.00000000e-01 
 7.90000000e-06  1.23763145e+00  7.90000000e-06  1.40000000e+00  5.00000000e-01 
 8.00000000e-06  1.23891538e+00  8.00000000e-06  1.40000000e+00  5.00000000e-01 
 8.10000000e-06  1.24018732e+00  8.10000000e-06  1.40000000e+00  5.00000000e-01 
 8.20000000e-06  1.24144761e+00  8.20000000e-06  1.40000000e+00  5.00000000e-01 
 8.30000000e-06  1.24269656e+00  8.30000000e-06  1.40000000e+00  5.00000000e-01 
 8.40000000e-06  1.24393449e+00  8.40000000e-06  1.40000000e+00  5.00000000e-01 
 8.50000000e-06  1.24516168e+00  8.50000000e-06  1.40000000e+00  5.00000000e-01 
 8.60000000e-06  1.24637841e+00  8.60000000e-06  1.40000000e+00  5.00000000e-01 
 8.70000000e-06  1.24758495e+00  8.70000000e-06  1.40000000e+00  5.00000000e-01 
 8.80000000e-06  1.24878157e+00  8.80000000e-06  1.40000000e+00  5.00000000e-01 
 8.90000000e-06  1.24996850e+00  8.90000000e-06  1.40000000e+00  5.00000000e-01 
 9.00000000e-06  1.25114598e+00  9.00000000e-06  1.40000000e+00  5.00000000e-01 
 9.10000000e-06  1.25231425e+00  9.10000000e-06  1.40000000e+00  5.00000000e-01 
 9.20000000e-06  1.25347353e+00  9.20000000e-06  1.40000000e+00  5.00000000e-01 
 9.30000000e-06  1.25462401e+00  9.30000000e-06  1.40000000e+00  5.00000000e-01 
 9.40000000e-06  1.25576592e+00  9.40000000e-06  1.40000000e+00  5.00000000e-01 
 9.50000000e-06  1.25689944e+00  9.50000000e-06  1.40000000e+00  5.00000000e-01 
 9.60000000e-06  1.25802476e+00  9.60000000e-06  1.40000000e+00  5.00000000e-01 
 9.70000000e-06  1.25914206e+00  9.70000000e-06  1.40000000e+00  5.00000000e-01 
 9.80000000e-06  1.26025152e+00  9.80000000e-06  1.40000000e+00  5.00000000e-01 
 9.90000000e-06  1.26135332e+00  9.90000000e-06  1.40000000e+00  5.00000000e-01 
 1.00000000e-05  1.26244760e+00  1.00000000e-05  1.40000000e+00  5.00000000e-01 
 1.01000000e-05  1.26353454e+00  1.01000000e-05  1.40000000e+00  5.00000000e-01 
 1.02000000e-05  1.26461427e+00  1.02000000e-05  1.40000000e+00  5.00000000e-01 
 1.03000000e-05  1.26568696e+00  1.03000000e-05  1.40000000e+00  5.00000000e-01 
 1.04000000e-05  1.26675275e+00  1.04000000e-05  1.40000000e+00  5.00000000e-01 
 1.05000000e-05  1.26781176e+00  1.05000000e-05  1.40000000e+00  5.00000000e-01 
 1.06000000e-05  1.26886414e+00  1.06000000e-05  1.40000000e+00  5.00000000e-01 
 1.07000000e-05  1.26991001e+00  1.07000000e-05  1.40000000e+00  5.00000000e-01 
 1.08000000e-05  1.27094951e+00  1.08000000e-05  1.40000000e+00  5.00000000e-01 
 1.09000000e-05  1.27198274e+00  1.09000000e-05  1.40000000e+00  5.00000000e-01 
 1.10000000e-05  1.27300984e+00  1.10000000e-05  1.40000000e+00  5.00000000e-01 
 1.11000000e-05  1.27403091e+00  1.11000000e-05  1.40000000e+00  5.00000000e-01 
 1.12000000e-05  1.27504606e+00  1.12000000e-05  1.40000000e+00  5.00000000e-01 
 1.13000000e-05  1.27605540e+00  1.13000000e-05  1.40000000e+00  5.00000000e-01 
 1.14000000e-05  1.27705904e+00  1.14000000e-05  1.40000000e+00  5.00000000e-01 
 1.15000000e-05  1.27805708e+00  1.15000000e-05  1.40000000e+00  5.00000000e-01 
 1.16000000e-05  1.27904961e+00  1.16000000e-05  1.40000000e+00  5.00000000e-01 
 1.17000000e-05  1.28003673e+00  1.17000000e-05  1.40000000e+00  5.00000000e-01 
 1.18000000e-05  1.28101853e+00  1.18000000e-05  1.40000000e+00  5.00000000e-01 
 1.19000000e-05  1.28199511e+00  1.19000000e-05  1.40000000e+00  5.00000000e-01 
 1.20000000e-05  1.28296656e+00  1.20000000e-05  1.40000000e+00  5.00000000e-01 
 1.21000000e-05  1.28393295e+00  1.21000000e-05  1.40000000e+00  5.00000000e-01 
 1.22000000e-05  1.28489437e+00  1.22000000e-05  1.40000000e+00  5.00000000e-01 
 1.23000000e-05  1.28585090e+00  1.23000000e-05  1.40000000e+00  5.00000000e-01 
 1.24000000e-05  1.28680262e+00  1.24000000e-05  1.40000000e+00  5.00000000e-01 
 1.25000000e-05  1.28774961e+00  1.25000000e-05  1.40000000e+00  5.00000000e-01 
 1.26000000e-05  1.28869194e+00  1.26000000e-05  1.40000000e+00  5.00000000e-01 
 1.27000000e-05  1.28962968e+00  1.27000000e-05  1.40000000e+00  5.00000000e-01 
 1.28000000e-05  1.29056291e+00  1.28000000e-05  1.40000000e+00  5.00000000e-01 
 1.29000000e-05  1.29149169e+00  1.29000000e-05  1.40000000e+00  5.00000000e-01 
 1.30000000e-05  1.29241610e+00  1.30000000e-05  1.40000000e+00  5.00000000e-01 
 1.31000000e-05  1.29333619e+00  1.31000000e-05  1.40000000e+00  5.00000000e-01 
 1.32000000e-05  1.29425203e+00  1.32000000e-05  1.40000000e+00  5.00000000e-01 
 1.33000000e-05  1.29516369e+00  1.33000000e-05  1.40000000e+00  5.00000000e-01 
 1.34000000e-05  1.29607122e+00  1.34000000e-05  1.40000000e+00  5.00000000e-01 
 1.35000000e-05  1.29697469e+00  1.35000000e-05  1.40000000e+00  5.00000000e-01 
 1.36000000e-05  1.29787415e+00  1.36000000e-05  1.40000000e+00  5.00000000e-01 
 1.37000000e-05  1.29876966e+00  1.37000000e-05  1.40000000e+00  5.00000000e-01 
 1.38000000e-05  1.29966128e+00  1.38000000e-05  1.40000000e+00  5.00000000e-01 
 1.39000000e-05  1.30054905e+00  1.39000000e-05  1.40000000e+00  5.00000000e-01 
 1.40000000e-05  1.30143304e+00  1.40000000e-05  1.40000000e+00  5.00000000e-01 
 1.41000000e-05  1.30231329e+00  1.41000000e-05  1.40000000e+00  5.00000000e-01 
 1.42000000e-05  1.30318986e+00  1.42000000e-05  1.40000000e+00  5.00000000e-01 
 1.43000000e-05  1.30406279e+00  1.43000000e-05  1.40000000e+00  5.00000000e-01 
 1.44000000e-05  1.30493213e+00  1.44000000e-05  1.40000000e+00  5.00000000e-01 
 1.45000000e-05  1.30579794e+00  1.45000000e-05  1.40000000e+00  5.00000000e-01 
 1.46000000e-05  1.30666025e+00  1.46000000e-05  1.40000000e+00  5.00000000e-01 
 1.47000000e-05  1.30751911e+00  1.47000000e-05  1.40000000e+00  5.00000000e-01 
 1.48000000e-05  1.30837457e+00  1.48000000e-05  1.40000000e+00  5.00000000e-01 
 1.49000000e-05  1.30922667e+00  1.49000000e-05  1.40000000e+00  5.00000000e-01 
 1.50000000e-05  1.31007545e+00  1.50000000e-05  1.40000000e+00  5.00000000e-01 
 1.51000000e-05  1.31092095e+00  1.51000000e-05  1.40000000e+00  5.00000000e-01 
 1.52000000e-05  1.31176322e+00  1.52000000e-05  1.40000000e+00  5.00000000e-01 
 1.53000000e-05  1.31260229e+00  1.53000000e-05  1.40000000e+00  5.00000000e-01 
 1.54000000e-05  1.31343821e+00  1.54000000e-05  1.40000000e+00  5.00000000e-01 
 1.55000000e-05  1.31427101e+00  1.55000000e-05  1.40000000e+00  5.00000000e-01 
 1.56000000e-05  1.31510072e+00  1.56000000e-05  1.40000000e+00  5.00000000e-01 
 1.57000000e-05  1.31592740e+00  1.57000000e-05  1.40000000e+00  5.00000000e-01 
 1.58000000e-05  1.31675106e+00  1.58000000e-05  1.40000000e+00  5.00000000e-01 
 1.59000000e-05  1.31757176e+00  1.59000000e-05  1.40000000e+00  5.00000000e-01 
 1.60000000e-05  1.31838951e+00  1.60000000e-05  1.40000000e+00  5.00000000e-01 
 1.61000000e-05  1.31920436e+00  1.61000000e-05  1.40000000e+00  5.00000000e-01 
 1.62000000e-05  1.32001634e+00  1.62000000e-05  1.40000000e+00  5.00000000e-01 
 1.63000000e-05  1.32082549e+00  1.63000000e-05  1.40000000e+00  5.00000000e-01 
 1.64000000e-05  1.32163182e+00  1.64000000e-05  1.40000000e+00  5.00000000e-01 
 1.65000000e-05  1.32243539e+00  1.65000000e-05  1.40000000e+00  5.00000000e-01 
 1.66000000e-05  1.32323621e+00  1.66000000e-05  1.40000000e+00  5.00000000e-01 
 1.67000000e-05  1.32403432e+00  1.67000000e-05  1.40000000e+00  5.00000000e-01 
 1.68000000e-05  1.32482974e+00  1.68000000e-05  1.40000000e+00  5.00000000e-01 
 1.69000000e-05  1.32562251e+00  1.69000000e-05  1.40000000e+00  5.00000000e-01 
 1.70000000e-05  1.32641266e+00  1.70000000e-05  1.40000000e+00  5.00000000e-01 
 1.71000000e-05  1.32720021e+00  1.71000000e-05  1.40000000e+00  5.00000000e-01 
 1.72000000e-05  1.32798519e+00  1.72000000e-05  1.40000000e+00  5.00000000e-01 
 1.73000000e-05  1.32876762e+00  1.73000000e-05  1.40000000e+00  5.00000000e-01 
 1.74000000e-05  1.32954755e+00  1.74000000e-05  1.40000000e+00  5.00000000e-01 
 1.75000000e-05  1.33032498e+00  1.75000000e-05  1.40000000e+00  5.00000000e-01 
 1.76000000e-05  1.33109995e+00  1.76000000e-05  1.40000000e+00  5.00000000e-01 
 1.77000000e-05  1.33187248e+00  1.77000000e-05  1.40000000e+00  5.00000000e-01 
 1.78000000e-05  1.33264260e+00  1.78000000e-05  1.40000000e+00  5.00000000e-01 
 1.79000000e-05  1.33341033e+00  1.79000000e-05  1.40000000e+00  5.00000000e-01 
 1.80000000e-05  1.33417570e+00  1.80000000e-05  1.40000000e+00  5.00000000e-01 
 1.81000000e-05  1.33493872e+00  1.81000000e-05  1.40000000e+00  5.00000000e-01 
 1.82000000e-05  1.33569943e+00  1.82000000e-05  1.40000000e+00  5.00000000e-01 
 1.83000000e-05  1.33645785e+00  1.83000000e-05  1.40000000e+00  5.00000000e-01 
 1.84000000e-05  1.33721399e+00  1.84000000e-05  1.40000000e+00  5.00000000e-01 
 1.85000000e-05  1.33796788e+00  1.85000000e-05  1.40000000e+00  5.00000000e-01 
 1.86000000e-05  1.33871954e+00  1.86000000e-05  1.40000000e+00  5.00000000e-01 
 1.87000000e-05  1.33946900e+00  1.87000000e-05  1.40000000e+00  5.00000000e-01 
 1.88000000e-05  1.34021627e+00  1.88000000e-05  1.40000000e+00  5.00000000e-01 
 1.89000000e-05  1.34096138e+00  1.89000000e-05  1.40000000e+00  5.00000000e-01 
 1.90000000e-05  1.34170434e+00  1.90000000e-05  1.40000000e+00  5.00000000e-01 
 1.91000000e-05  1.34244518e+00  1.91000000e-05  1.40000000e+00  5.00000000e-01 
 1.92000000e-05  1.34318392e+00  1.92000000e-05  1.40000000e+00  5.00000000e-01 
 1.93000000e-05  1.34392057e+00  1.93000000e-05  1.40000000e+00  5.00000000e-01 
 1.94000000e-05  1.34465515e+00  1.94000000e-05  1.40000000e+00  5.00000000e-01 
 1.95000000e-05  1.34538769e+00  1.95000000e-05  1.40000000e+00  5.00000000e-01 
 1.96000000e-05  1.34611820e+00  1.96000000e-05  1.40000000e+00  5.00000000e-01 
 1.97000000e-05  1.34684670e+00  1.97000000e-05  1.40000000e+00  5.00000000e-01 
 1.98000000e-05  1.34757320e+00  1.98000000e-05  1.40000000e+00  5.00000000e-01 
 1.99000000e-05  1.34829774e+00  1.99000000e-05  1.40000000e+00  5.00000000e-01 
 2.00000000e-05  1.34902031e+00  2.00000000e-05  1.40000000e+00  5.00000000e-01 
 2.01000000e-05  1.34974095e+00  2.01000000e-05  1.40000000e+00  5.00000000e-01 
 2.02000000e-05  1.35045967e+00  2.02000000e-05  1.40000000e+00  5.00000000e-01 
 2.03000000e-05  1.35117648e+00  2.03000000e-05  1.40000000e+00  5.00000000e-01 
 2.04000000e-05  1.35189140e+00  2.04000000e-05  1.40000000e+00  5.00000000e-01 
 2.05000000e-05  1.35260444e+00  2.05000000e-05  1.40000000e+00  5.00000000e-01 
 2.06000000e-05  1.35331563e+00  2.06000000e-05  1.40000000e+00  5.00000000e-01 
 2.07000000e-05  1.35402498e+00  2.07000000e-05  1.40000000e+00  5.00000000e-01 
 2.08000000e-05  1.35473251e+00  2.08000000e-05  1.40000000e+00  5.00000000e-01 
 2.09000000e-05  1.35543822e+00  2.09000000e-05  1.40000000e+00  5.00000000e-01 
 2.10000000e-05  1.35614214e+00  2.10000000e-05  1.40000000e+00  5.00000000e-01 
 2.11000000e-05  1.35684428e+00  2.11000000e-05  1.40000000e+00  5.00000000e-01 
 2.12000000e-05  1.35754465e+00  2.12000000e-05  1.40000000e+00  5.00000000e-01 
 2.13000000e-05  1.35824327e+00  2.13000000e-05  1.40000000e+00  5.00000000e-01 
 2.14000000e-05  1.35894016e+00  2.14000000e-05  1.40000000e+00  5.00000000e-01 
 2.15000000e-05  1.35963532e+00  2.15000000e-05  1.40000000e+00  5.00000000e-01 
 2.16000000e-05  1.36032878e+00  2.16000000e-05  1.40000000e+00  5.00000000e-01 
 2.17000000e-05  1.36102054e+00  2.17000000e-05  1.40000000e+00  5.00000000e-01 
 2.18000000e-05  1.36171062e+00  2.18000000e-05  1.40000000e+00  5.00000000e-01 
 2.19000000e-05  1.36239903e+00  2.19000000e-05  1.40000000e+00  5.00000000e-01 
 2.20000000e-05  1.36308579e+00  2.20000000e-05  1.40000000e+00  5.00000000e-01 
 2.21000000e-05  1.36377090e+00  2.21000000e-05  1.40000000e+00  5.00000000e-01 
 2.22000000e-05  1.36445439e+00  2.22000000e-05  1.40000000e+00  5.00000000e-01 
 2.23000000e-05  1.36513626e+00  2.23000000e-05  1.40000000e+00  5.00000000e-01 
 2.24000000e-05  1.36581653e+00  2.24000000e-05  1.40000000e+00  5.00000000e-01 
 2.25000000e-05  1.36649520e+00  2.25000000e-05  1.40000000e+00  5.00000000e-01 
 2.26000000e-05  1.36717230e+00  2.26000000e-05  1.40000000e+00  5.00000000e-01 
 2.27000000e-05  1.36784783e+00  2.27000000e-05  1.40000000e+00  5.00000000e-01 
 2.28000000e-05  1.36852180e+00  2.28000000e-05  1.40000000e+00  5.00000000e-01 
 2.29000000e-05  1.36919423e+00  2.29000000e-05  1.40000000e+00  5.00000000e-01 
 2.30000000e-05  1.36986513e+00  2.30000000e-05  1.40000000e+00  5.00000000e-01 
 2.31000000e-05  1.37053451e+00  2.31000000e-05  1.40000000e+00  5.00000000e-01 
 2.32000000e-05  1.37120238e+00  2.32000000e-05  1.40000000e+00  5.00000000e-01 
 2.33000000e-05  1.37186875e+00  2.33000000e-05  1.40000000e+00  5.00000000e-01 
 2.34000000e-05  1.37253363e+00  2.34000000e-05  1.40000000e+00  5.00000000e-01 
 2.35000000e-05  1.37319704e+00  2.35000000e-05  1.40000000e+00  5.00000000e-01 
 2.36000000e-05  1.37385898e+00  2.36000000e-05  1.40000000e+00  5.00000000e-01 
 2.37000000e-05  1.37451947e+00  2.37000000e-05  1.40000000e+00  5.00000000e-01 
 2.38000000e-05  1.37517851e+00  2.38000000e-05  1.40000000e+00  5.00000000e-01 
 2.39000000e-05  1.37583612e+00  2.39000000e-05  1.40000000e+00  5.00000000e-01 
 2.40000000e-05  1.37649231e+00  2.40000000e-05  1.40000000e+00  5.00000000e-01 
 2.41000000e-05  1.37714708e+00  2.41000000e-05  1.40000000e+00  5.00000000e-01 
 2.42000000e-05  1.37780044e+00  2.42000000e-05  1.40000000e+00  5.00000000e-01 
 2.43000000e-05  1.37845242e+00  2.43000000e-05  1.40000000e+00  5.00000000e-01 
 2.44000000e-05  1.37910301e+00  2.44000000e-05  1.40000000e+00  5.00000000e-01 
 2.45000000e-05  1.37975222e+00  2.45000000e-05  1.40000000e+00  5.00000000e-01 
 2.46000000e-05  1.38040007e+00  2.46000000e-05  1.40000000e+00  5.00000000e-01 
 2.47000000e-05  1.38104657e+00  2.47000000e-05  1.40000000e+00  5.00000000e-01 
 2.48000000e-05  1.38169172e+00  2.48000000e-05  1.40000000e+00  5.00000000e-01 
 2.49000000e-05  1.38233553e+00  2.49000000e-05  1.40000000e+00  5.00000000e-01 
 2.50000000e-05  1.38297801e+00  2.50000000e-05  1.40000000e+00  5.00000000e-01 
 2.51000000e-05  1.38361918e+00  2.51000000e-05  1.40000000e+00  5.00000000e-01 
 2.52000000e-05  1.38425903e+00  2.52000000e-05  1.40000000e+00  5.00000000e-01 
 2.53000000e-05  1.38489758e+00  2.53000000e-05  1.40000000e+00  5.00000000e-01 
 2.54000000e-05  1.38553484e+00  2.54000000e-05  1.40000000e+00  5.00000000e-01 
 2.55000000e-05  1.38617082e+00  2.55000000e-05  1.40000000e+00  5.00000000e-01 
 2.56000000e-05  1.38680552e+00  2.56000000e-05  1.40000000e+00  5.00000000e-01 
 2.57000000e-05  1.38743895e+00  2.57000000e-05  1.40000000e+00  5.00000000e-01 
 2.58000000e-05  1.38807113e+00  2.58000000e-05  1.40000000e+00  5.00000000e-01 
 2.59000000e-05  1.38870205e+00  2.59000000e-05  1.40000000e+00  5.00000000e-01 
 2.60000000e-05  1.38933173e+00  2.60000000e-05  1.40000000e+00  5.00000000e-01 
 2.61000000e-05  1.38996018e+00  2.61000000e-05  1.40000000e+00  5.00000000e-01 
 2.62000000e-05  1.39058740e+00  2.62000000e-05  1.40000000e+00  5.00000000e-01 
 2.63000000e-05  1.39121340e+00  2.63000000e-05  1.40000000e+00  5.00000000e-01 
 2.64000000e-05  1.39183819e+00  2.64000000e-05  1.40000000e+00  5.00000000e-01 
 2.65000000e-05  1.39246178e+00  2.65000000e-05  1.40000000e+00  5.00000000e-01 
 2.66000000e-05  1.39308417e+00  2.66000000e-05  1.40000000e+00  5.00000000e-01 
 2.67000000e-05  1.39370537e+00  2.67000000e-05  1.40000000e+00  5.00000000e-01 
 2.68000000e-05  1.39432539e+00  2.68000000e-05  1.40000000e+00  5.00000000e-01 
 2.69000000e-05  1.39494424e+00  2.69000000e-05  1.40000000e+00  5.00000000e-01 
 2.70000000e-05  1.39556192e+00  2.70000000e-05  1.40000000e+00  5.00000000e-01 
 2.71000000e-05  1.39617845e+00  2.71000000e-05  1.40000000e+00  5.00000000e-01 
 2.72000000e-05  1.39679382e+00  2.72000000e-05  1.40000000e+00  5.00000000e-01 
 2.73000000e-05  1.39740805e+00  2.73000000e-05  1.40000000e+00  5.00000000e-01 
 2.74000000e-05  1.39802114e+00  2.74000000e-05  1.40000000e+00  5.00000000e-01 
 2.75000000e-05  1.39863310e+00  2.75000000e-05  1.40000000e+00  5.00000000e-01 
 2.76000000e-05  1.39924393e+00  2.76000000e-05  1.40000000e+00  5.00000000e-01 
 2.77000000e-05  1.39985365e+00  2.77000000e-05  1.40000000e+00  5.00000000e-01 
 2.78000000e-05  1.40046226e+00  2.78000000e-05  1.40000000e+00  5.00000000e-01 
 2.79000000e-05  1.40106976e+00  2.79000000e-05  1.40000000e+00  5.00000000e-01 
 2.80000000e-05  1.40167617e+00  2.80000000e-05  1.40000000e+00  5.00000000e-01 
 2.81000000e-05  1.40228148e+00  2.81000000e-05  1.40000000e+00  5.00000000e-01 
 2.82000000e-05  1.40288571e+00  2.82000000e-05  1.40000000e+00  5.00000000e-01 
 2.83000000e-05  1.40348887e+00  2.83000000e-05  1.40000000e+00  5.00000000e-01 
 2.84000000e-05  1.40409095e+00  2.84000000e-05  1.40000000e+00  5.00000000e-01 
 2.85000000e-05  1.40469197e+00  2.85000000e-05  1.40000000e+00  5.00000000e-01 
 2.86000000e-05  1.40529192e+00  2.86000000e-05  1.40000000e+00  5.00000000e-01 
 2.87000000e-05  1.40589083e+00  2.87000000e-05  1.40000000e+00  5.00000000e-01 
 2.88000000e-05  1.40648869e+00  2.88000000e-05  1.40000000e+00  5.00000000e-01 
 2.89000000e-05  1.40708550e+00  2.89000000e-05  1.40000000e+00  5.00000000e-01 
 2.90000000e-05  1.40768128e+00  2.90000000e-05  1.40000000e+00  5.00000000e-01 
 2.91000000e-05  1.40827604e+00  2.91000000e-05  1.40000000e+00  5.00000000e-01 
 2.92000000e-05  1.40886976e+00  2.92000000e-05  1.40000000e+00  5.00000000e-01 
 2.93000000e-05  1.40946248e+00  2.93000000e-05  1.40000000e+00  5.00000000e-01 
 2.94000000e-05  1.41005418e+00  2.94000000e-05  1.40000000e+00  5.00000000e-01 
 2.95000000e-05  1.41064487e+00  2.95000000e-05  1.40000000e+00  5.00000000e-01 
 2.96000000e-05  1.41123456e+00  2.96000000e-05  1.40000000e+00  5.00000000e-01 
 2.97000000e-05  1.41182326e+00  2.97000000e-05  1.40000000e+00  5.00000000e-01 
 2.98000000e-05  1.41241097e+00  2.98000000e-05  1.40000000e+00  5.00000000e-01 
 2.99000000e-05  1.41299769e+00  2.99000000e-05  1.40000000e+00  5.00000000e-01 
 3.00000000e-05  1.41358344e+00  3.00000000e-05  1.40000000e+00  5.00000000e-01 
