 i-sweep         v(vout)         i(viin)         v(vgate)        v(vmid)        
 0.00000000e+00  7.54153399e-01  0.00000000e+00  1.20000000e+00  1.10000000e+00 
 1.00000000e-07  1.03925703e+00  1.00000000e-07  1.20000000e+00  1.10000000e+00 
 2.00000000e-07  1.07166365e+00  2.00000000e-07  1.20000000e+00  1.10000000e+00 
 3.00000000e-07  1.09054261e+00  3.00000000e-07  1.20000000e+00  1.10000000e+00 
 4.00000000e-07  1.10398177e+00  4.00000000e-07  1.20000000e+00  1.10000000e+00 
 5.00000000e-07  1.11448774e+00  5.00000000e-07  1.20000000e+00  1.10000000e+00 
 6.00000000e-07  1.12314538e+00  6.00000000e-07  1.20000000e+00  1.10000000e+00 
 7.00000000e-07  1.13054882e+00  7.00000000e-07  1.20000000e+00  1.10000000e+00 
 8.00000000e-07  1.13703905e+00  8.00000000e-07  1.20000000e+00  1.10000000e+00 
 9.00000000e-07  1.14283499e+00  9.00000000e-07  1.20000000e+00  1.10000000e+00 
 1.00000000e-06  1.14808527e+00  1.00000000e-06  1.20000000e+00  1.10000000e+00 
 1.10000000e-06  1.15289530e+00  1.10000000e-06  1.20000000e+00  1.10000000e+00 
 1.20000000e-06  1.15734252e+00  1.20000000e-06  1.20000000e+00  1.10000000e+00 
 1.30000000e-06  1.16148550e+00  1.30000000e-06  1.20000000e+00  1.10000000e+00 
 1.40000000e-06  1.16537943e+00  1.40000000e-06  1.20000000e+00  1.10000000e+00 
 1.50000000e-06  1.16903743e+00  1.50000000e-06  1.20000000e+00  1.10000000e+00 
 1.60000000e-06  1.17250211e+00  1.60000000e-06  1.20000000e+00  1.10000000e+00 
 1.70000000e-06  1.17579661e+00  1.70000000e-06  1.20000000e+00  1.10000000e+00 
 1.80000000e-06  1.17894012e+00  1.80000000e-06  1.20000000e+00  1.10000000e+00 
 1.90000000e-06  1.18194878e+00  1.90000000e-06  1.20000000e+00  1.10000000e+00 
 2.00000000e-06  1.18483625e+00  2.00000000e-06  1.20000000e+00  1.10000000e+00 
 2.10000000e-06  1.18761419e+00  2.10000000e-06  1.20000000e+00  1.10000000e+00 
 2.20000000e-06  1.19029262e+00  2.20000000e-06  1.20000000e+00  1.10000000e+00 
 2.30000000e-06  1.19288021e+00  2.30000000e-06  1.20000000e+00  1.10000000e+00 
 2.40000000e-06  1.19538452e+00  2.40000000e-06  1.20000000e+00  1.10000000e+00 
 2.50000000e-06  1.19781218e+00  2.50000000e-06  1.20000000e+00  1.10000000e+00 
 2.60000000e-06  1.20016907e+00  2.60000000e-06  1.20000000e+00  1.10000000e+00 
 2.70000000e-06  1.20246038e+00  2.70000000e-06  1.20000000e+00  1.10000000e+00 
 2.80000000e-06  1.20469074e+00  2.80000000e-06  1.20000000e+00  1.10000000e+00 
 2.90000000e-06  1.20686429e+00  2.90000000e-06  1.20000000e+00  1.10000000e+00 
 3.00000000e-06  1.20898478e+00  3.00000000e-06  1.20000000e+00  1.10000000e+00 
 3.10000000e-06  1.21105556e+00  3.10000000e-06  1.20000000e+00  1.10000000e+00 
 3.20000000e-06  1.21307966e+00  3.20000000e-06  1.20000000e+00  1.10000000e+00 
 3.30000000e-06  1.21505987e+00  3.30000000e-06  1.20000000e+00  1.10000000e+00 
 3.40000000e-06  1.21699870e+00  3.40000000e-06  1.20000000e+00  1.10000000e+00 
 3.50000000e-06  1.21889844e+00  3.50000000e-06  1.20000000e+00  1.10000000e+00 
 3.60000000e-06  1.22076120e+00  3.60000000e-06  1.20000000e+00  1.10000000e+00 
 3.70000000e-06  1.22258893e+00  3.70000000e-06  1.20000000e+00  1.10000000e+00 
 3.80000000e-06  1.22438339e+00  3.80000000e-06  1.20000000e+00  1.10000000e+00 
 3.90000000e-06  1.22615248e+00  3.90000000e-06  1.20000000e+00  1.10000000e+00 
 4.00000000e-06  1.22788392e+00  4.00000000e-06  1.20000000e+00  1.10000000e+00 
 4.10000000e-06  1.22958695e+00  4.10000000e-06  1.20000000e+00  1.10000000e+00 
 4.20000000e-06  1.23126281e+00  4.20000000e-06  1.20000000e+00  1.10000000e+00 
 4.30000000e-06  1.23291270e+00  4.30000000e-06  1.20000000e+00  1.10000000e+00 
 4.40000000e-06  1.23453771e+00  4.40000000e-06  1.20000000e+00  1.10000000e+00 
 4.50000000e-06  1.23613886e+00  4.50000000e-06  1.20000000e+00  1.10000000e+00 
 4.60000000e-06  1.23771713e+00  4.60000000e-06  1.20000000e+00  1.10000000e+00 
 4.70000000e-06  1.23927343e+00  4.70000000e-06  1.20000000e+00  1.10000000e+00 
 4.80000000e-06  1.24080955e+00  4.80000000e-06  1.20000000e+00  1.10000000e+00 
 4.90000000e-06  1.24232437e+00  4.90000000e-06  1.20000000e+00  1.10000000e+00 
 5.00000000e-06  1.24381963e+00  5.00000000e-06  1.20000000e+00  1.10000000e+00 
 5.10000000e-06  1.24529604e+00  5.10000000e-06  1.20000000e+00  1.10000000e+00 
 5.20000000e-06  1.24675430e+00  5.20000000e-06  1.20000000e+00  1.10000000e+00 
 5.30000000e-06  1.24819503e+00  5.30000000e-06  1.20000000e+00  1.10000000e+00 
 5.40000000e-06  1.24961884e+00  5.40000000e-06  1.20000000e+00  1.10000000e+00 
 5.50000000e-06  1.25102632e+00  5.50000000e-06  1.20000000e+00  1.10000000e+00 
 5.60000000e-06  1.25241799e+00  5.60000000e-06  1.20000000e+00  1.10000000e+00 
 5.70000000e-06  1.25379438e+00  5.70000000e-06  1.20000000e+00  1.10000000e+00 
 5.80000000e-06  1.25515598e+00  5.80000000e-06  1.20000000e+00  1.10000000e+00 
 5.90000000e-06  1.25650326e+00  5.90000000e-06  1.20000000e+00  1.10000000e+00 
 6.00000000e-06  1.25783665e+00  6.00000000e-06  1.20000000e+00  1.10000000e+00 
 6.10000000e-06  1.25915657e+00  6.10000000e-06  1.20000000e+00  1.10000000e+00 
 6.20000000e-06  1.26046343e+00  6.20000000e-06  1.20000000e+00  1.10000000e+00 
 6.30000000e-06  1.26175761e+00  6.30000000e-06  1.20000000e+00  1.10000000e+00 
 6.40000000e-06  1.26303947e+00  6.40000000e-06  1.20000000e+00  1.10000000e+00 
 6.50000000e-06  1.26430936e+00  6.50000000e-06  1.20000000e+00  1.10000000e+00 
 6.60000000e-06  1.26556762e+00  6.60000000e-06  1.20000000e+00  1.10000000e+00 
 6.70000000e-06  1.26681456e+00  6.70000000e-06  1.20000000e+00  1.10000000e+00 
 6.80000000e-06  1.26805049e+00  6.80000000e-06  1.20000000e+00  1.10000000e+00 
 6.90000000e-06  1.26927570e+00  6.90000000e-06  1.20000000e+00  1.10000000e+00 
 7.00000000e-06  1.27049047e+00  7.00000000e-06  1.20000000e+00  1.10000000e+00 
 7.10000000e-06  1.27169507e+00  7.10000000e-06  1.20000000e+00  1.10000000e+00 
 7.20000000e-06  1.27288975e+00  7.20000000e-06  1.20000000e+00  1.10000000e+00 
 7.30000000e-06  1.27407476e+00  7.30000000e-06  1.20000000e+00  1.10000000e+00 
 7.40000000e-06  1.27525034e+00  7.40000000e-06  1.20000000e+00  1.10000000e+00 
 7.50000000e-06  1.27641672e+00  7.50000000e-06  1.20000000e+00  1.10000000e+00 
 7.60000000e-06  1.27757411e+00  7.60000000e-06  1.20000000e+00  1.10000000e+00 
 7.70000000e-06  1.27872273e+00  7.70000000e-06  1.20000000e+00  1.10000000e+00 
 7.80000000e-06  1.27986278e+00  7.80000000e-06  1.20000000e+00  1.10000000e+00 
 7.90000000e-06  1.28099445e+00  7.90000000e-06  1.20000000e+00  1.10000000e+00 
 8.00000000e-06  1.28211794e+00  8.00000000e-06  1.20000000e+00  1.10000000e+00 
 8.10000000e-06  1.28323342e+00  8.10000000e-06  1.20000000e+00  1.10000000e+00 
 8.20000000e-06  1.28434108e+00  8.20000000e-06  1.20000000e+00  1.10000000e+00 
 8.30000000e-06  1.28544107e+00  8.30000000e-06  1.20000000e+00  1.10000000e+00 
 8.40000000e-06  1.28653356e+00  8.40000000e-06  1.20000000e+00  1.10000000e+00 
 8.50000000e-06  1.28761872e+00  8.50000000e-06  1.20000000e+00  1.10000000e+00 
 8.60000000e-06  1.28869669e+00  8.60000000e-06  1.20000000e+00  1.10000000e+00 
 8.70000000e-06  1.28976761e+00  8.70000000e-06  1.20000000e+00  1.10000000e+00 
 8.80000000e-06  1.29083165e+00  8.80000000e-06  1.20000000e+00  1.10000000e+00 
 8.90000000e-06  1.29188892e+00  8.90000000e-06  1.20000000e+00  1.10000000e+00 
 9.00000000e-06  1.29293956e+00  9.00000000e-06  1.20000000e+00  1.10000000e+00 
 9.10000000e-06  1.29398371e+00  9.10000000e-06  1.20000000e+00  1.10000000e+00 
 9.20000000e-06  1.29502149e+00  9.20000000e-06  1.20000000e+00  1.10000000e+00 
 9.30000000e-06  1.29605302e+00  9.30000000e-06  1.20000000e+00  1.10000000e+00 
 9.40000000e-06  1.29707841e+00  9.40000000e-06  1.20000000e+00  1.10000000e+00 
 9.50000000e-06  1.29809779e+00  9.50000000e-06  1.20000000e+00  1.10000000e+00 
 9.60000000e-06  1.29911125e+00  9.60000000e-06  1.20000000e+00  1.10000000e+00 
 9.70000000e-06  1.30011892e+00  9.70000000e-06  1.20000000e+00  1.10000000e+00 
 9.80000000e-06  1.30112089e+00  9.80000000e-06  1.20000000e+00  1.10000000e+00 
 9.90000000e-06  1.30211727e+00  9.90000000e-06  1.20000000e+00  1.10000000e+00 
 1.00000000e-05  1.30310814e+00  1.00000000e-05  1.20000000e+00  1.10000000e+00 
 1.01000000e-05  1.30409362e+00  1.01000000e-05  1.20000000e+00  1.10000000e+00 
 1.02000000e-05  1.30507378e+00  1.02000000e-05  1.20000000e+00  1.10000000e+00 
 1.03000000e-05  1.30604873e+00  1.03000000e-05  1.20000000e+00  1.10000000e+00 
 1.04000000e-05  1.30701854e+00  1.04000000e-05  1.20000000e+00  1.10000000e+00 
 1.05000000e-05  1.30798331e+00  1.05000000e-05  1.20000000e+00  1.10000000e+00 
 1.06000000e-05  1.30894312e+00  1.06000000e-05  1.20000000e+00  1.10000000e+00 
 1.07000000e-05  1.30989804e+00  1.07000000e-05  1.20000000e+00  1.10000000e+00 
 1.08000000e-05  1.31084816e+00  1.08000000e-05  1.20000000e+00  1.10000000e+00 
 1.09000000e-05  1.31179355e+00  1.09000000e-05  1.20000000e+00  1.10000000e+00 
 1.10000000e-05  1.31273429e+00  1.10000000e-05  1.20000000e+00  1.10000000e+00 
 1.11000000e-05  1.31367045e+00  1.11000000e-05  1.20000000e+00  1.10000000e+00 
 1.12000000e-05  1.31460211e+00  1.12000000e-05  1.20000000e+00  1.10000000e+00 
 1.13000000e-05  1.31552932e+00  1.13000000e-05  1.20000000e+00  1.10000000e+00 
 1.14000000e-05  1.31645216e+00  1.14000000e-05  1.20000000e+00  1.10000000e+00 
 1.15000000e-05  1.31737069e+00  1.15000000e-05  1.20000000e+00  1.10000000e+00 
 1.16000000e-05  1.31828497e+00  1.16000000e-05  1.20000000e+00  1.10000000e+00 
 1.17000000e-05  1.31919508e+00  1.17000000e-05  1.20000000e+00  1.10000000e+00 
 1.18000000e-05  1.32010107e+00  1.18000000e-05  1.20000000e+00  1.10000000e+00 
 1.19000000e-05  1.32100300e+00  1.19000000e-05  1.20000000e+00  1.10000000e+00 
 1.20000000e-05  1.32190092e+00  1.20000000e-05  1.20000000e+00  1.10000000e+00 
 1.21000000e-05  1.32279490e+00  1.21000000e-05  1.20000000e+00  1.10000000e+00 
 1.22000000e-05  1.32368500e+00  1.22000000e-05  1.20000000e+00  1.10000000e+00 
 1.23000000e-05  1.32457125e+00  1.23000000e-05  1.20000000e+00  1.10000000e+00 
 1.24000000e-05  1.32545372e+00  1.24000000e-05  1.20000000e+00  1.10000000e+00 
 1.25000000e-05  1.32633246e+00  1.25000000e-05  1.20000000e+00  1.10000000e+00 
 1.26000000e-05  1.32720752e+00  1.26000000e-05  1.20000000e+00  1.10000000e+00 
 1.27000000e-05  1.32807895e+00  1.27000000e-05  1.20000000e+00  1.10000000e+00 
 1.28000000e-05  1.32894680e+00  1.28000000e-05  1.20000000e+00  1.10000000e+00 
 1.29000000e-05  1.32981111e+00  1.29000000e-05  1.20000000e+00  1.10000000e+00 
 1.30000000e-05  1.33067193e+00  1.30000000e-05  1.20000000e+00  1.10000000e+00 
 1.31000000e-05  1.33152931e+00  1.31000000e-05  1.20000000e+00  1.10000000e+00 
 1.32000000e-05  1.33238329e+00  1.32000000e-05  1.20000000e+00  1.10000000e+00 
 1.33000000e-05  1.33323391e+00  1.33000000e-05  1.20000000e+00  1.10000000e+00 
 1.34000000e-05  1.33408329e+00  1.34000000e-05  1.20000000e+00  1.10000000e+00 
 1.35000000e-05  1.33492724e+00  1.35000000e-05  1.20000000e+00  1.10000000e+00 
 1.36000000e-05  1.33576796e+00  1.36000000e-05  1.20000000e+00  1.10000000e+00 
 1.37000000e-05  1.33660549e+00  1.37000000e-05  1.20000000e+00  1.10000000e+00 
 1.38000000e-05  1.33743987e+00  1.38000000e-05  1.20000000e+00  1.10000000e+00 
 1.39000000e-05  1.33827114e+00  1.39000000e-05  1.20000000e+00  1.10000000e+00 
 1.40000000e-05  1.33909934e+00  1.40000000e-05  1.20000000e+00  1.10000000e+00 
 1.41000000e-05  1.33992450e+00  1.41000000e-05  1.20000000e+00  1.10000000e+00 
 1.42000000e-05  1.34074666e+00  1.42000000e-05  1.20000000e+00  1.10000000e+00 
 1.43000000e-05  1.34156585e+00  1.43000000e-05  1.20000000e+00  1.10000000e+00 
 1.44000000e-05  1.34238211e+00  1.44000000e-05  1.20000000e+00  1.10000000e+00 
 1.45000000e-05  1.34319548e+00  1.45000000e-05  1.20000000e+00  1.10000000e+00 
 1.46000000e-05  1.34400598e+00  1.46000000e-05  1.20000000e+00  1.10000000e+00 
 1.47000000e-05  1.34481365e+00  1.47000000e-05  1.20000000e+00  1.10000000e+00 
 1.48000000e-05  1.34561852e+00  1.48000000e-05  1.20000000e+00  1.10000000e+00 
 1.49000000e-05  1.34642062e+00  1.49000000e-05  1.20000000e+00  1.10000000e+00 
 1.50000000e-05  1.34721998e+00  1.50000000e-05  1.20000000e+00  1.10000000e+00 
 1.51000000e-05  1.34801663e+00  1.51000000e-05  1.20000000e+00  1.10000000e+00 
 1.52000000e-05  1.34881061e+00  1.52000000e-05  1.20000000e+00  1.10000000e+00 
 1.53000000e-05  1.34960194e+00  1.53000000e-05  1.20000000e+00  1.10000000e+00 
 1.54000000e-05  1.35039065e+00  1.54000000e-05  1.20000000e+00  1.10000000e+00 
 1.55000000e-05  1.35117676e+00  1.55000000e-05  1.20000000e+00  1.10000000e+00 
 1.56000000e-05  1.35196031e+00  1.56000000e-05  1.20000000e+00  1.10000000e+00 
 1.57000000e-05  1.35274133e+00  1.57000000e-05  1.20000000e+00  1.10000000e+00 
 1.58000000e-05  1.35351983e+00  1.58000000e-05  1.20000000e+00  1.10000000e+00 
 1.59000000e-05  1.35429585e+00  1.59000000e-05  1.20000000e+00  1.10000000e+00 
 1.60000000e-05  1.35506941e+00  1.60000000e-05  1.20000000e+00  1.10000000e+00 
 1.61000000e-05  1.35584054e+00  1.61000000e-05  1.20000000e+00  1.10000000e+00 
 1.62000000e-05  1.35660925e+00  1.62000000e-05  1.20000000e+00  1.10000000e+00 
 1.63000000e-05  1.35737558e+00  1.63000000e-05  1.20000000e+00  1.10000000e+00 
 1.64000000e-05  1.35813956e+00  1.64000000e-05  1.20000000e+00  1.10000000e+00 
 1.65000000e-05  1.35890119e+00  1.65000000e-05  1.20000000e+00  1.10000000e+00 
 1.66000000e-05  1.35966051e+00  1.66000000e-05  1.20000000e+00  1.10000000e+00 
 1.67000000e-05  1.36041754e+00  1.67000000e-05  1.20000000e+00  1.10000000e+00 
 1.68000000e-05  1.36117505e+00  1.68000000e-05  1.20000000e+00  1.10000000e+00 
 1.69000000e-05  1.36192759e+00  1.69000000e-05  1.20000000e+00  1.10000000e+00 
 1.70000000e-05  1.36267791e+00  1.70000000e-05  1.20000000e+00  1.10000000e+00 
 1.71000000e-05  1.36342603e+00  1.71000000e-05  1.20000000e+00  1.10000000e+00 
 1.72000000e-05  1.36417198e+00  1.72000000e-05  1.20000000e+00  1.10000000e+00 
 1.73000000e-05  1.36491576e+00  1.73000000e-05  1.20000000e+00  1.10000000e+00 
 1.74000000e-05  1.36565742e+00  1.74000000e-05  1.20000000e+00  1.10000000e+00 
 1.75000000e-05  1.36639696e+00  1.75000000e-05  1.20000000e+00  1.10000000e+00 
 1.76000000e-05  1.36713440e+00  1.76000000e-05  1.20000000e+00  1.10000000e+00 
 1.77000000e-05  1.36786977e+00  1.77000000e-05  1.20000000e+00  1.10000000e+00 
 1.78000000e-05  1.36860308e+00  1.78000000e-05  1.20000000e+00  1.10000000e+00 
 1.79000000e-05  1.36933436e+00  1.79000000e-05  1.20000000e+00  1.10000000e+00 
 1.80000000e-05  1.37006362e+00  1.80000000e-05  1.20000000e+00  1.10000000e+00 
 1.81000000e-05  1.37078708e+00  1.81000000e-05  1.20000000e+00  1.10000000e+00 
 1.82000000e-05  1.37151226e+00  1.82000000e-05  1.20000000e+00  1.10000000e+00 
 1.83000000e-05  1.37223548e+00  1.83000000e-05  1.20000000e+00  1.10000000e+00 
 1.84000000e-05  1.37295673e+00  1.84000000e-05  1.20000000e+00  1.10000000e+00 
 1.85000000e-05  1.37367605e+00  1.85000000e-05  1.20000000e+00  1.10000000e+00 
 1.86000000e-05  1.37439345e+00  1.86000000e-05  1.20000000e+00  1.10000000e+00 
 1.87000000e-05  1.37510895e+00  1.87000000e-05  1.20000000e+00  1.10000000e+00 
 1.88000000e-05  1.37582314e+00  1.88000000e-05  1.20000000e+00  1.10000000e+00 
 1.89000000e-05  1.37653484e+00  1.89000000e-05  1.20000000e+00  1.10000000e+00 
 1.90000000e-05  1.37724417e+00  1.90000000e-05  1.20000000e+00  1.10000000e+00 
 1.91000000e-05  1.37795226e+00  1.91000000e-05  1.20000000e+00  1.10000000e+00 
 1.92000000e-05  1.37865862e+00  1.92000000e-05  1.20000000e+00  1.10000000e+00 
 1.93000000e-05  1.37936295e+00  1.93000000e-05  1.20000000e+00  1.10000000e+00 
 1.94000000e-05  1.38006564e+00  1.94000000e-05  1.20000000e+00  1.10000000e+00 
 1.95000000e-05  1.38076656e+00  1.95000000e-05  1.20000000e+00  1.10000000e+00 
 1.96000000e-05  1.38146574e+00  1.96000000e-05  1.20000000e+00  1.10000000e+00 
 1.97000000e-05  1.38216272e+00  1.97000000e-05  1.20000000e+00  1.10000000e+00 
 1.98000000e-05  1.38286121e+00  1.98000000e-05  1.20000000e+00  1.10000000e+00 
 1.99000000e-05  1.38355450e+00  1.99000000e-05  1.20000000e+00  1.10000000e+00 
 2.00000000e-05  1.38424622e+00  2.00000000e-05  1.20000000e+00  1.10000000e+00 
 2.01000000e-05  1.38493636e+00  2.01000000e-05  1.20000000e+00  1.10000000e+00 
 2.02000000e-05  1.38562491e+00  2.02000000e-05  1.20000000e+00  1.10000000e+00 
 2.03000000e-05  1.38631185e+00  2.03000000e-05  1.20000000e+00  1.10000000e+00 
 2.04000000e-05  1.38699718e+00  2.04000000e-05  1.20000000e+00  1.10000000e+00 
 2.05000000e-05  1.38768090e+00  2.05000000e-05  1.20000000e+00  1.10000000e+00 
 2.06000000e-05  1.38836302e+00  2.06000000e-05  1.20000000e+00  1.10000000e+00 
 2.07000000e-05  1.38904354e+00  2.07000000e-05  1.20000000e+00  1.10000000e+00 
 2.08000000e-05  1.38972247e+00  2.08000000e-05  1.20000000e+00  1.10000000e+00 
 2.09000000e-05  1.39039982e+00  2.09000000e-05  1.20000000e+00  1.10000000e+00 
 2.10000000e-05  1.39107560e+00  2.10000000e-05  1.20000000e+00  1.10000000e+00 
 2.11000000e-05  1.39174983e+00  2.11000000e-05  1.20000000e+00  1.10000000e+00 
 2.12000000e-05  1.39242251e+00  2.12000000e-05  1.20000000e+00  1.10000000e+00 
 2.13000000e-05  1.39309365e+00  2.13000000e-05  1.20000000e+00  1.10000000e+00 
 2.14000000e-05  1.39376326e+00  2.14000000e-05  1.20000000e+00  1.10000000e+00 
 2.15000000e-05  1.39443136e+00  2.15000000e-05  1.20000000e+00  1.10000000e+00 
 2.16000000e-05  1.39509795e+00  2.16000000e-05  1.20000000e+00  1.10000000e+00 
 2.17000000e-05  1.39576305e+00  2.17000000e-05  1.20000000e+00  1.10000000e+00 
 2.18000000e-05  1.39642667e+00  2.18000000e-05  1.20000000e+00  1.10000000e+00 
 2.19000000e-05  1.39708857e+00  2.19000000e-05  1.20000000e+00  1.10000000e+00 
 2.20000000e-05  1.39774921e+00  2.20000000e-05  1.20000000e+00  1.10000000e+00 
 2.21000000e-05  1.39840845e+00  2.21000000e-05  1.20000000e+00  1.10000000e+00 
 2.22000000e-05  1.39906900e+00  2.22000000e-05  1.20000000e+00  1.10000000e+00 
 2.23000000e-05  1.39972394e+00  2.23000000e-05  1.20000000e+00  1.10000000e+00 
 2.24000000e-05  1.40037820e+00  2.24000000e-05  1.20000000e+00  1.10000000e+00 
 2.25000000e-05  1.40103136e+00  2.25000000e-05  1.20000000e+00  1.10000000e+00 
 2.26000000e-05  1.40168329e+00  2.26000000e-05  1.20000000e+00  1.10000000e+00 
 2.27000000e-05  1.40233393e+00  2.27000000e-05  1.20000000e+00  1.10000000e+00 
 2.28000000e-05  1.40298328e+00  2.28000000e-05  1.20000000e+00  1.10000000e+00 
 2.29000000e-05  1.40363179e+00  2.29000000e-05  1.20000000e+00  1.10000000e+00 
 2.30000000e-05  1.40427796e+00  2.30000000e-05  1.20000000e+00  1.10000000e+00 
 2.31000000e-05  1.40492386e+00  2.31000000e-05  1.20000000e+00  1.10000000e+00 
 2.32000000e-05  1.40556737e+00  2.32000000e-05  1.20000000e+00  1.10000000e+00 
 2.33000000e-05  1.40620964e+00  2.33000000e-05  1.20000000e+00  1.10000000e+00 
 2.34000000e-05  1.40685089e+00  2.34000000e-05  1.20000000e+00  1.10000000e+00 
 2.35000000e-05  1.40749082e+00  2.35000000e-05  1.20000000e+00  1.10000000e+00 
 2.36000000e-05  1.40812945e+00  2.36000000e-05  1.20000000e+00  1.10000000e+00 
 2.37000000e-05  1.40876677e+00  2.37000000e-05  1.20000000e+00  1.10000000e+00 
 2.38000000e-05  1.40940281e+00  2.38000000e-05  1.20000000e+00  1.10000000e+00 
 2.39000000e-05  1.41003756e+00  2.39000000e-05  1.20000000e+00  1.10000000e+00 
 2.40000000e-05  1.41067331e+00  2.40000000e-05  1.20000000e+00  1.10000000e+00 
 2.41000000e-05  1.41130446e+00  2.41000000e-05  1.20000000e+00  1.10000000e+00 
 2.42000000e-05  1.41193483e+00  2.42000000e-05  1.20000000e+00  1.10000000e+00 
 2.43000000e-05  1.41256421e+00  2.43000000e-05  1.20000000e+00  1.10000000e+00 
 2.44000000e-05  1.41319252e+00  2.44000000e-05  1.20000000e+00  1.10000000e+00 
 2.45000000e-05  1.41381967e+00  2.45000000e-05  1.20000000e+00  1.10000000e+00 
 2.46000000e-05  1.41444564e+00  2.46000000e-05  1.20000000e+00  1.10000000e+00 
 2.47000000e-05  1.41507042e+00  2.47000000e-05  1.20000000e+00  1.10000000e+00 
 2.48000000e-05  1.41569400e+00  2.48000000e-05  1.20000000e+00  1.10000000e+00 
 2.49000000e-05  1.41631637e+00  2.49000000e-05  1.20000000e+00  1.10000000e+00 
 2.50000000e-05  1.41693755e+00  2.50000000e-05  1.20000000e+00  1.10000000e+00 
