 i-sweep         v(vout)         i(viin)         v(vgate)        v(vmid)        
-6.00000000e-06 -7.21563482e-01 -6.00000000e-06  0.00000000e+00  1.40000000e+00 
-5.90000000e-06 -7.20523465e-01 -5.90000000e-06  0.00000000e+00  1.40000000e+00 
-5.80000000e-06 -7.19457859e-01 -5.80000000e-06  0.00000000e+00  1.40000000e+00 
-5.70000000e-06 -7.18365523e-01 -5.70000000e-06  0.00000000e+00  1.40000000e+00 
-5.60000000e-06 -7.17245246e-01 -5.60000000e-06  0.00000000e+00  1.40000000e+00 
-5.50000000e-06 -7.16095741e-01 -5.50000000e-06  0.00000000e+00  1.40000000e+00 
-5.40000000e-06 -7.14915642e-01 -5.40000000e-06  0.00000000e+00  1.40000000e+00 
-5.30000000e-06 -7.13703498e-01 -5.30000000e-06  0.00000000e+00  1.40000000e+00 
-5.20000000e-06 -7.12457764e-01 -5.20000000e-06  0.00000000e+00  1.40000000e+00 
-5.10000000e-06 -7.11176796e-01 -5.10000000e-06  0.00000000e+00  1.40000000e+00 
-5.00000000e-06 -7.09858844e-01 -5.00000000e-06  0.00000000e+00  1.40000000e+00 
-4.90000000e-06 -7.08502043e-01 -4.90000000e-06  0.00000000e+00  1.40000000e+00 
-4.80000000e-06 -7.07104406e-01 -4.80000000e-06  0.00000000e+00  1.40000000e+00 
-4.70000000e-06 -7.05663813e-01 -4.70000000e-06  0.00000000e+00  1.40000000e+00 
-4.60000000e-06 -7.04178002e-01 -4.60000000e-06  0.00000000e+00  1.40000000e+00 
-4.50000000e-06 -7.02644559e-01 -4.50000000e-06  0.00000000e+00  1.40000000e+00 
-4.40000000e-06 -7.01060908e-01 -4.40000000e-06  0.00000000e+00  1.40000000e+00 
-4.30000000e-06 -6.99424299e-01 -4.30000000e-06  0.00000000e+00  1.40000000e+00 
-4.20000000e-06 -6.97731793e-01 -4.20000000e-06  0.00000000e+00  1.40000000e+00 
-4.10000000e-06 -6.95980254e-01 -4.10000000e-06  0.00000000e+00  1.40000000e+00 
-4.00000000e-06 -6.94166333e-01 -4.00000000e-06  0.00000000e+00  1.40000000e+00 
-3.90000000e-06 -6.92286457e-01 -3.90000000e-06  0.00000000e+00  1.40000000e+00 
-3.80000000e-06 -6.90336812e-01 -3.80000000e-06  0.00000000e+00  1.40000000e+00 
-3.70000000e-06 -6.88313333e-01 -3.70000000e-06  0.00000000e+00  1.40000000e+00 
-3.60000000e-06 -6.86211689e-01 -3.60000000e-06  0.00000000e+00  1.40000000e+00 
-3.50000000e-06 -6.84027271e-01 -3.50000000e-06  0.00000000e+00  1.40000000e+00 
-3.40000000e-06 -6.81755177e-01 -3.40000000e-06  0.00000000e+00  1.40000000e+00 
-3.30000000e-06 -6.79390206e-01 -3.30000000e-06  0.00000000e+00  1.40000000e+00 
-3.20000000e-06 -6.76926843e-01 -3.20000000e-06  0.00000000e+00  1.40000000e+00 
-3.10000000e-06 -6.74359257e-01 -3.10000000e-06  0.00000000e+00  1.40000000e+00 
-3.00000000e-06 -6.71681286e-01 -3.00000000e-06  0.00000000e+00  1.40000000e+00 
-2.90000000e-06 -6.68886443e-01 -2.90000000e-06  0.00000000e+00  1.40000000e+00 
-2.80000000e-06 -6.65967902e-01 -2.80000000e-06  0.00000000e+00  1.40000000e+00 
-2.70000000e-06 -6.62918502e-01 -2.70000000e-06  0.00000000e+00  1.40000000e+00 
-2.60000000e-06 -6.59730742e-01 -2.60000000e-06  0.00000000e+00  1.40000000e+00 
-2.50000000e-06 -6.56396772e-01 -2.50000000e-06  0.00000000e+00  1.40000000e+00 
-2.40000000e-06 -6.52908383e-01 -2.40000000e-06  0.00000000e+00  1.40000000e+00 
-2.30000000e-06 -6.49256976e-01 -2.30000000e-06  0.00000000e+00  1.40000000e+00 
-2.20000000e-06 -6.45433528e-01 -2.20000000e-06  0.00000000e+00  1.40000000e+00 
-2.10000000e-06 -6.41428515e-01 -2.10000000e-06  0.00000000e+00  1.40000000e+00 
-2.00000000e-06 -6.37231810e-01 -2.00000000e-06  0.00000000e+00  1.40000000e+00 
-1.90000000e-06 -6.32832522e-01 -1.90000000e-06  0.00000000e+00  1.40000000e+00 
-1.80000000e-06 -6.28218770e-01 -1.80000000e-06  0.00000000e+00  1.40000000e+00 
-1.70000000e-06 -6.23377361e-01 -1.70000000e-06  0.00000000e+00  1.40000000e+00 
-1.60000000e-06 -6.18293347e-01 -1.60000000e-06  0.00000000e+00  1.40000000e+00 
-1.50000000e-06 -6.12949417e-01 -1.50000000e-06  0.00000000e+00  1.40000000e+00 
-1.40000000e-06 -6.07325064e-01 -1.40000000e-06  0.00000000e+00  1.40000000e+00 
-1.30000000e-06 -6.01395445e-01 -1.30000000e-06  0.00000000e+00  1.40000000e+00 
-1.20000000e-06 -5.95129799e-01 -1.20000000e-06  0.00000000e+00  1.40000000e+00 
-1.10000000e-06 -5.88489198e-01 -1.10000000e-06  0.00000000e+00  1.40000000e+00 
-1.00000000e-06 -5.81423293e-01 -1.00000000e-06  0.00000000e+00  1.40000000e+00 
-9.00000000e-07 -5.73865411e-01 -9.00000000e-07  0.00000000e+00  1.40000000e+00 
-8.00000000e-07 -5.65724889e-01 -8.00000000e-07  0.00000000e+00  1.40000000e+00 
-7.00000000e-07 -5.56874448e-01 -7.00000000e-07  0.00000000e+00  1.40000000e+00 
-6.00000000e-07 -5.47126255e-01 -6.00000000e-07  0.00000000e+00  1.40000000e+00 
-5.00000000e-07 -5.36194573e-01 -5.00000000e-07  0.00000000e+00  1.40000000e+00 
-4.00000000e-07 -5.23600412e-01 -4.00000000e-07  0.00000000e+00  1.40000000e+00 
-3.00000000e-07 -5.08456877e-01 -3.00000000e-07  0.00000000e+00  1.40000000e+00 
-2.00000000e-07 -4.88799903e-01 -2.00000000e-07  0.00000000e+00  1.40000000e+00 
-1.00000000e-07 -4.58452898e-01 -1.00000000e-07  0.00000000e+00  1.40000000e+00 
-5.71747239e-21  7.81814627e-01 -5.71747239e-21  0.00000000e+00  1.40000000e+00 
 1.00000000e-07  1.20390800e+00  1.00000000e-07  0.00000000e+00  1.40000000e+00 
 2.00000000e-07  1.23625334e+00  2.00000000e-07  0.00000000e+00  1.40000000e+00 
 3.00000000e-07  1.25510373e+00  3.00000000e-07  0.00000000e+00  1.40000000e+00 
 4.00000000e-07  1.26852921e+00  4.00000000e-07  0.00000000e+00  1.40000000e+00 
 5.00000000e-07  1.27900055e+00  5.00000000e-07  0.00000000e+00  1.40000000e+00 
 6.00000000e-07  1.28764171e+00  6.00000000e-07  0.00000000e+00  1.40000000e+00 
 7.00000000e-07  1.29502801e+00  7.00000000e-07  0.00000000e+00  1.40000000e+00 
 8.00000000e-07  1.30150138e+00  8.00000000e-07  0.00000000e+00  1.40000000e+00 
 9.00000000e-07  1.30728091e+00  9.00000000e-07  0.00000000e+00  1.40000000e+00 
 1.00000000e-06  1.31251523e+00  1.00000000e-06  0.00000000e+00  1.40000000e+00 
 1.10000000e-06  1.31732168e+00  1.10000000e-06  0.00000000e+00  1.40000000e+00 
 1.20000000e-06  1.32174877e+00  1.20000000e-06  0.00000000e+00  1.40000000e+00 
 1.30000000e-06  1.32587402e+00  1.30000000e-06  0.00000000e+00  1.40000000e+00 
 1.40000000e-06  1.32974182e+00  1.40000000e-06  0.00000000e+00  1.40000000e+00 
 1.50000000e-06  1.33338745e+00  1.50000000e-06  0.00000000e+00  1.40000000e+00 
 1.60000000e-06  1.33683940e+00  1.60000000e-06  0.00000000e+00  1.40000000e+00 
 1.70000000e-06  1.34012100e+00  1.70000000e-06  0.00000000e+00  1.40000000e+00 
 1.80000000e-06  1.34325156e+00  1.80000000e-06  0.00000000e+00  1.40000000e+00 
 1.90000000e-06  1.34624725e+00  1.90000000e-06  0.00000000e+00  1.40000000e+00 
 2.00000000e-06  1.34912176e+00  2.00000000e-06  0.00000000e+00  1.40000000e+00 
 2.10000000e-06  1.35188676e+00  2.10000000e-06  0.00000000e+00  1.40000000e+00 
 2.20000000e-06  1.35455227e+00  2.20000000e-06  0.00000000e+00  1.40000000e+00 
 2.30000000e-06  1.35712700e+00  2.30000000e-06  0.00000000e+00  1.40000000e+00 
 2.40000000e-06  1.35961851e+00  2.40000000e-06  0.00000000e+00  1.40000000e+00 
 2.50000000e-06  1.36203347e+00  2.50000000e-06  0.00000000e+00  1.40000000e+00 
 2.60000000e-06  1.36437774e+00  2.60000000e-06  0.00000000e+00  1.40000000e+00 
 2.70000000e-06  1.36665651e+00  2.70000000e-06  0.00000000e+00  1.40000000e+00 
 2.80000000e-06  1.36887443e+00  2.80000000e-06  0.00000000e+00  1.40000000e+00 
 2.90000000e-06  1.37103563e+00  2.90000000e-06  0.00000000e+00  1.40000000e+00 
 3.00000000e-06  1.37314385e+00  3.00000000e-06  0.00000000e+00  1.40000000e+00 
 3.10000000e-06  1.37520244e+00  3.10000000e-06  0.00000000e+00  1.40000000e+00 
 3.20000000e-06  1.37721444e+00  3.20000000e-06  0.00000000e+00  1.40000000e+00 
 3.30000000e-06  1.37918262e+00  3.30000000e-06  0.00000000e+00  1.40000000e+00 
 3.40000000e-06  1.38110949e+00  3.40000000e-06  0.00000000e+00  1.40000000e+00 
 3.50000000e-06  1.38299735e+00  3.50000000e-06  0.00000000e+00  1.40000000e+00 
 3.60000000e-06  1.38485753e+00  3.60000000e-06  0.00000000e+00  1.40000000e+00 
 3.70000000e-06  1.38667219e+00  3.70000000e-06  0.00000000e+00  1.40000000e+00 
 3.80000000e-06  1.38845386e+00  3.80000000e-06  0.00000000e+00  1.40000000e+00 
 3.90000000e-06  1.39020415e+00  3.90000000e-06  0.00000000e+00  1.40000000e+00 
 4.00000000e-06  1.39192455e+00  4.00000000e-06  0.00000000e+00  1.40000000e+00 
 4.10000000e-06  1.39361645e+00  4.10000000e-06  0.00000000e+00  1.40000000e+00 
 4.20000000e-06  1.39528112e+00  4.20000000e-06  0.00000000e+00  1.40000000e+00 
 4.30000000e-06  1.39691978e+00  4.30000000e-06  0.00000000e+00  1.40000000e+00 
 4.40000000e-06  1.39853355e+00  4.40000000e-06  0.00000000e+00  1.40000000e+00 
 4.50000000e-06  1.40012346e+00  4.50000000e-06  0.00000000e+00  1.40000000e+00 
 4.60000000e-06  1.40169051e+00  4.60000000e-06  0.00000000e+00  1.40000000e+00 
 4.70000000e-06  1.40323560e+00  4.70000000e-06  0.00000000e+00  1.40000000e+00 
 4.80000000e-06  1.40475960e+00  4.80000000e-06  0.00000000e+00  1.40000000e+00 
 4.90000000e-06  1.40626333e+00  4.90000000e-06  0.00000000e+00  1.40000000e+00 
 5.00000000e-06  1.40774753e+00  5.00000000e-06  0.00000000e+00  1.40000000e+00 
 5.10000000e-06  1.40921295e+00  5.10000000e-06  0.00000000e+00  1.40000000e+00 
 5.20000000e-06  1.41066024e+00  5.20000000e-06  0.00000000e+00  1.40000000e+00 
 5.30000000e-06  1.41209005e+00  5.30000000e-06  0.00000000e+00  1.40000000e+00 
 5.40000000e-06  1.41350299e+00  5.40000000e-06  0.00000000e+00  1.40000000e+00 
 5.50000000e-06  1.41489962e+00  5.50000000e-06  0.00000000e+00  1.40000000e+00 
 5.60000000e-06  1.41628050e+00  5.60000000e-06  0.00000000e+00  1.40000000e+00 
 5.70000000e-06  1.41764614e+00  5.70000000e-06  0.00000000e+00  1.40000000e+00 
 5.80000000e-06  1.41899701e+00  5.80000000e-06  0.00000000e+00  1.40000000e+00 
 5.90000000e-06  1.42033360e+00  5.90000000e-06  0.00000000e+00  1.40000000e+00 
 6.00000000e-06  1.42165634e+00  6.00000000e-06  0.00000000e+00  1.40000000e+00 
