 i-sweep         v(vout)         i(viin)         v(vgate)        v(vmid)        
-6.00000000e-06  1.34605303e-01 -6.00000000e-06  1.20000000e+00  1.20000000e+00 
-5.90000000e-06  1.38139361e-01 -5.90000000e-06  1.20000000e+00  1.20000000e+00 
-5.80000000e-06  1.41701495e-01 -5.80000000e-06  1.20000000e+00  1.20000000e+00 
-5.70000000e-06  1.45292400e-01 -5.70000000e-06  1.20000000e+00  1.20000000e+00 
-5.60000000e-06  1.48912802e-01 -5.60000000e-06  1.20000000e+00  1.20000000e+00 
-5.50000000e-06  1.52563456e-01 -5.50000000e-06  1.20000000e+00  1.20000000e+00 
-5.40000000e-06  1.56245151e-01 -5.40000000e-06  1.20000000e+00  1.20000000e+00 
-5.30000000e-06  1.59958709e-01 -5.30000000e-06  1.20000000e+00  1.20000000e+00 
-5.20000000e-06  1.63704993e-01 -5.20000000e-06  1.20000000e+00  1.20000000e+00 
-5.10000000e-06  1.67484902e-01 -5.10000000e-06  1.20000000e+00  1.20000000e+00 
-5.00000000e-06  1.71299382e-01 -5.00000000e-06  1.20000000e+00  1.20000000e+00 
-4.90000000e-06  1.75149420e-01 -4.90000000e-06  1.20000000e+00  1.20000000e+00 
-4.80000000e-06  1.79036054e-01 -4.80000000e-06  1.20000000e+00  1.20000000e+00 
-4.70000000e-06  1.82960375e-01 -4.70000000e-06  1.20000000e+00  1.20000000e+00 
-4.60000000e-06  1.86923529e-01 -4.60000000e-06  1.20000000e+00  1.20000000e+00 
-4.50000000e-06  1.90926723e-01 -4.50000000e-06  1.20000000e+00  1.20000000e+00 
-4.40000000e-06  1.94971231e-01 -4.40000000e-06  1.20000000e+00  1.20000000e+00 
-4.30000000e-06  1.99058396e-01 -4.30000000e-06  1.20000000e+00  1.20000000e+00 
-4.20000000e-06  2.03189638e-01 -4.20000000e-06  1.20000000e+00  1.20000000e+00 
-4.10000000e-06  2.07366461e-01 -4.10000000e-06  1.20000000e+00  1.20000000e+00 
-4.00000000e-06  2.11590458e-01 -4.00000000e-06  1.20000000e+00  1.20000000e+00 
-3.90000000e-06  2.15863324e-01 -3.90000000e-06  1.20000000e+00  1.20000000e+00 
-3.80000000e-06  2.20186859e-01 -3.80000000e-06  1.20000000e+00  1.20000000e+00 
-3.70000000e-06  2.24562983e-01 -3.70000000e-06  1.20000000e+00  1.20000000e+00 
-3.60000000e-06  2.28993747e-01 -3.60000000e-06  1.20000000e+00  1.20000000e+00 
-3.50000000e-06  2.33481345e-01 -3.50000000e-06  1.20000000e+00  1.20000000e+00 
-3.40000000e-06  2.38028130e-01 -3.40000000e-06  1.20000000e+00  1.20000000e+00 
-3.30000000e-06  2.42636633e-01 -3.30000000e-06  1.20000000e+00  1.20000000e+00 
-3.20000000e-06  2.47309582e-01 -3.20000000e-06  1.20000000e+00  1.20000000e+00 
-3.10000000e-06  2.52049922e-01 -3.10000000e-06  1.20000000e+00  1.20000000e+00 
-3.00000000e-06  2.56860851e-01 -3.00000000e-06  1.20000000e+00  1.20000000e+00 
-2.90000000e-06  2.61745840e-01 -2.90000000e-06  1.20000000e+00  1.20000000e+00 
-2.80000000e-06  2.66708678e-01 -2.80000000e-06  1.20000000e+00  1.20000000e+00 
-2.70000000e-06  2.71753515e-01 -2.70000000e-06  1.20000000e+00  1.20000000e+00 
-2.60000000e-06  2.76884909e-01 -2.60000000e-06  1.20000000e+00  1.20000000e+00 
-2.50000000e-06  2.82107891e-01 -2.50000000e-06  1.20000000e+00  1.20000000e+00 
-2.40000000e-06  2.87428038e-01 -2.40000000e-06  1.20000000e+00  1.20000000e+00 
-2.30000000e-06  2.92851562e-01 -2.30000000e-06  1.20000000e+00  1.20000000e+00 
-2.20000000e-06  2.98385419e-01 -2.20000000e-06  1.20000000e+00  1.20000000e+00 
-2.10000000e-06  3.04037442e-01 -2.10000000e-06  1.20000000e+00  1.20000000e+00 
-2.00000000e-06  3.09816507e-01 -2.00000000e-06  1.20000000e+00  1.20000000e+00 
-1.90000000e-06  3.15732740e-01 -1.90000000e-06  1.20000000e+00  1.20000000e+00 
-1.80000000e-06  3.21797782e-01 -1.80000000e-06  1.20000000e+00  1.20000000e+00 
-1.70000000e-06  3.28025119e-01 -1.70000000e-06  1.20000000e+00  1.20000000e+00 
-1.60000000e-06  3.34430524e-01 -1.60000000e-06  1.20000000e+00  1.20000000e+00 
-1.50000000e-06  3.41032629e-01 -1.50000000e-06  1.20000000e+00  1.20000000e+00 
-1.40000000e-06  3.47853691e-01 -1.40000000e-06  1.20000000e+00  1.20000000e+00 
-1.30000000e-06  3.54920641e-01 -1.30000000e-06  1.20000000e+00  1.20000000e+00 
-1.20000000e-06  3.62266544e-01 -1.20000000e-06  1.20000000e+00  1.20000000e+00 
-1.10000000e-06  3.69932672e-01 -1.10000000e-06  1.20000000e+00  1.20000000e+00 
-1.00000000e-06  3.77971559e-01 -1.00000000e-06  1.20000000e+00  1.20000000e+00 
-9.00000000e-07  3.86451626e-01 -9.00000000e-07  1.20000000e+00  1.20000000e+00 
-8.00000000e-07  3.95464480e-01 -8.00000000e-07  1.20000000e+00  1.20000000e+00 
-7.00000000e-07  4.05137011e-01 -7.00000000e-07  1.20000000e+00  1.20000000e+00 
-6.00000000e-07  4.15652662e-01 -6.00000000e-07  1.20000000e+00  1.20000000e+00 
-5.00000000e-07  4.27291883e-01 -5.00000000e-07  1.20000000e+00  1.20000000e+00 
-4.00000000e-07  4.40517392e-01 -4.00000000e-07  1.20000000e+00  1.20000000e+00 
-3.00000000e-07  4.56182223e-01 -3.00000000e-07  1.20000000e+00  1.20000000e+00 
-2.00000000e-07  4.76166108e-01 -2.00000000e-07  1.20000000e+00  1.20000000e+00 
-1.00000000e-07  5.06349094e-01 -1.00000000e-07  1.20000000e+00  1.20000000e+00 
-5.71747239e-21  7.71523073e-01 -5.71747239e-21  1.20000000e+00  1.20000000e+00 
 1.00000000e-07  1.07197935e+00  1.00000000e-07  1.20000000e+00  1.20000000e+00 
 2.00000000e-07  1.10437846e+00  2.00000000e-07  1.20000000e+00  1.20000000e+00 
 3.00000000e-07  1.12324985e+00  3.00000000e-07  1.20000000e+00  1.20000000e+00 
 4.00000000e-07  1.13668470e+00  4.00000000e-07  1.20000000e+00  1.20000000e+00 
 5.00000000e-07  1.14718810e+00  5.00000000e-07  1.20000000e+00  1.20000000e+00 
 6.00000000e-07  1.15584070e+00  6.00000000e-07  1.20000000e+00  1.20000000e+00 
 7.00000000e-07  1.16324099e+00  7.00000000e-07  1.20000000e+00  1.20000000e+00 
 8.00000000e-07  1.16972824e+00  8.00000000e-07  1.20000000e+00  1.20000000e+00 
 9.00000000e-07  1.17552119e+00  9.00000000e-07  1.20000000e+00  1.20000000e+00 
 1.00000000e-06  1.18077651e+00  1.00000000e-06  1.20000000e+00  1.20000000e+00 
 1.10000000e-06  1.18558168e+00  1.10000000e-06  1.20000000e+00  1.20000000e+00 
 1.20000000e-06  1.19002528e+00  1.20000000e-06  1.20000000e+00  1.20000000e+00 
 1.30000000e-06  1.19416556e+00  1.30000000e-06  1.20000000e+00  1.20000000e+00 
 1.40000000e-06  1.19805224e+00  1.40000000e-06  1.20000000e+00  1.20000000e+00 
 1.50000000e-06  1.20169957e+00  1.50000000e-06  1.20000000e+00  1.20000000e+00 
 1.60000000e-06  1.20516384e+00  1.60000000e-06  1.20000000e+00  1.20000000e+00 
 1.70000000e-06  1.20845693e+00  1.70000000e-06  1.20000000e+00  1.20000000e+00 
 1.80000000e-06  1.21159873e+00  1.80000000e-06  1.20000000e+00  1.20000000e+00 
 1.90000000e-06  1.21460547e+00  1.90000000e-06  1.20000000e+00  1.20000000e+00 
 2.00000000e-06  1.21749086e+00  2.00000000e-06  1.20000000e+00  1.20000000e+00 
 2.10000000e-06  1.22026659e+00  2.10000000e-06  1.20000000e+00  1.20000000e+00 
 2.20000000e-06  1.22294271e+00  2.20000000e-06  1.20000000e+00  1.20000000e+00 
 2.30000000e-06  1.22552793e+00  2.30000000e-06  1.20000000e+00  1.20000000e+00 
 2.40000000e-06  1.22802983e+00  2.40000000e-06  1.20000000e+00  1.20000000e+00 
 2.50000000e-06  1.23045508e+00  2.50000000e-06  1.20000000e+00  1.20000000e+00 
 2.60000000e-06  1.23280954e+00  2.60000000e-06  1.20000000e+00  1.20000000e+00 
 2.70000000e-06  1.23509842e+00  2.70000000e-06  1.20000000e+00  1.20000000e+00 
 2.80000000e-06  1.23732636e+00  2.80000000e-06  1.20000000e+00  1.20000000e+00 
 2.90000000e-06  1.23949751e+00  2.90000000e-06  1.20000000e+00  1.20000000e+00 
 3.00000000e-06  1.24161561e+00  3.00000000e-06  1.20000000e+00  1.20000000e+00 
 3.10000000e-06  1.24369263e+00  3.10000000e-06  1.20000000e+00  1.20000000e+00 
 3.20000000e-06  1.24571290e+00  3.20000000e-06  1.20000000e+00  1.20000000e+00 
 3.30000000e-06  1.24768955e+00  3.30000000e-06  1.20000000e+00  1.20000000e+00 
 3.40000000e-06  1.24962505e+00  3.40000000e-06  1.20000000e+00  1.20000000e+00 
 3.50000000e-06  1.25152164e+00  3.50000000e-06  1.20000000e+00  1.20000000e+00 
 3.60000000e-06  1.25338142e+00  3.60000000e-06  1.20000000e+00  1.20000000e+00 
 3.70000000e-06  1.25520628e+00  3.70000000e-06  1.20000000e+00  1.20000000e+00 
 3.80000000e-06  1.25699800e+00  3.80000000e-06  1.20000000e+00  1.20000000e+00 
 3.90000000e-06  1.25875819e+00  3.90000000e-06  1.20000000e+00  1.20000000e+00 
 4.00000000e-06  1.26048836e+00  4.00000000e-06  1.20000000e+00  1.20000000e+00 
 4.10000000e-06  1.26218991e+00  4.10000000e-06  1.20000000e+00  1.20000000e+00 
 4.20000000e-06  1.26386414e+00  4.20000000e-06  1.20000000e+00  1.20000000e+00 
 4.30000000e-06  1.26551227e+00  4.30000000e-06  1.20000000e+00  1.20000000e+00 
 4.40000000e-06  1.26713541e+00  4.40000000e-06  1.20000000e+00  1.20000000e+00 
 4.50000000e-06  1.26873462e+00  4.50000000e-06  1.20000000e+00  1.20000000e+00 
 4.60000000e-06  1.27031090e+00  4.60000000e-06  1.20000000e+00  1.20000000e+00 
 4.70000000e-06  1.27186646e+00  4.70000000e-06  1.20000000e+00  1.20000000e+00 
 4.80000000e-06  1.27339941e+00  4.80000000e-06  1.20000000e+00  1.20000000e+00 
 4.90000000e-06  1.27491205e+00  4.90000000e-06  1.20000000e+00  1.20000000e+00 
 5.00000000e-06  1.27640513e+00  5.00000000e-06  1.20000000e+00  1.20000000e+00 
 5.10000000e-06  1.27787938e+00  5.10000000e-06  1.20000000e+00  1.20000000e+00 
 5.20000000e-06  1.27933547e+00  5.20000000e-06  1.20000000e+00  1.20000000e+00 
 5.30000000e-06  1.28077406e+00  5.30000000e-06  1.20000000e+00  1.20000000e+00 
 5.40000000e-06  1.28219573e+00  5.40000000e-06  1.20000000e+00  1.20000000e+00 
 5.50000000e-06  1.28360107e+00  5.50000000e-06  1.20000000e+00  1.20000000e+00 
 5.60000000e-06  1.28499062e+00  5.60000000e-06  1.20000000e+00  1.20000000e+00 
 5.70000000e-06  1.28636490e+00  5.70000000e-06  1.20000000e+00  1.20000000e+00 
 5.80000000e-06  1.28772439e+00  5.80000000e-06  1.20000000e+00  1.20000000e+00 
 5.90000000e-06  1.28906956e+00  5.90000000e-06  1.20000000e+00  1.20000000e+00 
 6.00000000e-06  1.29040085e+00  6.00000000e-06  1.20000000e+00  1.20000000e+00 
