 i-sweep         v(vout)         i(viin)         v(vgate)        v(vmid)        
 0.00000000e+00  2.00000264e-01  0.00000000e+00  9.00000000e-01  2.00000000e-01 
 1.00000000e-07  2.21402550e-01  1.00000000e-07  9.00000000e-01  2.00000000e-01 
 2.00000000e-07  2.49861738e-01  2.00000000e-07  9.00000000e-01  2.00000000e-01 
 3.00000000e-07  3.06899331e-01  3.00000000e-07  9.00000000e-01  2.00000000e-01 
 4.00000000e-07  9.88905017e-01  4.00000000e-07  9.00000000e-01  2.00000000e-01 
 5.00000000e-07  1.03610355e+00  5.00000000e-07  9.00000000e-01  2.00000000e-01 
 6.00000000e-07  1.05907488e+00  6.00000000e-07  9.00000000e-01  2.00000000e-01 
 7.00000000e-07  1.07441910e+00  7.00000000e-07  9.00000000e-01  2.00000000e-01 
 8.00000000e-07  1.08601772e+00  8.00000000e-07  9.00000000e-01  2.00000000e-01 
 9.00000000e-07  1.09539378e+00  9.00000000e-07  9.00000000e-01  2.00000000e-01 
 1.00000000e-06  1.10329984e+00  1.00000000e-06  9.00000000e-01  2.00000000e-01 
 1.10000000e-06  1.11016202e+00  1.10000000e-06  9.00000000e-01  2.00000000e-01 
 1.20000000e-06  1.11624468e+00  1.20000000e-06  9.00000000e-01  2.00000000e-01 
 1.30000000e-06  1.12172297e+00  1.30000000e-06  9.00000000e-01  2.00000000e-01 
 1.40000000e-06  1.12671884e+00  1.40000000e-06  9.00000000e-01  2.00000000e-01 
 1.50000000e-06  1.13132060e+00  1.50000000e-06  9.00000000e-01  2.00000000e-01 
 1.60000000e-06  1.13559422e+00  1.60000000e-06  9.00000000e-01  2.00000000e-01 
 1.70000000e-06  1.13959027e+00  1.70000000e-06  9.00000000e-01  2.00000000e-01 
 1.80000000e-06  1.14334840e+00  1.80000000e-06  9.00000000e-01  2.00000000e-01 
 1.90000000e-06  1.14690025e+00  1.90000000e-06  9.00000000e-01  2.00000000e-01 
 2.00000000e-06  1.15027146e+00  2.00000000e-06  9.00000000e-01  2.00000000e-01 
 2.10000000e-06  1.15348313e+00  2.10000000e-06  9.00000000e-01  2.00000000e-01 
 2.20000000e-06  1.15655281e+00  2.20000000e-06  9.00000000e-01  2.00000000e-01 
 2.30000000e-06  1.15949528e+00  2.30000000e-06  9.00000000e-01  2.00000000e-01 
 2.40000000e-06  1.16232307e+00  2.40000000e-06  9.00000000e-01  2.00000000e-01 
 2.50000000e-06  1.16504692e+00  2.50000000e-06  9.00000000e-01  2.00000000e-01 
 2.60000000e-06  1.16767611e+00  2.60000000e-06  9.00000000e-01  2.00000000e-01 
 2.70000000e-06  1.17021870e+00  2.70000000e-06  9.00000000e-01  2.00000000e-01 
 2.80000000e-06  1.17268174e+00  2.80000000e-06  9.00000000e-01  2.00000000e-01 
 2.90000000e-06  1.17507144e+00  2.90000000e-06  9.00000000e-01  2.00000000e-01 
 3.00000000e-06  1.17739329e+00  3.00000000e-06  9.00000000e-01  2.00000000e-01 
 3.10000000e-06  1.17965216e+00  3.10000000e-06  9.00000000e-01  2.00000000e-01 
 3.20000000e-06  1.18185242e+00  3.20000000e-06  9.00000000e-01  2.00000000e-01 
 3.30000000e-06  1.18399799e+00  3.30000000e-06  9.00000000e-01  2.00000000e-01 
 3.40000000e-06  1.18609237e+00  3.40000000e-06  9.00000000e-01  2.00000000e-01 
 3.50000000e-06  1.18813875e+00  3.50000000e-06  9.00000000e-01  2.00000000e-01 
 3.60000000e-06  1.19014002e+00  3.60000000e-06  9.00000000e-01  2.00000000e-01 
 3.70000000e-06  1.19209879e+00  3.70000000e-06  9.00000000e-01  2.00000000e-01 
 3.80000000e-06  1.19401748e+00  3.80000000e-06  9.00000000e-01  2.00000000e-01 
 3.90000000e-06  1.19589825e+00  3.90000000e-06  9.00000000e-01  2.00000000e-01 
 4.00000000e-06  1.19774314e+00  4.00000000e-06  9.00000000e-01  2.00000000e-01 
 4.10000000e-06  1.19955398e+00  4.10000000e-06  9.00000000e-01  2.00000000e-01 
 4.20000000e-06  1.20133248e+00  4.20000000e-06  9.00000000e-01  2.00000000e-01 
 4.30000000e-06  1.20308021e+00  4.30000000e-06  9.00000000e-01  2.00000000e-01 
 4.40000000e-06  1.20479864e+00  4.40000000e-06  9.00000000e-01  2.00000000e-01 
 4.50000000e-06  1.20648911e+00  4.50000000e-06  9.00000000e-01  2.00000000e-01 
 4.60000000e-06  1.20815288e+00  4.60000000e-06  9.00000000e-01  2.00000000e-01 
 4.70000000e-06  1.20979113e+00  4.70000000e-06  9.00000000e-01  2.00000000e-01 
 4.80000000e-06  1.21140494e+00  4.80000000e-06  9.00000000e-01  2.00000000e-01 
 4.90000000e-06  1.21299534e+00  4.90000000e-06  9.00000000e-01  2.00000000e-01 
 5.00000000e-06  1.21456328e+00  5.00000000e-06  9.00000000e-01  2.00000000e-01 
 5.10000000e-06  1.21610965e+00  5.10000000e-06  9.00000000e-01  2.00000000e-01 
 5.20000000e-06  1.21763531e+00  5.20000000e-06  9.00000000e-01  2.00000000e-01 
 5.30000000e-06  1.21914103e+00  5.30000000e-06  9.00000000e-01  2.00000000e-01 
 5.40000000e-06  1.22062756e+00  5.40000000e-06  9.00000000e-01  2.00000000e-01 
 5.50000000e-06  1.22209560e+00  5.50000000e-06  9.00000000e-01  2.00000000e-01 
 5.60000000e-06  1.22354581e+00  5.60000000e-06  9.00000000e-01  2.00000000e-01 
 5.70000000e-06  1.22497882e+00  5.70000000e-06  9.00000000e-01  2.00000000e-01 
 5.80000000e-06  1.22639521e+00  5.80000000e-06  9.00000000e-01  2.00000000e-01 
 5.90000000e-06  1.22779555e+00  5.90000000e-06  9.00000000e-01  2.00000000e-01 
 6.00000000e-06  1.22918036e+00  6.00000000e-06  9.00000000e-01  2.00000000e-01 
 6.10000000e-06  1.23055015e+00  6.10000000e-06  9.00000000e-01  2.00000000e-01 
 6.20000000e-06  1.23190540e+00  6.20000000e-06  9.00000000e-01  2.00000000e-01 
 6.30000000e-06  1.23324655e+00  6.30000000e-06  9.00000000e-01  2.00000000e-01 
 6.40000000e-06  1.23457404e+00  6.40000000e-06  9.00000000e-01  2.00000000e-01 
 6.50000000e-06  1.23588828e+00  6.50000000e-06  9.00000000e-01  2.00000000e-01 
 6.60000000e-06  1.23718965e+00  6.60000000e-06  9.00000000e-01  2.00000000e-01 
 6.70000000e-06  1.23847855e+00  6.70000000e-06  9.00000000e-01  2.00000000e-01 
 6.80000000e-06  1.23975531e+00  6.80000000e-06  9.00000000e-01  2.00000000e-01 
 6.90000000e-06  1.24102028e+00  6.90000000e-06  9.00000000e-01  2.00000000e-01 
 7.00000000e-06  1.24227379e+00  7.00000000e-06  9.00000000e-01  2.00000000e-01 
 7.10000000e-06  1.24351614e+00  7.10000000e-06  9.00000000e-01  2.00000000e-01 
 7.20000000e-06  1.24474764e+00  7.20000000e-06  9.00000000e-01  2.00000000e-01 
 7.30000000e-06  1.24596856e+00  7.30000000e-06  9.00000000e-01  2.00000000e-01 
 7.40000000e-06  1.24717919e+00  7.40000000e-06  9.00000000e-01  2.00000000e-01 
 7.50000000e-06  1.24837979e+00  7.50000000e-06  9.00000000e-01  2.00000000e-01 
 7.60000000e-06  1.24957060e+00  7.60000000e-06  9.00000000e-01  2.00000000e-01 
 7.70000000e-06  1.25075186e+00  7.70000000e-06  9.00000000e-01  2.00000000e-01 
 7.80000000e-06  1.25192382e+00  7.80000000e-06  9.00000000e-01  2.00000000e-01 
 7.90000000e-06  1.25308669e+00  7.90000000e-06  9.00000000e-01  2.00000000e-01 
 8.00000000e-06  1.25424069e+00  8.00000000e-06  9.00000000e-01  2.00000000e-01 
 8.10000000e-06  1.25538603e+00  8.10000000e-06  9.00000000e-01  2.00000000e-01 
 8.20000000e-06  1.25652290e+00  8.20000000e-06  9.00000000e-01  2.00000000e-01 
 8.30000000e-06  1.25765149e+00  8.30000000e-06  9.00000000e-01  2.00000000e-01 
 8.40000000e-06  1.25877199e+00  8.40000000e-06  9.00000000e-01  2.00000000e-01 
 8.50000000e-06  1.25988459e+00  8.50000000e-06  9.00000000e-01  2.00000000e-01 
 8.60000000e-06  1.26098944e+00  8.60000000e-06  9.00000000e-01  2.00000000e-01 
 8.70000000e-06  1.26208672e+00  8.70000000e-06  9.00000000e-01  2.00000000e-01 
 8.80000000e-06  1.26317659e+00  8.80000000e-06  9.00000000e-01  2.00000000e-01 
 8.90000000e-06  1.26425919e+00  8.90000000e-06  9.00000000e-01  2.00000000e-01 
 9.00000000e-06  1.26533469e+00  9.00000000e-06  9.00000000e-01  2.00000000e-01 
 9.10000000e-06  1.26640323e+00  9.10000000e-06  9.00000000e-01  2.00000000e-01 
 9.20000000e-06  1.26746494e+00  9.20000000e-06  9.00000000e-01  2.00000000e-01 
 9.30000000e-06  1.26851996e+00  9.30000000e-06  9.00000000e-01  2.00000000e-01 
 9.40000000e-06  1.26956842e+00  9.40000000e-06  9.00000000e-01  2.00000000e-01 
 9.50000000e-06  1.27061045e+00  9.50000000e-06  9.00000000e-01  2.00000000e-01 
 9.60000000e-06  1.27164618e+00  9.60000000e-06  9.00000000e-01  2.00000000e-01 
 9.70000000e-06  1.27267572e+00  9.70000000e-06  9.00000000e-01  2.00000000e-01 
 9.80000000e-06  1.27369918e+00  9.80000000e-06  9.00000000e-01  2.00000000e-01 
 9.90000000e-06  1.27471668e+00  9.90000000e-06  9.00000000e-01  2.00000000e-01 
 1.00000000e-05  1.27572834e+00  1.00000000e-05  9.00000000e-01  2.00000000e-01 
 1.01000000e-05  1.27673424e+00  1.01000000e-05  9.00000000e-01  2.00000000e-01 
 1.02000000e-05  1.27773450e+00  1.02000000e-05  9.00000000e-01  2.00000000e-01 
 1.03000000e-05  1.27872922e+00  1.03000000e-05  9.00000000e-01  2.00000000e-01 
 1.04000000e-05  1.27971849e+00  1.04000000e-05  9.00000000e-01  2.00000000e-01 
 1.05000000e-05  1.28070241e+00  1.05000000e-05  9.00000000e-01  2.00000000e-01 
 1.06000000e-05  1.28168107e+00  1.06000000e-05  9.00000000e-01  2.00000000e-01 
 1.07000000e-05  1.28265455e+00  1.07000000e-05  9.00000000e-01  2.00000000e-01 
 1.08000000e-05  1.28362294e+00  1.08000000e-05  9.00000000e-01  2.00000000e-01 
 1.09000000e-05  1.28458634e+00  1.09000000e-05  9.00000000e-01  2.00000000e-01 
 1.10000000e-05  1.28554481e+00  1.10000000e-05  9.00000000e-01  2.00000000e-01 
 1.11000000e-05  1.28649844e+00  1.11000000e-05  9.00000000e-01  2.00000000e-01 
 1.12000000e-05  1.28744730e+00  1.12000000e-05  9.00000000e-01  2.00000000e-01 
 1.13000000e-05  1.28839148e+00  1.13000000e-05  9.00000000e-01  2.00000000e-01 
 1.14000000e-05  1.28933104e+00  1.14000000e-05  9.00000000e-01  2.00000000e-01 
 1.15000000e-05  1.29026606e+00  1.15000000e-05  9.00000000e-01  2.00000000e-01 
 1.16000000e-05  1.29119661e+00  1.16000000e-05  9.00000000e-01  2.00000000e-01 
 1.17000000e-05  1.29212275e+00  1.17000000e-05  9.00000000e-01  2.00000000e-01 
 1.18000000e-05  1.29304455e+00  1.18000000e-05  9.00000000e-01  2.00000000e-01 
 1.19000000e-05  1.29396208e+00  1.19000000e-05  9.00000000e-01  2.00000000e-01 
 1.20000000e-05  1.29487540e+00  1.20000000e-05  9.00000000e-01  2.00000000e-01 
 1.21000000e-05  1.29578456e+00  1.21000000e-05  9.00000000e-01  2.00000000e-01 
 1.22000000e-05  1.29668964e+00  1.22000000e-05  9.00000000e-01  2.00000000e-01 
 1.23000000e-05  1.29759069e+00  1.23000000e-05  9.00000000e-01  2.00000000e-01 
 1.24000000e-05  1.29848777e+00  1.24000000e-05  9.00000000e-01  2.00000000e-01 
 1.25000000e-05  1.29938093e+00  1.25000000e-05  9.00000000e-01  2.00000000e-01 
 1.26000000e-05  1.30027022e+00  1.26000000e-05  9.00000000e-01  2.00000000e-01 
 1.27000000e-05  1.30115571e+00  1.27000000e-05  9.00000000e-01  2.00000000e-01 
 1.28000000e-05  1.30203744e+00  1.28000000e-05  9.00000000e-01  2.00000000e-01 
 1.29000000e-05  1.30291547e+00  1.29000000e-05  9.00000000e-01  2.00000000e-01 
 1.30000000e-05  1.30378984e+00  1.30000000e-05  9.00000000e-01  2.00000000e-01 
 1.31000000e-05  1.30466060e+00  1.31000000e-05  9.00000000e-01  2.00000000e-01 
 1.32000000e-05  1.30552781e+00  1.32000000e-05  9.00000000e-01  2.00000000e-01 
 1.33000000e-05  1.30639150e+00  1.33000000e-05  9.00000000e-01  2.00000000e-01 
 1.34000000e-05  1.30725173e+00  1.34000000e-05  9.00000000e-01  2.00000000e-01 
 1.35000000e-05  1.30810854e+00  1.35000000e-05  9.00000000e-01  2.00000000e-01 
 1.36000000e-05  1.30896197e+00  1.36000000e-05  9.00000000e-01  2.00000000e-01 
 1.37000000e-05  1.30981206e+00  1.37000000e-05  9.00000000e-01  2.00000000e-01 
 1.38000000e-05  1.31065886e+00  1.38000000e-05  9.00000000e-01  2.00000000e-01 
 1.39000000e-05  1.31150241e+00  1.39000000e-05  9.00000000e-01  2.00000000e-01 
 1.40000000e-05  1.31234275e+00  1.40000000e-05  9.00000000e-01  2.00000000e-01 
 1.41000000e-05  1.31317991e+00  1.41000000e-05  9.00000000e-01  2.00000000e-01 
 1.42000000e-05  1.31401394e+00  1.42000000e-05  9.00000000e-01  2.00000000e-01 
 1.43000000e-05  1.31484488e+00  1.43000000e-05  9.00000000e-01  2.00000000e-01 
 1.44000000e-05  1.31567276e+00  1.44000000e-05  9.00000000e-01  2.00000000e-01 
 1.45000000e-05  1.31649761e+00  1.45000000e-05  9.00000000e-01  2.00000000e-01 
 1.46000000e-05  1.31731948e+00  1.46000000e-05  9.00000000e-01  2.00000000e-01 
 1.47000000e-05  1.31813840e+00  1.47000000e-05  9.00000000e-01  2.00000000e-01 
 1.48000000e-05  1.31895440e+00  1.48000000e-05  9.00000000e-01  2.00000000e-01 
 1.49000000e-05  1.31976752e+00  1.49000000e-05  9.00000000e-01  2.00000000e-01 
 1.50000000e-05  1.32057778e+00  1.50000000e-05  9.00000000e-01  2.00000000e-01 
 1.51000000e-05  1.32138523e+00  1.51000000e-05  9.00000000e-01  2.00000000e-01 
 1.52000000e-05  1.32218989e+00  1.52000000e-05  9.00000000e-01  2.00000000e-01 
 1.53000000e-05  1.32299180e+00  1.53000000e-05  9.00000000e-01  2.00000000e-01 
 1.54000000e-05  1.32379098e+00  1.54000000e-05  9.00000000e-01  2.00000000e-01 
 1.55000000e-05  1.32458746e+00  1.55000000e-05  9.00000000e-01  2.00000000e-01 
 1.56000000e-05  1.32538129e+00  1.56000000e-05  9.00000000e-01  2.00000000e-01 
 1.57000000e-05  1.32617247e+00  1.57000000e-05  9.00000000e-01  2.00000000e-01 
 1.58000000e-05  1.32696105e+00  1.58000000e-05  9.00000000e-01  2.00000000e-01 
 1.59000000e-05  1.32774704e+00  1.59000000e-05  9.00000000e-01  2.00000000e-01 
 1.60000000e-05  1.32853048e+00  1.60000000e-05  9.00000000e-01  2.00000000e-01 
 1.61000000e-05  1.32931140e+00  1.61000000e-05  9.00000000e-01  2.00000000e-01 
 1.62000000e-05  1.33008982e+00  1.62000000e-05  9.00000000e-01  2.00000000e-01 
 1.63000000e-05  1.33086576e+00  1.63000000e-05  9.00000000e-01  2.00000000e-01 
 1.64000000e-05  1.33163926e+00  1.64000000e-05  9.00000000e-01  2.00000000e-01 
 1.65000000e-05  1.33241033e+00  1.65000000e-05  9.00000000e-01  2.00000000e-01 
 1.66000000e-05  1.33317901e+00  1.66000000e-05  9.00000000e-01  2.00000000e-01 
 1.67000000e-05  1.33394531e+00  1.67000000e-05  9.00000000e-01  2.00000000e-01 
 1.68000000e-05  1.33470926e+00  1.68000000e-05  9.00000000e-01  2.00000000e-01 
 1.69000000e-05  1.33547089e+00  1.69000000e-05  9.00000000e-01  2.00000000e-01 
 1.70000000e-05  1.33623021e+00  1.70000000e-05  9.00000000e-01  2.00000000e-01 
 1.71000000e-05  1.33698725e+00  1.71000000e-05  9.00000000e-01  2.00000000e-01 
 1.72000000e-05  1.33774203e+00  1.72000000e-05  9.00000000e-01  2.00000000e-01 
 1.73000000e-05  1.33849458e+00  1.73000000e-05  9.00000000e-01  2.00000000e-01 
 1.74000000e-05  1.33924491e+00  1.74000000e-05  9.00000000e-01  2.00000000e-01 
 1.75000000e-05  1.33999304e+00  1.75000000e-05  9.00000000e-01  2.00000000e-01 
 1.76000000e-05  1.34073901e+00  1.76000000e-05  9.00000000e-01  2.00000000e-01 
 1.77000000e-05  1.34148282e+00  1.77000000e-05  9.00000000e-01  2.00000000e-01 
 1.78000000e-05  1.34222450e+00  1.78000000e-05  9.00000000e-01  2.00000000e-01 
 1.79000000e-05  1.34296406e+00  1.79000000e-05  9.00000000e-01  2.00000000e-01 
 1.80000000e-05  1.34370154e+00  1.80000000e-05  9.00000000e-01  2.00000000e-01 
 1.81000000e-05  1.34443694e+00  1.81000000e-05  9.00000000e-01  2.00000000e-01 
 1.82000000e-05  1.34517028e+00  1.82000000e-05  9.00000000e-01  2.00000000e-01 
 1.83000000e-05  1.34590160e+00  1.83000000e-05  9.00000000e-01  2.00000000e-01 
 1.84000000e-05  1.34663089e+00  1.84000000e-05  9.00000000e-01  2.00000000e-01 
 1.85000000e-05  1.34735818e+00  1.85000000e-05  9.00000000e-01  2.00000000e-01 
 1.86000000e-05  1.34808350e+00  1.86000000e-05  9.00000000e-01  2.00000000e-01 
 1.87000000e-05  1.34880685e+00  1.87000000e-05  9.00000000e-01  2.00000000e-01 
 1.88000000e-05  1.34952825e+00  1.88000000e-05  9.00000000e-01  2.00000000e-01 
 1.89000000e-05  1.35024773e+00  1.89000000e-05  9.00000000e-01  2.00000000e-01 
 1.90000000e-05  1.35096529e+00  1.90000000e-05  9.00000000e-01  2.00000000e-01 
 1.91000000e-05  1.35168096e+00  1.91000000e-05  9.00000000e-01  2.00000000e-01 
 1.92000000e-05  1.35239475e+00  1.92000000e-05  9.00000000e-01  2.00000000e-01 
 1.93000000e-05  1.35310667e+00  1.93000000e-05  9.00000000e-01  2.00000000e-01 
 1.94000000e-05  1.35381675e+00  1.94000000e-05  9.00000000e-01  2.00000000e-01 
 1.95000000e-05  1.35452499e+00  1.95000000e-05  9.00000000e-01  2.00000000e-01 
 1.96000000e-05  1.35523142e+00  1.96000000e-05  9.00000000e-01  2.00000000e-01 
 1.97000000e-05  1.35593605e+00  1.97000000e-05  9.00000000e-01  2.00000000e-01 
 1.98000000e-05  1.35663890e+00  1.98000000e-05  9.00000000e-01  2.00000000e-01 
 1.99000000e-05  1.35733997e+00  1.99000000e-05  9.00000000e-01  2.00000000e-01 
 2.00000000e-05  1.35803928e+00  2.00000000e-05  9.00000000e-01  2.00000000e-01 
 2.01000000e-05  1.35873685e+00  2.01000000e-05  9.00000000e-01  2.00000000e-01 
 2.02000000e-05  1.35943270e+00  2.02000000e-05  9.00000000e-01  2.00000000e-01 
 2.03000000e-05  1.36012683e+00  2.03000000e-05  9.00000000e-01  2.00000000e-01 
 2.04000000e-05  1.36081926e+00  2.04000000e-05  9.00000000e-01  2.00000000e-01 
 2.05000000e-05  1.36151001e+00  2.05000000e-05  9.00000000e-01  2.00000000e-01 
 2.06000000e-05  1.36219908e+00  2.06000000e-05  9.00000000e-01  2.00000000e-01 
 2.07000000e-05  1.36288649e+00  2.07000000e-05  9.00000000e-01  2.00000000e-01 
 2.08000000e-05  1.36357225e+00  2.08000000e-05  9.00000000e-01  2.00000000e-01 
 2.09000000e-05  1.36425638e+00  2.09000000e-05  9.00000000e-01  2.00000000e-01 
 2.10000000e-05  1.36493889e+00  2.10000000e-05  9.00000000e-01  2.00000000e-01 
 2.11000000e-05  1.36561979e+00  2.11000000e-05  9.00000000e-01  2.00000000e-01 
 2.12000000e-05  1.36629910e+00  2.12000000e-05  9.00000000e-01  2.00000000e-01 
 2.13000000e-05  1.36697682e+00  2.13000000e-05  9.00000000e-01  2.00000000e-01 
 2.14000000e-05  1.36765297e+00  2.14000000e-05  9.00000000e-01  2.00000000e-01 
 2.15000000e-05  1.36832756e+00  2.15000000e-05  9.00000000e-01  2.00000000e-01 
 2.16000000e-05  1.36900060e+00  2.16000000e-05  9.00000000e-01  2.00000000e-01 
 2.17000000e-05  1.36967210e+00  2.17000000e-05  9.00000000e-01  2.00000000e-01 
 2.18000000e-05  1.37034208e+00  2.18000000e-05  9.00000000e-01  2.00000000e-01 
 2.19000000e-05  1.37101055e+00  2.19000000e-05  9.00000000e-01  2.00000000e-01 
 2.20000000e-05  1.37167751e+00  2.20000000e-05  9.00000000e-01  2.00000000e-01 
 2.21000000e-05  1.37234298e+00  2.21000000e-05  9.00000000e-01  2.00000000e-01 
 2.22000000e-05  1.37300697e+00  2.22000000e-05  9.00000000e-01  2.00000000e-01 
 2.23000000e-05  1.37366949e+00  2.23000000e-05  9.00000000e-01  2.00000000e-01 
 2.24000000e-05  1.37433056e+00  2.24000000e-05  9.00000000e-01  2.00000000e-01 
 2.25000000e-05  1.37499017e+00  2.25000000e-05  9.00000000e-01  2.00000000e-01 
 2.26000000e-05  1.37564835e+00  2.26000000e-05  9.00000000e-01  2.00000000e-01 
 2.27000000e-05  1.37630510e+00  2.27000000e-05  9.00000000e-01  2.00000000e-01 
 2.28000000e-05  1.37696043e+00  2.28000000e-05  9.00000000e-01  2.00000000e-01 
 2.29000000e-05  1.37761435e+00  2.29000000e-05  9.00000000e-01  2.00000000e-01 
 2.30000000e-05  1.37826687e+00  2.30000000e-05  9.00000000e-01  2.00000000e-01 
 2.31000000e-05  1.37891801e+00  2.31000000e-05  9.00000000e-01  2.00000000e-01 
 2.32000000e-05  1.37956777e+00  2.32000000e-05  9.00000000e-01  2.00000000e-01 
 2.33000000e-05  1.38021616e+00  2.33000000e-05  9.00000000e-01  2.00000000e-01 
 2.34000000e-05  1.38086319e+00  2.34000000e-05  9.00000000e-01  2.00000000e-01 
 2.35000000e-05  1.38150887e+00  2.35000000e-05  9.00000000e-01  2.00000000e-01 
 2.36000000e-05  1.38215321e+00  2.36000000e-05  9.00000000e-01  2.00000000e-01 
 2.37000000e-05  1.38279622e+00  2.37000000e-05  9.00000000e-01  2.00000000e-01 
 2.38000000e-05  1.38343791e+00  2.38000000e-05  9.00000000e-01  2.00000000e-01 
 2.39000000e-05  1.38407828e+00  2.39000000e-05  9.00000000e-01  2.00000000e-01 
 2.40000000e-05  1.38471735e+00  2.40000000e-05  9.00000000e-01  2.00000000e-01 
 2.41000000e-05  1.38535512e+00  2.41000000e-05  9.00000000e-01  2.00000000e-01 
 2.42000000e-05  1.38599160e+00  2.42000000e-05  9.00000000e-01  2.00000000e-01 
 2.43000000e-05  1.38662681e+00  2.43000000e-05  9.00000000e-01  2.00000000e-01 
 2.44000000e-05  1.38726074e+00  2.44000000e-05  9.00000000e-01  2.00000000e-01 
 2.45000000e-05  1.38789342e+00  2.45000000e-05  9.00000000e-01  2.00000000e-01 
 2.46000000e-05  1.38852484e+00  2.46000000e-05  9.00000000e-01  2.00000000e-01 
 2.47000000e-05  1.38915501e+00  2.47000000e-05  9.00000000e-01  2.00000000e-01 
 2.48000000e-05  1.38978394e+00  2.48000000e-05  9.00000000e-01  2.00000000e-01 
 2.49000000e-05  1.39041165e+00  2.49000000e-05  9.00000000e-01  2.00000000e-01 
 2.50000000e-05  1.39103813e+00  2.50000000e-05  9.00000000e-01  2.00000000e-01 
