 i-sweep         v(vout)         i(viin)         v(vgate)        v(vmid)        
-6.00000000e-06 -7.21847997e-01 -6.00000000e-06  0.00000000e+00  9.00000000e-01 
-5.90000000e-06 -7.20814236e-01 -5.90000000e-06  0.00000000e+00  9.00000000e-01 
-5.80000000e-06 -7.19755130e-01 -5.80000000e-06  0.00000000e+00  9.00000000e-01 
-5.70000000e-06 -7.18669549e-01 -5.70000000e-06  0.00000000e+00  9.00000000e-01 
-5.60000000e-06 -7.17556295e-01 -5.60000000e-06  0.00000000e+00  9.00000000e-01 
-5.50000000e-06 -7.16414095e-01 -5.50000000e-06  0.00000000e+00  9.00000000e-01 
-5.40000000e-06 -7.15241599e-01 -5.40000000e-06  0.00000000e+00  9.00000000e-01 
-5.30000000e-06 -7.14037370e-01 -5.30000000e-06  0.00000000e+00  9.00000000e-01 
-5.20000000e-06 -7.12799879e-01 -5.20000000e-06  0.00000000e+00  9.00000000e-01 
-5.10000000e-06 -7.11527500e-01 -5.10000000e-06  0.00000000e+00  9.00000000e-01 
-5.00000000e-06 -7.10218500e-01 -5.00000000e-06  0.00000000e+00  9.00000000e-01 
-4.90000000e-06 -7.08871033e-01 -4.90000000e-06  0.00000000e+00  9.00000000e-01 
-4.80000000e-06 -7.07483131e-01 -4.80000000e-06  0.00000000e+00  9.00000000e-01 
-4.70000000e-06 -7.06052694e-01 -4.70000000e-06  0.00000000e+00  9.00000000e-01 
-4.60000000e-06 -7.04577482e-01 -4.60000000e-06  0.00000000e+00  9.00000000e-01 
-4.50000000e-06 -7.03055101e-01 -4.50000000e-06  0.00000000e+00  9.00000000e-01 
-4.40000000e-06 -7.01482998e-01 -4.40000000e-06  0.00000000e+00  9.00000000e-01 
-4.30000000e-06 -6.99858442e-01 -4.30000000e-06  0.00000000e+00  9.00000000e-01 
-4.20000000e-06 -6.98178520e-01 -4.20000000e-06  0.00000000e+00  9.00000000e-01 
-4.10000000e-06 -6.96440116e-01 -4.10000000e-06  0.00000000e+00  9.00000000e-01 
-4.00000000e-06 -6.94639903e-01 -4.00000000e-06  0.00000000e+00  9.00000000e-01 
-3.90000000e-06 -6.92774328e-01 -3.90000000e-06  0.00000000e+00  9.00000000e-01 
-3.80000000e-06 -6.90839603e-01 -3.80000000e-06  0.00000000e+00  9.00000000e-01 
-3.70000000e-06 -6.88831664e-01 -3.70000000e-06  0.00000000e+00  9.00000000e-01 
-3.60000000e-06 -6.86746202e-01 -3.60000000e-06  0.00000000e+00  9.00000000e-01 
-3.50000000e-06 -6.84578616e-01 -3.50000000e-06  0.00000000e+00  9.00000000e-01 
-3.40000000e-06 -6.82324009e-01 -3.40000000e-06  0.00000000e+00  9.00000000e-01 
-3.30000000e-06 -6.79977178e-01 -3.30000000e-06  0.00000000e+00  9.00000000e-01 
-3.20000000e-06 -6.77532599e-01 -3.20000000e-06  0.00000000e+00  9.00000000e-01 
-3.10000000e-06 -6.74984422e-01 -3.10000000e-06  0.00000000e+00  9.00000000e-01 
-3.00000000e-06 -6.72326456e-01 -3.00000000e-06  0.00000000e+00  9.00000000e-01 
-2.90000000e-06 -6.69552171e-01 -2.90000000e-06  0.00000000e+00  9.00000000e-01 
-2.80000000e-06 -6.66654687e-01 -2.80000000e-06  0.00000000e+00  9.00000000e-01 
-2.70000000e-06 -6.63626772e-01 -2.70000000e-06  0.00000000e+00  9.00000000e-01 
-2.60000000e-06 -6.60460838e-01 -2.60000000e-06  0.00000000e+00  9.00000000e-01 
-2.50000000e-06 -6.57148932e-01 -2.50000000e-06  0.00000000e+00  9.00000000e-01 
-2.40000000e-06 -6.53682723e-01 -2.40000000e-06  0.00000000e+00  9.00000000e-01 
-2.30000000e-06 -6.50053477e-01 -2.30000000e-06  0.00000000e+00  9.00000000e-01 
-2.20000000e-06 -6.46252021e-01 -2.20000000e-06  0.00000000e+00  9.00000000e-01 
-2.10000000e-06 -6.42268670e-01 -2.10000000e-06  0.00000000e+00  9.00000000e-01 
-2.00000000e-06 -6.38093131e-01 -2.00000000e-06  0.00000000e+00  9.00000000e-01 
-1.90000000e-06 -6.33714347e-01 -1.90000000e-06  0.00000000e+00  9.00000000e-01 
-1.80000000e-06 -6.29120277e-01 -1.80000000e-06  0.00000000e+00  9.00000000e-01 
-1.70000000e-06 -6.24297582e-01 -1.70000000e-06  0.00000000e+00  9.00000000e-01 
-1.60000000e-06 -6.19231192e-01 -1.60000000e-06  0.00000000e+00  9.00000000e-01 
-1.50000000e-06 -6.13903706e-01 -1.50000000e-06  0.00000000e+00  9.00000000e-01 
-1.40000000e-06 -6.08294567e-01 -1.40000000e-06  0.00000000e+00  9.00000000e-01 
-1.30000000e-06 -6.02378934e-01 -1.30000000e-06  0.00000000e+00  9.00000000e-01 
-1.20000000e-06 -5.96126108e-01 -1.20000000e-06  0.00000000e+00  9.00000000e-01 
-1.10000000e-06 -5.89497300e-01 -1.10000000e-06  0.00000000e+00  9.00000000e-01 
-1.00000000e-06 -5.82442392e-01 -1.00000000e-06  0.00000000e+00  9.00000000e-01 
-9.00000000e-07 -5.74895068e-01 -9.00000000e-07  0.00000000e+00  9.00000000e-01 
-8.00000000e-07 -5.66765201e-01 -8.00000000e-07  0.00000000e+00  9.00000000e-01 
-7.00000000e-07 -5.57924694e-01 -7.00000000e-07  0.00000000e+00  9.00000000e-01 
-6.00000000e-07 -5.48190272e-01 -6.00000000e-07  0.00000000e+00  9.00000000e-01 
-5.00000000e-07 -5.37275165e-01 -5.00000000e-07  0.00000000e+00  9.00000000e-01 
-4.00000000e-07 -5.24704191e-01 -4.00000000e-07  0.00000000e+00  9.00000000e-01 
-3.00000000e-07 -5.09596479e-01 -3.00000000e-07  0.00000000e+00  9.00000000e-01 
-2.00000000e-07 -4.90001172e-01 -2.00000000e-07  0.00000000e+00  9.00000000e-01 
-1.00000000e-07 -4.59790957e-01 -1.00000000e-07  0.00000000e+00  9.00000000e-01 
-5.71747239e-21  6.14569618e-01 -5.71747239e-21  0.00000000e+00  9.00000000e-01 
 1.00000000e-07  1.01664318e+00  1.00000000e-07  0.00000000e+00  9.00000000e-01 
 2.00000000e-07  1.04905262e+00  2.00000000e-07  0.00000000e+00  9.00000000e-01 
 3.00000000e-07  1.06793935e+00  3.00000000e-07  0.00000000e+00  9.00000000e-01 
 4.00000000e-07  1.08139141e+00  4.00000000e-07  0.00000000e+00  9.00000000e-01 
 5.00000000e-07  1.09188424e+00  5.00000000e-07  0.00000000e+00  9.00000000e-01 
 6.00000000e-07  1.10054637e+00  6.00000000e-07  0.00000000e+00  9.00000000e-01 
 7.00000000e-07  1.10795272e+00  7.00000000e-07  0.00000000e+00  9.00000000e-01 
 8.00000000e-07  1.11444533e+00  8.00000000e-07  0.00000000e+00  9.00000000e-01 
 9.00000000e-07  1.12024344e+00  9.00000000e-07  0.00000000e+00  9.00000000e-01 
 1.00000000e-06  1.12549579e+00  1.00000000e-06  0.00000000e+00  9.00000000e-01 
 1.10000000e-06  1.13030783e+00  1.10000000e-06  0.00000000e+00  9.00000000e-01 
 1.20000000e-06  1.13476387e+00  1.20000000e-06  0.00000000e+00  9.00000000e-01 
 1.30000000e-06  1.13890593e+00  1.30000000e-06  0.00000000e+00  9.00000000e-01 
 1.40000000e-06  1.14279027e+00  1.40000000e-06  0.00000000e+00  9.00000000e-01 
 1.50000000e-06  1.14645220e+00  1.50000000e-06  0.00000000e+00  9.00000000e-01 
 1.60000000e-06  1.14992020e+00  1.60000000e-06  0.00000000e+00  9.00000000e-01 
 1.70000000e-06  1.15321762e+00  1.70000000e-06  0.00000000e+00  9.00000000e-01 
 1.80000000e-06  1.15636378e+00  1.80000000e-06  0.00000000e+00  9.00000000e-01 
 1.90000000e-06  1.15937489e+00  1.90000000e-06  0.00000000e+00  9.00000000e-01 
 2.00000000e-06  1.16226462e+00  2.00000000e-06  0.00000000e+00  9.00000000e-01 
 2.10000000e-06  1.16504467e+00  2.10000000e-06  0.00000000e+00  9.00000000e-01 
 2.20000000e-06  1.16772509e+00  2.20000000e-06  0.00000000e+00  9.00000000e-01 
 2.30000000e-06  1.17031456e+00  2.30000000e-06  0.00000000e+00  9.00000000e-01 
 2.40000000e-06  1.17282069e+00  2.40000000e-06  0.00000000e+00  9.00000000e-01 
 2.50000000e-06  1.17525014e+00  2.50000000e-06  0.00000000e+00  9.00000000e-01 
 2.60000000e-06  1.17760876e+00  2.60000000e-06  0.00000000e+00  9.00000000e-01 
 2.70000000e-06  1.17990178e+00  2.70000000e-06  0.00000000e+00  9.00000000e-01 
 2.80000000e-06  1.18213383e+00  2.80000000e-06  0.00000000e+00  9.00000000e-01 
 2.90000000e-06  1.18430906e+00  2.90000000e-06  0.00000000e+00  9.00000000e-01 
 3.00000000e-06  1.18643120e+00  3.00000000e-06  0.00000000e+00  9.00000000e-01 
 3.10000000e-06  1.18850363e+00  3.10000000e-06  0.00000000e+00  9.00000000e-01 
 3.20000000e-06  1.19052937e+00  3.20000000e-06  0.00000000e+00  9.00000000e-01 
 3.30000000e-06  1.19251120e+00  3.30000000e-06  0.00000000e+00  9.00000000e-01 
 3.40000000e-06  1.19445164e+00  3.40000000e-06  0.00000000e+00  9.00000000e-01 
 3.50000000e-06  1.19635298e+00  3.50000000e-06  0.00000000e+00  9.00000000e-01 
 3.60000000e-06  1.19821734e+00  3.60000000e-06  0.00000000e+00  9.00000000e-01 
 3.70000000e-06  1.20004665e+00  3.70000000e-06  0.00000000e+00  9.00000000e-01 
 3.80000000e-06  1.20184270e+00  3.80000000e-06  0.00000000e+00  9.00000000e-01 
 3.90000000e-06  1.20360712e+00  3.90000000e-06  0.00000000e+00  9.00000000e-01 
 4.00000000e-06  1.20534145e+00  4.00000000e-06  0.00000000e+00  9.00000000e-01 
 4.10000000e-06  1.20704708e+00  4.10000000e-06  0.00000000e+00  9.00000000e-01 
 4.20000000e-06  1.20872533e+00  4.20000000e-06  0.00000000e+00  9.00000000e-01 
 4.30000000e-06  1.21037742e+00  4.30000000e-06  0.00000000e+00  9.00000000e-01 
 4.40000000e-06  1.21200448e+00  4.40000000e-06  0.00000000e+00  9.00000000e-01 
 4.50000000e-06  1.21360758e+00  4.50000000e-06  0.00000000e+00  9.00000000e-01 
 4.60000000e-06  1.21518769e+00  4.60000000e-06  0.00000000e+00  9.00000000e-01 
 4.70000000e-06  1.21674575e+00  4.70000000e-06  0.00000000e+00  9.00000000e-01 
 4.80000000e-06  1.21828264e+00  4.80000000e-06  0.00000000e+00  9.00000000e-01 
 4.90000000e-06  1.21979916e+00  4.90000000e-06  0.00000000e+00  9.00000000e-01 
 5.00000000e-06  1.22129609e+00  5.00000000e-06  0.00000000e+00  9.00000000e-01 
 5.10000000e-06  1.22277414e+00  5.10000000e-06  0.00000000e+00  9.00000000e-01 
 5.20000000e-06  1.22423401e+00  5.20000000e-06  0.00000000e+00  9.00000000e-01 
 5.30000000e-06  1.22567633e+00  5.30000000e-06  0.00000000e+00  9.00000000e-01 
 5.40000000e-06  1.22710172e+00  5.40000000e-06  0.00000000e+00  9.00000000e-01 
 5.50000000e-06  1.22851075e+00  5.50000000e-06  0.00000000e+00  9.00000000e-01 
 5.60000000e-06  1.22990397e+00  5.60000000e-06  0.00000000e+00  9.00000000e-01 
 5.70000000e-06  1.23128188e+00  5.70000000e-06  0.00000000e+00  9.00000000e-01 
 5.80000000e-06  1.23264500e+00  5.80000000e-06  0.00000000e+00  9.00000000e-01 
 5.90000000e-06  1.23399377e+00  5.90000000e-06  0.00000000e+00  9.00000000e-01 
 6.00000000e-06  1.23532864e+00  6.00000000e-06  0.00000000e+00  9.00000000e-01 
