 i-sweep         v(vout)         i(viin)         v(vgate)        v(vmid)        
-6.00000000e-06  4.42730496e-01 -6.00000000e-06  1.60000000e+00  8.00000000e-01 
-5.90000000e-06  4.46293219e-01 -5.90000000e-06  1.60000000e+00  8.00000000e-01 
-5.80000000e-06  4.49883178e-01 -5.80000000e-06  1.60000000e+00  8.00000000e-01 
-5.70000000e-06  4.53501039e-01 -5.70000000e-06  1.60000000e+00  8.00000000e-01 
-5.60000000e-06  4.57147498e-01 -5.60000000e-06  1.60000000e+00  8.00000000e-01 
-5.50000000e-06  4.60823278e-01 -5.50000000e-06  1.60000000e+00  8.00000000e-01 
-5.40000000e-06  4.64529135e-01 -5.40000000e-06  1.60000000e+00  8.00000000e-01 
-5.30000000e-06  4.68265858e-01 -5.30000000e-06  1.60000000e+00  8.00000000e-01 
-5.20000000e-06  4.72034270e-01 -5.20000000e-06  1.60000000e+00  8.00000000e-01 
-5.10000000e-06  4.75835234e-01 -5.10000000e-06  1.60000000e+00  8.00000000e-01 
-5.00000000e-06  4.79669649e-01 -5.00000000e-06  1.60000000e+00  8.00000000e-01 
-4.90000000e-06  4.83538463e-01 -4.90000000e-06  1.60000000e+00  8.00000000e-01 
-4.80000000e-06  4.87442663e-01 -4.80000000e-06  1.60000000e+00  8.00000000e-01 
-4.70000000e-06  4.91383290e-01 -4.70000000e-06  1.60000000e+00  8.00000000e-01 
-4.60000000e-06  4.95361435e-01 -4.60000000e-06  1.60000000e+00  8.00000000e-01 
-4.50000000e-06  4.99378248e-01 -4.50000000e-06  1.60000000e+00  8.00000000e-01 
-4.40000000e-06  5.03434935e-01 -4.40000000e-06  1.60000000e+00  8.00000000e-01 
-4.30000000e-06  5.07532773e-01 -4.30000000e-06  1.60000000e+00  8.00000000e-01 
-4.20000000e-06  5.11673107e-01 -4.20000000e-06  1.60000000e+00  8.00000000e-01 
-4.10000000e-06  5.15857357e-01 -4.10000000e-06  1.60000000e+00  8.00000000e-01 
-4.00000000e-06  5.20087027e-01 -4.00000000e-06  1.60000000e+00  8.00000000e-01 
-3.90000000e-06  5.24363713e-01 -3.90000000e-06  1.60000000e+00  8.00000000e-01 
-3.80000000e-06  5.28689106e-01 -3.80000000e-06  1.60000000e+00  8.00000000e-01 
-3.70000000e-06  5.33065005e-01 -3.70000000e-06  1.60000000e+00  8.00000000e-01 
-3.60000000e-06  5.37493325e-01 -3.60000000e-06  1.60000000e+00  8.00000000e-01 
-3.50000000e-06  5.41976109e-01 -3.50000000e-06  1.60000000e+00  8.00000000e-01 
-3.40000000e-06  5.46515540e-01 -3.40000000e-06  1.60000000e+00  8.00000000e-01 
-3.30000000e-06  5.51113958e-01 -3.30000000e-06  1.60000000e+00  8.00000000e-01 
-3.20000000e-06  5.55773870e-01 -3.20000000e-06  1.60000000e+00  8.00000000e-01 
-3.10000000e-06  5.60497978e-01 -3.10000000e-06  1.60000000e+00  8.00000000e-01 
-3.00000000e-06  5.65289189e-01 -3.00000000e-06  1.60000000e+00  8.00000000e-01 
-2.90000000e-06  5.70150651e-01 -2.90000000e-06  1.60000000e+00  8.00000000e-01 
-2.80000000e-06  5.75085771e-01 -2.80000000e-06  1.60000000e+00  8.00000000e-01 
-2.70000000e-06  5.80098257e-01 -2.70000000e-06  1.60000000e+00  8.00000000e-01 
-2.60000000e-06  5.85192149e-01 -2.60000000e-06  1.60000000e+00  8.00000000e-01 
-2.50000000e-06  5.90371869e-01 -2.50000000e-06  1.60000000e+00  8.00000000e-01 
-2.40000000e-06  5.95642273e-01 -2.40000000e-06  1.60000000e+00  8.00000000e-01 
-2.30000000e-06  6.01008711e-01 -2.30000000e-06  1.60000000e+00  8.00000000e-01 
-2.20000000e-06  6.06477110e-01 -2.20000000e-06  1.60000000e+00  8.00000000e-01 
-2.10000000e-06  6.12054057e-01 -2.10000000e-06  1.60000000e+00  8.00000000e-01 
-2.00000000e-06  6.17746916e-01 -2.00000000e-06  1.60000000e+00  8.00000000e-01 
-1.90000000e-06  6.23563960e-01 -1.90000000e-06  1.60000000e+00  8.00000000e-01 
-1.80000000e-06  6.29514538e-01 -1.80000000e-06  1.60000000e+00  8.00000000e-01 
-1.70000000e-06  6.35609287e-01 -1.70000000e-06  1.60000000e+00  8.00000000e-01 
-1.60000000e-06  6.41860388e-01 -1.60000000e-06  1.60000000e+00  8.00000000e-01 
-1.50000000e-06  6.48281910e-01 -1.50000000e-06  1.60000000e+00  8.00000000e-01 
-1.40000000e-06  6.54890232e-01 -1.40000000e-06  1.60000000e+00  8.00000000e-01 
-1.30000000e-06  6.61704618e-01 -1.30000000e-06  1.60000000e+00  8.00000000e-01 
-1.20000000e-06  6.68747967e-01 -1.20000000e-06  1.60000000e+00  8.00000000e-01 
-1.10000000e-06  6.76047839e-01 -1.10000000e-06  1.60000000e+00  8.00000000e-01 
-1.00000000e-06  6.83637870e-01 -1.00000000e-06  1.60000000e+00  8.00000000e-01 
-9.00000000e-07  6.91559783e-01 -9.00000000e-07  1.60000000e+00  8.00000000e-01 
-8.00000000e-07  6.99866321e-01 -8.00000000e-07  1.60000000e+00  8.00000000e-01 
-7.00000000e-07  7.08625655e-01 -7.00000000e-07  1.60000000e+00  8.00000000e-01 
-6.00000000e-07  7.17928307e-01 -6.00000000e-07  1.60000000e+00  8.00000000e-01 
-5.00000000e-07  7.27897334e-01 -5.00000000e-07  1.60000000e+00  8.00000000e-01 
-4.00000000e-07  7.38713504e-01 -4.00000000e-07  1.60000000e+00  8.00000000e-01 
-3.00000000e-07  7.50643207e-01 -3.00000000e-07  1.60000000e+00  8.00000000e-01 
-2.00000000e-07  7.64123990e-01 -2.00000000e-07  1.60000000e+00  8.00000000e-01 
-1.00000000e-07  7.79952109e-01 -1.00000000e-07  1.60000000e+00  8.00000000e-01 
-5.71747239e-21  7.99873746e-01 -5.71747239e-21  1.60000000e+00  8.00000000e-01 
 1.00000000e-07  8.26412081e-01  1.00000000e-07  1.60000000e+00  8.00000000e-01 
 2.00000000e-07  8.67456104e-01  2.00000000e-07  1.60000000e+00  8.00000000e-01 
 3.00000000e-07  9.78888621e-01  3.00000000e-07  1.60000000e+00  8.00000000e-01 
 4.00000000e-07  1.03218185e+00  4.00000000e-07  1.60000000e+00  8.00000000e-01 
 5.00000000e-07  1.05674260e+00  5.00000000e-07  1.60000000e+00  8.00000000e-01 
 6.00000000e-07  1.07279751e+00  6.00000000e-07  1.60000000e+00  8.00000000e-01 
 7.00000000e-07  1.08478667e+00  7.00000000e-07  1.60000000e+00  8.00000000e-01 
 8.00000000e-07  1.09441480e+00  8.00000000e-07  1.60000000e+00  8.00000000e-01 
 9.00000000e-07  1.10250048e+00  9.00000000e-07  1.60000000e+00  8.00000000e-01 
 1.00000000e-06  1.10948660e+00  1.00000000e-06  1.60000000e+00  8.00000000e-01 
 1.10000000e-06  1.11566610e+00  1.10000000e-06  1.60000000e+00  8.00000000e-01 
 1.20000000e-06  1.12122196e+00  1.20000000e-06  1.60000000e+00  8.00000000e-01 
 1.30000000e-06  1.12628284e+00  1.30000000e-06  1.60000000e+00  8.00000000e-01 
 1.40000000e-06  1.13093352e+00  1.40000000e-06  1.60000000e+00  8.00000000e-01 
 1.50000000e-06  1.13525062e+00  1.50000000e-06  1.60000000e+00  8.00000000e-01 
 1.60000000e-06  1.13928379e+00  1.60000000e-06  1.60000000e+00  8.00000000e-01 
 1.70000000e-06  1.14307405e+00  1.70000000e-06  1.60000000e+00  8.00000000e-01 
 1.80000000e-06  1.14665406e+00  1.80000000e-06  1.60000000e+00  8.00000000e-01 
 1.90000000e-06  1.15004980e+00  1.90000000e-06  1.60000000e+00  8.00000000e-01 
 2.00000000e-06  1.15328327e+00  2.00000000e-06  1.60000000e+00  8.00000000e-01 
 2.10000000e-06  1.15637247e+00  2.10000000e-06  1.60000000e+00  8.00000000e-01 
 2.20000000e-06  1.15933254e+00  2.20000000e-06  1.60000000e+00  8.00000000e-01 
 2.30000000e-06  1.16217633e+00  2.30000000e-06  1.60000000e+00  8.00000000e-01 
 2.40000000e-06  1.16491492e+00  2.40000000e-06  1.60000000e+00  8.00000000e-01 
 2.50000000e-06  1.16755807e+00  2.50000000e-06  1.60000000e+00  8.00000000e-01 
 2.60000000e-06  1.17011548e+00  2.60000000e-06  1.60000000e+00  8.00000000e-01 
 2.70000000e-06  1.17258525e+00  2.70000000e-06  1.60000000e+00  8.00000000e-01 
 2.80000000e-06  1.17498522e+00  2.80000000e-06  1.60000000e+00  8.00000000e-01 
 2.90000000e-06  1.17731659e+00  2.90000000e-06  1.60000000e+00  8.00000000e-01 
 3.00000000e-06  1.17958431e+00  3.00000000e-06  1.60000000e+00  8.00000000e-01 
 3.10000000e-06  1.18179283e+00  3.10000000e-06  1.60000000e+00  8.00000000e-01 
 3.20000000e-06  1.18394611e+00  3.20000000e-06  1.60000000e+00  8.00000000e-01 
 3.30000000e-06  1.18604772e+00  3.30000000e-06  1.60000000e+00  8.00000000e-01 
 3.40000000e-06  1.18810089e+00  3.40000000e-06  1.60000000e+00  8.00000000e-01 
 3.50000000e-06  1.19010855e+00  3.50000000e-06  1.60000000e+00  8.00000000e-01 
 3.60000000e-06  1.19207336e+00  3.60000000e-06  1.60000000e+00  8.00000000e-01 
 3.70000000e-06  1.19399773e+00  3.70000000e-06  1.60000000e+00  8.00000000e-01 
 3.80000000e-06  1.19588390e+00  3.80000000e-06  1.60000000e+00  8.00000000e-01 
 3.90000000e-06  1.19774037e+00  3.90000000e-06  1.60000000e+00  8.00000000e-01 
 4.00000000e-06  1.19955508e+00  4.00000000e-06  1.60000000e+00  8.00000000e-01 
 4.10000000e-06  1.20133736e+00  4.10000000e-06  1.60000000e+00  8.00000000e-01 
 4.20000000e-06  1.20308878e+00  4.20000000e-06  1.60000000e+00  8.00000000e-01 
 4.30000000e-06  1.20481080e+00  4.30000000e-06  1.60000000e+00  8.00000000e-01 
 4.40000000e-06  1.20650477e+00  4.40000000e-06  1.60000000e+00  8.00000000e-01 
 4.50000000e-06  1.20817194e+00  4.50000000e-06  1.60000000e+00  8.00000000e-01 
 4.60000000e-06  1.20981349e+00  4.60000000e-06  1.60000000e+00  8.00000000e-01 
 4.70000000e-06  1.21143049e+00  4.70000000e-06  1.60000000e+00  8.00000000e-01 
 4.80000000e-06  1.21302399e+00  4.80000000e-06  1.60000000e+00  8.00000000e-01 
 4.90000000e-06  1.21459493e+00  4.90000000e-06  1.60000000e+00  8.00000000e-01 
 5.00000000e-06  1.21614421e+00  5.00000000e-06  1.60000000e+00  8.00000000e-01 
 5.10000000e-06  1.21767268e+00  5.10000000e-06  1.60000000e+00  8.00000000e-01 
 5.20000000e-06  1.21918112e+00  5.20000000e-06  1.60000000e+00  8.00000000e-01 
 5.30000000e-06  1.22067029e+00  5.30000000e-06  1.60000000e+00  8.00000000e-01 
 5.40000000e-06  1.22214089e+00  5.40000000e-06  1.60000000e+00  8.00000000e-01 
 5.50000000e-06  1.22359358e+00  5.50000000e-06  1.60000000e+00  8.00000000e-01 
 5.60000000e-06  1.22502899e+00  5.60000000e-06  1.60000000e+00  8.00000000e-01 
 5.70000000e-06  1.22644771e+00  5.70000000e-06  1.60000000e+00  8.00000000e-01 
 5.80000000e-06  1.22785030e+00  5.80000000e-06  1.60000000e+00  8.00000000e-01 
 5.90000000e-06  1.22923730e+00  5.90000000e-06  1.60000000e+00  8.00000000e-01 
 6.00000000e-06  1.23060921e+00  6.00000000e-06  1.60000000e+00  8.00000000e-01 
