 i-sweep         v(vout)         i(viin)         v(vgate)        v(vmid)        
-6.00000000e-06  2.17171969e-01 -6.00000000e-06  1.30000000e+00  1.40000000e+00 
-5.90000000e-06  2.20725301e-01 -5.90000000e-06  1.30000000e+00  1.40000000e+00 
-5.80000000e-06  2.24306835e-01 -5.80000000e-06  1.30000000e+00  1.40000000e+00 
-5.70000000e-06  2.27917271e-01 -5.70000000e-06  1.30000000e+00  1.40000000e+00 
-5.60000000e-06  2.31557339e-01 -5.60000000e-06  1.30000000e+00  1.40000000e+00 
-5.50000000e-06  2.35227799e-01 -5.50000000e-06  1.30000000e+00  1.40000000e+00 
-5.40000000e-06  2.38929445e-01 -5.40000000e-06  1.30000000e+00  1.40000000e+00 
-5.30000000e-06  2.42663108e-01 -5.30000000e-06  1.30000000e+00  1.40000000e+00 
-5.20000000e-06  2.46429654e-01 -5.20000000e-06  1.30000000e+00  1.40000000e+00 
-5.10000000e-06  2.50229990e-01 -5.10000000e-06  1.30000000e+00  1.40000000e+00 
-5.00000000e-06  2.54065066e-01 -5.00000000e-06  1.30000000e+00  1.40000000e+00 
-4.90000000e-06  2.57935879e-01 -4.90000000e-06  1.30000000e+00  1.40000000e+00 
-4.80000000e-06  2.61843475e-01 -4.80000000e-06  1.30000000e+00  1.40000000e+00 
-4.70000000e-06  2.65788950e-01 -4.70000000e-06  1.30000000e+00  1.40000000e+00 
-4.60000000e-06  2.69773461e-01 -4.60000000e-06  1.30000000e+00  1.40000000e+00 
-4.50000000e-06  2.73798223e-01 -4.50000000e-06  1.30000000e+00  1.40000000e+00 
-4.40000000e-06  2.77864518e-01 -4.40000000e-06  1.30000000e+00  1.40000000e+00 
-4.30000000e-06  2.81973699e-01 -4.30000000e-06  1.30000000e+00  1.40000000e+00 
-4.20000000e-06  2.86127198e-01 -4.20000000e-06  1.30000000e+00  1.40000000e+00 
-4.10000000e-06  2.90326528e-01 -4.10000000e-06  1.30000000e+00  1.40000000e+00 
-4.00000000e-06  2.94573296e-01 -4.00000000e-06  1.30000000e+00  1.40000000e+00 
-3.90000000e-06  2.98869206e-01 -3.90000000e-06  1.30000000e+00  1.40000000e+00 
-3.80000000e-06  3.03216074e-01 -3.80000000e-06  1.30000000e+00  1.40000000e+00 
-3.70000000e-06  3.07615831e-01 -3.70000000e-06  1.30000000e+00  1.40000000e+00 
-3.60000000e-06  3.12070544e-01 -3.60000000e-06  1.30000000e+00  1.40000000e+00 
-3.50000000e-06  3.16582421e-01 -3.50000000e-06  1.30000000e+00  1.40000000e+00 
-3.40000000e-06  3.21153833e-01 -3.40000000e-06  1.30000000e+00  1.40000000e+00 
-3.30000000e-06  3.25787327e-01 -3.30000000e-06  1.30000000e+00  1.40000000e+00 
-3.20000000e-06  3.30485647e-01 -3.20000000e-06  1.30000000e+00  1.40000000e+00 
-3.10000000e-06  3.35251762e-01 -3.10000000e-06  1.30000000e+00  1.40000000e+00 
-3.00000000e-06  3.40088885e-01 -3.00000000e-06  1.30000000e+00  1.40000000e+00 
-2.90000000e-06  3.45000513e-01 -2.90000000e-06  1.30000000e+00  1.40000000e+00 
-2.80000000e-06  3.49990457e-01 -2.80000000e-06  1.30000000e+00  1.40000000e+00 
-2.70000000e-06  3.55062890e-01 -2.70000000e-06  1.30000000e+00  1.40000000e+00 
-2.60000000e-06  3.60222397e-01 -2.60000000e-06  1.30000000e+00  1.40000000e+00 
-2.50000000e-06  3.65474037e-01 -2.50000000e-06  1.30000000e+00  1.40000000e+00 
-2.40000000e-06  3.70823417e-01 -2.40000000e-06  1.30000000e+00  1.40000000e+00 
-2.30000000e-06  3.76276779e-01 -2.30000000e-06  1.30000000e+00  1.40000000e+00 
-2.20000000e-06  3.81841115e-01 -2.20000000e-06  1.30000000e+00  1.40000000e+00 
-2.10000000e-06  3.87524293e-01 -2.10000000e-06  1.30000000e+00  1.40000000e+00 
-2.00000000e-06  3.93335231e-01 -2.00000000e-06  1.30000000e+00  1.40000000e+00 
-1.90000000e-06  3.99284096e-01 -1.90000000e-06  1.30000000e+00  1.40000000e+00 
-1.80000000e-06  4.05382576e-01 -1.80000000e-06  1.30000000e+00  1.40000000e+00 
-1.70000000e-06  4.11644209e-01 -1.70000000e-06  1.30000000e+00  1.40000000e+00 
-1.60000000e-06  4.18084825e-01 -1.60000000e-06  1.30000000e+00  1.40000000e+00 
-1.50000000e-06  4.24723119e-01 -1.50000000e-06  1.30000000e+00  1.40000000e+00 
-1.40000000e-06  4.31581421e-01 -1.40000000e-06  1.30000000e+00  1.40000000e+00 
-1.30000000e-06  4.38686744e-01 -1.30000000e-06  1.30000000e+00  1.40000000e+00 
-1.20000000e-06  4.46072250e-01 -1.20000000e-06  1.30000000e+00  1.40000000e+00 
-1.10000000e-06  4.53779326e-01 -1.10000000e-06  1.30000000e+00  1.40000000e+00 
-1.00000000e-06  4.61860649e-01 -1.00000000e-06  1.30000000e+00  1.40000000e+00 
-9.00000000e-07  4.70384818e-01 -9.00000000e-07  1.30000000e+00  1.40000000e+00 
-8.00000000e-07  4.79443676e-01 -8.00000000e-07  1.30000000e+00  1.40000000e+00 
-7.00000000e-07  4.89164431e-01 -7.00000000e-07  1.30000000e+00  1.40000000e+00 
-6.00000000e-07  4.99730983e-01 -6.00000000e-07  1.30000000e+00  1.40000000e+00 
-5.00000000e-07  5.11424474e-01 -5.00000000e-07  1.30000000e+00  1.40000000e+00 
-4.00000000e-07  5.24708765e-01 -4.00000000e-07  1.30000000e+00  1.40000000e+00 
-3.00000000e-07  5.40438964e-01 -3.00000000e-07  1.30000000e+00  1.40000000e+00 
-2.00000000e-07  5.60499031e-01 -2.00000000e-07  1.30000000e+00  1.40000000e+00 
-1.00000000e-07  5.90782672e-01 -1.00000000e-07  1.30000000e+00  1.40000000e+00 
-5.71747239e-21  8.81388223e-01 -5.71747239e-21  1.30000000e+00  1.40000000e+00 
 1.00000000e-07  1.20390795e+00  1.00000000e-07  1.30000000e+00  1.40000000e+00 
 2.00000000e-07  1.23625293e+00  2.00000000e-07  1.30000000e+00  1.40000000e+00 
 3.00000000e-07  1.25510372e+00  3.00000000e-07  1.30000000e+00  1.40000000e+00 
 4.00000000e-07  1.26852594e+00  4.00000000e-07  1.30000000e+00  1.40000000e+00 
 5.00000000e-07  1.27899971e+00  5.00000000e-07  1.30000000e+00  1.40000000e+00 
 6.00000000e-07  1.28764148e+00  6.00000000e-07  1.30000000e+00  1.40000000e+00 
 7.00000000e-07  1.29502795e+00  7.00000000e-07  1.30000000e+00  1.40000000e+00 
 8.00000000e-07  1.30150136e+00  8.00000000e-07  1.30000000e+00  1.40000000e+00 
 9.00000000e-07  1.30728091e+00  9.00000000e-07  1.30000000e+00  1.40000000e+00 
 1.00000000e-06  1.31252913e+00  1.00000000e-06  1.30000000e+00  1.40000000e+00 
 1.10000000e-06  1.31731749e+00  1.10000000e-06  1.30000000e+00  1.40000000e+00 
 1.20000000e-06  1.32174616e+00  1.20000000e-06  1.30000000e+00  1.40000000e+00 
 1.30000000e-06  1.32587239e+00  1.30000000e-06  1.30000000e+00  1.40000000e+00 
 1.40000000e-06  1.32974078e+00  1.40000000e-06  1.30000000e+00  1.40000000e+00 
 1.50000000e-06  1.33338678e+00  1.50000000e-06  1.30000000e+00  1.40000000e+00 
 1.60000000e-06  1.33683897e+00  1.60000000e-06  1.30000000e+00  1.40000000e+00 
 1.70000000e-06  1.34012072e+00  1.70000000e-06  1.30000000e+00  1.40000000e+00 
 1.80000000e-06  1.34325137e+00  1.80000000e-06  1.30000000e+00  1.40000000e+00 
 1.90000000e-06  1.34624713e+00  1.90000000e-06  1.30000000e+00  1.40000000e+00 
 2.00000000e-06  1.34912168e+00  2.00000000e-06  1.30000000e+00  1.40000000e+00 
 2.10000000e-06  1.35188670e+00  2.10000000e-06  1.30000000e+00  1.40000000e+00 
 2.20000000e-06  1.35455223e+00  2.20000000e-06  1.30000000e+00  1.40000000e+00 
 2.30000000e-06  1.35712697e+00  2.30000000e-06  1.30000000e+00  1.40000000e+00 
 2.40000000e-06  1.35961850e+00  2.40000000e-06  1.30000000e+00  1.40000000e+00 
 2.50000000e-06  1.36203346e+00  2.50000000e-06  1.30000000e+00  1.40000000e+00 
 2.60000000e-06  1.36437773e+00  2.60000000e-06  1.30000000e+00  1.40000000e+00 
 2.70000000e-06  1.36665651e+00  2.70000000e-06  1.30000000e+00  1.40000000e+00 
 2.80000000e-06  1.36887442e+00  2.80000000e-06  1.30000000e+00  1.40000000e+00 
 2.90000000e-06  1.37103563e+00  2.90000000e-06  1.30000000e+00  1.40000000e+00 
 3.00000000e-06  1.37314385e+00  3.00000000e-06  1.30000000e+00  1.40000000e+00 
 3.10000000e-06  1.37520244e+00  3.10000000e-06  1.30000000e+00  1.40000000e+00 
 3.20000000e-06  1.37722480e+00  3.20000000e-06  1.30000000e+00  1.40000000e+00 
 3.30000000e-06  1.37919130e+00  3.30000000e-06  1.30000000e+00  1.40000000e+00 
 3.40000000e-06  1.38111678e+00  3.40000000e-06  1.30000000e+00  1.40000000e+00 
 3.50000000e-06  1.38300348e+00  3.50000000e-06  1.30000000e+00  1.40000000e+00 
 3.60000000e-06  1.38485347e+00  3.60000000e-06  1.30000000e+00  1.40000000e+00 
 3.70000000e-06  1.38666865e+00  3.70000000e-06  1.30000000e+00  1.40000000e+00 
 3.80000000e-06  1.38845077e+00  3.80000000e-06  1.30000000e+00  1.40000000e+00 
 3.90000000e-06  1.39020144e+00  3.90000000e-06  1.30000000e+00  1.40000000e+00 
 4.00000000e-06  1.39192218e+00  4.00000000e-06  1.30000000e+00  1.40000000e+00 
 4.10000000e-06  1.39361436e+00  4.10000000e-06  1.30000000e+00  1.40000000e+00 
 4.20000000e-06  1.39527929e+00  4.20000000e-06  1.30000000e+00  1.40000000e+00 
 4.30000000e-06  1.39691997e+00  4.30000000e-06  1.30000000e+00  1.40000000e+00 
 4.40000000e-06  1.39853371e+00  4.40000000e-06  1.30000000e+00  1.40000000e+00 
 4.50000000e-06  1.40012361e+00  4.50000000e-06  1.30000000e+00  1.40000000e+00 
 4.60000000e-06  1.40169064e+00  4.60000000e-06  1.30000000e+00  1.40000000e+00 
 4.70000000e-06  1.40323572e+00  4.70000000e-06  1.30000000e+00  1.40000000e+00 
 4.80000000e-06  1.40475971e+00  4.80000000e-06  1.30000000e+00  1.40000000e+00 
 4.90000000e-06  1.40626342e+00  4.90000000e-06  1.30000000e+00  1.40000000e+00 
 5.00000000e-06  1.40774762e+00  5.00000000e-06  1.30000000e+00  1.40000000e+00 
 5.10000000e-06  1.40921302e+00  5.10000000e-06  1.30000000e+00  1.40000000e+00 
 5.20000000e-06  1.41066031e+00  5.20000000e-06  1.30000000e+00  1.40000000e+00 
 5.30000000e-06  1.41209011e+00  5.30000000e-06  1.30000000e+00  1.40000000e+00 
 5.40000000e-06  1.41350305e+00  5.40000000e-06  1.30000000e+00  1.40000000e+00 
 5.50000000e-06  1.41489968e+00  5.50000000e-06  1.30000000e+00  1.40000000e+00 
 5.60000000e-06  1.41628055e+00  5.60000000e-06  1.30000000e+00  1.40000000e+00 
 5.70000000e-06  1.41764618e+00  5.70000000e-06  1.30000000e+00  1.40000000e+00 
 5.80000000e-06  1.41899705e+00  5.80000000e-06  1.30000000e+00  1.40000000e+00 
 5.90000000e-06  1.42033364e+00  5.90000000e-06  1.30000000e+00  1.40000000e+00 
 6.00000000e-06  1.42165637e+00  6.00000000e-06  1.30000000e+00  1.40000000e+00 
