 i-sweep         v(vout)         i(viin)         v(vgate)        v(vmid)        
-6.00000000e-06  9.04763350e-02 -6.00000000e-06  1.80000000e+00  2.00000000e-01 
-5.90000000e-06  9.22199354e-02 -5.90000000e-06  1.80000000e+00  2.00000000e-01 
-5.80000000e-06  9.39660231e-02 -5.80000000e-06  1.80000000e+00  2.00000000e-01 
-5.70000000e-06  9.57146109e-02 -5.70000000e-06  1.80000000e+00  2.00000000e-01 
-5.60000000e-06  9.74657116e-02 -5.60000000e-06  1.80000000e+00  2.00000000e-01 
-5.50000000e-06  9.92193382e-02 -5.50000000e-06  1.80000000e+00  2.00000000e-01 
-5.40000000e-06  1.00975504e-01 -5.40000000e-06  1.80000000e+00  2.00000000e-01 
-5.30000000e-06  1.02734222e-01 -5.30000000e-06  1.80000000e+00  2.00000000e-01 
-5.20000000e-06  1.04495506e-01 -5.20000000e-06  1.80000000e+00  2.00000000e-01 
-5.10000000e-06  1.06259369e-01 -5.10000000e-06  1.80000000e+00  2.00000000e-01 
-5.00000000e-06  1.08025824e-01 -5.00000000e-06  1.80000000e+00  2.00000000e-01 
-4.90000000e-06  1.09794887e-01 -4.90000000e-06  1.80000000e+00  2.00000000e-01 
-4.80000000e-06  1.11566570e-01 -4.80000000e-06  1.80000000e+00  2.00000000e-01 
-4.70000000e-06  1.13340887e-01 -4.70000000e-06  1.80000000e+00  2.00000000e-01 
-4.60000000e-06  1.15117853e-01 -4.60000000e-06  1.80000000e+00  2.00000000e-01 
-4.50000000e-06  1.16897482e-01 -4.50000000e-06  1.80000000e+00  2.00000000e-01 
-4.40000000e-06  1.18679789e-01 -4.40000000e-06  1.80000000e+00  2.00000000e-01 
-4.30000000e-06  1.20464788e-01 -4.30000000e-06  1.80000000e+00  2.00000000e-01 
-4.20000000e-06  1.22252493e-01 -4.20000000e-06  1.80000000e+00  2.00000000e-01 
-4.10000000e-06  1.24042920e-01 -4.10000000e-06  1.80000000e+00  2.00000000e-01 
-4.00000000e-06  1.25836084e-01 -4.00000000e-06  1.80000000e+00  2.00000000e-01 
-3.90000000e-06  1.27632000e-01 -3.90000000e-06  1.80000000e+00  2.00000000e-01 
-3.80000000e-06  1.29430683e-01 -3.80000000e-06  1.80000000e+00  2.00000000e-01 
-3.70000000e-06  1.31232149e-01 -3.70000000e-06  1.80000000e+00  2.00000000e-01 
-3.60000000e-06  1.33036413e-01 -3.60000000e-06  1.80000000e+00  2.00000000e-01 
-3.50000000e-06  1.34843491e-01 -3.50000000e-06  1.80000000e+00  2.00000000e-01 
-3.40000000e-06  1.36653399e-01 -3.40000000e-06  1.80000000e+00  2.00000000e-01 
-3.30000000e-06  1.38466154e-01 -3.30000000e-06  1.80000000e+00  2.00000000e-01 
-3.20000000e-06  1.40281771e-01 -3.20000000e-06  1.80000000e+00  2.00000000e-01 
-3.10000000e-06  1.42100267e-01 -3.10000000e-06  1.80000000e+00  2.00000000e-01 
-3.00000000e-06  1.43921658e-01 -3.00000000e-06  1.80000000e+00  2.00000000e-01 
-2.90000000e-06  1.45745962e-01 -2.90000000e-06  1.80000000e+00  2.00000000e-01 
-2.80000000e-06  1.47573196e-01 -2.80000000e-06  1.80000000e+00  2.00000000e-01 
-2.70000000e-06  1.49403375e-01 -2.70000000e-06  1.80000000e+00  2.00000000e-01 
-2.60000000e-06  1.51236519e-01 -2.60000000e-06  1.80000000e+00  2.00000000e-01 
-2.50000000e-06  1.53072644e-01 -2.50000000e-06  1.80000000e+00  2.00000000e-01 
-2.40000000e-06  1.54911768e-01 -2.40000000e-06  1.80000000e+00  2.00000000e-01 
-2.30000000e-06  1.56753910e-01 -2.30000000e-06  1.80000000e+00  2.00000000e-01 
-2.20000000e-06  1.58599086e-01 -2.20000000e-06  1.80000000e+00  2.00000000e-01 
-2.10000000e-06  1.60447315e-01 -2.10000000e-06  1.80000000e+00  2.00000000e-01 
-2.00000000e-06  1.62298616e-01 -2.00000000e-06  1.80000000e+00  2.00000000e-01 
-1.90000000e-06  1.64153008e-01 -1.90000000e-06  1.80000000e+00  2.00000000e-01 
-1.80000000e-06  1.66010509e-01 -1.80000000e-06  1.80000000e+00  2.00000000e-01 
-1.70000000e-06  1.67871138e-01 -1.70000000e-06  1.80000000e+00  2.00000000e-01 
-1.60000000e-06  1.69734915e-01 -1.60000000e-06  1.80000000e+00  2.00000000e-01 
-1.50000000e-06  1.71601859e-01 -1.50000000e-06  1.80000000e+00  2.00000000e-01 
-1.40000000e-06  1.73471991e-01 -1.40000000e-06  1.80000000e+00  2.00000000e-01 
-1.30000000e-06  1.75345328e-01 -1.30000000e-06  1.80000000e+00  2.00000000e-01 
-1.20000000e-06  1.77221893e-01 -1.20000000e-06  1.80000000e+00  2.00000000e-01 
-1.10000000e-06  1.79101705e-01 -1.10000000e-06  1.80000000e+00  2.00000000e-01 
-1.00000000e-06  1.80984785e-01 -1.00000000e-06  1.80000000e+00  2.00000000e-01 
-9.00000000e-07  1.82871154e-01 -9.00000000e-07  1.80000000e+00  2.00000000e-01 
-8.00000000e-07  1.84760833e-01 -8.00000000e-07  1.80000000e+00  2.00000000e-01 
-7.00000000e-07  1.86653843e-01 -7.00000000e-07  1.80000000e+00  2.00000000e-01 
-6.00000000e-07  1.88550205e-01 -6.00000000e-07  1.80000000e+00  2.00000000e-01 
-5.00000000e-07  1.90449943e-01 -5.00000000e-07  1.80000000e+00  2.00000000e-01 
-4.00000000e-07  1.92353076e-01 -4.00000000e-07  1.80000000e+00  2.00000000e-01 
-3.00000000e-07  1.94259629e-01 -3.00000000e-07  1.80000000e+00  2.00000000e-01 
-2.00000000e-07  1.96169623e-01 -2.00000000e-07  1.80000000e+00  2.00000000e-01 
-1.00000000e-07  1.98083081e-01 -1.00000000e-07  1.80000000e+00  2.00000000e-01 
-5.71747239e-21  2.00000027e-01 -5.71747239e-21  1.80000000e+00  2.00000000e-01 
 1.00000000e-07  2.01920938e-01  1.00000000e-07  1.80000000e+00  2.00000000e-01 
 2.00000000e-07  2.03846296e-01  2.00000000e-07  1.80000000e+00  2.00000000e-01 
 3.00000000e-07  2.05776132e-01  3.00000000e-07  1.80000000e+00  2.00000000e-01 
 4.00000000e-07  2.07710476e-01  4.00000000e-07  1.80000000e+00  2.00000000e-01 
 5.00000000e-07  2.09649359e-01  5.00000000e-07  1.80000000e+00  2.00000000e-01 
 6.00000000e-07  2.11592813e-01  6.00000000e-07  1.80000000e+00  2.00000000e-01 
 7.00000000e-07  2.13540868e-01  7.00000000e-07  1.80000000e+00  2.00000000e-01 
 8.00000000e-07  2.15493559e-01  8.00000000e-07  1.80000000e+00  2.00000000e-01 
 9.00000000e-07  2.17450916e-01  9.00000000e-07  1.80000000e+00  2.00000000e-01 
 1.00000000e-06  2.19412972e-01  1.00000000e-06  1.80000000e+00  2.00000000e-01 
 1.10000000e-06  2.21379761e-01  1.10000000e-06  1.80000000e+00  2.00000000e-01 
 1.20000000e-06  2.23351317e-01  1.20000000e-06  1.80000000e+00  2.00000000e-01 
 1.30000000e-06  2.25327672e-01  1.30000000e-06  1.80000000e+00  2.00000000e-01 
 1.40000000e-06  2.27308863e-01  1.40000000e-06  1.80000000e+00  2.00000000e-01 
 1.50000000e-06  2.29294923e-01  1.50000000e-06  1.80000000e+00  2.00000000e-01 
 1.60000000e-06  2.31285888e-01  1.60000000e-06  1.80000000e+00  2.00000000e-01 
 1.70000000e-06  2.33281793e-01  1.70000000e-06  1.80000000e+00  2.00000000e-01 
 1.80000000e-06  2.35282674e-01  1.80000000e-06  1.80000000e+00  2.00000000e-01 
 1.90000000e-06  2.37288569e-01  1.90000000e-06  1.80000000e+00  2.00000000e-01 
 2.00000000e-06  2.39299514e-01  2.00000000e-06  1.80000000e+00  2.00000000e-01 
 2.10000000e-06  2.41315546e-01  2.10000000e-06  1.80000000e+00  2.00000000e-01 
 2.20000000e-06  2.43336703e-01  2.20000000e-06  1.80000000e+00  2.00000000e-01 
 2.30000000e-06  2.45363024e-01  2.30000000e-06  1.80000000e+00  2.00000000e-01 
 2.40000000e-06  2.47394548e-01  2.40000000e-06  1.80000000e+00  2.00000000e-01 
 2.50000000e-06  2.49431314e-01  2.50000000e-06  1.80000000e+00  2.00000000e-01 
 2.60000000e-06  2.51473361e-01  2.60000000e-06  1.80000000e+00  2.00000000e-01 
 2.70000000e-06  2.53520730e-01  2.70000000e-06  1.80000000e+00  2.00000000e-01 
 2.80000000e-06  2.55573463e-01  2.80000000e-06  1.80000000e+00  2.00000000e-01 
 2.90000000e-06  2.57631600e-01  2.90000000e-06  1.80000000e+00  2.00000000e-01 
 3.00000000e-06  2.59695183e-01  3.00000000e-06  1.80000000e+00  2.00000000e-01 
 3.10000000e-06  2.61764254e-01  3.10000000e-06  1.80000000e+00  2.00000000e-01 
 3.20000000e-06  2.63838858e-01  3.20000000e-06  1.80000000e+00  2.00000000e-01 
 3.30000000e-06  2.65919037e-01  3.30000000e-06  1.80000000e+00  2.00000000e-01 
 3.40000000e-06  2.68004835e-01  3.40000000e-06  1.80000000e+00  2.00000000e-01 
 3.50000000e-06  2.70096297e-01  3.50000000e-06  1.80000000e+00  2.00000000e-01 
 3.60000000e-06  2.72193470e-01  3.60000000e-06  1.80000000e+00  2.00000000e-01 
 3.70000000e-06  2.74296397e-01  3.70000000e-06  1.80000000e+00  2.00000000e-01 
 3.80000000e-06  2.76405127e-01  3.80000000e-06  1.80000000e+00  2.00000000e-01 
 3.90000000e-06  2.78519706e-01  3.90000000e-06  1.80000000e+00  2.00000000e-01 
 4.00000000e-06  2.80640183e-01  4.00000000e-06  1.80000000e+00  2.00000000e-01 
 4.10000000e-06  2.82766605e-01  4.10000000e-06  1.80000000e+00  2.00000000e-01 
 4.20000000e-06  2.84899022e-01  4.20000000e-06  1.80000000e+00  2.00000000e-01 
 4.30000000e-06  2.87037483e-01  4.30000000e-06  1.80000000e+00  2.00000000e-01 
 4.40000000e-06  2.89182040e-01  4.40000000e-06  1.80000000e+00  2.00000000e-01 
 4.50000000e-06  2.91332743e-01  4.50000000e-06  1.80000000e+00  2.00000000e-01 
 4.60000000e-06  2.93489645e-01  4.60000000e-06  1.80000000e+00  2.00000000e-01 
 4.70000000e-06  2.95652798e-01  4.70000000e-06  1.80000000e+00  2.00000000e-01 
 4.80000000e-06  2.97822255e-01  4.80000000e-06  1.80000000e+00  2.00000000e-01 
 4.90000000e-06  2.99998072e-01  4.90000000e-06  1.80000000e+00  2.00000000e-01 
 5.00000000e-06  3.02180302e-01  5.00000000e-06  1.80000000e+00  2.00000000e-01 
 5.10000000e-06  3.04369002e-01  5.10000000e-06  1.80000000e+00  2.00000000e-01 
 5.20000000e-06  3.06564228e-01  5.20000000e-06  1.80000000e+00  2.00000000e-01 
 5.30000000e-06  3.08766038e-01  5.30000000e-06  1.80000000e+00  2.00000000e-01 
 5.40000000e-06  3.10974490e-01  5.40000000e-06  1.80000000e+00  2.00000000e-01 
 5.50000000e-06  3.13189643e-01  5.50000000e-06  1.80000000e+00  2.00000000e-01 
 5.60000000e-06  3.15411558e-01  5.60000000e-06  1.80000000e+00  2.00000000e-01 
 5.70000000e-06  3.17640294e-01  5.70000000e-06  1.80000000e+00  2.00000000e-01 
 5.80000000e-06  3.19875915e-01  5.80000000e-06  1.80000000e+00  2.00000000e-01 
 5.90000000e-06  3.22118483e-01  5.90000000e-06  1.80000000e+00  2.00000000e-01 
 6.00000000e-06  3.24368061e-01  6.00000000e-06  1.80000000e+00  2.00000000e-01 
