 i-sweep         v(vout)         i(viin)         v(vgate)        v(vmid)        
-6.00000000e-06 -7.21967840e-01 -6.00000000e-06  0.00000000e+00  7.00000000e-01 
-5.90000000e-06 -7.20936696e-01 -5.90000000e-06  0.00000000e+00  7.00000000e-01 
-5.80000000e-06 -7.19880309e-01 -5.80000000e-06  0.00000000e+00  7.00000000e-01 
-5.70000000e-06 -7.18797552e-01 -5.70000000e-06  0.00000000e+00  7.00000000e-01 
-5.60000000e-06 -7.17687235e-01 -5.60000000e-06  0.00000000e+00  7.00000000e-01 
-5.50000000e-06 -7.16548089e-01 -5.50000000e-06  0.00000000e+00  7.00000000e-01 
-5.40000000e-06 -7.15378770e-01 -5.40000000e-06  0.00000000e+00  7.00000000e-01 
-5.30000000e-06 -7.14177848e-01 -5.30000000e-06  0.00000000e+00  7.00000000e-01 
-5.20000000e-06 -7.12943801e-01 -5.20000000e-06  0.00000000e+00  7.00000000e-01 
-5.10000000e-06 -7.11675009e-01 -5.10000000e-06  0.00000000e+00  7.00000000e-01 
-5.00000000e-06 -7.10369748e-01 -5.00000000e-06  0.00000000e+00  7.00000000e-01 
-4.90000000e-06 -7.09026178e-01 -4.90000000e-06  0.00000000e+00  7.00000000e-01 
-4.80000000e-06 -7.07642340e-01 -4.80000000e-06  0.00000000e+00  7.00000000e-01 
-4.70000000e-06 -7.06216142e-01 -4.70000000e-06  0.00000000e+00  7.00000000e-01 
-4.60000000e-06 -7.04745352e-01 -4.60000000e-06  0.00000000e+00  7.00000000e-01 
-4.50000000e-06 -7.03227587e-01 -4.50000000e-06  0.00000000e+00  7.00000000e-01 
-4.40000000e-06 -7.01660301e-01 -4.40000000e-06  0.00000000e+00  7.00000000e-01 
-4.30000000e-06 -7.00040774e-01 -4.30000000e-06  0.00000000e+00  7.00000000e-01 
-4.20000000e-06 -6.98366100e-01 -4.20000000e-06  0.00000000e+00  7.00000000e-01 
-4.10000000e-06 -6.96633173e-01 -4.10000000e-06  0.00000000e+00  7.00000000e-01 
-4.00000000e-06 -6.94838677e-01 -4.00000000e-06  0.00000000e+00  7.00000000e-01 
-3.90000000e-06 -6.92979064e-01 -3.90000000e-06  0.00000000e+00  7.00000000e-01 
-3.80000000e-06 -6.91050549e-01 -3.80000000e-06  0.00000000e+00  7.00000000e-01 
-3.70000000e-06 -6.89049090e-01 -3.70000000e-06  0.00000000e+00  7.00000000e-01 
-3.60000000e-06 -6.86970376e-01 -3.60000000e-06  0.00000000e+00  7.00000000e-01 
-3.50000000e-06 -6.84809699e-01 -3.50000000e-06  0.00000000e+00  7.00000000e-01 
-3.40000000e-06 -6.82562365e-01 -3.40000000e-06  0.00000000e+00  7.00000000e-01 
-3.30000000e-06 -6.80223078e-01 -3.30000000e-06  0.00000000e+00  7.00000000e-01 
-3.20000000e-06 -6.77786309e-01 -3.20000000e-06  0.00000000e+00  7.00000000e-01 
-3.10000000e-06 -6.75246200e-01 -3.10000000e-06  0.00000000e+00  7.00000000e-01 
-3.00000000e-06 -6.72596548e-01 -3.00000000e-06  0.00000000e+00  7.00000000e-01 
-2.90000000e-06 -6.69830806e-01 -2.90000000e-06  0.00000000e+00  7.00000000e-01 
-2.80000000e-06 -6.66942070e-01 -2.80000000e-06  0.00000000e+00  7.00000000e-01 
-2.70000000e-06 -6.63923079e-01 -2.70000000e-06  0.00000000e+00  7.00000000e-01 
-2.60000000e-06 -6.60766207e-01 -2.60000000e-06  0.00000000e+00  7.00000000e-01 
-2.50000000e-06 -6.57463458e-01 -2.50000000e-06  0.00000000e+00  7.00000000e-01 
-2.40000000e-06 -6.54006450e-01 -2.40000000e-06  0.00000000e+00  7.00000000e-01 
-2.30000000e-06 -6.50386391e-01 -2.30000000e-06  0.00000000e+00  7.00000000e-01 
-2.20000000e-06 -6.46594044e-01 -2.20000000e-06  0.00000000e+00  7.00000000e-01 
-2.10000000e-06 -6.42619656e-01 -2.10000000e-06  0.00000000e+00  7.00000000e-01 
-2.00000000e-06 -6.38452861e-01 -2.00000000e-06  0.00000000e+00  7.00000000e-01 
-1.90000000e-06 -6.34082531e-01 -1.90000000e-06  0.00000000e+00  7.00000000e-01 
-1.80000000e-06 -6.29496555e-01 -1.80000000e-06  0.00000000e+00  7.00000000e-01 
-1.70000000e-06 -6.24681530e-01 -1.70000000e-06  0.00000000e+00  7.00000000e-01 
-1.60000000e-06 -6.19622333e-01 -1.60000000e-06  0.00000000e+00  7.00000000e-01 
-1.50000000e-06 -6.14301520e-01 -1.50000000e-06  0.00000000e+00  7.00000000e-01 
-1.40000000e-06 -6.08698511e-01 -1.40000000e-06  0.00000000e+00  7.00000000e-01 
-1.30000000e-06 -6.02788463e-01 -1.30000000e-06  0.00000000e+00  7.00000000e-01 
-1.20000000e-06 -5.96540699e-01 -1.20000000e-06  0.00000000e+00  7.00000000e-01 
-1.10000000e-06 -5.89916204e-01 -1.10000000e-06  0.00000000e+00  7.00000000e-01 
-1.00000000e-06 -5.82865382e-01 -1.00000000e-06  0.00000000e+00  7.00000000e-01 
-9.00000000e-07 -5.75321806e-01 -9.00000000e-07  0.00000000e+00  7.00000000e-01 
-8.00000000e-07 -5.67195448e-01 -8.00000000e-07  0.00000000e+00  7.00000000e-01 
-7.00000000e-07 -5.58359893e-01 -7.00000000e-07  0.00000000e+00  7.00000000e-01 
-6.00000000e-07 -5.48630276e-01 -6.00000000e-07  0.00000000e+00  7.00000000e-01 
-5.00000000e-07 -5.37721375e-01 -5.00000000e-07  0.00000000e+00  7.00000000e-01 
-4.00000000e-07 -5.25159247e-01 -4.00000000e-07  0.00000000e+00  7.00000000e-01 
-3.00000000e-07 -5.10065463e-01 -3.00000000e-07  0.00000000e+00  7.00000000e-01 
-2.00000000e-07 -4.90495029e-01 -2.00000000e-07  0.00000000e+00  7.00000000e-01 
-1.00000000e-07 -4.60340195e-01 -1.00000000e-07  0.00000000e+00  7.00000000e-01 
-5.71747239e-21  6.13250811e-01 -5.71747239e-21  0.00000000e+00  7.00000000e-01 
 1.00000000e-07  1.01522408e+00  1.00000000e-07  0.00000000e+00  7.00000000e-01 
 2.00000000e-07  1.04764217e+00  2.00000000e-07  0.00000000e+00  7.00000000e-01 
 3.00000000e-07  1.06651843e+00  3.00000000e-07  0.00000000e+00  7.00000000e-01 
 4.00000000e-07  1.07996057e+00  4.00000000e-07  0.00000000e+00  7.00000000e-01 
 5.00000000e-07  1.09046311e+00  5.00000000e-07  0.00000000e+00  7.00000000e-01 
 6.00000000e-07  1.09912746e+00  6.00000000e-07  0.00000000e+00  7.00000000e-01 
 7.00000000e-07  1.10653448e+00  7.00000000e-07  0.00000000e+00  7.00000000e-01 
 8.00000000e-07  1.11302735e+00  8.00000000e-07  0.00000000e+00  7.00000000e-01 
 9.00000000e-07  1.11882559e+00  9.00000000e-07  0.00000000e+00  7.00000000e-01 
 1.00000000e-06  1.12407806e+00  1.00000000e-06  0.00000000e+00  7.00000000e-01 
 1.10000000e-06  1.12889023e+00  1.10000000e-06  0.00000000e+00  7.00000000e-01 
 1.20000000e-06  1.13334735e+00  1.20000000e-06  0.00000000e+00  7.00000000e-01 
 1.30000000e-06  1.13748917e+00  1.30000000e-06  0.00000000e+00  7.00000000e-01 
 1.40000000e-06  1.14137341e+00  1.40000000e-06  0.00000000e+00  7.00000000e-01 
 1.50000000e-06  1.14503532e+00  1.50000000e-06  0.00000000e+00  7.00000000e-01 
 1.60000000e-06  1.14850335e+00  1.60000000e-06  0.00000000e+00  7.00000000e-01 
 1.70000000e-06  1.15180082e+00  1.70000000e-06  0.00000000e+00  7.00000000e-01 
 1.80000000e-06  1.15494707e+00  1.80000000e-06  0.00000000e+00  7.00000000e-01 
 1.90000000e-06  1.15795826e+00  1.90000000e-06  0.00000000e+00  7.00000000e-01 
 2.00000000e-06  1.16084809e+00  2.00000000e-06  0.00000000e+00  7.00000000e-01 
 2.10000000e-06  1.16362825e+00  2.10000000e-06  0.00000000e+00  7.00000000e-01 
 2.20000000e-06  1.16630876e+00  2.20000000e-06  0.00000000e+00  7.00000000e-01 
 2.30000000e-06  1.16889835e+00  2.30000000e-06  0.00000000e+00  7.00000000e-01 
 2.40000000e-06  1.17140458e+00  2.40000000e-06  0.00000000e+00  7.00000000e-01 
 2.50000000e-06  1.17383413e+00  2.50000000e-06  0.00000000e+00  7.00000000e-01 
 2.60000000e-06  1.17619286e+00  2.60000000e-06  0.00000000e+00  7.00000000e-01 
 2.70000000e-06  1.17848598e+00  2.70000000e-06  0.00000000e+00  7.00000000e-01 
 2.80000000e-06  1.18071814e+00  2.80000000e-06  0.00000000e+00  7.00000000e-01 
 2.90000000e-06  1.18289347e+00  2.90000000e-06  0.00000000e+00  7.00000000e-01 
 3.00000000e-06  1.18501572e+00  3.00000000e-06  0.00000000e+00  7.00000000e-01 
 3.10000000e-06  1.18708824e+00  3.10000000e-06  0.00000000e+00  7.00000000e-01 
 3.20000000e-06  1.18911409e+00  3.20000000e-06  0.00000000e+00  7.00000000e-01 
 3.30000000e-06  1.19109602e+00  3.30000000e-06  0.00000000e+00  7.00000000e-01 
 3.40000000e-06  1.19303656e+00  3.40000000e-06  0.00000000e+00  7.00000000e-01 
 3.50000000e-06  1.19494539e+00  3.50000000e-06  0.00000000e+00  7.00000000e-01 
 3.60000000e-06  1.19680861e+00  3.60000000e-06  0.00000000e+00  7.00000000e-01 
 3.70000000e-06  1.19863701e+00  3.70000000e-06  0.00000000e+00  7.00000000e-01 
 3.80000000e-06  1.20043231e+00  3.80000000e-06  0.00000000e+00  7.00000000e-01 
 3.90000000e-06  1.20219613e+00  3.90000000e-06  0.00000000e+00  7.00000000e-01 
 4.00000000e-06  1.20392997e+00  4.00000000e-06  0.00000000e+00  7.00000000e-01 
 4.10000000e-06  1.20563522e+00  4.10000000e-06  0.00000000e+00  7.00000000e-01 
 4.20000000e-06  1.20731316e+00  4.20000000e-06  0.00000000e+00  7.00000000e-01 
 4.30000000e-06  1.20896501e+00  4.30000000e-06  0.00000000e+00  7.00000000e-01 
 4.40000000e-06  1.21059189e+00  4.40000000e-06  0.00000000e+00  7.00000000e-01 
 4.50000000e-06  1.21219484e+00  4.50000000e-06  0.00000000e+00  7.00000000e-01 
 4.60000000e-06  1.21377485e+00  4.60000000e-06  0.00000000e+00  7.00000000e-01 
 4.70000000e-06  1.21533285e+00  4.70000000e-06  0.00000000e+00  7.00000000e-01 
 4.80000000e-06  1.21686969e+00  4.80000000e-06  0.00000000e+00  7.00000000e-01 
 4.90000000e-06  1.21838618e+00  4.90000000e-06  0.00000000e+00  7.00000000e-01 
 5.00000000e-06  1.21988311e+00  5.00000000e-06  0.00000000e+00  7.00000000e-01 
 5.10000000e-06  1.22136117e+00  5.10000000e-06  0.00000000e+00  7.00000000e-01 
 5.20000000e-06  1.22282106e+00  5.20000000e-06  0.00000000e+00  7.00000000e-01 
 5.30000000e-06  1.22426342e+00  5.30000000e-06  0.00000000e+00  7.00000000e-01 
 5.40000000e-06  1.22568885e+00  5.40000000e-06  0.00000000e+00  7.00000000e-01 
 5.50000000e-06  1.22709793e+00  5.50000000e-06  0.00000000e+00  7.00000000e-01 
 5.60000000e-06  1.22849120e+00  5.60000000e-06  0.00000000e+00  7.00000000e-01 
 5.70000000e-06  1.22986918e+00  5.70000000e-06  0.00000000e+00  7.00000000e-01 
 5.80000000e-06  1.23123236e+00  5.80000000e-06  0.00000000e+00  7.00000000e-01 
 5.90000000e-06  1.23258120e+00  5.90000000e-06  0.00000000e+00  7.00000000e-01 
 6.00000000e-06  1.23391615e+00  6.00000000e-06  0.00000000e+00  7.00000000e-01 
