 i-sweep         v(vout)         i(viin)         v(vgate)        v(vmid)        
-6.00000000e-06 -6.48067949e-01 -6.00000000e-06  2.00000000e-01  9.00000000e-01 
-5.90000000e-06 -6.45298619e-01 -5.90000000e-06  2.00000000e-01  9.00000000e-01 
-5.80000000e-06 -6.42469944e-01 -5.80000000e-06  2.00000000e-01  9.00000000e-01 
-5.70000000e-06 -6.39582176e-01 -5.70000000e-06  2.00000000e-01  9.00000000e-01 
-5.60000000e-06 -6.36635654e-01 -5.60000000e-06  2.00000000e-01  9.00000000e-01 
-5.50000000e-06 -6.33630794e-01 -5.50000000e-06  2.00000000e-01  9.00000000e-01 
-5.40000000e-06 -6.30568077e-01 -5.40000000e-06  2.00000000e-01  9.00000000e-01 
-5.30000000e-06 -6.27448029e-01 -5.30000000e-06  2.00000000e-01  9.00000000e-01 
-5.20000000e-06 -6.24271210e-01 -5.20000000e-06  2.00000000e-01  9.00000000e-01 
-5.10000000e-06 -6.21038196e-01 -5.10000000e-06  2.00000000e-01  9.00000000e-01 
-5.00000000e-06 -6.17749561e-01 -5.00000000e-06  2.00000000e-01  9.00000000e-01 
-4.90000000e-06 -6.14405862e-01 -4.90000000e-06  2.00000000e-01  9.00000000e-01 
-4.80000000e-06 -6.11007621e-01 -4.80000000e-06  2.00000000e-01  9.00000000e-01 
-4.70000000e-06 -6.07555311e-01 -4.70000000e-06  2.00000000e-01  9.00000000e-01 
-4.60000000e-06 -6.04049340e-01 -4.60000000e-06  2.00000000e-01  9.00000000e-01 
-4.50000000e-06 -6.00490033e-01 -4.50000000e-06  2.00000000e-01  9.00000000e-01 
-4.40000000e-06 -5.96877624e-01 -4.40000000e-06  2.00000000e-01  9.00000000e-01 
-4.30000000e-06 -5.93212238e-01 -4.30000000e-06  2.00000000e-01  9.00000000e-01 
-4.20000000e-06 -5.89493881e-01 -4.20000000e-06  2.00000000e-01  9.00000000e-01 
-4.10000000e-06 -5.85722428e-01 -4.10000000e-06  2.00000000e-01  9.00000000e-01 
-4.00000000e-06 -5.81897611e-01 -4.00000000e-06  2.00000000e-01  9.00000000e-01 
-3.90000000e-06 -5.78019010e-01 -3.90000000e-06  2.00000000e-01  9.00000000e-01 
-3.80000000e-06 -5.74086040e-01 -3.80000000e-06  2.00000000e-01  9.00000000e-01 
-3.70000000e-06 -5.70097938e-01 -3.70000000e-06  2.00000000e-01  9.00000000e-01 
-3.60000000e-06 -5.66053756e-01 -3.60000000e-06  2.00000000e-01  9.00000000e-01 
-3.50000000e-06 -5.61952344e-01 -3.50000000e-06  2.00000000e-01  9.00000000e-01 
-3.40000000e-06 -5.57792337e-01 -3.40000000e-06  2.00000000e-01  9.00000000e-01 
-3.30000000e-06 -5.53572139e-01 -3.30000000e-06  2.00000000e-01  9.00000000e-01 
-3.20000000e-06 -5.49289905e-01 -3.20000000e-06  2.00000000e-01  9.00000000e-01 
-3.10000000e-06 -5.44943519e-01 -3.10000000e-06  2.00000000e-01  9.00000000e-01 
-3.00000000e-06 -5.40530569e-01 -3.00000000e-06  2.00000000e-01  9.00000000e-01 
-2.90000000e-06 -5.36048319e-01 -2.90000000e-06  2.00000000e-01  9.00000000e-01 
-2.80000000e-06 -5.31493673e-01 -2.80000000e-06  2.00000000e-01  9.00000000e-01 
-2.70000000e-06 -5.26863135e-01 -2.70000000e-06  2.00000000e-01  9.00000000e-01 
-2.60000000e-06 -5.22152756e-01 -2.60000000e-06  2.00000000e-01  9.00000000e-01 
-2.50000000e-06 -5.17358077e-01 -2.50000000e-06  2.00000000e-01  9.00000000e-01 
-2.40000000e-06 -5.12474058e-01 -2.40000000e-06  2.00000000e-01  9.00000000e-01 
-2.30000000e-06 -5.07494985e-01 -2.30000000e-06  2.00000000e-01  9.00000000e-01 
-2.20000000e-06 -5.02414366e-01 -2.20000000e-06  2.00000000e-01  9.00000000e-01 
-2.10000000e-06 -4.97224795e-01 -2.10000000e-06  2.00000000e-01  9.00000000e-01 
-2.00000000e-06 -4.91917788e-01 -2.00000000e-06  2.00000000e-01  9.00000000e-01 
-1.90000000e-06 -4.86483572e-01 -1.90000000e-06  2.00000000e-01  9.00000000e-01 
-1.80000000e-06 -4.80910822e-01 -1.80000000e-06  2.00000000e-01  9.00000000e-01 
-1.70000000e-06 -4.75186324e-01 -1.70000000e-06  2.00000000e-01  9.00000000e-01 
-1.60000000e-06 -4.69294531e-01 -1.60000000e-06  2.00000000e-01  9.00000000e-01 
-1.50000000e-06 -4.63216985e-01 -1.50000000e-06  2.00000000e-01  9.00000000e-01 
-1.40000000e-06 -4.56931541e-01 -1.40000000e-06  2.00000000e-01  9.00000000e-01 
-1.30000000e-06 -4.50411307e-01 -1.30000000e-06  2.00000000e-01  9.00000000e-01 
-1.20000000e-06 -4.43623174e-01 -1.20000000e-06  2.00000000e-01  9.00000000e-01 
-1.10000000e-06 -4.36525710e-01 -1.10000000e-06  2.00000000e-01  9.00000000e-01 
-1.00000000e-06 -4.29066076e-01 -1.00000000e-06  2.00000000e-01  9.00000000e-01 
-9.00000000e-07 -4.21175344e-01 -9.00000000e-07  2.00000000e-01  9.00000000e-01 
-8.00000000e-07 -4.12761104e-01 -8.00000000e-07  2.00000000e-01  9.00000000e-01 
-7.00000000e-07 -4.03695209e-01 -7.00000000e-07  2.00000000e-01  9.00000000e-01 
-6.00000000e-07 -3.93792199e-01 -6.00000000e-07  2.00000000e-01  9.00000000e-01 
-5.00000000e-07 -3.82768259e-01 -5.00000000e-07  2.00000000e-01  9.00000000e-01 
-4.00000000e-07 -3.70154823e-01 -4.00000000e-07  2.00000000e-01  9.00000000e-01 
-3.00000000e-07 -3.55083518e-01 -3.00000000e-07  2.00000000e-01  9.00000000e-01 
-2.00000000e-07 -3.35642381e-01 -2.00000000e-07  2.00000000e-01  9.00000000e-01 
-1.00000000e-07 -3.05821674e-01 -1.00000000e-07  2.00000000e-01  9.00000000e-01 
-5.71747239e-21  6.14569104e-01 -5.71747239e-21  2.00000000e-01  9.00000000e-01 
 1.00000000e-07  1.01664211e+00  1.00000000e-07  2.00000000e-01  9.00000000e-01 
 2.00000000e-07  1.04905947e+00  2.00000000e-07  2.00000000e-01  9.00000000e-01 
 3.00000000e-07  1.06793717e+00  3.00000000e-07  2.00000000e-01  9.00000000e-01 
 4.00000000e-07  1.08137912e+00  4.00000000e-07  2.00000000e-01  9.00000000e-01 
 5.00000000e-07  1.09188446e+00  5.00000000e-07  2.00000000e-01  9.00000000e-01 
 6.00000000e-07  1.10054643e+00  6.00000000e-07  2.00000000e-01  9.00000000e-01 
 7.00000000e-07  1.10795274e+00  7.00000000e-07  2.00000000e-01  9.00000000e-01 
 8.00000000e-07  1.11444533e+00  8.00000000e-07  2.00000000e-01  9.00000000e-01 
 9.00000000e-07  1.12024344e+00  9.00000000e-07  2.00000000e-01  9.00000000e-01 
 1.00000000e-06  1.12549579e+00  1.00000000e-06  2.00000000e-01  9.00000000e-01 
 1.10000000e-06  1.13030783e+00  1.10000000e-06  2.00000000e-01  9.00000000e-01 
 1.20000000e-06  1.13476432e+00  1.20000000e-06  2.00000000e-01  9.00000000e-01 
 1.30000000e-06  1.13890620e+00  1.30000000e-06  2.00000000e-01  9.00000000e-01 
 1.40000000e-06  1.14279044e+00  1.40000000e-06  2.00000000e-01  9.00000000e-01 
 1.50000000e-06  1.14645230e+00  1.50000000e-06  2.00000000e-01  9.00000000e-01 
 1.60000000e-06  1.14992027e+00  1.60000000e-06  2.00000000e-01  9.00000000e-01 
 1.70000000e-06  1.15321766e+00  1.70000000e-06  2.00000000e-01  9.00000000e-01 
 1.80000000e-06  1.15636381e+00  1.80000000e-06  2.00000000e-01  9.00000000e-01 
 1.90000000e-06  1.15937490e+00  1.90000000e-06  2.00000000e-01  9.00000000e-01 
 2.00000000e-06  1.16226463e+00  2.00000000e-06  2.00000000e-01  9.00000000e-01 
 2.10000000e-06  1.16504468e+00  2.10000000e-06  2.00000000e-01  9.00000000e-01 
 2.20000000e-06  1.16772509e+00  2.20000000e-06  2.00000000e-01  9.00000000e-01 
 2.30000000e-06  1.17031457e+00  2.30000000e-06  2.00000000e-01  9.00000000e-01 
 2.40000000e-06  1.17282070e+00  2.40000000e-06  2.00000000e-01  9.00000000e-01 
 2.50000000e-06  1.17525014e+00  2.50000000e-06  2.00000000e-01  9.00000000e-01 
 2.60000000e-06  1.17760876e+00  2.60000000e-06  2.00000000e-01  9.00000000e-01 
 2.70000000e-06  1.17990178e+00  2.70000000e-06  2.00000000e-01  9.00000000e-01 
 2.80000000e-06  1.18213383e+00  2.80000000e-06  2.00000000e-01  9.00000000e-01 
 2.90000000e-06  1.18430906e+00  2.90000000e-06  2.00000000e-01  9.00000000e-01 
 3.00000000e-06  1.18643120e+00  3.00000000e-06  2.00000000e-01  9.00000000e-01 
 3.10000000e-06  1.18850363e+00  3.10000000e-06  2.00000000e-01  9.00000000e-01 
 3.20000000e-06  1.19052937e+00  3.20000000e-06  2.00000000e-01  9.00000000e-01 
 3.30000000e-06  1.19251120e+00  3.30000000e-06  2.00000000e-01  9.00000000e-01 
 3.40000000e-06  1.19445164e+00  3.40000000e-06  2.00000000e-01  9.00000000e-01 
 3.50000000e-06  1.19635298e+00  3.50000000e-06  2.00000000e-01  9.00000000e-01 
 3.60000000e-06  1.19821734e+00  3.60000000e-06  2.00000000e-01  9.00000000e-01 
 3.70000000e-06  1.20004665e+00  3.70000000e-06  2.00000000e-01  9.00000000e-01 
 3.80000000e-06  1.20184270e+00  3.80000000e-06  2.00000000e-01  9.00000000e-01 
 3.90000000e-06  1.20360712e+00  3.90000000e-06  2.00000000e-01  9.00000000e-01 
 4.00000000e-06  1.20534145e+00  4.00000000e-06  2.00000000e-01  9.00000000e-01 
 4.10000000e-06  1.20704708e+00  4.10000000e-06  2.00000000e-01  9.00000000e-01 
 4.20000000e-06  1.20872533e+00  4.20000000e-06  2.00000000e-01  9.00000000e-01 
 4.30000000e-06  1.21037742e+00  4.30000000e-06  2.00000000e-01  9.00000000e-01 
 4.40000000e-06  1.21200448e+00  4.40000000e-06  2.00000000e-01  9.00000000e-01 
 4.50000000e-06  1.21360758e+00  4.50000000e-06  2.00000000e-01  9.00000000e-01 
 4.60000000e-06  1.21518769e+00  4.60000000e-06  2.00000000e-01  9.00000000e-01 
 4.70000000e-06  1.21674575e+00  4.70000000e-06  2.00000000e-01  9.00000000e-01 
 4.80000000e-06  1.21828264e+00  4.80000000e-06  2.00000000e-01  9.00000000e-01 
 4.90000000e-06  1.21979916e+00  4.90000000e-06  2.00000000e-01  9.00000000e-01 
 5.00000000e-06  1.22129609e+00  5.00000000e-06  2.00000000e-01  9.00000000e-01 
 5.10000000e-06  1.22277414e+00  5.10000000e-06  2.00000000e-01  9.00000000e-01 
 5.20000000e-06  1.22423401e+00  5.20000000e-06  2.00000000e-01  9.00000000e-01 
 5.30000000e-06  1.22567633e+00  5.30000000e-06  2.00000000e-01  9.00000000e-01 
 5.40000000e-06  1.22710172e+00  5.40000000e-06  2.00000000e-01  9.00000000e-01 
 5.50000000e-06  1.22851075e+00  5.50000000e-06  2.00000000e-01  9.00000000e-01 
 5.60000000e-06  1.22990397e+00  5.60000000e-06  2.00000000e-01  9.00000000e-01 
 5.70000000e-06  1.23128188e+00  5.70000000e-06  2.00000000e-01  9.00000000e-01 
 5.80000000e-06  1.23264500e+00  5.80000000e-06  2.00000000e-01  9.00000000e-01 
 5.90000000e-06  1.23399377e+00  5.90000000e-06  2.00000000e-01  9.00000000e-01 
 6.00000000e-06  1.23532864e+00  6.00000000e-06  2.00000000e-01  9.00000000e-01 
