 i-sweep         v(vout)         i(viin)         v(vgate)        v(vmid)        
-6.00000000e-06 -6.46879099e-01 -6.00000000e-06  2.00000000e-01  1.40000000e+00 
-5.90000000e-06 -6.44093487e-01 -5.90000000e-06  2.00000000e-01  1.40000000e+00 
-5.80000000e-06 -6.41249295e-01 -5.80000000e-06  2.00000000e-01  1.40000000e+00 
-5.70000000e-06 -6.38346826e-01 -5.70000000e-06  2.00000000e-01  1.40000000e+00 
-5.60000000e-06 -6.35386466e-01 -5.60000000e-06  2.00000000e-01  1.40000000e+00 
-5.50000000e-06 -6.32368670e-01 -5.50000000e-06  2.00000000e-01  1.40000000e+00 
-5.40000000e-06 -6.29293947e-01 -5.40000000e-06  2.00000000e-01  1.40000000e+00 
-5.30000000e-06 -6.26162846e-01 -5.30000000e-06  2.00000000e-01  1.40000000e+00 
-5.20000000e-06 -6.22975942e-01 -5.20000000e-06  2.00000000e-01  1.40000000e+00 
-5.10000000e-06 -6.19733817e-01 -5.10000000e-06  2.00000000e-01  1.40000000e+00 
-5.00000000e-06 -6.16437044e-01 -5.00000000e-06  2.00000000e-01  1.40000000e+00 
-4.90000000e-06 -6.13086173e-01 -4.90000000e-06  2.00000000e-01  1.40000000e+00 
-4.80000000e-06 -6.09681713e-01 -4.80000000e-06  2.00000000e-01  1.40000000e+00 
-4.70000000e-06 -6.06224118e-01 -4.70000000e-06  2.00000000e-01  1.40000000e+00 
-4.60000000e-06 -6.02713769e-01 -4.60000000e-06  2.00000000e-01  1.40000000e+00 
-4.50000000e-06 -5.99150965e-01 -4.50000000e-06  2.00000000e-01  1.40000000e+00 
-4.40000000e-06 -5.95535908e-01 -4.40000000e-06  2.00000000e-01  1.40000000e+00 
-4.30000000e-06 -5.91868690e-01 -4.30000000e-06  2.00000000e-01  1.40000000e+00 
-4.20000000e-06 -5.88149280e-01 -4.20000000e-06  2.00000000e-01  1.40000000e+00 
-4.10000000e-06 -5.84377518e-01 -4.10000000e-06  2.00000000e-01  1.40000000e+00 
-4.00000000e-06 -5.80553098e-01 -4.00000000e-06  2.00000000e-01  1.40000000e+00 
-3.90000000e-06 -5.76675563e-01 -3.90000000e-06  2.00000000e-01  1.40000000e+00 
-3.80000000e-06 -5.72744289e-01 -3.80000000e-06  2.00000000e-01  1.40000000e+00 
-3.70000000e-06 -5.68758481e-01 -3.70000000e-06  2.00000000e-01  1.40000000e+00 
-3.60000000e-06 -5.64717153e-01 -3.60000000e-06  2.00000000e-01  1.40000000e+00 
-3.50000000e-06 -5.60619123e-01 -3.50000000e-06  2.00000000e-01  1.40000000e+00 
-3.40000000e-06 -5.56462993e-01 -3.40000000e-06  2.00000000e-01  1.40000000e+00 
-3.30000000e-06 -5.52247137e-01 -3.30000000e-06  2.00000000e-01  1.40000000e+00 
-3.20000000e-06 -5.47969681e-01 -3.20000000e-06  2.00000000e-01  1.40000000e+00 
-3.10000000e-06 -5.43628482e-01 -3.10000000e-06  2.00000000e-01  1.40000000e+00 
-3.00000000e-06 -5.39221102e-01 -3.00000000e-06  2.00000000e-01  1.40000000e+00 
-2.90000000e-06 -5.34744780e-01 -2.90000000e-06  2.00000000e-01  1.40000000e+00 
-2.80000000e-06 -5.30196398e-01 -2.80000000e-06  2.00000000e-01  1.40000000e+00 
-2.70000000e-06 -5.25572436e-01 -2.70000000e-06  2.00000000e-01  1.40000000e+00 
-2.60000000e-06 -5.20868925e-01 -2.60000000e-06  2.00000000e-01  1.40000000e+00 
-2.50000000e-06 -5.16081385e-01 -2.50000000e-06  2.00000000e-01  1.40000000e+00 
-2.40000000e-06 -5.11204756e-01 -2.40000000e-06  2.00000000e-01  1.40000000e+00 
-2.30000000e-06 -5.06233301e-01 -2.30000000e-06  2.00000000e-01  1.40000000e+00 
-2.20000000e-06 -5.01160509e-01 -2.20000000e-06  2.00000000e-01  1.40000000e+00 
-2.10000000e-06 -4.95978949e-01 -2.10000000e-06  2.00000000e-01  1.40000000e+00 
-2.00000000e-06 -4.90680112e-01 -2.00000000e-06  2.00000000e-01  1.40000000e+00 
-1.90000000e-06 -4.85254198e-01 -1.90000000e-06  2.00000000e-01  1.40000000e+00 
-1.80000000e-06 -4.79689849e-01 -1.80000000e-06  2.00000000e-01  1.40000000e+00 
-1.70000000e-06 -4.73973811e-01 -1.70000000e-06  2.00000000e-01  1.40000000e+00 
-1.60000000e-06 -4.68090492e-01 -1.60000000e-06  2.00000000e-01  1.40000000e+00 
-1.50000000e-06 -4.62021377e-01 -1.50000000e-06  2.00000000e-01  1.40000000e+00 
-1.40000000e-06 -4.55744249e-01 -1.40000000e-06  2.00000000e-01  1.40000000e+00 
-1.30000000e-06 -4.49232126e-01 -1.30000000e-06  2.00000000e-01  1.40000000e+00 
-1.20000000e-06 -4.42451780e-01 -1.20000000e-06  2.00000000e-01  1.40000000e+00 
-1.10000000e-06 -4.35361621e-01 -1.10000000e-06  2.00000000e-01  1.40000000e+00 
-1.00000000e-06 -4.27908599e-01 -1.00000000e-06  2.00000000e-01  1.40000000e+00 
-9.00000000e-07 -4.20023489e-01 -9.00000000e-07  2.00000000e-01  1.40000000e+00 
-8.00000000e-07 -4.11613457e-01 -8.00000000e-07  2.00000000e-01  1.40000000e+00 
-7.00000000e-07 -4.02549730e-01 -7.00000000e-07  2.00000000e-01  1.40000000e+00 
-6.00000000e-07 -3.92645867e-01 -6.00000000e-07  2.00000000e-01  1.40000000e+00 
-5.00000000e-07 -3.81616433e-01 -5.00000000e-07  2.00000000e-01  1.40000000e+00 
-4.00000000e-07 -3.68989918e-01 -4.00000000e-07  2.00000000e-01  1.40000000e+00 
-3.00000000e-07 -3.53892417e-01 -3.00000000e-07  2.00000000e-01  1.40000000e+00 
-2.00000000e-07 -3.34397774e-01 -2.00000000e-07  2.00000000e-01  1.40000000e+00 
-1.00000000e-07 -3.04450114e-01 -1.00000000e-07  2.00000000e-01  1.40000000e+00 
-5.71747239e-21  7.81814848e-01 -5.71747239e-21  2.00000000e-01  1.40000000e+00 
 1.00000000e-07  1.20390800e+00  1.00000000e-07  2.00000000e-01  1.40000000e+00 
 2.00000000e-07  1.23625334e+00  2.00000000e-07  2.00000000e-01  1.40000000e+00 
 3.00000000e-07  1.25510373e+00  3.00000000e-07  2.00000000e-01  1.40000000e+00 
 4.00000000e-07  1.26852925e+00  4.00000000e-07  2.00000000e-01  1.40000000e+00 
 5.00000000e-07  1.27900056e+00  5.00000000e-07  2.00000000e-01  1.40000000e+00 
 6.00000000e-07  1.28764171e+00  6.00000000e-07  2.00000000e-01  1.40000000e+00 
 7.00000000e-07  1.29502801e+00  7.00000000e-07  2.00000000e-01  1.40000000e+00 
 8.00000000e-07  1.30150138e+00  8.00000000e-07  2.00000000e-01  1.40000000e+00 
 9.00000000e-07  1.30728091e+00  9.00000000e-07  2.00000000e-01  1.40000000e+00 
 1.00000000e-06  1.31251523e+00  1.00000000e-06  2.00000000e-01  1.40000000e+00 
 1.10000000e-06  1.31732172e+00  1.10000000e-06  2.00000000e-01  1.40000000e+00 
 1.20000000e-06  1.32174880e+00  1.20000000e-06  2.00000000e-01  1.40000000e+00 
 1.30000000e-06  1.32587404e+00  1.30000000e-06  2.00000000e-01  1.40000000e+00 
 1.40000000e-06  1.32974183e+00  1.40000000e-06  2.00000000e-01  1.40000000e+00 
 1.50000000e-06  1.33338746e+00  1.50000000e-06  2.00000000e-01  1.40000000e+00 
 1.60000000e-06  1.33683941e+00  1.60000000e-06  2.00000000e-01  1.40000000e+00 
 1.70000000e-06  1.34012100e+00  1.70000000e-06  2.00000000e-01  1.40000000e+00 
 1.80000000e-06  1.34325156e+00  1.80000000e-06  2.00000000e-01  1.40000000e+00 
 1.90000000e-06  1.34624725e+00  1.90000000e-06  2.00000000e-01  1.40000000e+00 
 2.00000000e-06  1.34912176e+00  2.00000000e-06  2.00000000e-01  1.40000000e+00 
 2.10000000e-06  1.35188676e+00  2.10000000e-06  2.00000000e-01  1.40000000e+00 
 2.20000000e-06  1.35455227e+00  2.20000000e-06  2.00000000e-01  1.40000000e+00 
 2.30000000e-06  1.35712700e+00  2.30000000e-06  2.00000000e-01  1.40000000e+00 
 2.40000000e-06  1.35961852e+00  2.40000000e-06  2.00000000e-01  1.40000000e+00 
 2.50000000e-06  1.36203347e+00  2.50000000e-06  2.00000000e-01  1.40000000e+00 
 2.60000000e-06  1.36437774e+00  2.60000000e-06  2.00000000e-01  1.40000000e+00 
 2.70000000e-06  1.36665651e+00  2.70000000e-06  2.00000000e-01  1.40000000e+00 
 2.80000000e-06  1.36887443e+00  2.80000000e-06  2.00000000e-01  1.40000000e+00 
 2.90000000e-06  1.37103563e+00  2.90000000e-06  2.00000000e-01  1.40000000e+00 
 3.00000000e-06  1.37314385e+00  3.00000000e-06  2.00000000e-01  1.40000000e+00 
 3.10000000e-06  1.37520244e+00  3.10000000e-06  2.00000000e-01  1.40000000e+00 
 3.20000000e-06  1.37721444e+00  3.20000000e-06  2.00000000e-01  1.40000000e+00 
 3.30000000e-06  1.37918262e+00  3.30000000e-06  2.00000000e-01  1.40000000e+00 
 3.40000000e-06  1.38110949e+00  3.40000000e-06  2.00000000e-01  1.40000000e+00 
 3.50000000e-06  1.38299735e+00  3.50000000e-06  2.00000000e-01  1.40000000e+00 
 3.60000000e-06  1.38485759e+00  3.60000000e-06  2.00000000e-01  1.40000000e+00 
 3.70000000e-06  1.38667225e+00  3.70000000e-06  2.00000000e-01  1.40000000e+00 
 3.80000000e-06  1.38845391e+00  3.80000000e-06  2.00000000e-01  1.40000000e+00 
 3.90000000e-06  1.39020420e+00  3.90000000e-06  2.00000000e-01  1.40000000e+00 
 4.00000000e-06  1.39192459e+00  4.00000000e-06  2.00000000e-01  1.40000000e+00 
 4.10000000e-06  1.39361648e+00  4.10000000e-06  2.00000000e-01  1.40000000e+00 
 4.20000000e-06  1.39528115e+00  4.20000000e-06  2.00000000e-01  1.40000000e+00 
 4.30000000e-06  1.39691981e+00  4.30000000e-06  2.00000000e-01  1.40000000e+00 
 4.40000000e-06  1.39853357e+00  4.40000000e-06  2.00000000e-01  1.40000000e+00 
 4.50000000e-06  1.40012348e+00  4.50000000e-06  2.00000000e-01  1.40000000e+00 
 4.60000000e-06  1.40169052e+00  4.60000000e-06  2.00000000e-01  1.40000000e+00 
 4.70000000e-06  1.40323562e+00  4.70000000e-06  2.00000000e-01  1.40000000e+00 
 4.80000000e-06  1.40475962e+00  4.80000000e-06  2.00000000e-01  1.40000000e+00 
 4.90000000e-06  1.40626334e+00  4.90000000e-06  2.00000000e-01  1.40000000e+00 
 5.00000000e-06  1.40774755e+00  5.00000000e-06  2.00000000e-01  1.40000000e+00 
 5.10000000e-06  1.40921296e+00  5.10000000e-06  2.00000000e-01  1.40000000e+00 
 5.20000000e-06  1.41066025e+00  5.20000000e-06  2.00000000e-01  1.40000000e+00 
 5.30000000e-06  1.41209006e+00  5.30000000e-06  2.00000000e-01  1.40000000e+00 
 5.40000000e-06  1.41350300e+00  5.40000000e-06  2.00000000e-01  1.40000000e+00 
 5.50000000e-06  1.41489963e+00  5.50000000e-06  2.00000000e-01  1.40000000e+00 
 5.60000000e-06  1.41628051e+00  5.60000000e-06  2.00000000e-01  1.40000000e+00 
 5.70000000e-06  1.41764614e+00  5.70000000e-06  2.00000000e-01  1.40000000e+00 
 5.80000000e-06  1.41899702e+00  5.80000000e-06  2.00000000e-01  1.40000000e+00 
 5.90000000e-06  1.42033361e+00  5.90000000e-06  2.00000000e-01  1.40000000e+00 
 6.00000000e-06  1.42165634e+00  6.00000000e-06  2.00000000e-01  1.40000000e+00 
