 i-sweep         v(vout)         i(viin)         v(vgate)        v(vmid)        
-6.00000000e-06 -4.24417817e-01 -6.00000000e-06  5.00000000e-01  7.00000000e-01 
-5.90000000e-06 -4.21037247e-01 -5.90000000e-06  5.00000000e-01  7.00000000e-01 
-5.80000000e-06 -4.17631016e-01 -5.80000000e-06  5.00000000e-01  7.00000000e-01 
-5.70000000e-06 -4.14198475e-01 -5.70000000e-06  5.00000000e-01  7.00000000e-01 
-5.60000000e-06 -4.10738947e-01 -5.60000000e-06  5.00000000e-01  7.00000000e-01 
-5.50000000e-06 -4.07251725e-01 -5.50000000e-06  5.00000000e-01  7.00000000e-01 
-5.40000000e-06 -4.03736074e-01 -5.40000000e-06  5.00000000e-01  7.00000000e-01 
-5.30000000e-06 -4.00191225e-01 -5.30000000e-06  5.00000000e-01  7.00000000e-01 
-5.20000000e-06 -3.96616376e-01 -5.20000000e-06  5.00000000e-01  7.00000000e-01 
-5.10000000e-06 -3.93010688e-01 -5.10000000e-06  5.00000000e-01  7.00000000e-01 
-5.00000000e-06 -3.89373282e-01 -5.00000000e-06  5.00000000e-01  7.00000000e-01 
-4.90000000e-06 -3.85703237e-01 -4.90000000e-06  5.00000000e-01  7.00000000e-01 
-4.80000000e-06 -3.81999586e-01 -4.80000000e-06  5.00000000e-01  7.00000000e-01 
-4.70000000e-06 -3.78261316e-01 -4.70000000e-06  5.00000000e-01  7.00000000e-01 
-4.60000000e-06 -3.74487358e-01 -4.60000000e-06  5.00000000e-01  7.00000000e-01 
-4.50000000e-06 -3.70676591e-01 -4.50000000e-06  5.00000000e-01  7.00000000e-01 
-4.40000000e-06 -3.66827827e-01 -4.40000000e-06  5.00000000e-01  7.00000000e-01 
-4.30000000e-06 -3.62939817e-01 -4.30000000e-06  5.00000000e-01  7.00000000e-01 
-4.20000000e-06 -3.59011238e-01 -4.20000000e-06  5.00000000e-01  7.00000000e-01 
-4.10000000e-06 -3.55040686e-01 -4.10000000e-06  5.00000000e-01  7.00000000e-01 
-4.00000000e-06 -3.51026676e-01 -4.00000000e-06  5.00000000e-01  7.00000000e-01 
-3.90000000e-06 -3.46967627e-01 -3.90000000e-06  5.00000000e-01  7.00000000e-01 
-3.80000000e-06 -3.42861855e-01 -3.80000000e-06  5.00000000e-01  7.00000000e-01 
-3.70000000e-06 -3.38707564e-01 -3.70000000e-06  5.00000000e-01  7.00000000e-01 
-3.60000000e-06 -3.34502831e-01 -3.60000000e-06  5.00000000e-01  7.00000000e-01 
-3.50000000e-06 -3.30245600e-01 -3.50000000e-06  5.00000000e-01  7.00000000e-01 
-3.40000000e-06 -3.25933657e-01 -3.40000000e-06  5.00000000e-01  7.00000000e-01 
-3.30000000e-06 -3.21564621e-01 -3.30000000e-06  5.00000000e-01  7.00000000e-01 
-3.20000000e-06 -3.17135918e-01 -3.20000000e-06  5.00000000e-01  7.00000000e-01 
-3.10000000e-06 -3.12644764e-01 -3.10000000e-06  5.00000000e-01  7.00000000e-01 
-3.00000000e-06 -3.08088130e-01 -3.00000000e-06  5.00000000e-01  7.00000000e-01 
-2.90000000e-06 -3.03462720e-01 -2.90000000e-06  5.00000000e-01  7.00000000e-01 
-2.80000000e-06 -2.98764925e-01 -2.80000000e-06  5.00000000e-01  7.00000000e-01 
-2.70000000e-06 -2.93990789e-01 -2.70000000e-06  5.00000000e-01  7.00000000e-01 
-2.60000000e-06 -2.89135948e-01 -2.60000000e-06  5.00000000e-01  7.00000000e-01 
-2.50000000e-06 -2.84195577e-01 -2.50000000e-06  5.00000000e-01  7.00000000e-01 
-2.40000000e-06 -2.79164308e-01 -2.40000000e-06  5.00000000e-01  7.00000000e-01 
-2.30000000e-06 -2.74036151e-01 -2.30000000e-06  5.00000000e-01  7.00000000e-01 
-2.20000000e-06 -2.68804374e-01 -2.20000000e-06  5.00000000e-01  7.00000000e-01 
-2.10000000e-06 -2.63461378e-01 -2.10000000e-06  5.00000000e-01  7.00000000e-01 
-2.00000000e-06 -2.57998528e-01 -2.00000000e-06  5.00000000e-01  7.00000000e-01 
-1.90000000e-06 -2.52405947e-01 -1.90000000e-06  5.00000000e-01  7.00000000e-01 
-1.80000000e-06 -2.46672250e-01 -1.80000000e-06  5.00000000e-01  7.00000000e-01 
-1.70000000e-06 -2.40784215e-01 -1.70000000e-06  5.00000000e-01  7.00000000e-01 
-1.60000000e-06 -2.34726345e-01 -1.60000000e-06  5.00000000e-01  7.00000000e-01 
-1.50000000e-06 -2.28480293e-01 -1.50000000e-06  5.00000000e-01  7.00000000e-01 
-1.40000000e-06 -2.22024106e-01 -1.40000000e-06  5.00000000e-01  7.00000000e-01 
-1.30000000e-06 -2.15330940e-01 -1.30000000e-06  5.00000000e-01  7.00000000e-01 
-1.20000000e-06 -2.08368365e-01 -1.20000000e-06  5.00000000e-01  7.00000000e-01 
-1.10000000e-06 -2.01095317e-01 -1.10000000e-06  5.00000000e-01  7.00000000e-01 
-1.00000000e-06 -1.93459626e-01 -1.00000000e-06  5.00000000e-01  7.00000000e-01 
-9.00000000e-07 -1.85393272e-01 -9.00000000e-07  5.00000000e-01  7.00000000e-01 
-8.00000000e-07 -1.76805096e-01 -8.00000000e-07  5.00000000e-01  7.00000000e-01 
-7.00000000e-07 -1.67568723e-01 -7.00000000e-07  5.00000000e-01  7.00000000e-01 
-6.00000000e-07 -1.57501306e-01 -6.00000000e-07  5.00000000e-01  7.00000000e-01 
-5.00000000e-07 -1.46323096e-01 -5.00000000e-07  5.00000000e-01  7.00000000e-01 
-4.00000000e-07 -1.33571944e-01 -4.00000000e-07  5.00000000e-01  7.00000000e-01 
-3.00000000e-07 -1.18395118e-01 -3.00000000e-07  5.00000000e-01  7.00000000e-01 
-2.00000000e-07 -9.89096953e-02 -2.00000000e-07  5.00000000e-01  7.00000000e-01 
-1.00000000e-07 -6.92122659e-02 -1.00000000e-07  5.00000000e-01  7.00000000e-01 
-5.71747239e-21  6.13252341e-01 -5.71747239e-21  5.00000000e-01  7.00000000e-01 
 1.00000000e-07  1.01522294e+00  1.00000000e-07  5.00000000e-01  7.00000000e-01 
 2.00000000e-07  1.04763447e+00  2.00000000e-07  5.00000000e-01  7.00000000e-01 
 3.00000000e-07  1.06652033e+00  3.00000000e-07  5.00000000e-01  7.00000000e-01 
 4.00000000e-07  1.07996057e+00  4.00000000e-07  5.00000000e-01  7.00000000e-01 
 5.00000000e-07  1.09046685e+00  5.00000000e-07  5.00000000e-01  7.00000000e-01 
 6.00000000e-07  1.09912840e+00  6.00000000e-07  5.00000000e-01  7.00000000e-01 
 7.00000000e-07  1.10653469e+00  7.00000000e-07  5.00000000e-01  7.00000000e-01 
 8.00000000e-07  1.11302737e+00  8.00000000e-07  5.00000000e-01  7.00000000e-01 
 9.00000000e-07  1.11882559e+00  9.00000000e-07  5.00000000e-01  7.00000000e-01 
 1.00000000e-06  1.12407806e+00  1.00000000e-06  5.00000000e-01  7.00000000e-01 
 1.10000000e-06  1.12889023e+00  1.10000000e-06  5.00000000e-01  7.00000000e-01 
 1.20000000e-06  1.13334868e+00  1.20000000e-06  5.00000000e-01  7.00000000e-01 
 1.30000000e-06  1.13748999e+00  1.30000000e-06  5.00000000e-01  7.00000000e-01 
 1.40000000e-06  1.14137392e+00  1.40000000e-06  5.00000000e-01  7.00000000e-01 
 1.50000000e-06  1.14503564e+00  1.50000000e-06  5.00000000e-01  7.00000000e-01 
 1.60000000e-06  1.14850355e+00  1.60000000e-06  5.00000000e-01  7.00000000e-01 
 1.70000000e-06  1.15180095e+00  1.70000000e-06  5.00000000e-01  7.00000000e-01 
 1.80000000e-06  1.15494715e+00  1.80000000e-06  5.00000000e-01  7.00000000e-01 
 1.90000000e-06  1.15795832e+00  1.90000000e-06  5.00000000e-01  7.00000000e-01 
 2.00000000e-06  1.16084813e+00  2.00000000e-06  5.00000000e-01  7.00000000e-01 
 2.10000000e-06  1.16362827e+00  2.10000000e-06  5.00000000e-01  7.00000000e-01 
 2.20000000e-06  1.16630878e+00  2.20000000e-06  5.00000000e-01  7.00000000e-01 
 2.30000000e-06  1.16889836e+00  2.30000000e-06  5.00000000e-01  7.00000000e-01 
 2.40000000e-06  1.17140459e+00  2.40000000e-06  5.00000000e-01  7.00000000e-01 
 2.50000000e-06  1.17383414e+00  2.50000000e-06  5.00000000e-01  7.00000000e-01 
 2.60000000e-06  1.17619287e+00  2.60000000e-06  5.00000000e-01  7.00000000e-01 
 2.70000000e-06  1.17848599e+00  2.70000000e-06  5.00000000e-01  7.00000000e-01 
 2.80000000e-06  1.18071814e+00  2.80000000e-06  5.00000000e-01  7.00000000e-01 
 2.90000000e-06  1.18289347e+00  2.90000000e-06  5.00000000e-01  7.00000000e-01 
 3.00000000e-06  1.18501572e+00  3.00000000e-06  5.00000000e-01  7.00000000e-01 
 3.10000000e-06  1.18708824e+00  3.10000000e-06  5.00000000e-01  7.00000000e-01 
 3.20000000e-06  1.18911409e+00  3.20000000e-06  5.00000000e-01  7.00000000e-01 
 3.30000000e-06  1.19109602e+00  3.30000000e-06  5.00000000e-01  7.00000000e-01 
 3.40000000e-06  1.19303656e+00  3.40000000e-06  5.00000000e-01  7.00000000e-01 
 3.50000000e-06  1.19493801e+00  3.50000000e-06  5.00000000e-01  7.00000000e-01 
 3.60000000e-06  1.19680971e+00  3.60000000e-06  5.00000000e-01  7.00000000e-01 
 3.70000000e-06  1.19863795e+00  3.70000000e-06  5.00000000e-01  7.00000000e-01 
 3.80000000e-06  1.20043311e+00  3.80000000e-06  5.00000000e-01  7.00000000e-01 
 3.90000000e-06  1.20219682e+00  3.90000000e-06  5.00000000e-01  7.00000000e-01 
 4.00000000e-06  1.20393056e+00  4.00000000e-06  5.00000000e-01  7.00000000e-01 
 4.10000000e-06  1.20563572e+00  4.10000000e-06  5.00000000e-01  7.00000000e-01 
 4.20000000e-06  1.20731360e+00  4.20000000e-06  5.00000000e-01  7.00000000e-01 
 4.30000000e-06  1.20896538e+00  4.30000000e-06  5.00000000e-01  7.00000000e-01 
 4.40000000e-06  1.21059221e+00  4.40000000e-06  5.00000000e-01  7.00000000e-01 
 4.50000000e-06  1.21219512e+00  4.50000000e-06  5.00000000e-01  7.00000000e-01 
 4.60000000e-06  1.21377509e+00  4.60000000e-06  5.00000000e-01  7.00000000e-01 
 4.70000000e-06  1.21533305e+00  4.70000000e-06  5.00000000e-01  7.00000000e-01 
 4.80000000e-06  1.21686986e+00  4.80000000e-06  5.00000000e-01  7.00000000e-01 
 4.90000000e-06  1.21838634e+00  4.90000000e-06  5.00000000e-01  7.00000000e-01 
 5.00000000e-06  1.21988324e+00  5.00000000e-06  5.00000000e-01  7.00000000e-01 
 5.10000000e-06  1.22136129e+00  5.10000000e-06  5.00000000e-01  7.00000000e-01 
 5.20000000e-06  1.22282116e+00  5.20000000e-06  5.00000000e-01  7.00000000e-01 
 5.30000000e-06  1.22426351e+00  5.30000000e-06  5.00000000e-01  7.00000000e-01 
 5.40000000e-06  1.22568893e+00  5.40000000e-06  5.00000000e-01  7.00000000e-01 
 5.50000000e-06  1.22709800e+00  5.50000000e-06  5.00000000e-01  7.00000000e-01 
 5.60000000e-06  1.22849126e+00  5.60000000e-06  5.00000000e-01  7.00000000e-01 
 5.70000000e-06  1.22986923e+00  5.70000000e-06  5.00000000e-01  7.00000000e-01 
 5.80000000e-06  1.23123240e+00  5.80000000e-06  5.00000000e-01  7.00000000e-01 
 5.90000000e-06  1.23258124e+00  5.90000000e-06  5.00000000e-01  7.00000000e-01 
 6.00000000e-06  1.23391618e+00  6.00000000e-06  5.00000000e-01  7.00000000e-01 
