 i-sweep         v(vout)         i(viin)         v(vgate)        v(vmid)        
 0.00000000e+00  5.99999905e-01  0.00000000e+00  1.30000000e+00  6.00000000e-01 
 1.00000000e-07  9.47478495e-01  1.00000000e-07  1.30000000e+00  6.00000000e-01 
 2.00000000e-07  1.02489220e+00  2.00000000e-07  1.30000000e+00  6.00000000e-01 
 3.00000000e-07  1.05262431e+00  3.00000000e-07  1.30000000e+00  6.00000000e-01 
 4.00000000e-07  1.06987640e+00  4.00000000e-07  1.30000000e+00  6.00000000e-01 
 5.00000000e-07  1.08249821e+00  5.00000000e-07  1.30000000e+00  6.00000000e-01 
 6.00000000e-07  1.09251209e+00  6.00000000e-07  1.30000000e+00  6.00000000e-01 
 7.00000000e-07  1.10084729e+00  7.00000000e-07  1.30000000e+00  6.00000000e-01 
 8.00000000e-07  1.10802090e+00  8.00000000e-07  1.30000000e+00  6.00000000e-01 
 9.00000000e-07  1.11433948e+00  9.00000000e-07  1.30000000e+00  6.00000000e-01 
 1.00000000e-06  1.12000256e+00  1.00000000e-06  1.30000000e+00  6.00000000e-01 
 1.10000000e-06  1.12514709e+00  1.10000000e-06  1.30000000e+00  6.00000000e-01 
 1.20000000e-06  1.12987104e+00  1.20000000e-06  1.30000000e+00  6.00000000e-01 
 1.30000000e-06  1.13425626e+00  1.30000000e-06  1.30000000e+00  6.00000000e-01 
 1.40000000e-06  1.13833540e+00  1.40000000e-06  1.30000000e+00  6.00000000e-01 
 1.50000000e-06  1.14216602e+00  1.50000000e-06  1.30000000e+00  6.00000000e-01 
 1.60000000e-06  1.14578149e+00  1.60000000e-06  1.30000000e+00  6.00000000e-01 
 1.70000000e-06  1.14920892e+00  1.70000000e-06  1.30000000e+00  6.00000000e-01 
 1.80000000e-06  1.15247056e+00  1.80000000e-06  1.30000000e+00  6.00000000e-01 
 1.90000000e-06  1.15558494e+00  1.90000000e-06  1.30000000e+00  6.00000000e-01 
 2.00000000e-06  1.15856761e+00  2.00000000e-06  1.30000000e+00  6.00000000e-01 
 2.10000000e-06  1.16143173e+00  2.10000000e-06  1.30000000e+00  6.00000000e-01 
 2.20000000e-06  1.16418860e+00  2.20000000e-06  1.30000000e+00  6.00000000e-01 
 2.30000000e-06  1.16684791e+00  2.30000000e-06  1.30000000e+00  6.00000000e-01 
 2.40000000e-06  1.16941810e+00  2.40000000e-06  1.30000000e+00  6.00000000e-01 
 2.50000000e-06  1.17190653e+00  2.50000000e-06  1.30000000e+00  6.00000000e-01 
 2.60000000e-06  1.17431966e+00  2.60000000e-06  1.30000000e+00  6.00000000e-01 
 2.70000000e-06  1.17666320e+00  2.70000000e-06  1.30000000e+00  6.00000000e-01 
 2.80000000e-06  1.17894223e+00  2.80000000e-06  1.30000000e+00  6.00000000e-01 
 2.90000000e-06  1.18116127e+00  2.90000000e-06  1.30000000e+00  6.00000000e-01 
 3.00000000e-06  1.18332437e+00  3.00000000e-06  1.30000000e+00  6.00000000e-01 
 3.10000000e-06  1.18543517e+00  3.10000000e-06  1.30000000e+00  6.00000000e-01 
 3.20000000e-06  1.18749695e+00  3.20000000e-06  1.30000000e+00  6.00000000e-01 
 3.30000000e-06  1.18951271e+00  3.30000000e-06  1.30000000e+00  6.00000000e-01 
 3.40000000e-06  1.19148514e+00  3.40000000e-06  1.30000000e+00  6.00000000e-01 
 3.50000000e-06  1.19341671e+00  3.50000000e-06  1.30000000e+00  6.00000000e-01 
 3.60000000e-06  1.19530968e+00  3.60000000e-06  1.30000000e+00  6.00000000e-01 
 3.70000000e-06  1.19716611e+00  3.70000000e-06  1.30000000e+00  6.00000000e-01 
 3.80000000e-06  1.19898791e+00  3.80000000e-06  1.30000000e+00  6.00000000e-01 
 3.90000000e-06  1.20078335e+00  3.90000000e-06  1.30000000e+00  6.00000000e-01 
 4.00000000e-06  1.20253998e+00  4.00000000e-06  1.30000000e+00  6.00000000e-01 
 4.10000000e-06  1.20426700e+00  4.10000000e-06  1.30000000e+00  6.00000000e-01 
 4.20000000e-06  1.20596577e+00  4.20000000e-06  1.30000000e+00  6.00000000e-01 
 4.30000000e-06  1.20763755e+00  4.30000000e-06  1.30000000e+00  6.00000000e-01 
 4.40000000e-06  1.20928353e+00  4.40000000e-06  1.30000000e+00  6.00000000e-01 
 4.50000000e-06  1.21090479e+00  4.50000000e-06  1.30000000e+00  6.00000000e-01 
 4.60000000e-06  1.21250239e+00  4.60000000e-06  1.30000000e+00  6.00000000e-01 
 4.70000000e-06  1.21407727e+00  4.70000000e-06  1.30000000e+00  6.00000000e-01 
 4.80000000e-06  1.21563036e+00  4.80000000e-06  1.30000000e+00  6.00000000e-01 
 4.90000000e-06  1.21716248e+00  4.90000000e-06  1.30000000e+00  6.00000000e-01 
 5.00000000e-06  1.21867446e+00  5.00000000e-06  1.30000000e+00  6.00000000e-01 
 5.10000000e-06  1.22016703e+00  5.10000000e-06  1.30000000e+00  6.00000000e-01 
 5.20000000e-06  1.22164091e+00  5.20000000e-06  1.30000000e+00  6.00000000e-01 
 5.30000000e-06  1.22309678e+00  5.30000000e-06  1.30000000e+00  6.00000000e-01 
 5.40000000e-06  1.22453525e+00  5.40000000e-06  1.30000000e+00  6.00000000e-01 
 5.50000000e-06  1.22595693e+00  5.50000000e-06  1.30000000e+00  6.00000000e-01 
 5.60000000e-06  1.22736239e+00  5.60000000e-06  1.30000000e+00  6.00000000e-01 
 5.70000000e-06  1.22875217e+00  5.70000000e-06  1.30000000e+00  6.00000000e-01 
 5.80000000e-06  1.23012677e+00  5.80000000e-06  1.30000000e+00  6.00000000e-01 
 5.90000000e-06  1.23148668e+00  5.90000000e-06  1.30000000e+00  6.00000000e-01 
 6.00000000e-06  1.23283235e+00  6.00000000e-06  1.30000000e+00  6.00000000e-01 
 6.10000000e-06  1.23416423e+00  6.10000000e-06  1.30000000e+00  6.00000000e-01 
 6.20000000e-06  1.23548273e+00  6.20000000e-06  1.30000000e+00  6.00000000e-01 
 6.30000000e-06  1.23678825e+00  6.30000000e-06  1.30000000e+00  6.00000000e-01 
 6.40000000e-06  1.23808117e+00  6.40000000e-06  1.30000000e+00  6.00000000e-01 
 6.50000000e-06  1.23936185e+00  6.50000000e-06  1.30000000e+00  6.00000000e-01 
 6.60000000e-06  1.24063062e+00  6.60000000e-06  1.30000000e+00  6.00000000e-01 
 6.70000000e-06  1.24188783e+00  6.70000000e-06  1.30000000e+00  6.00000000e-01 
 6.80000000e-06  1.24313379e+00  6.80000000e-06  1.30000000e+00  6.00000000e-01 
 6.90000000e-06  1.24436880e+00  6.90000000e-06  1.30000000e+00  6.00000000e-01 
 7.00000000e-06  1.24559314e+00  7.00000000e-06  1.30000000e+00  6.00000000e-01 
 7.10000000e-06  1.24680711e+00  7.10000000e-06  1.30000000e+00  6.00000000e-01 
 7.20000000e-06  1.24801095e+00  7.20000000e-06  1.30000000e+00  6.00000000e-01 
 7.30000000e-06  1.24920493e+00  7.30000000e-06  1.30000000e+00  6.00000000e-01 
 7.40000000e-06  1.25038929e+00  7.40000000e-06  1.30000000e+00  6.00000000e-01 
 7.50000000e-06  1.25156426e+00  7.50000000e-06  1.30000000e+00  6.00000000e-01 
 7.60000000e-06  1.25273008e+00  7.60000000e-06  1.30000000e+00  6.00000000e-01 
 7.70000000e-06  1.25388696e+00  7.70000000e-06  1.30000000e+00  6.00000000e-01 
 7.80000000e-06  1.25503510e+00  7.80000000e-06  1.30000000e+00  6.00000000e-01 
 7.90000000e-06  1.25617472e+00  7.90000000e-06  1.30000000e+00  6.00000000e-01 
 8.00000000e-06  1.25730600e+00  8.00000000e-06  1.30000000e+00  6.00000000e-01 
 8.10000000e-06  1.25842913e+00  8.10000000e-06  1.30000000e+00  6.00000000e-01 
 8.20000000e-06  1.25954429e+00  8.20000000e-06  1.30000000e+00  6.00000000e-01 
 8.30000000e-06  1.26065166e+00  8.30000000e-06  1.30000000e+00  6.00000000e-01 
 8.40000000e-06  1.26175140e+00  8.40000000e-06  1.30000000e+00  6.00000000e-01 
 8.50000000e-06  1.26284367e+00  8.50000000e-06  1.30000000e+00  6.00000000e-01 
 8.60000000e-06  1.26392864e+00  8.60000000e-06  1.30000000e+00  6.00000000e-01 
 8.70000000e-06  1.26500645e+00  8.70000000e-06  1.30000000e+00  6.00000000e-01 
 8.80000000e-06  1.26607725e+00  8.80000000e-06  1.30000000e+00  6.00000000e-01 
 8.90000000e-06  1.26714117e+00  8.90000000e-06  1.30000000e+00  6.00000000e-01 
 9.00000000e-06  1.26819837e+00  9.00000000e-06  1.30000000e+00  6.00000000e-01 
 9.10000000e-06  1.26924897e+00  9.10000000e-06  1.30000000e+00  6.00000000e-01 
 9.20000000e-06  1.27029309e+00  9.20000000e-06  1.30000000e+00  6.00000000e-01 
 9.30000000e-06  1.27133087e+00  9.30000000e-06  1.30000000e+00  6.00000000e-01 
 9.40000000e-06  1.27236242e+00  9.40000000e-06  1.30000000e+00  6.00000000e-01 
 9.50000000e-06  1.27338786e+00  9.50000000e-06  1.30000000e+00  6.00000000e-01 
 9.60000000e-06  1.27440731e+00  9.60000000e-06  1.30000000e+00  6.00000000e-01 
 9.70000000e-06  1.27542086e+00  9.70000000e-06  1.30000000e+00  6.00000000e-01 
 9.80000000e-06  1.27642864e+00  9.80000000e-06  1.30000000e+00  6.00000000e-01 
 9.90000000e-06  1.27743074e+00  9.90000000e-06  1.30000000e+00  6.00000000e-01 
 1.00000000e-05  1.27842726e+00  1.00000000e-05  1.30000000e+00  6.00000000e-01 
 1.01000000e-05  1.27941831e+00  1.01000000e-05  1.30000000e+00  6.00000000e-01 
 1.02000000e-05  1.28040397e+00  1.02000000e-05  1.30000000e+00  6.00000000e-01 
 1.03000000e-05  1.28138434e+00  1.03000000e-05  1.30000000e+00  6.00000000e-01 
 1.04000000e-05  1.28235951e+00  1.04000000e-05  1.30000000e+00  6.00000000e-01 
 1.05000000e-05  1.28332956e+00  1.05000000e-05  1.30000000e+00  6.00000000e-01 
 1.06000000e-05  1.28429458e+00  1.06000000e-05  1.30000000e+00  6.00000000e-01 
 1.07000000e-05  1.28525466e+00  1.07000000e-05  1.30000000e+00  6.00000000e-01 
 1.08000000e-05  1.28620987e+00  1.08000000e-05  1.30000000e+00  6.00000000e-01 
 1.09000000e-05  1.28716028e+00  1.09000000e-05  1.30000000e+00  6.00000000e-01 
 1.10000000e-05  1.28810599e+00  1.10000000e-05  1.30000000e+00  6.00000000e-01 
 1.11000000e-05  1.28904706e+00  1.11000000e-05  1.30000000e+00  6.00000000e-01 
 1.12000000e-05  1.28998356e+00  1.12000000e-05  1.30000000e+00  6.00000000e-01 
 1.13000000e-05  1.29091556e+00  1.13000000e-05  1.30000000e+00  6.00000000e-01 
 1.14000000e-05  1.29184314e+00  1.14000000e-05  1.30000000e+00  6.00000000e-01 
 1.15000000e-05  1.29276636e+00  1.15000000e-05  1.30000000e+00  6.00000000e-01 
 1.16000000e-05  1.29368528e+00  1.16000000e-05  1.30000000e+00  6.00000000e-01 
 1.17000000e-05  1.29459997e+00  1.17000000e-05  1.30000000e+00  6.00000000e-01 
 1.18000000e-05  1.29551049e+00  1.18000000e-05  1.30000000e+00  6.00000000e-01 
 1.19000000e-05  1.29641691e+00  1.19000000e-05  1.30000000e+00  6.00000000e-01 
 1.20000000e-05  1.29731927e+00  1.20000000e-05  1.30000000e+00  6.00000000e-01 
 1.21000000e-05  1.29821819e+00  1.21000000e-05  1.30000000e+00  6.00000000e-01 
 1.22000000e-05  1.29911227e+00  1.22000000e-05  1.30000000e+00  6.00000000e-01 
 1.23000000e-05  1.30000272e+00  1.23000000e-05  1.30000000e+00  6.00000000e-01 
 1.24000000e-05  1.30088941e+00  1.24000000e-05  1.30000000e+00  6.00000000e-01 
 1.25000000e-05  1.30177235e+00  1.25000000e-05  1.30000000e+00  6.00000000e-01 
 1.26000000e-05  1.30265158e+00  1.26000000e-05  1.30000000e+00  6.00000000e-01 
 1.27000000e-05  1.30352714e+00  1.27000000e-05  1.30000000e+00  6.00000000e-01 
 1.28000000e-05  1.30439908e+00  1.28000000e-05  1.30000000e+00  6.00000000e-01 
 1.29000000e-05  1.30526744e+00  1.29000000e-05  1.30000000e+00  6.00000000e-01 
 1.30000000e-05  1.30613228e+00  1.30000000e-05  1.30000000e+00  6.00000000e-01 
 1.31000000e-05  1.30699364e+00  1.31000000e-05  1.30000000e+00  6.00000000e-01 
 1.32000000e-05  1.30785157e+00  1.32000000e-05  1.30000000e+00  6.00000000e-01 
 1.33000000e-05  1.30870610e+00  1.33000000e-05  1.30000000e+00  6.00000000e-01 
 1.34000000e-05  1.30955728e+00  1.34000000e-05  1.30000000e+00  6.00000000e-01 
 1.35000000e-05  1.31040516e+00  1.35000000e-05  1.30000000e+00  6.00000000e-01 
 1.36000000e-05  1.31124977e+00  1.36000000e-05  1.30000000e+00  6.00000000e-01 
 1.37000000e-05  1.31209116e+00  1.37000000e-05  1.30000000e+00  6.00000000e-01 
 1.38000000e-05  1.31292936e+00  1.38000000e-05  1.30000000e+00  6.00000000e-01 
 1.39000000e-05  1.31376442e+00  1.39000000e-05  1.30000000e+00  6.00000000e-01 
 1.40000000e-05  1.31459637e+00  1.40000000e-05  1.30000000e+00  6.00000000e-01 
 1.41000000e-05  1.31542525e+00  1.41000000e-05  1.30000000e+00  6.00000000e-01 
 1.42000000e-05  1.31625109e+00  1.42000000e-05  1.30000000e+00  6.00000000e-01 
 1.43000000e-05  1.31707394e+00  1.43000000e-05  1.30000000e+00  6.00000000e-01 
 1.44000000e-05  1.31789382e+00  1.44000000e-05  1.30000000e+00  6.00000000e-01 
 1.45000000e-05  1.31871078e+00  1.45000000e-05  1.30000000e+00  6.00000000e-01 
 1.46000000e-05  1.31952484e+00  1.46000000e-05  1.30000000e+00  6.00000000e-01 
 1.47000000e-05  1.32033604e+00  1.47000000e-05  1.30000000e+00  6.00000000e-01 
 1.48000000e-05  1.32114441e+00  1.48000000e-05  1.30000000e+00  6.00000000e-01 
 1.49000000e-05  1.32194998e+00  1.49000000e-05  1.30000000e+00  6.00000000e-01 
 1.50000000e-05  1.32275279e+00  1.50000000e-05  1.30000000e+00  6.00000000e-01 
 1.51000000e-05  1.32355286e+00  1.51000000e-05  1.30000000e+00  6.00000000e-01 
 1.52000000e-05  1.32435023e+00  1.52000000e-05  1.30000000e+00  6.00000000e-01 
 1.53000000e-05  1.32514492e+00  1.53000000e-05  1.30000000e+00  6.00000000e-01 
 1.54000000e-05  1.32593697e+00  1.54000000e-05  1.30000000e+00  6.00000000e-01 
 1.55000000e-05  1.32672640e+00  1.55000000e-05  1.30000000e+00  6.00000000e-01 
 1.56000000e-05  1.32751324e+00  1.56000000e-05  1.30000000e+00  6.00000000e-01 
 1.57000000e-05  1.32829752e+00  1.57000000e-05  1.30000000e+00  6.00000000e-01 
 1.58000000e-05  1.32907926e+00  1.58000000e-05  1.30000000e+00  6.00000000e-01 
 1.59000000e-05  1.32985850e+00  1.59000000e-05  1.30000000e+00  6.00000000e-01 
 1.60000000e-05  1.33063525e+00  1.60000000e-05  1.30000000e+00  6.00000000e-01 
 1.61000000e-05  1.33140955e+00  1.61000000e-05  1.30000000e+00  6.00000000e-01 
 1.62000000e-05  1.33218142e+00  1.62000000e-05  1.30000000e+00  6.00000000e-01 
 1.63000000e-05  1.33295088e+00  1.63000000e-05  1.30000000e+00  6.00000000e-01 
 1.64000000e-05  1.33371796e+00  1.64000000e-05  1.30000000e+00  6.00000000e-01 
 1.65000000e-05  1.33448268e+00  1.65000000e-05  1.30000000e+00  6.00000000e-01 
 1.66000000e-05  1.33524507e+00  1.66000000e-05  1.30000000e+00  6.00000000e-01 
 1.67000000e-05  1.33600515e+00  1.67000000e-05  1.30000000e+00  6.00000000e-01 
 1.68000000e-05  1.33676294e+00  1.68000000e-05  1.30000000e+00  6.00000000e-01 
 1.69000000e-05  1.33751846e+00  1.69000000e-05  1.30000000e+00  6.00000000e-01 
 1.70000000e-05  1.33827174e+00  1.70000000e-05  1.30000000e+00  6.00000000e-01 
 1.71000000e-05  1.33902279e+00  1.71000000e-05  1.30000000e+00  6.00000000e-01 
 1.72000000e-05  1.33977165e+00  1.72000000e-05  1.30000000e+00  6.00000000e-01 
 1.73000000e-05  1.34051833e+00  1.73000000e-05  1.30000000e+00  6.00000000e-01 
 1.74000000e-05  1.34126284e+00  1.74000000e-05  1.30000000e+00  6.00000000e-01 
 1.75000000e-05  1.34200522e+00  1.75000000e-05  1.30000000e+00  6.00000000e-01 
 1.76000000e-05  1.34274548e+00  1.76000000e-05  1.30000000e+00  6.00000000e-01 
 1.77000000e-05  1.34348364e+00  1.77000000e-05  1.30000000e+00  6.00000000e-01 
 1.78000000e-05  1.34421972e+00  1.78000000e-05  1.30000000e+00  6.00000000e-01 
 1.79000000e-05  1.34495374e+00  1.79000000e-05  1.30000000e+00  6.00000000e-01 
 1.80000000e-05  1.34568572e+00  1.80000000e-05  1.30000000e+00  6.00000000e-01 
 1.81000000e-05  1.34641568e+00  1.81000000e-05  1.30000000e+00  6.00000000e-01 
 1.82000000e-05  1.34714363e+00  1.82000000e-05  1.30000000e+00  6.00000000e-01 
 1.83000000e-05  1.34786959e+00  1.83000000e-05  1.30000000e+00  6.00000000e-01 
 1.84000000e-05  1.34859359e+00  1.84000000e-05  1.30000000e+00  6.00000000e-01 
 1.85000000e-05  1.34931563e+00  1.85000000e-05  1.30000000e+00  6.00000000e-01 
 1.86000000e-05  1.35003574e+00  1.86000000e-05  1.30000000e+00  6.00000000e-01 
 1.87000000e-05  1.35075393e+00  1.87000000e-05  1.30000000e+00  6.00000000e-01 
 1.88000000e-05  1.35147022e+00  1.88000000e-05  1.30000000e+00  6.00000000e-01 
 1.89000000e-05  1.35218463e+00  1.89000000e-05  1.30000000e+00  6.00000000e-01 
 1.90000000e-05  1.35289716e+00  1.90000000e-05  1.30000000e+00  6.00000000e-01 
 1.91000000e-05  1.35360785e+00  1.91000000e-05  1.30000000e+00  6.00000000e-01 
 1.92000000e-05  1.35431669e+00  1.92000000e-05  1.30000000e+00  6.00000000e-01 
 1.93000000e-05  1.35502372e+00  1.93000000e-05  1.30000000e+00  6.00000000e-01 
 1.94000000e-05  1.35572894e+00  1.94000000e-05  1.30000000e+00  6.00000000e-01 
 1.95000000e-05  1.35643237e+00  1.95000000e-05  1.30000000e+00  6.00000000e-01 
 1.96000000e-05  1.35713402e+00  1.96000000e-05  1.30000000e+00  6.00000000e-01 
 1.97000000e-05  1.35783392e+00  1.97000000e-05  1.30000000e+00  6.00000000e-01 
 1.98000000e-05  1.35853206e+00  1.98000000e-05  1.30000000e+00  6.00000000e-01 
 1.99000000e-05  1.35922847e+00  1.99000000e-05  1.30000000e+00  6.00000000e-01 
 2.00000000e-05  1.35992317e+00  2.00000000e-05  1.30000000e+00  6.00000000e-01 
 2.01000000e-05  1.36061616e+00  2.01000000e-05  1.30000000e+00  6.00000000e-01 
 2.02000000e-05  1.36130746e+00  2.02000000e-05  1.30000000e+00  6.00000000e-01 
 2.03000000e-05  1.36199708e+00  2.03000000e-05  1.30000000e+00  6.00000000e-01 
 2.04000000e-05  1.36268504e+00  2.04000000e-05  1.30000000e+00  6.00000000e-01 
 2.05000000e-05  1.36337134e+00  2.05000000e-05  1.30000000e+00  6.00000000e-01 
 2.06000000e-05  1.36405601e+00  2.06000000e-05  1.30000000e+00  6.00000000e-01 
 2.07000000e-05  1.36473905e+00  2.07000000e-05  1.30000000e+00  6.00000000e-01 
 2.08000000e-05  1.36542048e+00  2.08000000e-05  1.30000000e+00  6.00000000e-01 
 2.09000000e-05  1.36610031e+00  2.09000000e-05  1.30000000e+00  6.00000000e-01 
 2.10000000e-05  1.36677855e+00  2.10000000e-05  1.30000000e+00  6.00000000e-01 
 2.11000000e-05  1.36745522e+00  2.11000000e-05  1.30000000e+00  6.00000000e-01 
 2.12000000e-05  1.36813032e+00  2.12000000e-05  1.30000000e+00  6.00000000e-01 
 2.13000000e-05  1.36880387e+00  2.13000000e-05  1.30000000e+00  6.00000000e-01 
 2.14000000e-05  1.36947588e+00  2.14000000e-05  1.30000000e+00  6.00000000e-01 
 2.15000000e-05  1.37014636e+00  2.15000000e-05  1.30000000e+00  6.00000000e-01 
 2.16000000e-05  1.37081533e+00  2.16000000e-05  1.30000000e+00  6.00000000e-01 
 2.17000000e-05  1.37148278e+00  2.17000000e-05  1.30000000e+00  6.00000000e-01 
 2.18000000e-05  1.37214875e+00  2.18000000e-05  1.30000000e+00  6.00000000e-01 
 2.19000000e-05  1.37281322e+00  2.19000000e-05  1.30000000e+00  6.00000000e-01 
 2.20000000e-05  1.37347623e+00  2.20000000e-05  1.30000000e+00  6.00000000e-01 
 2.21000000e-05  1.37413777e+00  2.21000000e-05  1.30000000e+00  6.00000000e-01 
 2.22000000e-05  1.37479786e+00  2.22000000e-05  1.30000000e+00  6.00000000e-01 
 2.23000000e-05  1.37545651e+00  2.23000000e-05  1.30000000e+00  6.00000000e-01 
 2.24000000e-05  1.37611373e+00  2.24000000e-05  1.30000000e+00  6.00000000e-01 
 2.25000000e-05  1.37676953e+00  2.25000000e-05  1.30000000e+00  6.00000000e-01 
 2.26000000e-05  1.37742392e+00  2.26000000e-05  1.30000000e+00  6.00000000e-01 
 2.27000000e-05  1.37807690e+00  2.27000000e-05  1.30000000e+00  6.00000000e-01 
 2.28000000e-05  1.37872850e+00  2.28000000e-05  1.30000000e+00  6.00000000e-01 
 2.29000000e-05  1.37937871e+00  2.29000000e-05  1.30000000e+00  6.00000000e-01 
 2.30000000e-05  1.38002755e+00  2.30000000e-05  1.30000000e+00  6.00000000e-01 
 2.31000000e-05  1.38067503e+00  2.31000000e-05  1.30000000e+00  6.00000000e-01 
 2.32000000e-05  1.38132115e+00  2.32000000e-05  1.30000000e+00  6.00000000e-01 
 2.33000000e-05  1.38196594e+00  2.33000000e-05  1.30000000e+00  6.00000000e-01 
 2.34000000e-05  1.38260938e+00  2.34000000e-05  1.30000000e+00  6.00000000e-01 
 2.35000000e-05  1.38325150e+00  2.35000000e-05  1.30000000e+00  6.00000000e-01 
 2.36000000e-05  1.38389231e+00  2.36000000e-05  1.30000000e+00  6.00000000e-01 
 2.37000000e-05  1.38453181e+00  2.37000000e-05  1.30000000e+00  6.00000000e-01 
 2.38000000e-05  1.38517001e+00  2.38000000e-05  1.30000000e+00  6.00000000e-01 
 2.39000000e-05  1.38580692e+00  2.39000000e-05  1.30000000e+00  6.00000000e-01 
 2.40000000e-05  1.38644254e+00  2.40000000e-05  1.30000000e+00  6.00000000e-01 
 2.41000000e-05  1.38707690e+00  2.41000000e-05  1.30000000e+00  6.00000000e-01 
 2.42000000e-05  1.38770998e+00  2.42000000e-05  1.30000000e+00  6.00000000e-01 
 2.43000000e-05  1.38834182e+00  2.43000000e-05  1.30000000e+00  6.00000000e-01 
 2.44000000e-05  1.38897240e+00  2.44000000e-05  1.30000000e+00  6.00000000e-01 
 2.45000000e-05  1.38960174e+00  2.45000000e-05  1.30000000e+00  6.00000000e-01 
 2.46000000e-05  1.39022985e+00  2.46000000e-05  1.30000000e+00  6.00000000e-01 
 2.47000000e-05  1.39085674e+00  2.47000000e-05  1.30000000e+00  6.00000000e-01 
 2.48000000e-05  1.39148241e+00  2.48000000e-05  1.30000000e+00  6.00000000e-01 
 2.49000000e-05  1.39210687e+00  2.49000000e-05  1.30000000e+00  6.00000000e-01 
 2.50000000e-05  1.39273013e+00  2.50000000e-05  1.30000000e+00  6.00000000e-01 
