 i-sweep         v(vout)         i(viin)         v(vgate)        v(vmid)        
-6.00000000e-06 -3.43084042e-01 -6.00000000e-06  6.00000000e-01  1.70000000e+00 
-5.90000000e-06 -3.39696829e-01 -5.90000000e-06  6.00000000e-01  1.70000000e+00 
-5.80000000e-06 -3.36283416e-01 -5.80000000e-06  6.00000000e-01  1.70000000e+00 
-5.70000000e-06 -3.32843152e-01 -5.70000000e-06  6.00000000e-01  1.70000000e+00 
-5.60000000e-06 -3.29375357e-01 -5.60000000e-06  6.00000000e-01  1.70000000e+00 
-5.50000000e-06 -3.25879326e-01 -5.50000000e-06  6.00000000e-01  1.70000000e+00 
-5.40000000e-06 -3.22354320e-01 -5.40000000e-06  6.00000000e-01  1.70000000e+00 
-5.30000000e-06 -3.18799569e-01 -5.30000000e-06  6.00000000e-01  1.70000000e+00 
-5.20000000e-06 -3.15214269e-01 -5.20000000e-06  6.00000000e-01  1.70000000e+00 
-5.10000000e-06 -3.11597579e-01 -5.10000000e-06  6.00000000e-01  1.70000000e+00 
-5.00000000e-06 -3.07948619e-01 -5.00000000e-06  6.00000000e-01  1.70000000e+00 
-4.90000000e-06 -3.04266465e-01 -4.90000000e-06  6.00000000e-01  1.70000000e+00 
-4.80000000e-06 -3.00550148e-01 -4.80000000e-06  6.00000000e-01  1.70000000e+00 
-4.70000000e-06 -2.96798652e-01 -4.70000000e-06  6.00000000e-01  1.70000000e+00 
-4.60000000e-06 -2.93010906e-01 -4.60000000e-06  6.00000000e-01  1.70000000e+00 
-4.50000000e-06 -2.89185784e-01 -4.50000000e-06  6.00000000e-01  1.70000000e+00 
-4.40000000e-06 -2.85322098e-01 -4.40000000e-06  6.00000000e-01  1.70000000e+00 
-4.30000000e-06 -2.81418592e-01 -4.30000000e-06  6.00000000e-01  1.70000000e+00 
-4.20000000e-06 -2.77473940e-01 -4.20000000e-06  6.00000000e-01  1.70000000e+00 
-4.10000000e-06 -2.73486736e-01 -4.10000000e-06  6.00000000e-01  1.70000000e+00 
-4.00000000e-06 -2.69455488e-01 -4.00000000e-06  6.00000000e-01  1.70000000e+00 
-3.90000000e-06 -2.65378611e-01 -3.90000000e-06  6.00000000e-01  1.70000000e+00 
-3.80000000e-06 -2.61254414e-01 -3.80000000e-06  6.00000000e-01  1.70000000e+00 
-3.70000000e-06 -2.57081098e-01 -3.70000000e-06  6.00000000e-01  1.70000000e+00 
-3.60000000e-06 -2.52856733e-01 -3.60000000e-06  6.00000000e-01  1.70000000e+00 
-3.50000000e-06 -2.48579255e-01 -3.50000000e-06  6.00000000e-01  1.70000000e+00 
-3.40000000e-06 -2.44246444e-01 -3.40000000e-06  6.00000000e-01  1.70000000e+00 
-3.30000000e-06 -2.39855912e-01 -3.30000000e-06  6.00000000e-01  1.70000000e+00 
-3.20000000e-06 -2.35405077e-01 -3.20000000e-06  6.00000000e-01  1.70000000e+00 
-3.10000000e-06 -2.30891144e-01 -3.10000000e-06  6.00000000e-01  1.70000000e+00 
-3.00000000e-06 -2.26311077e-01 -3.00000000e-06  6.00000000e-01  1.70000000e+00 
-2.90000000e-06 -2.21661569e-01 -2.90000000e-06  6.00000000e-01  1.70000000e+00 
-2.80000000e-06 -2.16939002e-01 -2.80000000e-06  6.00000000e-01  1.70000000e+00 
-2.70000000e-06 -2.12139404e-01 -2.70000000e-06  6.00000000e-01  1.70000000e+00 
-2.60000000e-06 -2.07258401e-01 -2.60000000e-06  6.00000000e-01  1.70000000e+00 
-2.50000000e-06 -2.02291151e-01 -2.50000000e-06  6.00000000e-01  1.70000000e+00 
-2.40000000e-06 -1.97232272e-01 -2.40000000e-06  6.00000000e-01  1.70000000e+00 
-2.30000000e-06 -1.92075753e-01 -2.30000000e-06  6.00000000e-01  1.70000000e+00 
-2.20000000e-06 -1.86814842e-01 -2.20000000e-06  6.00000000e-01  1.70000000e+00 
-2.10000000e-06 -1.81441917e-01 -2.10000000e-06  6.00000000e-01  1.70000000e+00 
-2.00000000e-06 -1.75948311e-01 -2.00000000e-06  6.00000000e-01  1.70000000e+00 
-1.90000000e-06 -1.70324113e-01 -1.90000000e-06  6.00000000e-01  1.70000000e+00 
-1.80000000e-06 -1.64557898e-01 -1.80000000e-06  6.00000000e-01  1.70000000e+00 
-1.70000000e-06 -1.58636390e-01 -1.70000000e-06  6.00000000e-01  1.70000000e+00 
-1.60000000e-06 -1.52544025e-01 -1.60000000e-06  6.00000000e-01  1.70000000e+00 
-1.50000000e-06 -1.46262373e-01 -1.50000000e-06  6.00000000e-01  1.70000000e+00 
-1.40000000e-06 -1.39769365e-01 -1.40000000e-06  6.00000000e-01  1.70000000e+00 
-1.30000000e-06 -1.33038240e-01 -1.30000000e-06  6.00000000e-01  1.70000000e+00 
-1.20000000e-06 -1.26036079e-01 -1.20000000e-06  6.00000000e-01  1.70000000e+00 
-1.10000000e-06 -1.18721709e-01 -1.10000000e-06  6.00000000e-01  1.70000000e+00 
-1.00000000e-06 -1.11042637e-01 -1.00000000e-06  6.00000000e-01  1.70000000e+00 
-9.00000000e-07 -1.02930384e-01 -9.00000000e-07  6.00000000e-01  1.70000000e+00 
-8.00000000e-07 -9.42931266e-02 -8.00000000e-07  6.00000000e-01  1.70000000e+00 
-7.00000000e-07 -8.50034584e-02 -7.00000000e-07  6.00000000e-01  1.70000000e+00 
-6.00000000e-07 -7.48769942e-02 -6.00000000e-07  6.00000000e-01  1.70000000e+00 
-5.00000000e-07 -6.36313201e-02 -5.00000000e-07  6.00000000e-01  1.70000000e+00 
-4.00000000e-07 -5.07996709e-02 -4.00000000e-07  6.00000000e-01  1.70000000e+00 
-3.00000000e-07 -3.55197288e-02 -3.00000000e-07  6.00000000e-01  1.70000000e+00 
-2.00000000e-07 -1.58859361e-02 -2.00000000e-07  6.00000000e-01  1.70000000e+00 
-1.00000000e-07  1.40793571e-02 -1.00000000e-07  6.00000000e-01  1.70000000e+00 
-5.71747239e-21  8.99593956e-01 -5.71747239e-21  6.00000000e-01  1.70000000e+00 
 1.00000000e-07  1.44384347e+00  1.00000000e-07  6.00000000e-01  1.70000000e+00 
 2.00000000e-07  1.47606057e+00  2.00000000e-07  6.00000000e-01  1.70000000e+00 
 3.00000000e-07  1.49482577e+00  3.00000000e-07  6.00000000e-01  1.70000000e+00 
 4.00000000e-07  1.50818782e+00  4.00000000e-07  6.00000000e-01  1.70000000e+00 
 5.00000000e-07  1.51864283e+00  5.00000000e-07  6.00000000e-01  1.70000000e+00 
 6.00000000e-07  1.52723445e+00  6.00000000e-07  6.00000000e-01  1.70000000e+00 
 7.00000000e-07  1.53458287e+00  7.00000000e-07  6.00000000e-01  1.70000000e+00 
 8.00000000e-07  1.54102330e+00  8.00000000e-07  6.00000000e-01  1.70000000e+00 
 9.00000000e-07  1.54677257e+00  9.00000000e-07  6.00000000e-01  1.70000000e+00 
 1.00000000e-06  1.55197835e+00  1.00000000e-06  6.00000000e-01  1.70000000e+00 
 1.10000000e-06  1.55674557e+00  1.10000000e-06  6.00000000e-01  1.70000000e+00 
 1.20000000e-06  1.56115136e+00  1.20000000e-06  6.00000000e-01  1.70000000e+00 
 1.30000000e-06  1.56525407e+00  1.30000000e-06  6.00000000e-01  1.70000000e+00 
 1.40000000e-06  1.56909886e+00  1.40000000e-06  6.00000000e-01  1.70000000e+00 
 1.50000000e-06  1.57272145e+00  1.50000000e-06  6.00000000e-01  1.70000000e+00 
 1.60000000e-06  1.57615052e+00  1.60000000e-06  6.00000000e-01  1.70000000e+00 
 1.70000000e-06  1.57940950e+00  1.70000000e-06  6.00000000e-01  1.70000000e+00 
 1.80000000e-06  1.58251774e+00  1.80000000e-06  6.00000000e-01  1.70000000e+00 
 1.90000000e-06  1.58549143e+00  1.90000000e-06  6.00000000e-01  1.70000000e+00 
 2.00000000e-06  1.58834424e+00  2.00000000e-06  6.00000000e-01  1.70000000e+00 
 2.10000000e-06  1.59108784e+00  2.10000000e-06  6.00000000e-01  1.70000000e+00 
 2.20000000e-06  1.59373223e+00  2.20000000e-06  6.00000000e-01  1.70000000e+00 
 2.30000000e-06  1.59628611e+00  2.30000000e-06  6.00000000e-01  1.70000000e+00 
 2.40000000e-06  1.59875702e+00  2.40000000e-06  6.00000000e-01  1.70000000e+00 
 2.50000000e-06  1.60115162e+00  2.50000000e-06  6.00000000e-01  1.70000000e+00 
 2.60000000e-06  1.60347574e+00  2.60000000e-06  6.00000000e-01  1.70000000e+00 
 2.70000000e-06  1.60573457e+00  2.70000000e-06  6.00000000e-01  1.70000000e+00 
 2.80000000e-06  1.60793275e+00  2.80000000e-06  6.00000000e-01  1.70000000e+00 
 2.90000000e-06  1.61007440e+00  2.90000000e-06  6.00000000e-01  1.70000000e+00 
 3.00000000e-06  1.61216323e+00  3.00000000e-06  6.00000000e-01  1.70000000e+00 
 3.10000000e-06  1.61420261e+00  3.10000000e-06  6.00000000e-01  1.70000000e+00 
 3.20000000e-06  1.61619555e+00  3.20000000e-06  6.00000000e-01  1.70000000e+00 
 3.30000000e-06  1.61814482e+00  3.30000000e-06  6.00000000e-01  1.70000000e+00 
 3.40000000e-06  1.62005292e+00  3.40000000e-06  6.00000000e-01  1.70000000e+00 
 3.50000000e-06  1.62192215e+00  3.50000000e-06  6.00000000e-01  1.70000000e+00 
 3.60000000e-06  1.62375460e+00  3.60000000e-06  6.00000000e-01  1.70000000e+00 
 3.70000000e-06  1.62555220e+00  3.70000000e-06  6.00000000e-01  1.70000000e+00 
 3.80000000e-06  1.62731673e+00  3.80000000e-06  6.00000000e-01  1.70000000e+00 
 3.90000000e-06  1.62904982e+00  3.90000000e-06  6.00000000e-01  1.70000000e+00 
 4.00000000e-06  1.63075298e+00  4.00000000e-06  6.00000000e-01  1.70000000e+00 
 4.10000000e-06  1.63242763e+00  4.10000000e-06  6.00000000e-01  1.70000000e+00 
 4.20000000e-06  1.63407506e+00  4.20000000e-06  6.00000000e-01  1.70000000e+00 
 4.30000000e-06  1.63569649e+00  4.30000000e-06  6.00000000e-01  1.70000000e+00 
 4.40000000e-06  1.63729304e+00  4.40000000e-06  6.00000000e-01  1.70000000e+00 
 4.50000000e-06  1.63886577e+00  4.50000000e-06  6.00000000e-01  1.70000000e+00 
 4.60000000e-06  1.64041567e+00  4.60000000e-06  6.00000000e-01  1.70000000e+00 
 4.70000000e-06  1.64194366e+00  4.70000000e-06  6.00000000e-01  1.70000000e+00 
 4.80000000e-06  1.64345061e+00  4.80000000e-06  6.00000000e-01  1.70000000e+00 
 4.90000000e-06  1.64493732e+00  4.90000000e-06  6.00000000e-01  1.70000000e+00 
 5.00000000e-06  1.64640457e+00  5.00000000e-06  6.00000000e-01  1.70000000e+00 
 5.10000000e-06  1.64785307e+00  5.10000000e-06  6.00000000e-01  1.70000000e+00 
 5.20000000e-06  1.64928351e+00  5.20000000e-06  6.00000000e-01  1.70000000e+00 
 5.30000000e-06  1.65069651e+00  5.30000000e-06  6.00000000e-01  1.70000000e+00 
 5.40000000e-06  1.65209270e+00  5.40000000e-06  6.00000000e-01  1.70000000e+00 
 5.50000000e-06  1.65347264e+00  5.50000000e-06  6.00000000e-01  1.70000000e+00 
 5.60000000e-06  1.65483688e+00  5.60000000e-06  6.00000000e-01  1.70000000e+00 
 5.70000000e-06  1.65618592e+00  5.70000000e-06  6.00000000e-01  1.70000000e+00 
 5.80000000e-06  1.65752027e+00  5.80000000e-06  6.00000000e-01  1.70000000e+00 
 5.90000000e-06  1.65884037e+00  5.90000000e-06  6.00000000e-01  1.70000000e+00 
 6.00000000e-06  1.66014668e+00  6.00000000e-06  6.00000000e-01  1.70000000e+00 
