 i-sweep         v(vout)         i(viin)         v(vgate)        v(vmid)        
-6.00000000e-06  7.90925502e-03 -6.00000000e-06  1.10000000e+00  3.00000000e-01 
-5.90000000e-06  1.12023360e-02 -5.90000000e-06  1.10000000e+00  3.00000000e-01 
-5.80000000e-06  1.45186799e-02 -5.80000000e-06  1.10000000e+00  3.00000000e-01 
-5.70000000e-06  1.78588102e-02 -5.70000000e-06  1.10000000e+00  3.00000000e-01 
-5.60000000e-06  2.12232704e-02 -5.60000000e-06  1.10000000e+00  3.00000000e-01 
-5.50000000e-06  2.46126256e-02 -5.50000000e-06  1.10000000e+00  3.00000000e-01 
-5.40000000e-06  2.80274634e-02 -5.40000000e-06  1.10000000e+00  3.00000000e-01 
-5.30000000e-06  3.14683953e-02 -5.30000000e-06  1.10000000e+00  3.00000000e-01 
-5.20000000e-06  3.49360582e-02 -5.20000000e-06  1.10000000e+00  3.00000000e-01 
-5.10000000e-06  3.84311158e-02 -5.10000000e-06  1.10000000e+00  3.00000000e-01 
-5.00000000e-06  4.19542603e-02 -5.00000000e-06  1.10000000e+00  3.00000000e-01 
-4.90000000e-06  4.55062142e-02 -4.90000000e-06  1.10000000e+00  3.00000000e-01 
-4.80000000e-06  4.90877323e-02 -4.80000000e-06  1.10000000e+00  3.00000000e-01 
-4.70000000e-06  5.26996038e-02 -4.70000000e-06  1.10000000e+00  3.00000000e-01 
-4.60000000e-06  5.63426543e-02 -4.60000000e-06  1.10000000e+00  3.00000000e-01 
-4.50000000e-06  6.00177487e-02 -4.50000000e-06  1.10000000e+00  3.00000000e-01 
-4.40000000e-06  6.37257939e-02 -4.40000000e-06  1.10000000e+00  3.00000000e-01 
-4.30000000e-06  6.74677412e-02 -4.30000000e-06  1.10000000e+00  3.00000000e-01 
-4.20000000e-06  7.12445905e-02 -4.20000000e-06  1.10000000e+00  3.00000000e-01 
-4.10000000e-06  7.50573929e-02 -4.10000000e-06  1.10000000e+00  3.00000000e-01 
-4.00000000e-06  7.89072553e-02 -4.00000000e-06  1.10000000e+00  3.00000000e-01 
-3.90000000e-06  8.27953445e-02 -3.90000000e-06  1.10000000e+00  3.00000000e-01 
-3.80000000e-06  8.67228920e-02 -3.80000000e-06  1.10000000e+00  3.00000000e-01 
-3.70000000e-06  9.06911991e-02 -3.70000000e-06  1.10000000e+00  3.00000000e-01 
-3.60000000e-06  9.47016433e-02 -3.60000000e-06  1.10000000e+00  3.00000000e-01 
-3.50000000e-06  9.87556840e-02 -3.50000000e-06  1.10000000e+00  3.00000000e-01 
-3.40000000e-06  1.02854871e-01 -3.40000000e-06  1.10000000e+00  3.00000000e-01 
-3.30000000e-06  1.07000850e-01 -3.30000000e-06  1.10000000e+00  3.00000000e-01 
-3.20000000e-06  1.11195377e-01 -3.20000000e-06  1.10000000e+00  3.00000000e-01 
-3.10000000e-06  1.15440322e-01 -3.10000000e-06  1.10000000e+00  3.00000000e-01 
-3.00000000e-06  1.19737685e-01 -3.00000000e-06  1.10000000e+00  3.00000000e-01 
-2.90000000e-06  1.24089607e-01 -2.90000000e-06  1.10000000e+00  3.00000000e-01 
-2.80000000e-06  1.28498389e-01 -2.80000000e-06  1.10000000e+00  3.00000000e-01 
-2.70000000e-06  1.32966501e-01 -2.70000000e-06  1.10000000e+00  3.00000000e-01 
-2.60000000e-06  1.37496610e-01 -2.60000000e-06  1.10000000e+00  3.00000000e-01 
-2.50000000e-06  1.42091596e-01 -2.50000000e-06  1.10000000e+00  3.00000000e-01 
-2.40000000e-06  1.46754583e-01 -2.40000000e-06  1.10000000e+00  3.00000000e-01 
-2.30000000e-06  1.51488965e-01 -2.30000000e-06  1.10000000e+00  3.00000000e-01 
-2.20000000e-06  1.56298441e-01 -2.20000000e-06  1.10000000e+00  3.00000000e-01 
-2.10000000e-06  1.61187059e-01 -2.10000000e-06  1.10000000e+00  3.00000000e-01 
-2.00000000e-06  1.66159263e-01 -2.00000000e-06  1.10000000e+00  3.00000000e-01 
-1.90000000e-06  1.71219948e-01 -1.90000000e-06  1.10000000e+00  3.00000000e-01 
-1.80000000e-06  1.76374531e-01 -1.80000000e-06  1.10000000e+00  3.00000000e-01 
-1.70000000e-06  1.81629031e-01 -1.70000000e-06  1.10000000e+00  3.00000000e-01 
-1.60000000e-06  1.86990169e-01 -1.60000000e-06  1.10000000e+00  3.00000000e-01 
-1.50000000e-06  1.92465492e-01 -1.50000000e-06  1.10000000e+00  3.00000000e-01 
-1.40000000e-06  1.98063516e-01 -1.40000000e-06  1.10000000e+00  3.00000000e-01 
-1.30000000e-06  2.03793917e-01 -1.30000000e-06  1.10000000e+00  3.00000000e-01 
-1.20000000e-06  2.09667763e-01 -1.20000000e-06  1.10000000e+00  3.00000000e-01 
-1.10000000e-06  2.15697809e-01 -1.10000000e-06  1.10000000e+00  3.00000000e-01 
-1.00000000e-06  2.21898881e-01 -1.00000000e-06  1.10000000e+00  3.00000000e-01 
-9.00000000e-07  2.28288375e-01 -9.00000000e-07  1.10000000e+00  3.00000000e-01 
-8.00000000e-07  2.34886920e-01 -8.00000000e-07  1.10000000e+00  3.00000000e-01 
-7.00000000e-07  2.41719280e-01 -7.00000000e-07  1.10000000e+00  3.00000000e-01 
-6.00000000e-07  2.48815596e-01 -6.00000000e-07  1.10000000e+00  3.00000000e-01 
-5.00000000e-07  2.56213148e-01 -5.00000000e-07  1.10000000e+00  3.00000000e-01 
-4.00000000e-07  2.63958928e-01 -4.00000000e-07  1.10000000e+00  3.00000000e-01 
-3.00000000e-07  2.72113525e-01 -3.00000000e-07  1.10000000e+00  3.00000000e-01 
-2.00000000e-07  2.80757232e-01 -2.00000000e-07  1.10000000e+00  3.00000000e-01 
-1.00000000e-07  2.90000162e-01 -1.00000000e-07  1.10000000e+00  3.00000000e-01 
-5.71747239e-21  3.00000125e-01 -5.71747239e-21  1.10000000e+00  3.00000000e-01 
 1.00000000e-07  3.10790477e-01  1.00000000e-07  1.10000000e+00  3.00000000e-01 
 2.00000000e-07  3.22362594e-01  2.00000000e-07  1.10000000e+00  3.00000000e-01 
 3.00000000e-07  3.34911171e-01  3.00000000e-07  1.10000000e+00  3.00000000e-01 
 4.00000000e-07  3.48726553e-01  4.00000000e-07  1.10000000e+00  3.00000000e-01 
 5.00000000e-07  3.64275465e-01  5.00000000e-07  1.10000000e+00  3.00000000e-01 
 6.00000000e-07  3.82395366e-01  6.00000000e-07  1.10000000e+00  3.00000000e-01 
 7.00000000e-07  4.04881078e-01  7.00000000e-07  1.10000000e+00  3.00000000e-01 
 8.00000000e-07  4.37176334e-01  8.00000000e-07  1.10000000e+00  3.00000000e-01 
 9.00000000e-07  5.36677385e-01  9.00000000e-07  1.10000000e+00  3.00000000e-01 
 1.00000000e-06  9.95856992e-01  1.00000000e-06  1.10000000e+00  3.00000000e-01 
 1.10000000e-06  1.03852535e+00  1.10000000e-06  1.10000000e+00  3.00000000e-01 
 1.20000000e-06  1.06049249e+00  1.20000000e-06  1.10000000e+00  3.00000000e-01 
 1.30000000e-06  1.07541131e+00  1.30000000e-06  1.10000000e+00  3.00000000e-01 
 1.40000000e-06  1.08677852e+00  1.40000000e-06  1.10000000e+00  3.00000000e-01 
 1.50000000e-06  1.09601046e+00  1.50000000e-06  1.10000000e+00  3.00000000e-01 
 1.60000000e-06  1.10381884e+00  1.60000000e-06  1.10000000e+00  3.00000000e-01 
 1.70000000e-06  1.11061081e+00  1.70000000e-06  1.10000000e+00  3.00000000e-01 
 1.80000000e-06  1.11664073e+00  1.80000000e-06  1.10000000e+00  3.00000000e-01 
 1.90000000e-06  1.12207796e+00  1.90000000e-06  1.10000000e+00  3.00000000e-01 
 2.00000000e-06  1.12704095e+00  2.00000000e-06  1.10000000e+00  3.00000000e-01 
 2.10000000e-06  1.13161396e+00  2.10000000e-06  1.10000000e+00  3.00000000e-01 
 2.20000000e-06  1.13586377e+00  2.20000000e-06  1.10000000e+00  3.00000000e-01 
 2.30000000e-06  1.13983987e+00  2.30000000e-06  1.10000000e+00  3.00000000e-01 
 2.40000000e-06  1.14358100e+00  2.40000000e-06  1.10000000e+00  3.00000000e-01 
 2.50000000e-06  1.14711818e+00  2.50000000e-06  1.10000000e+00  3.00000000e-01 
 2.60000000e-06  1.15047660e+00  2.60000000e-06  1.10000000e+00  3.00000000e-01 
 2.70000000e-06  1.15367700e+00  2.70000000e-06  1.10000000e+00  3.00000000e-01 
 2.80000000e-06  1.15673668e+00  2.80000000e-06  1.10000000e+00  3.00000000e-01 
 2.90000000e-06  1.15967020e+00  2.90000000e-06  1.10000000e+00  3.00000000e-01 
 3.00000000e-06  1.16248993e+00  3.00000000e-06  1.10000000e+00  3.00000000e-01 
 3.10000000e-06  1.16520650e+00  3.10000000e-06  1.10000000e+00  3.00000000e-01 
 3.20000000e-06  1.16782906e+00  3.20000000e-06  1.10000000e+00  3.00000000e-01 
 3.30000000e-06  1.17036559e+00  3.30000000e-06  1.10000000e+00  3.00000000e-01 
 3.40000000e-06  1.17282307e+00  3.40000000e-06  1.10000000e+00  3.00000000e-01 
 3.50000000e-06  1.17520765e+00  3.50000000e-06  1.10000000e+00  3.00000000e-01 
 3.60000000e-06  1.17752476e+00  3.60000000e-06  1.10000000e+00  3.00000000e-01 
 3.70000000e-06  1.17977925e+00  3.70000000e-06  1.10000000e+00  3.00000000e-01 
 3.80000000e-06  1.18197543e+00  3.80000000e-06  1.10000000e+00  3.00000000e-01 
 3.90000000e-06  1.18411718e+00  3.90000000e-06  1.10000000e+00  3.00000000e-01 
 4.00000000e-06  1.18620800e+00  4.00000000e-06  1.10000000e+00  3.00000000e-01 
 4.10000000e-06  1.18825105e+00  4.10000000e-06  1.10000000e+00  3.00000000e-01 
 4.20000000e-06  1.19024918e+00  4.20000000e-06  1.10000000e+00  3.00000000e-01 
 4.30000000e-06  1.19220501e+00  4.30000000e-06  1.10000000e+00  3.00000000e-01 
 4.40000000e-06  1.19412091e+00  4.40000000e-06  1.10000000e+00  3.00000000e-01 
 4.50000000e-06  1.19599905e+00  4.50000000e-06  1.10000000e+00  3.00000000e-01 
 4.60000000e-06  1.19784145e+00  4.60000000e-06  1.10000000e+00  3.00000000e-01 
 4.70000000e-06  1.19964993e+00  4.70000000e-06  1.10000000e+00  3.00000000e-01 
 4.80000000e-06  1.20142619e+00  4.80000000e-06  1.10000000e+00  3.00000000e-01 
 4.90000000e-06  1.20317179e+00  4.90000000e-06  1.10000000e+00  3.00000000e-01 
 5.00000000e-06  1.20488818e+00  5.00000000e-06  1.10000000e+00  3.00000000e-01 
 5.10000000e-06  1.20657672e+00  5.10000000e-06  1.10000000e+00  3.00000000e-01 
 5.20000000e-06  1.20823864e+00  5.20000000e-06  1.10000000e+00  3.00000000e-01 
 5.30000000e-06  1.20987512e+00  5.30000000e-06  1.10000000e+00  3.00000000e-01 
 5.40000000e-06  1.21148724e+00  5.40000000e-06  1.10000000e+00  3.00000000e-01 
 5.50000000e-06  1.21307602e+00  5.50000000e-06  1.10000000e+00  3.00000000e-01 
 5.60000000e-06  1.21464240e+00  5.60000000e-06  1.10000000e+00  3.00000000e-01 
 5.70000000e-06  1.21618728e+00  5.70000000e-06  1.10000000e+00  3.00000000e-01 
 5.80000000e-06  1.21771150e+00  5.80000000e-06  1.10000000e+00  3.00000000e-01 
 5.90000000e-06  1.21921584e+00  5.90000000e-06  1.10000000e+00  3.00000000e-01 
 6.00000000e-06  1.22070105e+00  6.00000000e-06  1.10000000e+00  3.00000000e-01 
