 i-sweep         v(vout)         i(viin)         v(vgate)        v(vmid)        
-6.00000000e-06 -9.76608720e-02 -6.00000000e-06  1.70000000e+00  0.00000000e+00 
-5.90000000e-06 -9.60909142e-02 -5.90000000e-06  1.70000000e+00  0.00000000e+00 
-5.80000000e-06 -9.45191522e-02 -5.80000000e-06  1.70000000e+00  0.00000000e+00 
-5.70000000e-06 -9.29455791e-02 -5.70000000e-06  1.70000000e+00  0.00000000e+00 
-5.60000000e-06 -9.13701877e-02 -5.60000000e-06  1.70000000e+00  0.00000000e+00 
-5.50000000e-06 -8.97929709e-02 -5.50000000e-06  1.70000000e+00  0.00000000e+00 
-5.40000000e-06 -8.82139216e-02 -5.40000000e-06  1.70000000e+00  0.00000000e+00 
-5.30000000e-06 -8.66330326e-02 -5.30000000e-06  1.70000000e+00  0.00000000e+00 
-5.20000000e-06 -8.50502965e-02 -5.20000000e-06  1.70000000e+00  0.00000000e+00 
-5.10000000e-06 -8.34657060e-02 -5.10000000e-06  1.70000000e+00  0.00000000e+00 
-5.00000000e-06 -8.18792537e-02 -5.00000000e-06  1.70000000e+00  0.00000000e+00 
-4.90000000e-06 -8.02909322e-02 -4.90000000e-06  1.70000000e+00  0.00000000e+00 
-4.80000000e-06 -7.87007339e-02 -4.80000000e-06  1.70000000e+00  0.00000000e+00 
-4.70000000e-06 -7.71086513e-02 -4.70000000e-06  1.70000000e+00  0.00000000e+00 
-4.60000000e-06 -7.55146767e-02 -4.60000000e-06  1.70000000e+00  0.00000000e+00 
-4.50000000e-06 -7.39188024e-02 -4.50000000e-06  1.70000000e+00  0.00000000e+00 
-4.40000000e-06 -7.23210206e-02 -4.40000000e-06  1.70000000e+00  0.00000000e+00 
-4.30000000e-06 -7.07213236e-02 -4.30000000e-06  1.70000000e+00  0.00000000e+00 
-4.20000000e-06 -6.91197033e-02 -4.20000000e-06  1.70000000e+00  0.00000000e+00 
-4.10000000e-06 -6.75161520e-02 -4.10000000e-06  1.70000000e+00  0.00000000e+00 
-4.00000000e-06 -6.59106614e-02 -4.00000000e-06  1.70000000e+00  0.00000000e+00 
-3.90000000e-06 -6.43032237e-02 -3.90000000e-06  1.70000000e+00  0.00000000e+00 
-3.80000000e-06 -6.26938305e-02 -3.80000000e-06  1.70000000e+00  0.00000000e+00 
-3.70000000e-06 -6.10824737e-02 -3.70000000e-06  1.70000000e+00  0.00000000e+00 
-3.60000000e-06 -5.94691449e-02 -3.60000000e-06  1.70000000e+00  0.00000000e+00 
-3.50000000e-06 -5.78538359e-02 -3.50000000e-06  1.70000000e+00  0.00000000e+00 
-3.40000000e-06 -5.62365382e-02 -3.40000000e-06  1.70000000e+00  0.00000000e+00 
-3.30000000e-06 -5.46172433e-02 -3.30000000e-06  1.70000000e+00  0.00000000e+00 
-3.20000000e-06 -5.29959427e-02 -3.20000000e-06  1.70000000e+00  0.00000000e+00 
-3.10000000e-06 -5.13726276e-02 -3.10000000e-06  1.70000000e+00  0.00000000e+00 
-3.00000000e-06 -4.97472894e-02 -3.00000000e-06  1.70000000e+00  0.00000000e+00 
-2.90000000e-06 -4.81199193e-02 -2.90000000e-06  1.70000000e+00  0.00000000e+00 
-2.80000000e-06 -4.64905084e-02 -2.80000000e-06  1.70000000e+00  0.00000000e+00 
-2.70000000e-06 -4.48590479e-02 -2.70000000e-06  1.70000000e+00  0.00000000e+00 
-2.60000000e-06 -4.32255286e-02 -2.60000000e-06  1.70000000e+00  0.00000000e+00 
-2.50000000e-06 -4.15899415e-02 -2.50000000e-06  1.70000000e+00  0.00000000e+00 
-2.40000000e-06 -3.99522774e-02 -2.40000000e-06  1.70000000e+00  0.00000000e+00 
-2.30000000e-06 -3.83125272e-02 -2.30000000e-06  1.70000000e+00  0.00000000e+00 
-2.20000000e-06 -3.66706814e-02 -2.20000000e-06  1.70000000e+00  0.00000000e+00 
-2.10000000e-06 -3.50267306e-02 -2.10000000e-06  1.70000000e+00  0.00000000e+00 
-2.00000000e-06 -3.33806655e-02 -2.00000000e-06  1.70000000e+00  0.00000000e+00 
-1.90000000e-06 -3.17324763e-02 -1.90000000e-06  1.70000000e+00  0.00000000e+00 
-1.80000000e-06 -3.00821536e-02 -1.80000000e-06  1.70000000e+00  0.00000000e+00 
-1.70000000e-06 -2.84296874e-02 -1.70000000e-06  1.70000000e+00  0.00000000e+00 
-1.60000000e-06 -2.67750681e-02 -1.60000000e-06  1.70000000e+00  0.00000000e+00 
-1.50000000e-06 -2.51182857e-02 -1.50000000e-06  1.70000000e+00  0.00000000e+00 
-1.40000000e-06 -2.34593302e-02 -1.40000000e-06  1.70000000e+00  0.00000000e+00 
-1.30000000e-06 -2.17981915e-02 -1.30000000e-06  1.70000000e+00  0.00000000e+00 
-1.20000000e-06 -2.01348595e-02 -1.20000000e-06  1.70000000e+00  0.00000000e+00 
-1.10000000e-06 -1.84693240e-02 -1.10000000e-06  1.70000000e+00  0.00000000e+00 
-1.00000000e-06 -1.68015745e-02 -1.00000000e-06  1.70000000e+00  0.00000000e+00 
-9.00000000e-07 -1.51316006e-02 -9.00000000e-07  1.70000000e+00  0.00000000e+00 
-8.00000000e-07 -1.34593919e-02 -8.00000000e-07  1.70000000e+00  0.00000000e+00 
-7.00000000e-07 -1.17849376e-02 -7.00000000e-07  1.70000000e+00  0.00000000e+00 
-6.00000000e-07 -1.01082270e-02 -6.00000000e-07  1.70000000e+00  0.00000000e+00 
-5.00000000e-07 -8.42924938e-03 -5.00000000e-07  1.70000000e+00  0.00000000e+00 
-4.00000000e-07 -6.74799376e-03 -4.00000000e-07  1.70000000e+00  0.00000000e+00 
-3.00000000e-07 -5.06444913e-03 -3.00000000e-07  1.70000000e+00  0.00000000e+00 
-2.00000000e-07 -3.37860438e-03 -2.00000000e-07  1.70000000e+00  0.00000000e+00 
-1.00000000e-07 -1.69044828e-03 -1.00000000e-07  1.70000000e+00  0.00000000e+00 
-5.71747239e-21  3.04833217e-08 -5.71747239e-21  1.70000000e+00  0.00000000e+00 
 1.00000000e-07  1.69319683e-03  1.00000000e-07  1.70000000e+00  0.00000000e+00 
 2.00000000e-07  3.38941878e-03  2.00000000e-07  1.70000000e+00  0.00000000e+00 
 3.00000000e-07  5.08871248e-03  3.00000000e-07  1.70000000e+00  0.00000000e+00 
 4.00000000e-07  6.79109424e-03  4.00000000e-07  1.70000000e+00  0.00000000e+00 
 5.00000000e-07  8.49658053e-03  5.00000000e-07  1.70000000e+00  0.00000000e+00 
 6.00000000e-07  1.02051879e-02  6.00000000e-07  1.70000000e+00  0.00000000e+00 
 7.00000000e-07  1.19169332e-02  7.00000000e-07  1.70000000e+00  0.00000000e+00 
 8.00000000e-07  1.36318332e-02  8.00000000e-07  1.70000000e+00  0.00000000e+00 
 9.00000000e-07  1.53499050e-02  9.00000000e-07  1.70000000e+00  0.00000000e+00 
 1.00000000e-06  1.70711659e-02  1.00000000e-06  1.70000000e+00  0.00000000e+00 
 1.10000000e-06  1.87956331e-02  1.10000000e-06  1.70000000e+00  0.00000000e+00 
 1.20000000e-06  2.05233242e-02  1.20000000e-06  1.70000000e+00  0.00000000e+00 
 1.30000000e-06  2.22542569e-02  1.30000000e-06  1.70000000e+00  0.00000000e+00 
 1.40000000e-06  2.39884490e-02  1.40000000e-06  1.70000000e+00  0.00000000e+00 
 1.50000000e-06  2.57259184e-02  1.50000000e-06  1.70000000e+00  0.00000000e+00 
 1.60000000e-06  2.74666835e-02  1.60000000e-06  1.70000000e+00  0.00000000e+00 
 1.70000000e-06  2.92107625e-02  1.70000000e-06  1.70000000e+00  0.00000000e+00 
 1.80000000e-06  3.09581739e-02  1.80000000e-06  1.70000000e+00  0.00000000e+00 
 1.90000000e-06  3.27089364e-02  1.90000000e-06  1.70000000e+00  0.00000000e+00 
 2.00000000e-06  3.44630689e-02  2.00000000e-06  1.70000000e+00  0.00000000e+00 
 2.10000000e-06  3.62205904e-02  2.10000000e-06  1.70000000e+00  0.00000000e+00 
 2.20000000e-06  3.79815200e-02  2.20000000e-06  1.70000000e+00  0.00000000e+00 
 2.30000000e-06  3.97458773e-02  2.30000000e-06  1.70000000e+00  0.00000000e+00 
 2.40000000e-06  4.15136818e-02  2.40000000e-06  1.70000000e+00  0.00000000e+00 
 2.50000000e-06  4.32849532e-02  2.50000000e-06  1.70000000e+00  0.00000000e+00 
 2.60000000e-06  4.50597116e-02  2.60000000e-06  1.70000000e+00  0.00000000e+00 
 2.70000000e-06  4.68379769e-02  2.70000000e-06  1.70000000e+00  0.00000000e+00 
 2.80000000e-06  4.86197697e-02  2.80000000e-06  1.70000000e+00  0.00000000e+00 
 2.90000000e-06  5.04051105e-02  2.90000000e-06  1.70000000e+00  0.00000000e+00 
 3.00000000e-06  5.21940199e-02  3.00000000e-06  1.70000000e+00  0.00000000e+00 
 3.10000000e-06  5.39865189e-02  3.10000000e-06  1.70000000e+00  0.00000000e+00 
 3.20000000e-06  5.57826287e-02  3.20000000e-06  1.70000000e+00  0.00000000e+00 
 3.30000000e-06  5.75823707e-02  3.30000000e-06  1.70000000e+00  0.00000000e+00 
 3.40000000e-06  5.93857663e-02  3.40000000e-06  1.70000000e+00  0.00000000e+00 
 3.50000000e-06  6.11928374e-02  3.50000000e-06  1.70000000e+00  0.00000000e+00 
 3.60000000e-06  6.30036060e-02  3.60000000e-06  1.70000000e+00  0.00000000e+00 
 3.70000000e-06  6.48180943e-02  3.70000000e-06  1.70000000e+00  0.00000000e+00 
 3.80000000e-06  6.66363247e-02  3.80000000e-06  1.70000000e+00  0.00000000e+00 
 3.90000000e-06  6.84583200e-02  3.90000000e-06  1.70000000e+00  0.00000000e+00 
 4.00000000e-06  7.02841029e-02  4.00000000e-06  1.70000000e+00  0.00000000e+00 
 4.10000000e-06  7.21136967e-02  4.10000000e-06  1.70000000e+00  0.00000000e+00 
 4.20000000e-06  7.39471247e-02  4.20000000e-06  1.70000000e+00  0.00000000e+00 
 4.30000000e-06  7.57844106e-02  4.30000000e-06  1.70000000e+00  0.00000000e+00 
 4.40000000e-06  7.76255780e-02  4.40000000e-06  1.70000000e+00  0.00000000e+00 
 4.50000000e-06  7.94706513e-02  4.50000000e-06  1.70000000e+00  0.00000000e+00 
 4.60000000e-06  8.13196547e-02  4.60000000e-06  1.70000000e+00  0.00000000e+00 
 4.70000000e-06  8.31726128e-02  4.70000000e-06  1.70000000e+00  0.00000000e+00 
 4.80000000e-06  8.50295504e-02  4.80000000e-06  1.70000000e+00  0.00000000e+00 
 4.90000000e-06  8.68904928e-02  4.90000000e-06  1.70000000e+00  0.00000000e+00 
 5.00000000e-06  8.87554653e-02  5.00000000e-06  1.70000000e+00  0.00000000e+00 
 5.10000000e-06  9.06244934e-02  5.10000000e-06  1.70000000e+00  0.00000000e+00 
 5.20000000e-06  9.24976033e-02  5.20000000e-06  1.70000000e+00  0.00000000e+00 
 5.30000000e-06  9.43748210e-02  5.30000000e-06  1.70000000e+00  0.00000000e+00 
 5.40000000e-06  9.62561731e-02  5.40000000e-06  1.70000000e+00  0.00000000e+00 
 5.50000000e-06  9.81416863e-02  5.50000000e-06  1.70000000e+00  0.00000000e+00 
 5.60000000e-06  1.00031388e-01  5.60000000e-06  1.70000000e+00  0.00000000e+00 
 5.70000000e-06  1.01925305e-01  5.70000000e-06  1.70000000e+00  0.00000000e+00 
 5.80000000e-06  1.03823465e-01  5.80000000e-06  1.70000000e+00  0.00000000e+00 
 5.90000000e-06  1.05725896e-01  5.90000000e-06  1.70000000e+00  0.00000000e+00 
 6.00000000e-06  1.07632627e-01  6.00000000e-06  1.70000000e+00  0.00000000e+00 
