 i-sweep         v(vout)         i(viin)         v(vgate)        v(vmid)        
-6.00000000e-06 -3.45778829e-01 -6.00000000e-06  6.00000000e-01  9.00000000e-01 
-5.90000000e-06 -3.42383094e-01 -5.90000000e-06  6.00000000e-01  9.00000000e-01 
-5.80000000e-06 -3.38961049e-01 -5.80000000e-06  6.00000000e-01  9.00000000e-01 
-5.70000000e-06 -3.35512036e-01 -5.70000000e-06  6.00000000e-01  9.00000000e-01 
-5.60000000e-06 -3.32035375e-01 -5.60000000e-06  6.00000000e-01  9.00000000e-01 
-5.50000000e-06 -3.28530352e-01 -5.50000000e-06  6.00000000e-01  9.00000000e-01 
-5.40000000e-06 -3.24996226e-01 -5.40000000e-06  6.00000000e-01  9.00000000e-01 
-5.30000000e-06 -3.21432223e-01 -5.30000000e-06  6.00000000e-01  9.00000000e-01 
-5.20000000e-06 -3.17837533e-01 -5.20000000e-06  6.00000000e-01  9.00000000e-01 
-5.10000000e-06 -3.14211309e-01 -5.10000000e-06  6.00000000e-01  9.00000000e-01 
-5.00000000e-06 -3.10552666e-01 -5.00000000e-06  6.00000000e-01  9.00000000e-01 
-4.90000000e-06 -3.06860675e-01 -4.90000000e-06  6.00000000e-01  9.00000000e-01 
-4.80000000e-06 -3.03134361e-01 -4.80000000e-06  6.00000000e-01  9.00000000e-01 
-4.70000000e-06 -2.99372702e-01 -4.70000000e-06  6.00000000e-01  9.00000000e-01 
-4.60000000e-06 -2.95574621e-01 -4.60000000e-06  6.00000000e-01  9.00000000e-01 
-4.50000000e-06 -2.91738986e-01 -4.50000000e-06  6.00000000e-01  9.00000000e-01 
-4.40000000e-06 -2.87864600e-01 -4.40000000e-06  6.00000000e-01  9.00000000e-01 
-4.30000000e-06 -2.83950203e-01 -4.30000000e-06  6.00000000e-01  9.00000000e-01 
-4.20000000e-06 -2.79994460e-01 -4.20000000e-06  6.00000000e-01  9.00000000e-01 
-4.10000000e-06 -2.75995958e-01 -4.10000000e-06  6.00000000e-01  9.00000000e-01 
-4.00000000e-06 -2.71953198e-01 -4.00000000e-06  6.00000000e-01  9.00000000e-01 
-3.90000000e-06 -2.67864585e-01 -3.90000000e-06  6.00000000e-01  9.00000000e-01 
-3.80000000e-06 -2.63728424e-01 -3.80000000e-06  6.00000000e-01  9.00000000e-01 
-3.70000000e-06 -2.59542903e-01 -3.70000000e-06  6.00000000e-01  9.00000000e-01 
-3.60000000e-06 -2.55306088e-01 -3.60000000e-06  6.00000000e-01  9.00000000e-01 
-3.50000000e-06 -2.51015904e-01 -3.50000000e-06  6.00000000e-01  9.00000000e-01 
-3.40000000e-06 -2.46670123e-01 -3.40000000e-06  6.00000000e-01  9.00000000e-01 
-3.30000000e-06 -2.42266348e-01 -3.30000000e-06  6.00000000e-01  9.00000000e-01 
-3.20000000e-06 -2.37801989e-01 -3.20000000e-06  6.00000000e-01  9.00000000e-01 
-3.10000000e-06 -2.33274242e-01 -3.10000000e-06  6.00000000e-01  9.00000000e-01 
-3.00000000e-06 -2.28680064e-01 -3.00000000e-06  6.00000000e-01  9.00000000e-01 
-2.90000000e-06 -2.24016139e-01 -2.90000000e-06  6.00000000e-01  9.00000000e-01 
-2.80000000e-06 -2.19278840e-01 -2.80000000e-06  6.00000000e-01  9.00000000e-01 
-2.70000000e-06 -2.14464191e-01 -2.70000000e-06  6.00000000e-01  9.00000000e-01 
-2.60000000e-06 -2.09567811e-01 -2.60000000e-06  6.00000000e-01  9.00000000e-01 
-2.50000000e-06 -2.04584853e-01 -2.50000000e-06  6.00000000e-01  9.00000000e-01 
-2.40000000e-06 -1.99509934e-01 -2.40000000e-06  6.00000000e-01  9.00000000e-01 
-2.30000000e-06 -1.94337040e-01 -2.30000000e-06  6.00000000e-01  9.00000000e-01 
-2.20000000e-06 -1.89059423e-01 -2.20000000e-06  6.00000000e-01  9.00000000e-01 
-2.10000000e-06 -1.83669464e-01 -2.10000000e-06  6.00000000e-01  9.00000000e-01 
-2.00000000e-06 -1.78158509e-01 -2.00000000e-06  6.00000000e-01  9.00000000e-01 
-1.90000000e-06 -1.72516660e-01 -1.90000000e-06  6.00000000e-01  9.00000000e-01 
-1.80000000e-06 -1.66732518e-01 -1.80000000e-06  6.00000000e-01  9.00000000e-01 
-1.70000000e-06 -1.60792839e-01 -1.70000000e-06  6.00000000e-01  9.00000000e-01 
-1.60000000e-06 -1.54682105e-01 -1.60000000e-06  6.00000000e-01  9.00000000e-01 
-1.50000000e-06 -1.48381950e-01 -1.50000000e-06  6.00000000e-01  9.00000000e-01 
-1.40000000e-06 -1.41870390e-01 -1.40000000e-06  6.00000000e-01  9.00000000e-01 
-1.30000000e-06 -1.35120779e-01 -1.30000000e-06  6.00000000e-01  9.00000000e-01 
-1.20000000e-06 -1.28100357e-01 -1.20000000e-06  6.00000000e-01  9.00000000e-01 
-1.10000000e-06 -1.20768170e-01 -1.10000000e-06  6.00000000e-01  9.00000000e-01 
-1.00000000e-06 -1.13072025e-01 -1.00000000e-06  6.00000000e-01  9.00000000e-01 
-9.00000000e-07 -1.04943875e-01 -9.00000000e-07  6.00000000e-01  9.00000000e-01 
-8.00000000e-07 -9.62925193e-02 -8.00000000e-07  6.00000000e-01  9.00000000e-01 
-7.00000000e-07 -8.69915240e-02 -7.00000000e-07  6.00000000e-01  9.00000000e-01 
-6.00000000e-07 -7.68579464e-02 -6.00000000e-07  6.00000000e-01  9.00000000e-01 
-5.00000000e-07 -6.56118218e-02 -5.00000000e-07  6.00000000e-01  9.00000000e-01 
-4.00000000e-07 -5.27908369e-02 -4.00000000e-07  6.00000000e-01  9.00000000e-01 
-3.00000000e-07 -3.75415794e-02 -3.00000000e-07  6.00000000e-01  9.00000000e-01 
-2.00000000e-07 -1.79799760e-02 -2.00000000e-07  6.00000000e-01  9.00000000e-01 
-1.00000000e-07  1.17999329e-02 -1.00000000e-07  6.00000000e-01  9.00000000e-01 
-5.71747239e-21  6.14579851e-01 -5.71747239e-21  6.00000000e-01  9.00000000e-01 
 1.00000000e-07  1.01664232e+00  1.00000000e-07  6.00000000e-01  9.00000000e-01 
 2.00000000e-07  1.04905325e+00  2.00000000e-07  6.00000000e-01  9.00000000e-01 
 3.00000000e-07  1.06793718e+00  3.00000000e-07  6.00000000e-01  9.00000000e-01 
 4.00000000e-07  1.08137912e+00  4.00000000e-07  6.00000000e-01  9.00000000e-01 
 5.00000000e-07  1.09188492e+00  5.00000000e-07  6.00000000e-01  9.00000000e-01 
 6.00000000e-07  1.10054655e+00  6.00000000e-07  6.00000000e-01  9.00000000e-01 
 7.00000000e-07  1.10795278e+00  7.00000000e-07  6.00000000e-01  9.00000000e-01 
 8.00000000e-07  1.11444534e+00  8.00000000e-07  6.00000000e-01  9.00000000e-01 
 9.00000000e-07  1.12024344e+00  9.00000000e-07  6.00000000e-01  9.00000000e-01 
 1.00000000e-06  1.12549579e+00  1.00000000e-06  6.00000000e-01  9.00000000e-01 
 1.10000000e-06  1.13030783e+00  1.10000000e-06  6.00000000e-01  9.00000000e-01 
 1.20000000e-06  1.13476526e+00  1.20000000e-06  6.00000000e-01  9.00000000e-01 
 1.30000000e-06  1.13890678e+00  1.30000000e-06  6.00000000e-01  9.00000000e-01 
 1.40000000e-06  1.14279080e+00  1.40000000e-06  6.00000000e-01  9.00000000e-01 
 1.50000000e-06  1.14645253e+00  1.50000000e-06  6.00000000e-01  9.00000000e-01 
 1.60000000e-06  1.14992041e+00  1.60000000e-06  6.00000000e-01  9.00000000e-01 
 1.70000000e-06  1.15321775e+00  1.70000000e-06  6.00000000e-01  9.00000000e-01 
 1.80000000e-06  1.15636387e+00  1.80000000e-06  6.00000000e-01  9.00000000e-01 
 1.90000000e-06  1.15937494e+00  1.90000000e-06  6.00000000e-01  9.00000000e-01 
 2.00000000e-06  1.16226466e+00  2.00000000e-06  6.00000000e-01  9.00000000e-01 
 2.10000000e-06  1.16504470e+00  2.10000000e-06  6.00000000e-01  9.00000000e-01 
 2.20000000e-06  1.16772510e+00  2.20000000e-06  6.00000000e-01  9.00000000e-01 
 2.30000000e-06  1.17031457e+00  2.30000000e-06  6.00000000e-01  9.00000000e-01 
 2.40000000e-06  1.17282070e+00  2.40000000e-06  6.00000000e-01  9.00000000e-01 
 2.50000000e-06  1.17525014e+00  2.50000000e-06  6.00000000e-01  9.00000000e-01 
 2.60000000e-06  1.17760877e+00  2.60000000e-06  6.00000000e-01  9.00000000e-01 
 2.70000000e-06  1.17990178e+00  2.70000000e-06  6.00000000e-01  9.00000000e-01 
 2.80000000e-06  1.18213383e+00  2.80000000e-06  6.00000000e-01  9.00000000e-01 
 2.90000000e-06  1.18430906e+00  2.90000000e-06  6.00000000e-01  9.00000000e-01 
 3.00000000e-06  1.18643120e+00  3.00000000e-06  6.00000000e-01  9.00000000e-01 
 3.10000000e-06  1.18850363e+00  3.10000000e-06  6.00000000e-01  9.00000000e-01 
 3.20000000e-06  1.19052937e+00  3.20000000e-06  6.00000000e-01  9.00000000e-01 
 3.30000000e-06  1.19251120e+00  3.30000000e-06  6.00000000e-01  9.00000000e-01 
 3.40000000e-06  1.19445164e+00  3.40000000e-06  6.00000000e-01  9.00000000e-01 
 3.50000000e-06  1.19635298e+00  3.50000000e-06  6.00000000e-01  9.00000000e-01 
 3.60000000e-06  1.19821734e+00  3.60000000e-06  6.00000000e-01  9.00000000e-01 
 3.70000000e-06  1.20004665e+00  3.70000000e-06  6.00000000e-01  9.00000000e-01 
 3.80000000e-06  1.20184270e+00  3.80000000e-06  6.00000000e-01  9.00000000e-01 
 3.90000000e-06  1.20360712e+00  3.90000000e-06  6.00000000e-01  9.00000000e-01 
 4.00000000e-06  1.20534145e+00  4.00000000e-06  6.00000000e-01  9.00000000e-01 
 4.10000000e-06  1.20704708e+00  4.10000000e-06  6.00000000e-01  9.00000000e-01 
 4.20000000e-06  1.20872533e+00  4.20000000e-06  6.00000000e-01  9.00000000e-01 
 4.30000000e-06  1.21037742e+00  4.30000000e-06  6.00000000e-01  9.00000000e-01 
 4.40000000e-06  1.21200448e+00  4.40000000e-06  6.00000000e-01  9.00000000e-01 
 4.50000000e-06  1.21360758e+00  4.50000000e-06  6.00000000e-01  9.00000000e-01 
 4.60000000e-06  1.21518769e+00  4.60000000e-06  6.00000000e-01  9.00000000e-01 
 4.70000000e-06  1.21674575e+00  4.70000000e-06  6.00000000e-01  9.00000000e-01 
 4.80000000e-06  1.21828264e+00  4.80000000e-06  6.00000000e-01  9.00000000e-01 
 4.90000000e-06  1.21979916e+00  4.90000000e-06  6.00000000e-01  9.00000000e-01 
 5.00000000e-06  1.22129609e+00  5.00000000e-06  6.00000000e-01  9.00000000e-01 
 5.10000000e-06  1.22277414e+00  5.10000000e-06  6.00000000e-01  9.00000000e-01 
 5.20000000e-06  1.22423401e+00  5.20000000e-06  6.00000000e-01  9.00000000e-01 
 5.30000000e-06  1.22567633e+00  5.30000000e-06  6.00000000e-01  9.00000000e-01 
 5.40000000e-06  1.22710172e+00  5.40000000e-06  6.00000000e-01  9.00000000e-01 
 5.50000000e-06  1.22851075e+00  5.50000000e-06  6.00000000e-01  9.00000000e-01 
 5.60000000e-06  1.22990397e+00  5.60000000e-06  6.00000000e-01  9.00000000e-01 
 5.70000000e-06  1.23128188e+00  5.70000000e-06  6.00000000e-01  9.00000000e-01 
 5.80000000e-06  1.23264500e+00  5.80000000e-06  6.00000000e-01  9.00000000e-01 
 5.90000000e-06  1.23399377e+00  5.90000000e-06  6.00000000e-01  9.00000000e-01 
 6.00000000e-06  1.23532864e+00  6.00000000e-06  6.00000000e-01  9.00000000e-01 
