 i-sweep         v(vout)         i(viin)         v(vgate)        v(vmid)        
 0.00000000e+00  6.99999025e-01  0.00000000e+00  1.70000000e+00  7.00000000e-01 
 1.00000000e-07  7.06075759e-01  1.00000000e-07  1.70000000e+00  7.00000000e-01 
 2.00000000e-07  7.12357582e-01  2.00000000e-07  1.70000000e+00  7.00000000e-01 
 3.00000000e-07  7.18793563e-01  3.00000000e-07  1.70000000e+00  7.00000000e-01 
 4.00000000e-07  7.25393952e-01  4.00000000e-07  1.70000000e+00  7.00000000e-01 
 5.00000000e-07  7.32171657e-01  5.00000000e-07  1.70000000e+00  7.00000000e-01 
 6.00000000e-07  7.39141459e-01  6.00000000e-07  1.70000000e+00  7.00000000e-01 
 7.00000000e-07  7.46320285e-01  7.00000000e-07  1.70000000e+00  7.00000000e-01 
 8.00000000e-07  7.53727662e-01  8.00000000e-07  1.70000000e+00  7.00000000e-01 
 9.00000000e-07  7.61386308e-01  9.00000000e-07  1.70000000e+00  7.00000000e-01 
 1.00000000e-06  7.69322890e-01  1.00000000e-06  1.70000000e+00  7.00000000e-01 
 1.10000000e-06  7.77569049e-01  1.10000000e-06  1.70000000e+00  7.00000000e-01 
 1.20000000e-06  7.86162764e-01  1.20000000e-06  1.70000000e+00  7.00000000e-01 
 1.30000000e-06  7.95150246e-01  1.30000000e-06  1.70000000e+00  7.00000000e-01 
 1.40000000e-06  8.04588602e-01  1.40000000e-06  1.70000000e+00  7.00000000e-01 
 1.50000000e-06  8.14549698e-01  1.50000000e-06  1.70000000e+00  7.00000000e-01 
 1.60000000e-06  8.25125915e-01  1.60000000e-06  1.70000000e+00  7.00000000e-01 
 1.70000000e-06  8.36439058e-01  1.70000000e-06  1.70000000e+00  7.00000000e-01 
 1.80000000e-06  8.48654696e-01  1.80000000e-06  1.70000000e+00  7.00000000e-01 
 1.90000000e-06  8.62006382e-01  1.90000000e-06  1.70000000e+00  7.00000000e-01 
 2.00000000e-06  8.77775231e-01  2.00000000e-06  1.70000000e+00  7.00000000e-01 
 2.10000000e-06  8.95035028e-01  2.10000000e-06  1.70000000e+00  7.00000000e-01 
 2.20000000e-06  9.15540106e-01  2.20000000e-06  1.70000000e+00  7.00000000e-01 
 2.30000000e-06  9.41228917e-01  2.30000000e-06  1.70000000e+00  7.00000000e-01 
 2.40000000e-06  9.74798841e-01  2.40000000e-06  1.70000000e+00  7.00000000e-01 
 2.50000000e-06  1.01209852e+00  2.50000000e-06  1.70000000e+00  7.00000000e-01 
 2.60000000e-06  1.04087650e+00  2.60000000e-06  1.70000000e+00  7.00000000e-01 
 2.70000000e-06  1.06030419e+00  2.70000000e-06  1.70000000e+00  7.00000000e-01 
 2.80000000e-06  1.07453261e+00  2.80000000e-06  1.70000000e+00  7.00000000e-01 
 2.90000000e-06  1.08570515e+00  2.90000000e-06  1.70000000e+00  7.00000000e-01 
 3.00000000e-06  1.09575236e+00  3.00000000e-06  1.70000000e+00  7.00000000e-01 
 3.10000000e-06  1.10319392e+00  3.10000000e-06  1.70000000e+00  7.00000000e-01 
 3.20000000e-06  1.10992848e+00  3.20000000e-06  1.70000000e+00  7.00000000e-01 
 3.30000000e-06  1.11591123e+00  3.30000000e-06  1.70000000e+00  7.00000000e-01 
 3.40000000e-06  1.12132901e+00  3.40000000e-06  1.70000000e+00  7.00000000e-01 
 3.50000000e-06  1.12628593e+00  3.50000000e-06  1.70000000e+00  7.00000000e-01 
 3.60000000e-06  1.13086286e+00  3.60000000e-06  1.70000000e+00  7.00000000e-01 
 3.70000000e-06  1.13512092e+00  3.70000000e-06  1.70000000e+00  7.00000000e-01 
 3.80000000e-06  1.13910768e+00  3.80000000e-06  1.70000000e+00  7.00000000e-01 
 3.90000000e-06  1.14286080e+00  3.90000000e-06  1.70000000e+00  7.00000000e-01 
 4.00000000e-06  1.14641060e+00  4.00000000e-06  1.70000000e+00  7.00000000e-01 
 4.10000000e-06  1.14978185e+00  4.10000000e-06  1.70000000e+00  7.00000000e-01 
 4.20000000e-06  1.15299501e+00  4.20000000e-06  1.70000000e+00  7.00000000e-01 
 4.30000000e-06  1.15606722e+00  4.30000000e-06  1.70000000e+00  7.00000000e-01 
 4.40000000e-06  1.15901291e+00  4.40000000e-06  1.70000000e+00  7.00000000e-01 
 4.50000000e-06  1.16184442e+00  4.50000000e-06  1.70000000e+00  7.00000000e-01 
 4.60000000e-06  1.16457232e+00  4.60000000e-06  1.70000000e+00  7.00000000e-01 
 4.70000000e-06  1.16720576e+00  4.70000000e-06  1.70000000e+00  7.00000000e-01 
 4.80000000e-06  1.16975273e+00  4.80000000e-06  1.70000000e+00  7.00000000e-01 
 4.90000000e-06  1.17222021e+00  4.90000000e-06  1.70000000e+00  7.00000000e-01 
 5.00000000e-06  1.17461436e+00  5.00000000e-06  1.70000000e+00  7.00000000e-01 
 5.10000000e-06  1.17694063e+00  5.10000000e-06  1.70000000e+00  7.00000000e-01 
 5.20000000e-06  1.17920388e+00  5.20000000e-06  1.70000000e+00  7.00000000e-01 
 5.30000000e-06  1.18140845e+00  5.30000000e-06  1.70000000e+00  7.00000000e-01 
 5.40000000e-06  1.18355824e+00  5.40000000e-06  1.70000000e+00  7.00000000e-01 
 5.50000000e-06  1.18565676e+00  5.50000000e-06  1.70000000e+00  7.00000000e-01 
 5.60000000e-06  1.18770719e+00  5.60000000e-06  1.70000000e+00  7.00000000e-01 
 5.70000000e-06  1.18971240e+00  5.70000000e-06  1.70000000e+00  7.00000000e-01 
 5.80000000e-06  1.19167503e+00  5.80000000e-06  1.70000000e+00  7.00000000e-01 
 5.90000000e-06  1.19359746e+00  5.90000000e-06  1.70000000e+00  7.00000000e-01 
 6.00000000e-06  1.19548189e+00  6.00000000e-06  1.70000000e+00  7.00000000e-01 
 6.10000000e-06  1.19733032e+00  6.10000000e-06  1.70000000e+00  7.00000000e-01 
 6.20000000e-06  1.19914461e+00  6.20000000e-06  1.70000000e+00  7.00000000e-01 
 6.30000000e-06  1.20092647e+00  6.30000000e-06  1.70000000e+00  7.00000000e-01 
 6.40000000e-06  1.20267746e+00  6.40000000e-06  1.70000000e+00  7.00000000e-01 
 6.50000000e-06  1.20439906e+00  6.50000000e-06  1.70000000e+00  7.00000000e-01 
 6.60000000e-06  1.20609262e+00  6.60000000e-06  1.70000000e+00  7.00000000e-01 
 6.70000000e-06  1.20775939e+00  6.70000000e-06  1.70000000e+00  7.00000000e-01 
 6.80000000e-06  1.20940055e+00  6.80000000e-06  1.70000000e+00  7.00000000e-01 
 6.90000000e-06  1.21101721e+00  6.90000000e-06  1.70000000e+00  7.00000000e-01 
 7.00000000e-06  1.21261037e+00  7.00000000e-06  1.70000000e+00  7.00000000e-01 
 7.10000000e-06  1.21418099e+00  7.10000000e-06  1.70000000e+00  7.00000000e-01 
 7.20000000e-06  1.21572999e+00  7.20000000e-06  1.70000000e+00  7.00000000e-01 
 7.30000000e-06  1.21725819e+00  7.30000000e-06  1.70000000e+00  7.00000000e-01 
 7.40000000e-06  1.21876639e+00  7.40000000e-06  1.70000000e+00  7.00000000e-01 
 7.50000000e-06  1.22025534e+00  7.50000000e-06  1.70000000e+00  7.00000000e-01 
 7.60000000e-06  1.22172574e+00  7.60000000e-06  1.70000000e+00  7.00000000e-01 
 7.70000000e-06  1.22317825e+00  7.70000000e-06  1.70000000e+00  7.00000000e-01 
 7.80000000e-06  1.22461350e+00  7.80000000e-06  1.70000000e+00  7.00000000e-01 
 7.90000000e-06  1.22603207e+00  7.90000000e-06  1.70000000e+00  7.00000000e-01 
 8.00000000e-06  1.22743455e+00  8.00000000e-06  1.70000000e+00  7.00000000e-01 
 8.10000000e-06  1.22882144e+00  8.10000000e-06  1.70000000e+00  7.00000000e-01 
 8.20000000e-06  1.23019326e+00  8.20000000e-06  1.70000000e+00  7.00000000e-01 
 8.30000000e-06  1.23155049e+00  8.30000000e-06  1.70000000e+00  7.00000000e-01 
 8.40000000e-06  1.23289357e+00  8.40000000e-06  1.70000000e+00  7.00000000e-01 
 8.50000000e-06  1.23422296e+00  8.50000000e-06  1.70000000e+00  7.00000000e-01 
 8.60000000e-06  1.23553905e+00  8.60000000e-06  1.70000000e+00  7.00000000e-01 
 8.70000000e-06  1.23684223e+00  8.70000000e-06  1.70000000e+00  7.00000000e-01 
 8.80000000e-06  1.23813289e+00  8.80000000e-06  1.70000000e+00  7.00000000e-01 
 8.90000000e-06  1.23941139e+00  8.90000000e-06  1.70000000e+00  7.00000000e-01 
 9.00000000e-06  1.24067805e+00  9.00000000e-06  1.70000000e+00  7.00000000e-01 
 9.10000000e-06  1.24193321e+00  9.10000000e-06  1.70000000e+00  7.00000000e-01 
 9.20000000e-06  1.24317719e+00  9.20000000e-06  1.70000000e+00  7.00000000e-01 
 9.30000000e-06  1.24441027e+00  9.30000000e-06  1.70000000e+00  7.00000000e-01 
 9.40000000e-06  1.24563276e+00  9.40000000e-06  1.70000000e+00  7.00000000e-01 
 9.50000000e-06  1.24684491e+00  9.50000000e-06  1.70000000e+00  7.00000000e-01 
 9.60000000e-06  1.24804700e+00  9.60000000e-06  1.70000000e+00  7.00000000e-01 
 9.70000000e-06  1.24923927e+00  9.70000000e-06  1.70000000e+00  7.00000000e-01 
 9.80000000e-06  1.25042197e+00  9.80000000e-06  1.70000000e+00  7.00000000e-01 
 9.90000000e-06  1.25159534e+00  9.90000000e-06  1.70000000e+00  7.00000000e-01 
 1.00000000e-05  1.25275959e+00  1.00000000e-05  1.70000000e+00  7.00000000e-01 
 1.01000000e-05  1.25391494e+00  1.01000000e-05  1.70000000e+00  7.00000000e-01 
 1.02000000e-05  1.25506161e+00  1.02000000e-05  1.70000000e+00  7.00000000e-01 
 1.03000000e-05  1.25619978e+00  1.03000000e-05  1.70000000e+00  7.00000000e-01 
 1.04000000e-05  1.25732965e+00  1.04000000e-05  1.70000000e+00  7.00000000e-01 
 1.05000000e-05  1.25845141e+00  1.05000000e-05  1.70000000e+00  7.00000000e-01 
 1.06000000e-05  1.25956524e+00  1.06000000e-05  1.70000000e+00  7.00000000e-01 
 1.07000000e-05  1.26067130e+00  1.07000000e-05  1.70000000e+00  7.00000000e-01 
 1.08000000e-05  1.26176977e+00  1.08000000e-05  1.70000000e+00  7.00000000e-01 
 1.09000000e-05  1.26286081e+00  1.09000000e-05  1.70000000e+00  7.00000000e-01 
 1.10000000e-05  1.26394457e+00  1.10000000e-05  1.70000000e+00  7.00000000e-01 
 1.11000000e-05  1.26502120e+00  1.11000000e-05  1.70000000e+00  7.00000000e-01 
 1.12000000e-05  1.26609084e+00  1.12000000e-05  1.70000000e+00  7.00000000e-01 
 1.13000000e-05  1.26715365e+00  1.13000000e-05  1.70000000e+00  7.00000000e-01 
 1.14000000e-05  1.26820974e+00  1.14000000e-05  1.70000000e+00  7.00000000e-01 
 1.15000000e-05  1.26925926e+00  1.15000000e-05  1.70000000e+00  7.00000000e-01 
 1.16000000e-05  1.27030234e+00  1.16000000e-05  1.70000000e+00  7.00000000e-01 
 1.17000000e-05  1.27133909e+00  1.17000000e-05  1.70000000e+00  7.00000000e-01 
 1.18000000e-05  1.27236963e+00  1.18000000e-05  1.70000000e+00  7.00000000e-01 
 1.19000000e-05  1.27339409e+00  1.19000000e-05  1.70000000e+00  7.00000000e-01 
 1.20000000e-05  1.27441257e+00  1.20000000e-05  1.70000000e+00  7.00000000e-01 
 1.21000000e-05  1.27542518e+00  1.21000000e-05  1.70000000e+00  7.00000000e-01 
 1.22000000e-05  1.27643204e+00  1.22000000e-05  1.70000000e+00  7.00000000e-01 
 1.23000000e-05  1.27743323e+00  1.23000000e-05  1.70000000e+00  7.00000000e-01 
 1.24000000e-05  1.27842887e+00  1.24000000e-05  1.70000000e+00  7.00000000e-01 
 1.25000000e-05  1.27941904e+00  1.25000000e-05  1.70000000e+00  7.00000000e-01 
 1.26000000e-05  1.28040385e+00  1.26000000e-05  1.70000000e+00  7.00000000e-01 
 1.27000000e-05  1.28138339e+00  1.27000000e-05  1.70000000e+00  7.00000000e-01 
 1.28000000e-05  1.28235774e+00  1.28000000e-05  1.70000000e+00  7.00000000e-01 
 1.29000000e-05  1.28332699e+00  1.29000000e-05  1.70000000e+00  7.00000000e-01 
 1.30000000e-05  1.28429122e+00  1.30000000e-05  1.70000000e+00  7.00000000e-01 
 1.31000000e-05  1.28525052e+00  1.31000000e-05  1.70000000e+00  7.00000000e-01 
 1.32000000e-05  1.28620497e+00  1.32000000e-05  1.70000000e+00  7.00000000e-01 
 1.33000000e-05  1.28715465e+00  1.33000000e-05  1.70000000e+00  7.00000000e-01 
 1.34000000e-05  1.28809962e+00  1.34000000e-05  1.70000000e+00  7.00000000e-01 
 1.35000000e-05  1.28903997e+00  1.35000000e-05  1.70000000e+00  7.00000000e-01 
 1.36000000e-05  1.28997577e+00  1.36000000e-05  1.70000000e+00  7.00000000e-01 
 1.37000000e-05  1.29090708e+00  1.37000000e-05  1.70000000e+00  7.00000000e-01 
 1.38000000e-05  1.29183398e+00  1.38000000e-05  1.70000000e+00  7.00000000e-01 
 1.39000000e-05  1.29275652e+00  1.39000000e-05  1.70000000e+00  7.00000000e-01 
 1.40000000e-05  1.29367479e+00  1.40000000e-05  1.70000000e+00  7.00000000e-01 
 1.41000000e-05  1.29458883e+00  1.41000000e-05  1.70000000e+00  7.00000000e-01 
 1.42000000e-05  1.29549872e+00  1.42000000e-05  1.70000000e+00  7.00000000e-01 
 1.43000000e-05  1.29640451e+00  1.43000000e-05  1.70000000e+00  7.00000000e-01 
 1.44000000e-05  1.29730625e+00  1.44000000e-05  1.70000000e+00  7.00000000e-01 
 1.45000000e-05  1.29820402e+00  1.45000000e-05  1.70000000e+00  7.00000000e-01 
 1.46000000e-05  1.29909786e+00  1.46000000e-05  1.70000000e+00  7.00000000e-01 
 1.47000000e-05  1.29998783e+00  1.47000000e-05  1.70000000e+00  7.00000000e-01 
 1.48000000e-05  1.30087399e+00  1.48000000e-05  1.70000000e+00  7.00000000e-01 
 1.49000000e-05  1.30175638e+00  1.49000000e-05  1.70000000e+00  7.00000000e-01 
 1.50000000e-05  1.30263506e+00  1.50000000e-05  1.70000000e+00  7.00000000e-01 
 1.51000000e-05  1.30351007e+00  1.51000000e-05  1.70000000e+00  7.00000000e-01 
 1.52000000e-05  1.30438147e+00  1.52000000e-05  1.70000000e+00  7.00000000e-01 
 1.53000000e-05  1.30524931e+00  1.53000000e-05  1.70000000e+00  7.00000000e-01 
 1.54000000e-05  1.30611362e+00  1.54000000e-05  1.70000000e+00  7.00000000e-01 
 1.55000000e-05  1.30697447e+00  1.55000000e-05  1.70000000e+00  7.00000000e-01 
 1.56000000e-05  1.30783188e+00  1.56000000e-05  1.70000000e+00  7.00000000e-01 
 1.57000000e-05  1.30868591e+00  1.57000000e-05  1.70000000e+00  7.00000000e-01 
 1.58000000e-05  1.30953660e+00  1.58000000e-05  1.70000000e+00  7.00000000e-01 
 1.59000000e-05  1.31038398e+00  1.59000000e-05  1.70000000e+00  7.00000000e-01 
 1.60000000e-05  1.31122812e+00  1.60000000e-05  1.70000000e+00  7.00000000e-01 
 1.61000000e-05  1.31206903e+00  1.61000000e-05  1.70000000e+00  7.00000000e-01 
 1.62000000e-05  1.31290676e+00  1.62000000e-05  1.70000000e+00  7.00000000e-01 
 1.63000000e-05  1.31374136e+00  1.63000000e-05  1.70000000e+00  7.00000000e-01 
 1.64000000e-05  1.31457285e+00  1.64000000e-05  1.70000000e+00  7.00000000e-01 
 1.65000000e-05  1.31540128e+00  1.65000000e-05  1.70000000e+00  7.00000000e-01 
 1.66000000e-05  1.31622668e+00  1.66000000e-05  1.70000000e+00  7.00000000e-01 
 1.67000000e-05  1.31704909e+00  1.67000000e-05  1.70000000e+00  7.00000000e-01 
 1.68000000e-05  1.31786854e+00  1.68000000e-05  1.70000000e+00  7.00000000e-01 
 1.69000000e-05  1.31868507e+00  1.69000000e-05  1.70000000e+00  7.00000000e-01 
 1.70000000e-05  1.31949871e+00  1.70000000e-05  1.70000000e+00  7.00000000e-01 
 1.71000000e-05  1.32030949e+00  1.71000000e-05  1.70000000e+00  7.00000000e-01 
 1.72000000e-05  1.32111745e+00  1.72000000e-05  1.70000000e+00  7.00000000e-01 
 1.73000000e-05  1.32192262e+00  1.73000000e-05  1.70000000e+00  7.00000000e-01 
 1.74000000e-05  1.32272503e+00  1.74000000e-05  1.70000000e+00  7.00000000e-01 
 1.75000000e-05  1.32352471e+00  1.75000000e-05  1.70000000e+00  7.00000000e-01 
 1.76000000e-05  1.32432169e+00  1.76000000e-05  1.70000000e+00  7.00000000e-01 
 1.77000000e-05  1.32511600e+00  1.77000000e-05  1.70000000e+00  7.00000000e-01 
 1.78000000e-05  1.32590767e+00  1.78000000e-05  1.70000000e+00  7.00000000e-01 
 1.79000000e-05  1.32669672e+00  1.79000000e-05  1.70000000e+00  7.00000000e-01 
 1.80000000e-05  1.32748319e+00  1.80000000e-05  1.70000000e+00  7.00000000e-01 
 1.81000000e-05  1.32826710e+00  1.81000000e-05  1.70000000e+00  7.00000000e-01 
 1.82000000e-05  1.32904849e+00  1.82000000e-05  1.70000000e+00  7.00000000e-01 
 1.83000000e-05  1.32982737e+00  1.83000000e-05  1.70000000e+00  7.00000000e-01 
 1.84000000e-05  1.33060377e+00  1.84000000e-05  1.70000000e+00  7.00000000e-01 
 1.85000000e-05  1.33137772e+00  1.85000000e-05  1.70000000e+00  7.00000000e-01 
 1.86000000e-05  1.33214924e+00  1.86000000e-05  1.70000000e+00  7.00000000e-01 
 1.87000000e-05  1.33291836e+00  1.87000000e-05  1.70000000e+00  7.00000000e-01 
 1.88000000e-05  1.33368510e+00  1.88000000e-05  1.70000000e+00  7.00000000e-01 
 1.89000000e-05  1.33444949e+00  1.89000000e-05  1.70000000e+00  7.00000000e-01 
 1.90000000e-05  1.33521155e+00  1.90000000e-05  1.70000000e+00  7.00000000e-01 
 1.91000000e-05  1.33597130e+00  1.91000000e-05  1.70000000e+00  7.00000000e-01 
 1.92000000e-05  1.33672877e+00  1.92000000e-05  1.70000000e+00  7.00000000e-01 
 1.93000000e-05  1.33748397e+00  1.93000000e-05  1.70000000e+00  7.00000000e-01 
 1.94000000e-05  1.33823693e+00  1.94000000e-05  1.70000000e+00  7.00000000e-01 
 1.95000000e-05  1.33898768e+00  1.95000000e-05  1.70000000e+00  7.00000000e-01 
 1.96000000e-05  1.33973623e+00  1.96000000e-05  1.70000000e+00  7.00000000e-01 
 1.97000000e-05  1.34048260e+00  1.97000000e-05  1.70000000e+00  7.00000000e-01 
 1.98000000e-05  1.34122681e+00  1.98000000e-05  1.70000000e+00  7.00000000e-01 
 1.99000000e-05  1.34196889e+00  1.99000000e-05  1.70000000e+00  7.00000000e-01 
 2.00000000e-05  1.34270886e+00  2.00000000e-05  1.70000000e+00  7.00000000e-01 
 2.01000000e-05  1.34344673e+00  2.01000000e-05  1.70000000e+00  7.00000000e-01 
 2.02000000e-05  1.34418252e+00  2.02000000e-05  1.70000000e+00  7.00000000e-01 
 2.03000000e-05  1.34491625e+00  2.03000000e-05  1.70000000e+00  7.00000000e-01 
 2.04000000e-05  1.34564795e+00  2.04000000e-05  1.70000000e+00  7.00000000e-01 
 2.05000000e-05  1.34637763e+00  2.05000000e-05  1.70000000e+00  7.00000000e-01 
 2.06000000e-05  1.34710530e+00  2.06000000e-05  1.70000000e+00  7.00000000e-01 
 2.07000000e-05  1.34783099e+00  2.07000000e-05  1.70000000e+00  7.00000000e-01 
 2.08000000e-05  1.34855471e+00  2.08000000e-05  1.70000000e+00  7.00000000e-01 
 2.09000000e-05  1.34927649e+00  2.09000000e-05  1.70000000e+00  7.00000000e-01 
 2.10000000e-05  1.34999633e+00  2.10000000e-05  1.70000000e+00  7.00000000e-01 
 2.11000000e-05  1.35071426e+00  2.11000000e-05  1.70000000e+00  7.00000000e-01 
 2.12000000e-05  1.35143028e+00  2.12000000e-05  1.70000000e+00  7.00000000e-01 
 2.13000000e-05  1.35214443e+00  2.13000000e-05  1.70000000e+00  7.00000000e-01 
 2.14000000e-05  1.35285671e+00  2.14000000e-05  1.70000000e+00  7.00000000e-01 
 2.15000000e-05  1.35356714e+00  2.15000000e-05  1.70000000e+00  7.00000000e-01 
 2.16000000e-05  1.35427574e+00  2.16000000e-05  1.70000000e+00  7.00000000e-01 
 2.17000000e-05  1.35498252e+00  2.17000000e-05  1.70000000e+00  7.00000000e-01 
 2.18000000e-05  1.35568749e+00  2.18000000e-05  1.70000000e+00  7.00000000e-01 
 2.19000000e-05  1.35639068e+00  2.19000000e-05  1.70000000e+00  7.00000000e-01 
 2.20000000e-05  1.35709209e+00  2.20000000e-05  1.70000000e+00  7.00000000e-01 
 2.21000000e-05  1.35779174e+00  2.21000000e-05  1.70000000e+00  7.00000000e-01 
 2.22000000e-05  1.35848965e+00  2.22000000e-05  1.70000000e+00  7.00000000e-01 
 2.23000000e-05  1.35918583e+00  2.23000000e-05  1.70000000e+00  7.00000000e-01 
 2.24000000e-05  1.35988029e+00  2.24000000e-05  1.70000000e+00  7.00000000e-01 
 2.25000000e-05  1.36057305e+00  2.25000000e-05  1.70000000e+00  7.00000000e-01 
 2.26000000e-05  1.36126412e+00  2.26000000e-05  1.70000000e+00  7.00000000e-01 
 2.27000000e-05  1.36195351e+00  2.27000000e-05  1.70000000e+00  7.00000000e-01 
 2.28000000e-05  1.36264124e+00  2.28000000e-05  1.70000000e+00  7.00000000e-01 
 2.29000000e-05  1.36332733e+00  2.29000000e-05  1.70000000e+00  7.00000000e-01 
 2.30000000e-05  1.36401177e+00  2.30000000e-05  1.70000000e+00  7.00000000e-01 
 2.31000000e-05  1.36469460e+00  2.31000000e-05  1.70000000e+00  7.00000000e-01 
 2.32000000e-05  1.36537581e+00  2.32000000e-05  1.70000000e+00  7.00000000e-01 
 2.33000000e-05  1.36605543e+00  2.33000000e-05  1.70000000e+00  7.00000000e-01 
 2.34000000e-05  1.36673345e+00  2.34000000e-05  1.70000000e+00  7.00000000e-01 
 2.35000000e-05  1.36740991e+00  2.35000000e-05  1.70000000e+00  7.00000000e-01 
 2.36000000e-05  1.36808480e+00  2.36000000e-05  1.70000000e+00  7.00000000e-01 
 2.37000000e-05  1.36875814e+00  2.37000000e-05  1.70000000e+00  7.00000000e-01 
 2.38000000e-05  1.36942995e+00  2.38000000e-05  1.70000000e+00  7.00000000e-01 
 2.39000000e-05  1.37010023e+00  2.39000000e-05  1.70000000e+00  7.00000000e-01 
 2.40000000e-05  1.37076899e+00  2.40000000e-05  1.70000000e+00  7.00000000e-01 
 2.41000000e-05  1.37143624e+00  2.41000000e-05  1.70000000e+00  7.00000000e-01 
 2.42000000e-05  1.37210201e+00  2.42000000e-05  1.70000000e+00  7.00000000e-01 
 2.43000000e-05  1.37276629e+00  2.43000000e-05  1.70000000e+00  7.00000000e-01 
 2.44000000e-05  1.37342910e+00  2.44000000e-05  1.70000000e+00  7.00000000e-01 
 2.45000000e-05  1.37409045e+00  2.45000000e-05  1.70000000e+00  7.00000000e-01 
 2.46000000e-05  1.37475035e+00  2.46000000e-05  1.70000000e+00  7.00000000e-01 
 2.47000000e-05  1.37540881e+00  2.47000000e-05  1.70000000e+00  7.00000000e-01 
 2.48000000e-05  1.37606583e+00  2.48000000e-05  1.70000000e+00  7.00000000e-01 
 2.49000000e-05  1.37672144e+00  2.49000000e-05  1.70000000e+00  7.00000000e-01 
 2.50000000e-05  1.37737564e+00  2.50000000e-05  1.70000000e+00  7.00000000e-01 
 2.51000000e-05  1.37802844e+00  2.51000000e-05  1.70000000e+00  7.00000000e-01 
 2.52000000e-05  1.37867986e+00  2.52000000e-05  1.70000000e+00  7.00000000e-01 
 2.53000000e-05  1.37932989e+00  2.53000000e-05  1.70000000e+00  7.00000000e-01 
 2.54000000e-05  1.37997855e+00  2.54000000e-05  1.70000000e+00  7.00000000e-01 
 2.55000000e-05  1.38062585e+00  2.55000000e-05  1.70000000e+00  7.00000000e-01 
 2.56000000e-05  1.38127179e+00  2.56000000e-05  1.70000000e+00  7.00000000e-01 
 2.57000000e-05  1.38191640e+00  2.57000000e-05  1.70000000e+00  7.00000000e-01 
 2.58000000e-05  1.38255967e+00  2.58000000e-05  1.70000000e+00  7.00000000e-01 
 2.59000000e-05  1.38320162e+00  2.59000000e-05  1.70000000e+00  7.00000000e-01 
 2.60000000e-05  1.38384225e+00  2.60000000e-05  1.70000000e+00  7.00000000e-01 
 2.61000000e-05  1.38448158e+00  2.61000000e-05  1.70000000e+00  7.00000000e-01 
 2.62000000e-05  1.38511961e+00  2.62000000e-05  1.70000000e+00  7.00000000e-01 
 2.63000000e-05  1.38575635e+00  2.63000000e-05  1.70000000e+00  7.00000000e-01 
 2.64000000e-05  1.38639181e+00  2.64000000e-05  1.70000000e+00  7.00000000e-01 
 2.65000000e-05  1.38702600e+00  2.65000000e-05  1.70000000e+00  7.00000000e-01 
 2.66000000e-05  1.38765892e+00  2.66000000e-05  1.70000000e+00  7.00000000e-01 
 2.67000000e-05  1.38829059e+00  2.67000000e-05  1.70000000e+00  7.00000000e-01 
 2.68000000e-05  1.38892101e+00  2.68000000e-05  1.70000000e+00  7.00000000e-01 
 2.69000000e-05  1.38955019e+00  2.69000000e-05  1.70000000e+00  7.00000000e-01 
 2.70000000e-05  1.39017814e+00  2.70000000e-05  1.70000000e+00  7.00000000e-01 
 2.71000000e-05  1.39080487e+00  2.71000000e-05  1.70000000e+00  7.00000000e-01 
 2.72000000e-05  1.39143038e+00  2.72000000e-05  1.70000000e+00  7.00000000e-01 
 2.73000000e-05  1.39205469e+00  2.73000000e-05  1.70000000e+00  7.00000000e-01 
 2.74000000e-05  1.39267779e+00  2.74000000e-05  1.70000000e+00  7.00000000e-01 
 2.75000000e-05  1.39329971e+00  2.75000000e-05  1.70000000e+00  7.00000000e-01 
 2.76000000e-05  1.39392043e+00  2.76000000e-05  1.70000000e+00  7.00000000e-01 
 2.77000000e-05  1.39453998e+00  2.77000000e-05  1.70000000e+00  7.00000000e-01 
 2.78000000e-05  1.39515836e+00  2.78000000e-05  1.70000000e+00  7.00000000e-01 
 2.79000000e-05  1.39577558e+00  2.79000000e-05  1.70000000e+00  7.00000000e-01 
 2.80000000e-05  1.39639164e+00  2.80000000e-05  1.70000000e+00  7.00000000e-01 
 2.81000000e-05  1.39700655e+00  2.81000000e-05  1.70000000e+00  7.00000000e-01 
 2.82000000e-05  1.39762032e+00  2.82000000e-05  1.70000000e+00  7.00000000e-01 
 2.83000000e-05  1.39823295e+00  2.83000000e-05  1.70000000e+00  7.00000000e-01 
 2.84000000e-05  1.39884446e+00  2.84000000e-05  1.70000000e+00  7.00000000e-01 
 2.85000000e-05  1.39945485e+00  2.85000000e-05  1.70000000e+00  7.00000000e-01 
 2.86000000e-05  1.40006412e+00  2.86000000e-05  1.70000000e+00  7.00000000e-01 
 2.87000000e-05  1.40067228e+00  2.87000000e-05  1.70000000e+00  7.00000000e-01 
 2.88000000e-05  1.40127934e+00  2.88000000e-05  1.70000000e+00  7.00000000e-01 
 2.89000000e-05  1.40188531e+00  2.89000000e-05  1.70000000e+00  7.00000000e-01 
 2.90000000e-05  1.40249019e+00  2.90000000e-05  1.70000000e+00  7.00000000e-01 
 2.91000000e-05  1.40309399e+00  2.91000000e-05  1.70000000e+00  7.00000000e-01 
 2.92000000e-05  1.40369672e+00  2.92000000e-05  1.70000000e+00  7.00000000e-01 
 2.93000000e-05  1.40429837e+00  2.93000000e-05  1.70000000e+00  7.00000000e-01 
 2.94000000e-05  1.40489896e+00  2.94000000e-05  1.70000000e+00  7.00000000e-01 
 2.95000000e-05  1.40549850e+00  2.95000000e-05  1.70000000e+00  7.00000000e-01 
 2.96000000e-05  1.40609698e+00  2.96000000e-05  1.70000000e+00  7.00000000e-01 
 2.97000000e-05  1.40669442e+00  2.97000000e-05  1.70000000e+00  7.00000000e-01 
 2.98000000e-05  1.40729082e+00  2.98000000e-05  1.70000000e+00  7.00000000e-01 
 2.99000000e-05  1.40788619e+00  2.99000000e-05  1.70000000e+00  7.00000000e-01 
 3.00000000e-05  1.40848054e+00  3.00000000e-05  1.70000000e+00  7.00000000e-01 
