 i-sweep         v(vout)         i(viin)         v(vgate)        v(vmid)        
 0.00000000e+00  4.00250479e-01  0.00000000e+00  8.00000000e-01  4.00000000e-01 
 1.00000000e-07  1.01512762e+00  1.00000000e-07  8.00000000e-01  4.00000000e-01 
 2.00000000e-07  1.04756402e+00  2.00000000e-07  8.00000000e-01  4.00000000e-01 
 3.00000000e-07  1.06645847e+00  3.00000000e-07  8.00000000e-01  4.00000000e-01 
 4.00000000e-07  1.07990505e+00  4.00000000e-07  8.00000000e-01  4.00000000e-01 
 5.00000000e-07  1.09041043e+00  5.00000000e-07  8.00000000e-01  4.00000000e-01 
 6.00000000e-07  1.09907630e+00  6.00000000e-07  8.00000000e-01  4.00000000e-01 
 7.00000000e-07  1.10648434e+00  7.00000000e-07  8.00000000e-01  4.00000000e-01 
 8.00000000e-07  1.11297804e+00  8.00000000e-07  8.00000000e-01  4.00000000e-01 
 9.00000000e-07  1.11877699e+00  9.00000000e-07  8.00000000e-01  4.00000000e-01 
 1.00000000e-06  1.12403002e+00  1.00000000e-06  8.00000000e-01  4.00000000e-01 
 1.10000000e-06  1.12884264e+00  1.10000000e-06  8.00000000e-01  4.00000000e-01 
 1.20000000e-06  1.13329234e+00  1.20000000e-06  8.00000000e-01  4.00000000e-01 
 1.30000000e-06  1.13743771e+00  1.30000000e-06  8.00000000e-01  4.00000000e-01 
 1.40000000e-06  1.14132408e+00  1.40000000e-06  8.00000000e-01  4.00000000e-01 
 1.50000000e-06  1.14498731e+00  1.50000000e-06  8.00000000e-01  4.00000000e-01 
 1.60000000e-06  1.14845620e+00  1.60000000e-06  8.00000000e-01  4.00000000e-01 
 1.70000000e-06  1.15175427e+00  1.70000000e-06  8.00000000e-01  4.00000000e-01 
 1.80000000e-06  1.15490127e+00  1.80000000e-06  8.00000000e-01  4.00000000e-01 
 1.90000000e-06  1.15791260e+00  1.90000000e-06  8.00000000e-01  4.00000000e-01 
 2.00000000e-06  1.16080257e+00  2.00000000e-06  8.00000000e-01  4.00000000e-01 
 2.10000000e-06  1.16358284e+00  2.10000000e-06  8.00000000e-01  4.00000000e-01 
 2.20000000e-06  1.16626346e+00  2.20000000e-06  8.00000000e-01  4.00000000e-01 
 2.30000000e-06  1.16885315e+00  2.30000000e-06  8.00000000e-01  4.00000000e-01 
 2.40000000e-06  1.17135948e+00  2.40000000e-06  8.00000000e-01  4.00000000e-01 
 2.50000000e-06  1.17378911e+00  2.50000000e-06  8.00000000e-01  4.00000000e-01 
 2.60000000e-06  1.17614792e+00  2.60000000e-06  8.00000000e-01  4.00000000e-01 
 2.70000000e-06  1.17844112e+00  2.70000000e-06  8.00000000e-01  4.00000000e-01 
 2.80000000e-06  1.18067334e+00  2.80000000e-06  8.00000000e-01  4.00000000e-01 
 2.90000000e-06  1.18284874e+00  2.90000000e-06  8.00000000e-01  4.00000000e-01 
 3.00000000e-06  1.18497105e+00  3.00000000e-06  8.00000000e-01  4.00000000e-01 
 3.10000000e-06  1.18704363e+00  3.10000000e-06  8.00000000e-01  4.00000000e-01 
 3.20000000e-06  1.18906953e+00  3.20000000e-06  8.00000000e-01  4.00000000e-01 
 3.30000000e-06  1.19105151e+00  3.30000000e-06  8.00000000e-01  4.00000000e-01 
 3.40000000e-06  1.19299210e+00  3.40000000e-06  8.00000000e-01  4.00000000e-01 
 3.50000000e-06  1.19489359e+00  3.50000000e-06  8.00000000e-01  4.00000000e-01 
 3.60000000e-06  1.19676520e+00  3.60000000e-06  8.00000000e-01  4.00000000e-01 
 3.70000000e-06  1.19859351e+00  3.70000000e-06  8.00000000e-01  4.00000000e-01 
 3.80000000e-06  1.20038875e+00  3.80000000e-06  8.00000000e-01  4.00000000e-01 
 3.90000000e-06  1.20215252e+00  3.90000000e-06  8.00000000e-01  4.00000000e-01 
 4.00000000e-06  1.20388632e+00  4.00000000e-06  8.00000000e-01  4.00000000e-01 
 4.10000000e-06  1.20559154e+00  4.10000000e-06  8.00000000e-01  4.00000000e-01 
 4.20000000e-06  1.20726946e+00  4.20000000e-06  8.00000000e-01  4.00000000e-01 
 4.30000000e-06  1.20892128e+00  4.30000000e-06  8.00000000e-01  4.00000000e-01 
 4.40000000e-06  1.21054814e+00  4.40000000e-06  8.00000000e-01  4.00000000e-01 
 4.50000000e-06  1.21215109e+00  4.50000000e-06  8.00000000e-01  4.00000000e-01 
 4.60000000e-06  1.21373109e+00  4.60000000e-06  8.00000000e-01  4.00000000e-01 
 4.70000000e-06  1.21528908e+00  4.70000000e-06  8.00000000e-01  4.00000000e-01 
 4.80000000e-06  1.21682592e+00  4.80000000e-06  8.00000000e-01  4.00000000e-01 
 4.90000000e-06  1.21834242e+00  4.90000000e-06  8.00000000e-01  4.00000000e-01 
 5.00000000e-06  1.21983934e+00  5.00000000e-06  8.00000000e-01  4.00000000e-01 
 5.10000000e-06  1.22131742e+00  5.10000000e-06  8.00000000e-01  4.00000000e-01 
 5.20000000e-06  1.22277731e+00  5.20000000e-06  8.00000000e-01  4.00000000e-01 
 5.30000000e-06  1.22421968e+00  5.30000000e-06  8.00000000e-01  4.00000000e-01 
 5.40000000e-06  1.22564512e+00  5.40000000e-06  8.00000000e-01  4.00000000e-01 
 5.50000000e-06  1.22705421e+00  5.50000000e-06  8.00000000e-01  4.00000000e-01 
 5.60000000e-06  1.22844725e+00  5.60000000e-06  8.00000000e-01  4.00000000e-01 
 5.70000000e-06  1.22982525e+00  5.70000000e-06  8.00000000e-01  4.00000000e-01 
 5.80000000e-06  1.23118846e+00  5.80000000e-06  8.00000000e-01  4.00000000e-01 
 5.90000000e-06  1.23253734e+00  5.90000000e-06  8.00000000e-01  4.00000000e-01 
 6.00000000e-06  1.23387233e+00  6.00000000e-06  8.00000000e-01  4.00000000e-01 
 6.10000000e-06  1.23519383e+00  6.10000000e-06  8.00000000e-01  4.00000000e-01 
 6.20000000e-06  1.23650227e+00  6.20000000e-06  8.00000000e-01  4.00000000e-01 
 6.30000000e-06  1.23779802e+00  6.30000000e-06  8.00000000e-01  4.00000000e-01 
 6.40000000e-06  1.23908613e+00  6.40000000e-06  8.00000000e-01  4.00000000e-01 
 6.50000000e-06  1.24035631e+00  6.50000000e-06  8.00000000e-01  4.00000000e-01 
 6.60000000e-06  1.24161520e+00  6.60000000e-06  8.00000000e-01  4.00000000e-01 
 6.70000000e-06  1.24286301e+00  6.70000000e-06  8.00000000e-01  4.00000000e-01 
 6.80000000e-06  1.24409998e+00  6.80000000e-06  8.00000000e-01  4.00000000e-01 
 6.90000000e-06  1.24532635e+00  6.90000000e-06  8.00000000e-01  4.00000000e-01 
 7.00000000e-06  1.24654238e+00  7.00000000e-06  8.00000000e-01  4.00000000e-01 
 7.10000000e-06  1.24774829e+00  7.10000000e-06  8.00000000e-01  4.00000000e-01 
 7.20000000e-06  1.24894433e+00  7.20000000e-06  8.00000000e-01  4.00000000e-01 
 7.30000000e-06  1.25013074e+00  7.30000000e-06  8.00000000e-01  4.00000000e-01 
 7.40000000e-06  1.25130774e+00  7.40000000e-06  8.00000000e-01  4.00000000e-01 
 7.50000000e-06  1.25247555e+00  7.50000000e-06  8.00000000e-01  4.00000000e-01 
 7.60000000e-06  1.25363438e+00  7.60000000e-06  8.00000000e-01  4.00000000e-01 
 7.70000000e-06  1.25478445e+00  7.70000000e-06  8.00000000e-01  4.00000000e-01 
 7.80000000e-06  1.25592595e+00  7.80000000e-06  8.00000000e-01  4.00000000e-01 
 7.90000000e-06  1.25705907e+00  7.90000000e-06  8.00000000e-01  4.00000000e-01 
 8.00000000e-06  1.25818401e+00  8.00000000e-06  8.00000000e-01  4.00000000e-01 
 8.10000000e-06  1.25930095e+00  8.10000000e-06  8.00000000e-01  4.00000000e-01 
 8.20000000e-06  1.26041005e+00  8.20000000e-06  8.00000000e-01  4.00000000e-01 
 8.30000000e-06  1.26151149e+00  8.30000000e-06  8.00000000e-01  4.00000000e-01 
 8.40000000e-06  1.26260543e+00  8.40000000e-06  8.00000000e-01  4.00000000e-01 
 8.50000000e-06  1.26369203e+00  8.50000000e-06  8.00000000e-01  4.00000000e-01 
 8.60000000e-06  1.26477143e+00  8.60000000e-06  8.00000000e-01  4.00000000e-01 
 8.70000000e-06  1.26584380e+00  8.70000000e-06  8.00000000e-01  4.00000000e-01 
 8.80000000e-06  1.26690926e+00  8.80000000e-06  8.00000000e-01  4.00000000e-01 
 8.90000000e-06  1.26796796e+00  8.90000000e-06  8.00000000e-01  4.00000000e-01 
 9.00000000e-06  1.26902004e+00  9.00000000e-06  8.00000000e-01  4.00000000e-01 
 9.10000000e-06  1.27006561e+00  9.10000000e-06  8.00000000e-01  4.00000000e-01 
 9.20000000e-06  1.27110481e+00  9.20000000e-06  8.00000000e-01  4.00000000e-01 
 9.30000000e-06  1.27213775e+00  9.30000000e-06  8.00000000e-01  4.00000000e-01 
 9.40000000e-06  1.27316456e+00  9.40000000e-06  8.00000000e-01  4.00000000e-01 
 9.50000000e-06  1.27418535e+00  9.50000000e-06  8.00000000e-01  4.00000000e-01 
 9.60000000e-06  1.27520022e+00  9.60000000e-06  8.00000000e-01  4.00000000e-01 
 9.70000000e-06  1.27620929e+00  9.70000000e-06  8.00000000e-01  4.00000000e-01 
 9.80000000e-06  1.27721266e+00  9.80000000e-06  8.00000000e-01  4.00000000e-01 
 9.90000000e-06  1.27821044e+00  9.90000000e-06  8.00000000e-01  4.00000000e-01 
 1.00000000e-05  1.27920271e+00  1.00000000e-05  8.00000000e-01  4.00000000e-01 
 1.01000000e-05  1.28018958e+00  1.01000000e-05  8.00000000e-01  4.00000000e-01 
 1.02000000e-05  1.28117113e+00  1.02000000e-05  8.00000000e-01  4.00000000e-01 
 1.03000000e-05  1.28214746e+00  1.03000000e-05  8.00000000e-01  4.00000000e-01 
 1.04000000e-05  1.28311866e+00  1.04000000e-05  8.00000000e-01  4.00000000e-01 
 1.05000000e-05  1.28408481e+00  1.05000000e-05  8.00000000e-01  4.00000000e-01 
 1.06000000e-05  1.28504600e+00  1.06000000e-05  8.00000000e-01  4.00000000e-01 
 1.07000000e-05  1.28600230e+00  1.07000000e-05  8.00000000e-01  4.00000000e-01 
 1.08000000e-05  1.28695379e+00  1.08000000e-05  8.00000000e-01  4.00000000e-01 
 1.09000000e-05  1.28790055e+00  1.09000000e-05  8.00000000e-01  4.00000000e-01 
 1.10000000e-05  1.28884266e+00  1.10000000e-05  8.00000000e-01  4.00000000e-01 
 1.11000000e-05  1.28978019e+00  1.11000000e-05  8.00000000e-01  4.00000000e-01 
 1.12000000e-05  1.29071320e+00  1.12000000e-05  8.00000000e-01  4.00000000e-01 
 1.13000000e-05  1.29164177e+00  1.13000000e-05  8.00000000e-01  4.00000000e-01 
 1.14000000e-05  1.29256597e+00  1.14000000e-05  8.00000000e-01  4.00000000e-01 
 1.15000000e-05  1.29348585e+00  1.15000000e-05  8.00000000e-01  4.00000000e-01 
 1.16000000e-05  1.29440149e+00  1.16000000e-05  8.00000000e-01  4.00000000e-01 
 1.17000000e-05  1.29531295e+00  1.17000000e-05  8.00000000e-01  4.00000000e-01 
 1.18000000e-05  1.29622029e+00  1.18000000e-05  8.00000000e-01  4.00000000e-01 
 1.19000000e-05  1.29712356e+00  1.19000000e-05  8.00000000e-01  4.00000000e-01 
 1.20000000e-05  1.29802283e+00  1.20000000e-05  8.00000000e-01  4.00000000e-01 
 1.21000000e-05  1.29891815e+00  1.21000000e-05  8.00000000e-01  4.00000000e-01 
 1.22000000e-05  1.29980958e+00  1.22000000e-05  8.00000000e-01  4.00000000e-01 
 1.23000000e-05  1.30069717e+00  1.23000000e-05  8.00000000e-01  4.00000000e-01 
 1.24000000e-05  1.30158097e+00  1.24000000e-05  8.00000000e-01  4.00000000e-01 
 1.25000000e-05  1.30246105e+00  1.25000000e-05  8.00000000e-01  4.00000000e-01 
 1.26000000e-05  1.30333744e+00  1.26000000e-05  8.00000000e-01  4.00000000e-01 
 1.27000000e-05  1.30421019e+00  1.27000000e-05  8.00000000e-01  4.00000000e-01 
 1.28000000e-05  1.30507936e+00  1.28000000e-05  8.00000000e-01  4.00000000e-01 
 1.29000000e-05  1.30594500e+00  1.29000000e-05  8.00000000e-01  4.00000000e-01 
 1.30000000e-05  1.30680714e+00  1.30000000e-05  8.00000000e-01  4.00000000e-01 
 1.31000000e-05  1.30766584e+00  1.31000000e-05  8.00000000e-01  4.00000000e-01 
 1.32000000e-05  1.30852113e+00  1.32000000e-05  8.00000000e-01  4.00000000e-01 
 1.33000000e-05  1.30937307e+00  1.33000000e-05  8.00000000e-01  4.00000000e-01 
 1.34000000e-05  1.31022169e+00  1.34000000e-05  8.00000000e-01  4.00000000e-01 
 1.35000000e-05  1.31106704e+00  1.35000000e-05  8.00000000e-01  4.00000000e-01 
 1.36000000e-05  1.31190915e+00  1.36000000e-05  8.00000000e-01  4.00000000e-01 
 1.37000000e-05  1.31274807e+00  1.37000000e-05  8.00000000e-01  4.00000000e-01 
 1.38000000e-05  1.31358383e+00  1.38000000e-05  8.00000000e-01  4.00000000e-01 
 1.39000000e-05  1.31441648e+00  1.39000000e-05  8.00000000e-01  4.00000000e-01 
 1.40000000e-05  1.31524605e+00  1.40000000e-05  8.00000000e-01  4.00000000e-01 
 1.41000000e-05  1.31607257e+00  1.41000000e-05  8.00000000e-01  4.00000000e-01 
 1.42000000e-05  1.31689610e+00  1.42000000e-05  8.00000000e-01  4.00000000e-01 
 1.43000000e-05  1.31771664e+00  1.43000000e-05  8.00000000e-01  4.00000000e-01 
 1.44000000e-05  1.31853426e+00  1.44000000e-05  8.00000000e-01  4.00000000e-01 
 1.45000000e-05  1.31934897e+00  1.45000000e-05  8.00000000e-01  4.00000000e-01 
 1.46000000e-05  1.32016081e+00  1.46000000e-05  8.00000000e-01  4.00000000e-01 
 1.47000000e-05  1.32096982e+00  1.47000000e-05  8.00000000e-01  4.00000000e-01 
 1.48000000e-05  1.32177602e+00  1.48000000e-05  8.00000000e-01  4.00000000e-01 
 1.49000000e-05  1.32257945e+00  1.49000000e-05  8.00000000e-01  4.00000000e-01 
 1.50000000e-05  1.32338014e+00  1.50000000e-05  8.00000000e-01  4.00000000e-01 
 1.51000000e-05  1.32417812e+00  1.51000000e-05  8.00000000e-01  4.00000000e-01 
 1.52000000e-05  1.32497341e+00  1.52000000e-05  8.00000000e-01  4.00000000e-01 
 1.53000000e-05  1.32576606e+00  1.53000000e-05  8.00000000e-01  4.00000000e-01 
 1.54000000e-05  1.32655608e+00  1.54000000e-05  8.00000000e-01  4.00000000e-01 
 1.55000000e-05  1.32734350e+00  1.55000000e-05  8.00000000e-01  4.00000000e-01 
 1.56000000e-05  1.32812836e+00  1.56000000e-05  8.00000000e-01  4.00000000e-01 
 1.57000000e-05  1.32891067e+00  1.57000000e-05  8.00000000e-01  4.00000000e-01 
 1.58000000e-05  1.32969047e+00  1.58000000e-05  8.00000000e-01  4.00000000e-01 
 1.59000000e-05  1.33046779e+00  1.59000000e-05  8.00000000e-01  4.00000000e-01 
 1.60000000e-05  1.33124264e+00  1.60000000e-05  8.00000000e-01  4.00000000e-01 
 1.61000000e-05  1.33201506e+00  1.61000000e-05  8.00000000e-01  4.00000000e-01 
 1.62000000e-05  1.33278506e+00  1.62000000e-05  8.00000000e-01  4.00000000e-01 
 1.63000000e-05  1.33355268e+00  1.63000000e-05  8.00000000e-01  4.00000000e-01 
 1.64000000e-05  1.33431793e+00  1.64000000e-05  8.00000000e-01  4.00000000e-01 
 1.65000000e-05  1.33508084e+00  1.65000000e-05  8.00000000e-01  4.00000000e-01 
 1.66000000e-05  1.33584144e+00  1.66000000e-05  8.00000000e-01  4.00000000e-01 
 1.67000000e-05  1.33659975e+00  1.67000000e-05  8.00000000e-01  4.00000000e-01 
 1.68000000e-05  1.33735578e+00  1.68000000e-05  8.00000000e-01  4.00000000e-01 
 1.69000000e-05  1.33810956e+00  1.69000000e-05  8.00000000e-01  4.00000000e-01 
 1.70000000e-05  1.33886112e+00  1.70000000e-05  8.00000000e-01  4.00000000e-01 
 1.71000000e-05  1.33961047e+00  1.71000000e-05  8.00000000e-01  4.00000000e-01 
 1.72000000e-05  1.34035764e+00  1.72000000e-05  8.00000000e-01  4.00000000e-01 
 1.73000000e-05  1.34110265e+00  1.73000000e-05  8.00000000e-01  4.00000000e-01 
 1.74000000e-05  1.34184551e+00  1.74000000e-05  8.00000000e-01  4.00000000e-01 
 1.75000000e-05  1.34258624e+00  1.75000000e-05  8.00000000e-01  4.00000000e-01 
 1.76000000e-05  1.34332488e+00  1.76000000e-05  8.00000000e-01  4.00000000e-01 
 1.77000000e-05  1.34406143e+00  1.77000000e-05  8.00000000e-01  4.00000000e-01 
 1.78000000e-05  1.34479591e+00  1.78000000e-05  8.00000000e-01  4.00000000e-01 
 1.79000000e-05  1.34552835e+00  1.79000000e-05  8.00000000e-01  4.00000000e-01 
 1.80000000e-05  1.34625877e+00  1.80000000e-05  8.00000000e-01  4.00000000e-01 
 1.81000000e-05  1.34698717e+00  1.81000000e-05  8.00000000e-01  4.00000000e-01 
 1.82000000e-05  1.34771358e+00  1.82000000e-05  8.00000000e-01  4.00000000e-01 
 1.83000000e-05  1.34843802e+00  1.83000000e-05  8.00000000e-01  4.00000000e-01 
 1.84000000e-05  1.34916051e+00  1.84000000e-05  8.00000000e-01  4.00000000e-01 
 1.85000000e-05  1.34988105e+00  1.85000000e-05  8.00000000e-01  4.00000000e-01 
 1.86000000e-05  1.35059968e+00  1.86000000e-05  8.00000000e-01  4.00000000e-01 
 1.87000000e-05  1.35131639e+00  1.87000000e-05  8.00000000e-01  4.00000000e-01 
 1.88000000e-05  1.35203123e+00  1.88000000e-05  8.00000000e-01  4.00000000e-01 
 1.89000000e-05  1.35274418e+00  1.89000000e-05  8.00000000e-01  4.00000000e-01 
 1.90000000e-05  1.35345529e+00  1.90000000e-05  8.00000000e-01  4.00000000e-01 
 1.91000000e-05  1.35416455e+00  1.91000000e-05  8.00000000e-01  4.00000000e-01 
 1.92000000e-05  1.35487199e+00  1.92000000e-05  8.00000000e-01  4.00000000e-01 
 1.93000000e-05  1.35557762e+00  1.93000000e-05  8.00000000e-01  4.00000000e-01 
 1.94000000e-05  1.35628145e+00  1.94000000e-05  8.00000000e-01  4.00000000e-01 
 1.95000000e-05  1.35698350e+00  1.95000000e-05  8.00000000e-01  4.00000000e-01 
 1.96000000e-05  1.35768379e+00  1.96000000e-05  8.00000000e-01  4.00000000e-01 
 1.97000000e-05  1.35838233e+00  1.97000000e-05  8.00000000e-01  4.00000000e-01 
 1.98000000e-05  1.35907914e+00  1.98000000e-05  8.00000000e-01  4.00000000e-01 
 1.99000000e-05  1.35977422e+00  1.99000000e-05  8.00000000e-01  4.00000000e-01 
 2.00000000e-05  1.36046760e+00  2.00000000e-05  8.00000000e-01  4.00000000e-01 
 2.01000000e-05  1.36115928e+00  2.01000000e-05  8.00000000e-01  4.00000000e-01 
 2.02000000e-05  1.36184928e+00  2.02000000e-05  8.00000000e-01  4.00000000e-01 
 2.03000000e-05  1.36253761e+00  2.03000000e-05  8.00000000e-01  4.00000000e-01 
 2.04000000e-05  1.36322429e+00  2.04000000e-05  8.00000000e-01  4.00000000e-01 
 2.05000000e-05  1.36390933e+00  2.05000000e-05  8.00000000e-01  4.00000000e-01 
 2.06000000e-05  1.36459274e+00  2.06000000e-05  8.00000000e-01  4.00000000e-01 
 2.07000000e-05  1.36527453e+00  2.07000000e-05  8.00000000e-01  4.00000000e-01 
 2.08000000e-05  1.36595472e+00  2.08000000e-05  8.00000000e-01  4.00000000e-01 
 2.09000000e-05  1.36663333e+00  2.09000000e-05  8.00000000e-01  4.00000000e-01 
 2.10000000e-05  1.36731035e+00  2.10000000e-05  8.00000000e-01  4.00000000e-01 
 2.11000000e-05  1.36798580e+00  2.11000000e-05  8.00000000e-01  4.00000000e-01 
 2.12000000e-05  1.36865970e+00  2.12000000e-05  8.00000000e-01  4.00000000e-01 
 2.13000000e-05  1.36933206e+00  2.13000000e-05  8.00000000e-01  4.00000000e-01 
 2.14000000e-05  1.37000289e+00  2.14000000e-05  8.00000000e-01  4.00000000e-01 
 2.15000000e-05  1.37067220e+00  2.15000000e-05  8.00000000e-01  4.00000000e-01 
 2.16000000e-05  1.37134000e+00  2.16000000e-05  8.00000000e-01  4.00000000e-01 
 2.17000000e-05  1.37200630e+00  2.17000000e-05  8.00000000e-01  4.00000000e-01 
 2.18000000e-05  1.37267111e+00  2.18000000e-05  8.00000000e-01  4.00000000e-01 
 2.19000000e-05  1.37333445e+00  2.19000000e-05  8.00000000e-01  4.00000000e-01 
 2.20000000e-05  1.37399632e+00  2.20000000e-05  8.00000000e-01  4.00000000e-01 
 2.21000000e-05  1.37465674e+00  2.21000000e-05  8.00000000e-01  4.00000000e-01 
 2.22000000e-05  1.37531572e+00  2.22000000e-05  8.00000000e-01  4.00000000e-01 
 2.23000000e-05  1.37597326e+00  2.23000000e-05  8.00000000e-01  4.00000000e-01 
 2.24000000e-05  1.37662938e+00  2.24000000e-05  8.00000000e-01  4.00000000e-01 
 2.25000000e-05  1.37728409e+00  2.25000000e-05  8.00000000e-01  4.00000000e-01 
 2.26000000e-05  1.37793739e+00  2.26000000e-05  8.00000000e-01  4.00000000e-01 
 2.27000000e-05  1.37858930e+00  2.27000000e-05  8.00000000e-01  4.00000000e-01 
 2.28000000e-05  1.37923982e+00  2.28000000e-05  8.00000000e-01  4.00000000e-01 
 2.29000000e-05  1.37988898e+00  2.29000000e-05  8.00000000e-01  4.00000000e-01 
 2.30000000e-05  1.38053676e+00  2.30000000e-05  8.00000000e-01  4.00000000e-01 
 2.31000000e-05  1.38118320e+00  2.31000000e-05  8.00000000e-01  4.00000000e-01 
 2.32000000e-05  1.38182828e+00  2.32000000e-05  8.00000000e-01  4.00000000e-01 
 2.33000000e-05  1.38247203e+00  2.33000000e-05  8.00000000e-01  4.00000000e-01 
 2.34000000e-05  1.38311445e+00  2.34000000e-05  8.00000000e-01  4.00000000e-01 
 2.35000000e-05  1.38375556e+00  2.35000000e-05  8.00000000e-01  4.00000000e-01 
 2.36000000e-05  1.38439535e+00  2.36000000e-05  8.00000000e-01  4.00000000e-01 
 2.37000000e-05  1.38503384e+00  2.37000000e-05  8.00000000e-01  4.00000000e-01 
 2.38000000e-05  1.38567105e+00  2.38000000e-05  8.00000000e-01  4.00000000e-01 
 2.39000000e-05  1.38630696e+00  2.39000000e-05  8.00000000e-01  4.00000000e-01 
 2.40000000e-05  1.38694160e+00  2.40000000e-05  8.00000000e-01  4.00000000e-01 
 2.41000000e-05  1.38757498e+00  2.41000000e-05  8.00000000e-01  4.00000000e-01 
 2.42000000e-05  1.38820710e+00  2.42000000e-05  8.00000000e-01  4.00000000e-01 
 2.43000000e-05  1.38883796e+00  2.43000000e-05  8.00000000e-01  4.00000000e-01 
 2.44000000e-05  1.38946759e+00  2.44000000e-05  8.00000000e-01  4.00000000e-01 
 2.45000000e-05  1.39009598e+00  2.45000000e-05  8.00000000e-01  4.00000000e-01 
 2.46000000e-05  1.39072314e+00  2.46000000e-05  8.00000000e-01  4.00000000e-01 
 2.47000000e-05  1.39134909e+00  2.47000000e-05  8.00000000e-01  4.00000000e-01 
 2.48000000e-05  1.39197382e+00  2.48000000e-05  8.00000000e-01  4.00000000e-01 
 2.49000000e-05  1.39259735e+00  2.49000000e-05  8.00000000e-01  4.00000000e-01 
 2.50000000e-05  1.39321969e+00  2.50000000e-05  8.00000000e-01  4.00000000e-01 
