 i-sweep         v(vout)         i(viin)         v(vgate)        v(vmid)        
-6.00000000e-06 -5.01403896e-01 -6.00000000e-06  4.00000000e-01  8.00000000e-01 
-5.90000000e-06 -4.98038934e-01 -5.90000000e-06  4.00000000e-01  8.00000000e-01 
-5.80000000e-06 -4.94648858e-01 -5.80000000e-06  4.00000000e-01  8.00000000e-01 
-5.70000000e-06 -4.91233068e-01 -5.70000000e-06  4.00000000e-01  8.00000000e-01 
-5.60000000e-06 -4.87790930e-01 -5.60000000e-06  4.00000000e-01  8.00000000e-01 
-5.50000000e-06 -4.84321780e-01 -5.50000000e-06  4.00000000e-01  8.00000000e-01 
-5.40000000e-06 -4.80824920e-01 -5.40000000e-06  4.00000000e-01  8.00000000e-01 
-5.30000000e-06 -4.77299619e-01 -5.30000000e-06  4.00000000e-01  8.00000000e-01 
-5.20000000e-06 -4.73745108e-01 -5.20000000e-06  4.00000000e-01  8.00000000e-01 
-5.10000000e-06 -4.70160579e-01 -5.10000000e-06  4.00000000e-01  8.00000000e-01 
-5.00000000e-06 -4.66545183e-01 -5.00000000e-06  4.00000000e-01  8.00000000e-01 
-4.90000000e-06 -4.62898027e-01 -4.90000000e-06  4.00000000e-01  8.00000000e-01 
-4.80000000e-06 -4.59218172e-01 -4.80000000e-06  4.00000000e-01  8.00000000e-01 
-4.70000000e-06 -4.55504628e-01 -4.70000000e-06  4.00000000e-01  8.00000000e-01 
-4.60000000e-06 -4.51756354e-01 -4.60000000e-06  4.00000000e-01  8.00000000e-01 
-4.50000000e-06 -4.47972248e-01 -4.50000000e-06  4.00000000e-01  8.00000000e-01 
-4.40000000e-06 -4.44151147e-01 -4.40000000e-06  4.00000000e-01  8.00000000e-01 
-4.30000000e-06 -4.40291823e-01 -4.30000000e-06  4.00000000e-01  8.00000000e-01 
-4.20000000e-06 -4.36392973e-01 -4.20000000e-06  4.00000000e-01  8.00000000e-01 
-4.10000000e-06 -4.32453215e-01 -4.10000000e-06  4.00000000e-01  8.00000000e-01 
-4.00000000e-06 -4.28471083e-01 -4.00000000e-06  4.00000000e-01  8.00000000e-01 
-3.90000000e-06 -4.24445014e-01 -3.90000000e-06  4.00000000e-01  8.00000000e-01 
-3.80000000e-06 -4.20373346e-01 -3.80000000e-06  4.00000000e-01  8.00000000e-01 
-3.70000000e-06 -4.16254299e-01 -3.70000000e-06  4.00000000e-01  8.00000000e-01 
-3.60000000e-06 -4.12085971e-01 -3.60000000e-06  4.00000000e-01  8.00000000e-01 
-3.50000000e-06 -4.07866322e-01 -3.50000000e-06  4.00000000e-01  8.00000000e-01 
-3.40000000e-06 -4.03593158e-01 -3.40000000e-06  4.00000000e-01  8.00000000e-01 
-3.30000000e-06 -3.99264113e-01 -3.30000000e-06  4.00000000e-01  8.00000000e-01 
-3.20000000e-06 -3.94876633e-01 -3.20000000e-06  4.00000000e-01  8.00000000e-01 
-3.10000000e-06 -3.90427949e-01 -3.10000000e-06  4.00000000e-01  8.00000000e-01 
-3.00000000e-06 -3.85915050e-01 -3.00000000e-06  4.00000000e-01  8.00000000e-01 
-2.90000000e-06 -3.81334654e-01 -2.90000000e-06  4.00000000e-01  8.00000000e-01 
-2.80000000e-06 -3.76683170e-01 -2.80000000e-06  4.00000000e-01  8.00000000e-01 
-2.70000000e-06 -3.71956653e-01 -2.70000000e-06  4.00000000e-01  8.00000000e-01 
-2.60000000e-06 -3.67150753e-01 -2.60000000e-06  4.00000000e-01  8.00000000e-01 
-2.50000000e-06 -3.62260657e-01 -2.50000000e-06  4.00000000e-01  8.00000000e-01 
-2.40000000e-06 -3.57281009e-01 -2.40000000e-06  4.00000000e-01  8.00000000e-01 
-2.30000000e-06 -3.52205823e-01 -2.30000000e-06  4.00000000e-01  8.00000000e-01 
-2.20000000e-06 -3.47028376e-01 -2.20000000e-06  4.00000000e-01  8.00000000e-01 
-2.10000000e-06 -3.41741071e-01 -2.10000000e-06  4.00000000e-01  8.00000000e-01 
-2.00000000e-06 -3.36335271e-01 -2.00000000e-06  4.00000000e-01  8.00000000e-01 
-1.90000000e-06 -3.30801095e-01 -1.90000000e-06  4.00000000e-01  8.00000000e-01 
-1.80000000e-06 -3.25127148e-01 -1.80000000e-06  4.00000000e-01  8.00000000e-01 
-1.70000000e-06 -3.19300193e-01 -1.70000000e-06  4.00000000e-01  8.00000000e-01 
-1.60000000e-06 -3.13304708e-01 -1.60000000e-06  4.00000000e-01  8.00000000e-01 
-1.50000000e-06 -3.07122319e-01 -1.50000000e-06  4.00000000e-01  8.00000000e-01 
-1.40000000e-06 -3.00730732e-01 -1.40000000e-06  4.00000000e-01  8.00000000e-01 
-1.30000000e-06 -2.94103673e-01 -1.30000000e-06  4.00000000e-01  8.00000000e-01 
-1.20000000e-06 -2.87208134e-01 -1.20000000e-06  4.00000000e-01  8.00000000e-01 
-1.10000000e-06 -2.80003062e-01 -1.10000000e-06  4.00000000e-01  8.00000000e-01 
-1.00000000e-06 -2.72436131e-01 -1.00000000e-06  4.00000000e-01  8.00000000e-01 
-9.00000000e-07 -2.64439109e-01 -9.00000000e-07  4.00000000e-01  8.00000000e-01 
-8.00000000e-07 -2.55920537e-01 -8.00000000e-07  4.00000000e-01  8.00000000e-01 
-7.00000000e-07 -2.46753616e-01 -7.00000000e-07  4.00000000e-01  8.00000000e-01 
-6.00000000e-07 -2.36754853e-01 -6.00000000e-07  4.00000000e-01  8.00000000e-01 
-5.00000000e-07 -2.25643482e-01 -5.00000000e-07  4.00000000e-01  8.00000000e-01 
-4.00000000e-07 -2.12955395e-01 -4.00000000e-07  4.00000000e-01  8.00000000e-01 
-3.00000000e-07 -1.97834346e-01 -3.00000000e-07  4.00000000e-01  8.00000000e-01 
-2.00000000e-07 -1.78388533e-01 -2.00000000e-07  4.00000000e-01  8.00000000e-01 
-1.00000000e-07 -1.48683451e-01 -1.00000000e-07  4.00000000e-01  8.00000000e-01 
-5.71747239e-21  6.13456410e-01 -5.71747239e-21  4.00000000e-01  8.00000000e-01 
 1.00000000e-07  1.01545203e+00  1.00000000e-07  4.00000000e-01  8.00000000e-01 
 2.00000000e-07  1.04786233e+00  2.00000000e-07  4.00000000e-01  8.00000000e-01 
 3.00000000e-07  1.06673956e+00  3.00000000e-07  4.00000000e-01  8.00000000e-01 
 4.00000000e-07  1.08018164e+00  4.00000000e-07  4.00000000e-01  8.00000000e-01 
 5.00000000e-07  1.09068763e+00  5.00000000e-07  4.00000000e-01  8.00000000e-01 
 6.00000000e-07  1.09934934e+00  6.00000000e-07  4.00000000e-01  8.00000000e-01 
 7.00000000e-07  1.10675566e+00  7.00000000e-07  4.00000000e-01  8.00000000e-01 
 8.00000000e-07  1.11324834e+00  8.00000000e-07  4.00000000e-01  8.00000000e-01 
 9.00000000e-07  1.11904655e+00  9.00000000e-07  4.00000000e-01  8.00000000e-01 
 1.00000000e-06  1.12429900e+00  1.00000000e-06  4.00000000e-01  8.00000000e-01 
 1.10000000e-06  1.12911115e+00  1.10000000e-06  4.00000000e-01  8.00000000e-01 
 1.20000000e-06  1.13356890e+00  1.20000000e-06  4.00000000e-01  8.00000000e-01 
 1.30000000e-06  1.13771044e+00  1.30000000e-06  4.00000000e-01  8.00000000e-01 
 1.40000000e-06  1.14159452e+00  1.40000000e-06  4.00000000e-01  8.00000000e-01 
 1.50000000e-06  1.14525631e+00  1.50000000e-06  4.00000000e-01  8.00000000e-01 
 1.60000000e-06  1.14872427e+00  1.60000000e-06  4.00000000e-01  8.00000000e-01 
 1.70000000e-06  1.15202169e+00  1.70000000e-06  4.00000000e-01  8.00000000e-01 
 1.80000000e-06  1.15516790e+00  1.80000000e-06  4.00000000e-01  8.00000000e-01 
 1.90000000e-06  1.15817906e+00  1.90000000e-06  4.00000000e-01  8.00000000e-01 
 2.00000000e-06  1.16106887e+00  2.00000000e-06  4.00000000e-01  8.00000000e-01 
 2.10000000e-06  1.16384900e+00  2.10000000e-06  4.00000000e-01  8.00000000e-01 
 2.20000000e-06  1.16652949e+00  2.20000000e-06  4.00000000e-01  8.00000000e-01 
 2.30000000e-06  1.16911906e+00  2.30000000e-06  4.00000000e-01  8.00000000e-01 
 2.40000000e-06  1.17162527e+00  2.40000000e-06  4.00000000e-01  8.00000000e-01 
 2.50000000e-06  1.17405480e+00  2.50000000e-06  4.00000000e-01  8.00000000e-01 
 2.60000000e-06  1.17641352e+00  2.60000000e-06  4.00000000e-01  8.00000000e-01 
 2.70000000e-06  1.17870662e+00  2.70000000e-06  4.00000000e-01  8.00000000e-01 
 2.80000000e-06  1.18093876e+00  2.80000000e-06  4.00000000e-01  8.00000000e-01 
 2.90000000e-06  1.18311408e+00  2.90000000e-06  4.00000000e-01  8.00000000e-01 
 3.00000000e-06  1.18523631e+00  3.00000000e-06  4.00000000e-01  8.00000000e-01 
 3.10000000e-06  1.18730882e+00  3.10000000e-06  4.00000000e-01  8.00000000e-01 
 3.20000000e-06  1.18933465e+00  3.20000000e-06  4.00000000e-01  8.00000000e-01 
 3.30000000e-06  1.19131656e+00  3.30000000e-06  4.00000000e-01  8.00000000e-01 
 3.40000000e-06  1.19325709e+00  3.40000000e-06  4.00000000e-01  8.00000000e-01 
 3.50000000e-06  1.19515852e+00  3.50000000e-06  4.00000000e-01  8.00000000e-01 
 3.60000000e-06  1.19702960e+00  3.60000000e-06  4.00000000e-01  8.00000000e-01 
 3.70000000e-06  1.19885790e+00  3.70000000e-06  4.00000000e-01  8.00000000e-01 
 3.80000000e-06  1.20065313e+00  3.80000000e-06  4.00000000e-01  8.00000000e-01 
 3.90000000e-06  1.20241688e+00  3.90000000e-06  4.00000000e-01  8.00000000e-01 
 4.00000000e-06  1.20415066e+00  4.00000000e-06  4.00000000e-01  8.00000000e-01 
 4.10000000e-06  1.20585586e+00  4.10000000e-06  4.00000000e-01  8.00000000e-01 
 4.20000000e-06  1.20753376e+00  4.20000000e-06  4.00000000e-01  8.00000000e-01 
 4.30000000e-06  1.20918557e+00  4.30000000e-06  4.00000000e-01  8.00000000e-01 
 4.40000000e-06  1.21081241e+00  4.40000000e-06  4.00000000e-01  8.00000000e-01 
 4.50000000e-06  1.21241532e+00  4.50000000e-06  4.00000000e-01  8.00000000e-01 
 4.60000000e-06  1.21399530e+00  4.60000000e-06  4.00000000e-01  8.00000000e-01 
 4.70000000e-06  1.21555327e+00  4.70000000e-06  4.00000000e-01  8.00000000e-01 
 4.80000000e-06  1.21709008e+00  4.80000000e-06  4.00000000e-01  8.00000000e-01 
 4.90000000e-06  1.21860655e+00  4.90000000e-06  4.00000000e-01  8.00000000e-01 
 5.00000000e-06  1.22010345e+00  5.00000000e-06  4.00000000e-01  8.00000000e-01 
 5.10000000e-06  1.22158150e+00  5.10000000e-06  4.00000000e-01  8.00000000e-01 
 5.20000000e-06  1.22304137e+00  5.20000000e-06  4.00000000e-01  8.00000000e-01 
 5.30000000e-06  1.22448370e+00  5.30000000e-06  4.00000000e-01  8.00000000e-01 
 5.40000000e-06  1.22590911e+00  5.40000000e-06  4.00000000e-01  8.00000000e-01 
 5.50000000e-06  1.22731817e+00  5.50000000e-06  4.00000000e-01  8.00000000e-01 
 5.60000000e-06  1.22871143e+00  5.60000000e-06  4.00000000e-01  8.00000000e-01 
 5.70000000e-06  1.23008939e+00  5.70000000e-06  4.00000000e-01  8.00000000e-01 
 5.80000000e-06  1.23145255e+00  5.80000000e-06  4.00000000e-01  8.00000000e-01 
 5.90000000e-06  1.23280137e+00  5.90000000e-06  4.00000000e-01  8.00000000e-01 
 6.00000000e-06  1.23413630e+00  6.00000000e-06  4.00000000e-01  8.00000000e-01 
