 i-sweep         v(vout)         i(viin)         v(vgate)        v(vmid)        
 0.00000000e+00  1.00000088e-01  0.00000000e+00  1.00000000e+00  1.00000000e-01 
 1.00000000e-07  1.05564641e-01  1.00000000e-07  1.00000000e+00  1.00000000e-01 
 2.00000000e-07  1.11242504e-01  2.00000000e-07  1.00000000e+00  1.00000000e-01 
 3.00000000e-07  1.17040787e-01  3.00000000e-07  1.00000000e+00  1.00000000e-01 
 4.00000000e-07  1.22967369e-01  4.00000000e-07  1.00000000e+00  1.00000000e-01 
 5.00000000e-07  1.29031027e-01  5.00000000e-07  1.00000000e+00  1.00000000e-01 
 6.00000000e-07  1.35241581e-01  6.00000000e-07  1.00000000e+00  1.00000000e-01 
 7.00000000e-07  1.41610076e-01  7.00000000e-07  1.00000000e+00  1.00000000e-01 
 8.00000000e-07  1.48149007e-01  8.00000000e-07  1.00000000e+00  1.00000000e-01 
 9.00000000e-07  1.54872597e-01  9.00000000e-07  1.00000000e+00  1.00000000e-01 
 1.00000000e-06  1.61797155e-01  1.00000000e-06  1.00000000e+00  1.00000000e-01 
 1.10000000e-06  1.68941518e-01  1.10000000e-06  1.00000000e+00  1.00000000e-01 
 1.20000000e-06  1.76327642e-01  1.20000000e-06  1.00000000e+00  1.00000000e-01 
 1.30000000e-06  1.83981362e-01  1.30000000e-06  1.00000000e+00  1.00000000e-01 
 1.40000000e-06  1.91933426e-01  1.40000000e-06  1.00000000e+00  1.00000000e-01 
 1.50000000e-06  2.00220888e-01  1.50000000e-06  1.00000000e+00  1.00000000e-01 
 1.60000000e-06  2.08889058e-01  1.60000000e-06  1.00000000e+00  1.00000000e-01 
 1.70000000e-06  2.17994301e-01  1.70000000e-06  1.00000000e+00  1.00000000e-01 
 1.80000000e-06  2.27608388e-01  1.80000000e-06  1.00000000e+00  1.00000000e-01 
 1.90000000e-06  2.37824151e-01  1.90000000e-06  1.00000000e+00  1.00000000e-01 
 2.00000000e-06  2.48766422e-01  2.00000000e-06  1.00000000e+00  1.00000000e-01 
 2.10000000e-06  2.60608585e-01  2.10000000e-06  1.00000000e+00  1.00000000e-01 
 2.20000000e-06  2.73603328e-01  2.20000000e-06  1.00000000e+00  1.00000000e-01 
 2.30000000e-06  2.88142700e-01  2.30000000e-06  1.00000000e+00  1.00000000e-01 
 2.40000000e-06  3.04890130e-01  2.40000000e-06  1.00000000e+00  1.00000000e-01 
 2.50000000e-06  3.25121906e-01  2.50000000e-06  1.00000000e+00  1.00000000e-01 
 2.60000000e-06  3.51865545e-01  2.60000000e-06  1.00000000e+00  1.00000000e-01 
 2.70000000e-06  3.95949489e-01  2.70000000e-06  1.00000000e+00  1.00000000e-01 
 2.80000000e-06  5.79679091e-01  2.80000000e-06  1.00000000e+00  1.00000000e-01 
 2.90000000e-06  9.87335725e-01  2.90000000e-06  1.00000000e+00  1.00000000e-01 
 3.00000000e-06  1.03466308e+00  3.00000000e-06  1.00000000e+00  1.00000000e-01 
 3.10000000e-06  1.05794651e+00  3.10000000e-06  1.00000000e+00  1.00000000e-01 
 3.20000000e-06  1.07348562e+00  3.20000000e-06  1.00000000e+00  1.00000000e-01 
 3.30000000e-06  1.08521376e+00  3.30000000e-06  1.00000000e+00  1.00000000e-01 
 3.40000000e-06  1.09468180e+00  3.40000000e-06  1.00000000e+00  1.00000000e-01 
 3.50000000e-06  1.10265658e+00  3.50000000e-06  1.00000000e+00  1.00000000e-01 
 3.60000000e-06  1.10957212e+00  3.60000000e-06  1.00000000e+00  1.00000000e-01 
 3.70000000e-06  1.11569747e+00  3.70000000e-06  1.00000000e+00  1.00000000e-01 
 3.80000000e-06  1.12121074e+00  3.80000000e-06  1.00000000e+00  1.00000000e-01 
 3.90000000e-06  1.12623582e+00  3.90000000e-06  1.00000000e+00  1.00000000e-01 
 4.00000000e-06  1.13086237e+00  4.00000000e-06  1.00000000e+00  1.00000000e-01 
 4.10000000e-06  1.13515731e+00  4.10000000e-06  1.00000000e+00  1.00000000e-01 
 4.20000000e-06  1.13917191e+00  4.20000000e-06  1.00000000e+00  1.00000000e-01 
 4.30000000e-06  1.14294634e+00  4.30000000e-06  1.00000000e+00  1.00000000e-01 
 4.40000000e-06  1.14651262e+00  4.40000000e-06  1.00000000e+00  1.00000000e-01 
 4.50000000e-06  1.14989673e+00  4.50000000e-06  1.00000000e+00  1.00000000e-01 
 4.60000000e-06  1.15311998e+00  4.60000000e-06  1.00000000e+00  1.00000000e-01 
 4.70000000e-06  1.15620014e+00  4.70000000e-06  1.00000000e+00  1.00000000e-01 
 4.80000000e-06  1.15915212e+00  4.80000000e-06  1.00000000e+00  1.00000000e-01 
 4.90000000e-06  1.16198859e+00  4.90000000e-06  1.00000000e+00  1.00000000e-01 
 5.00000000e-06  1.16472041e+00  5.00000000e-06  1.00000000e+00  1.00000000e-01 
 5.10000000e-06  1.16735694e+00  5.10000000e-06  1.00000000e+00  1.00000000e-01 
 5.20000000e-06  1.16990630e+00  5.20000000e-06  1.00000000e+00  1.00000000e-01 
 5.30000000e-06  1.17237562e+00  5.30000000e-06  1.00000000e+00  1.00000000e-01 
 5.40000000e-06  1.17477116e+00  5.40000000e-06  1.00000000e+00  1.00000000e-01 
 5.50000000e-06  1.17709845e+00  5.50000000e-06  1.00000000e+00  1.00000000e-01 
 5.60000000e-06  1.17936241e+00  5.60000000e-06  1.00000000e+00  1.00000000e-01 
 5.70000000e-06  1.18156745e+00  5.70000000e-06  1.00000000e+00  1.00000000e-01 
 5.80000000e-06  1.18371748e+00  5.80000000e-06  1.00000000e+00  1.00000000e-01 
 5.90000000e-06  1.18581608e+00  5.90000000e-06  1.00000000e+00  1.00000000e-01 
 6.00000000e-06  1.18786643e+00  6.00000000e-06  1.00000000e+00  1.00000000e-01 
 6.10000000e-06  1.18987145e+00  6.10000000e-06  1.00000000e+00  1.00000000e-01 
 6.20000000e-06  1.19183378e+00  6.20000000e-06  1.00000000e+00  1.00000000e-01 
 6.30000000e-06  1.19375583e+00  6.30000000e-06  1.00000000e+00  1.00000000e-01 
 6.40000000e-06  1.19563981e+00  6.40000000e-06  1.00000000e+00  1.00000000e-01 
 6.50000000e-06  1.19748773e+00  6.50000000e-06  1.00000000e+00  1.00000000e-01 
 6.60000000e-06  1.19930146e+00  6.60000000e-06  1.00000000e+00  1.00000000e-01 
 6.70000000e-06  1.20108271e+00  6.70000000e-06  1.00000000e+00  1.00000000e-01 
 6.80000000e-06  1.20283308e+00  6.80000000e-06  1.00000000e+00  1.00000000e-01 
 6.90000000e-06  1.20455402e+00  6.90000000e-06  1.00000000e+00  1.00000000e-01 
 7.00000000e-06  1.20624689e+00  7.00000000e-06  1.00000000e+00  1.00000000e-01 
 7.10000000e-06  1.20791296e+00  7.10000000e-06  1.00000000e+00  1.00000000e-01 
 7.20000000e-06  1.20955342e+00  7.20000000e-06  1.00000000e+00  1.00000000e-01 
 7.30000000e-06  1.21116934e+00  7.30000000e-06  1.00000000e+00  1.00000000e-01 
 7.40000000e-06  1.21276177e+00  7.40000000e-06  1.00000000e+00  1.00000000e-01 
 7.50000000e-06  1.21433167e+00  7.50000000e-06  1.00000000e+00  1.00000000e-01 
 7.60000000e-06  1.21587992e+00  7.60000000e-06  1.00000000e+00  1.00000000e-01 
 7.70000000e-06  1.21740738e+00  7.70000000e-06  1.00000000e+00  1.00000000e-01 
 7.80000000e-06  1.21891485e+00  7.80000000e-06  1.00000000e+00  1.00000000e-01 
 7.90000000e-06  1.22040306e+00  7.90000000e-06  1.00000000e+00  1.00000000e-01 
 8.00000000e-06  1.22187272e+00  8.00000000e-06  1.00000000e+00  1.00000000e-01 
 8.10000000e-06  1.22332450e+00  8.10000000e-06  1.00000000e+00  1.00000000e-01 
 8.20000000e-06  1.22475902e+00  8.20000000e-06  1.00000000e+00  1.00000000e-01 
 8.30000000e-06  1.22617687e+00  8.30000000e-06  1.00000000e+00  1.00000000e-01 
 8.40000000e-06  1.22757863e+00  8.40000000e-06  1.00000000e+00  1.00000000e-01 
 8.50000000e-06  1.22896481e+00  8.50000000e-06  1.00000000e+00  1.00000000e-01 
 8.60000000e-06  1.23033592e+00  8.60000000e-06  1.00000000e+00  1.00000000e-01 
 8.70000000e-06  1.23169245e+00  8.70000000e-06  1.00000000e+00  1.00000000e-01 
 8.80000000e-06  1.23303485e+00  8.80000000e-06  1.00000000e+00  1.00000000e-01 
 8.90000000e-06  1.23436354e+00  8.90000000e-06  1.00000000e+00  1.00000000e-01 
 9.00000000e-06  1.23567896e+00  9.00000000e-06  1.00000000e+00  1.00000000e-01 
 9.10000000e-06  1.23698147e+00  9.10000000e-06  1.00000000e+00  1.00000000e-01 
 9.20000000e-06  1.23827147e+00  9.20000000e-06  1.00000000e+00  1.00000000e-01 
 9.30000000e-06  1.23954931e+00  9.30000000e-06  1.00000000e+00  1.00000000e-01 
 9.40000000e-06  1.24081532e+00  9.40000000e-06  1.00000000e+00  1.00000000e-01 
 9.50000000e-06  1.24206985e+00  9.50000000e-06  1.00000000e+00  1.00000000e-01 
 9.60000000e-06  1.24331319e+00  9.60000000e-06  1.00000000e+00  1.00000000e-01 
 9.70000000e-06  1.24454565e+00  9.70000000e-06  1.00000000e+00  1.00000000e-01 
 9.80000000e-06  1.24576752e+00  9.80000000e-06  1.00000000e+00  1.00000000e-01 
 9.90000000e-06  1.24697906e+00  9.90000000e-06  1.00000000e+00  1.00000000e-01 
 1.00000000e-05  1.24818054e+00  1.00000000e-05  1.00000000e+00  1.00000000e-01 
 1.01000000e-05  1.24937222e+00  1.01000000e-05  1.00000000e+00  1.00000000e-01 
 1.02000000e-05  1.25055434e+00  1.02000000e-05  1.00000000e+00  1.00000000e-01 
 1.03000000e-05  1.25172712e+00  1.03000000e-05  1.00000000e+00  1.00000000e-01 
 1.04000000e-05  1.25289080e+00  1.04000000e-05  1.00000000e+00  1.00000000e-01 
 1.05000000e-05  1.25404559e+00  1.05000000e-05  1.00000000e+00  1.00000000e-01 
 1.06000000e-05  1.25519169e+00  1.06000000e-05  1.00000000e+00  1.00000000e-01 
 1.07000000e-05  1.25632931e+00  1.07000000e-05  1.00000000e+00  1.00000000e-01 
 1.08000000e-05  1.25745864e+00  1.08000000e-05  1.00000000e+00  1.00000000e-01 
 1.09000000e-05  1.25857986e+00  1.09000000e-05  1.00000000e+00  1.00000000e-01 
 1.10000000e-05  1.25969316e+00  1.10000000e-05  1.00000000e+00  1.00000000e-01 
 1.11000000e-05  1.26079870e+00  1.11000000e-05  1.00000000e+00  1.00000000e-01 
 1.12000000e-05  1.26189665e+00  1.12000000e-05  1.00000000e+00  1.00000000e-01 
 1.13000000e-05  1.26298717e+00  1.13000000e-05  1.00000000e+00  1.00000000e-01 
 1.14000000e-05  1.26407042e+00  1.14000000e-05  1.00000000e+00  1.00000000e-01 
 1.15000000e-05  1.26514655e+00  1.15000000e-05  1.00000000e+00  1.00000000e-01 
 1.16000000e-05  1.26621570e+00  1.16000000e-05  1.00000000e+00  1.00000000e-01 
 1.17000000e-05  1.26727802e+00  1.17000000e-05  1.00000000e+00  1.00000000e-01 
 1.18000000e-05  1.26833363e+00  1.18000000e-05  1.00000000e+00  1.00000000e-01 
 1.19000000e-05  1.26938267e+00  1.19000000e-05  1.00000000e+00  1.00000000e-01 
 1.20000000e-05  1.27042527e+00  1.20000000e-05  1.00000000e+00  1.00000000e-01 
 1.21000000e-05  1.27146156e+00  1.21000000e-05  1.00000000e+00  1.00000000e-01 
 1.22000000e-05  1.27249164e+00  1.22000000e-05  1.00000000e+00  1.00000000e-01 
 1.23000000e-05  1.27351564e+00  1.23000000e-05  1.00000000e+00  1.00000000e-01 
 1.24000000e-05  1.27453367e+00  1.24000000e-05  1.00000000e+00  1.00000000e-01 
 1.25000000e-05  1.27554584e+00  1.25000000e-05  1.00000000e+00  1.00000000e-01 
 1.26000000e-05  1.27655225e+00  1.26000000e-05  1.00000000e+00  1.00000000e-01 
 1.27000000e-05  1.27755301e+00  1.27000000e-05  1.00000000e+00  1.00000000e-01 
 1.28000000e-05  1.27854822e+00  1.28000000e-05  1.00000000e+00  1.00000000e-01 
 1.29000000e-05  1.27953797e+00  1.29000000e-05  1.00000000e+00  1.00000000e-01 
 1.30000000e-05  1.28052236e+00  1.30000000e-05  1.00000000e+00  1.00000000e-01 
 1.31000000e-05  1.28150148e+00  1.31000000e-05  1.00000000e+00  1.00000000e-01 
 1.32000000e-05  1.28247541e+00  1.32000000e-05  1.00000000e+00  1.00000000e-01 
 1.33000000e-05  1.28344425e+00  1.33000000e-05  1.00000000e+00  1.00000000e-01 
 1.34000000e-05  1.28440809e+00  1.34000000e-05  1.00000000e+00  1.00000000e-01 
 1.35000000e-05  1.28536699e+00  1.35000000e-05  1.00000000e+00  1.00000000e-01 
 1.36000000e-05  1.28632104e+00  1.36000000e-05  1.00000000e+00  1.00000000e-01 
 1.37000000e-05  1.28727033e+00  1.37000000e-05  1.00000000e+00  1.00000000e-01 
 1.38000000e-05  1.28821491e+00  1.38000000e-05  1.00000000e+00  1.00000000e-01 
 1.39000000e-05  1.28915488e+00  1.39000000e-05  1.00000000e+00  1.00000000e-01 
 1.40000000e-05  1.29009030e+00  1.40000000e-05  1.00000000e+00  1.00000000e-01 
 1.41000000e-05  1.29102123e+00  1.41000000e-05  1.00000000e+00  1.00000000e-01 
 1.42000000e-05  1.29194776e+00  1.42000000e-05  1.00000000e+00  1.00000000e-01 
 1.43000000e-05  1.29286994e+00  1.43000000e-05  1.00000000e+00  1.00000000e-01 
 1.44000000e-05  1.29378784e+00  1.44000000e-05  1.00000000e+00  1.00000000e-01 
 1.45000000e-05  1.29470152e+00  1.45000000e-05  1.00000000e+00  1.00000000e-01 
 1.46000000e-05  1.29561105e+00  1.46000000e-05  1.00000000e+00  1.00000000e-01 
 1.47000000e-05  1.29651649e+00  1.47000000e-05  1.00000000e+00  1.00000000e-01 
 1.48000000e-05  1.29741789e+00  1.48000000e-05  1.00000000e+00  1.00000000e-01 
 1.49000000e-05  1.29831531e+00  1.49000000e-05  1.00000000e+00  1.00000000e-01 
 1.50000000e-05  1.29920881e+00  1.50000000e-05  1.00000000e+00  1.00000000e-01 
 1.51000000e-05  1.30009844e+00  1.51000000e-05  1.00000000e+00  1.00000000e-01 
 1.52000000e-05  1.30098426e+00  1.52000000e-05  1.00000000e+00  1.00000000e-01 
 1.53000000e-05  1.30186631e+00  1.53000000e-05  1.00000000e+00  1.00000000e-01 
 1.54000000e-05  1.30274466e+00  1.54000000e-05  1.00000000e+00  1.00000000e-01 
 1.55000000e-05  1.30361935e+00  1.55000000e-05  1.00000000e+00  1.00000000e-01 
 1.56000000e-05  1.30449042e+00  1.56000000e-05  1.00000000e+00  1.00000000e-01 
 1.57000000e-05  1.30535794e+00  1.57000000e-05  1.00000000e+00  1.00000000e-01 
 1.58000000e-05  1.30622193e+00  1.58000000e-05  1.00000000e+00  1.00000000e-01 
 1.59000000e-05  1.30708246e+00  1.59000000e-05  1.00000000e+00  1.00000000e-01 
 1.60000000e-05  1.30793956e+00  1.60000000e-05  1.00000000e+00  1.00000000e-01 
 1.61000000e-05  1.30879328e+00  1.61000000e-05  1.00000000e+00  1.00000000e-01 
 1.62000000e-05  1.30964366e+00  1.62000000e-05  1.00000000e+00  1.00000000e-01 
 1.63000000e-05  1.31049075e+00  1.63000000e-05  1.00000000e+00  1.00000000e-01 
 1.64000000e-05  1.31133457e+00  1.64000000e-05  1.00000000e+00  1.00000000e-01 
 1.65000000e-05  1.31217519e+00  1.65000000e-05  1.00000000e+00  1.00000000e-01 
 1.66000000e-05  1.31301262e+00  1.66000000e-05  1.00000000e+00  1.00000000e-01 
 1.67000000e-05  1.31384692e+00  1.67000000e-05  1.00000000e+00  1.00000000e-01 
 1.68000000e-05  1.31467813e+00  1.68000000e-05  1.00000000e+00  1.00000000e-01 
 1.69000000e-05  1.31550627e+00  1.69000000e-05  1.00000000e+00  1.00000000e-01 
 1.70000000e-05  1.31633138e+00  1.70000000e-05  1.00000000e+00  1.00000000e-01 
 1.71000000e-05  1.31715350e+00  1.71000000e-05  1.00000000e+00  1.00000000e-01 
 1.72000000e-05  1.31797267e+00  1.72000000e-05  1.00000000e+00  1.00000000e-01 
 1.73000000e-05  1.31878892e+00  1.73000000e-05  1.00000000e+00  1.00000000e-01 
 1.74000000e-05  1.31960228e+00  1.74000000e-05  1.00000000e+00  1.00000000e-01 
 1.75000000e-05  1.32041279e+00  1.75000000e-05  1.00000000e+00  1.00000000e-01 
 1.76000000e-05  1.32122048e+00  1.76000000e-05  1.00000000e+00  1.00000000e-01 
 1.77000000e-05  1.32202538e+00  1.77000000e-05  1.00000000e+00  1.00000000e-01 
 1.78000000e-05  1.32282752e+00  1.78000000e-05  1.00000000e+00  1.00000000e-01 
 1.79000000e-05  1.32362693e+00  1.79000000e-05  1.00000000e+00  1.00000000e-01 
 1.80000000e-05  1.32442364e+00  1.80000000e-05  1.00000000e+00  1.00000000e-01 
 1.81000000e-05  1.32521769e+00  1.81000000e-05  1.00000000e+00  1.00000000e-01 
 1.82000000e-05  1.32600910e+00  1.82000000e-05  1.00000000e+00  1.00000000e-01 
 1.83000000e-05  1.32679789e+00  1.83000000e-05  1.00000000e+00  1.00000000e-01 
 1.84000000e-05  1.32758411e+00  1.84000000e-05  1.00000000e+00  1.00000000e-01 
 1.85000000e-05  1.32836777e+00  1.85000000e-05  1.00000000e+00  1.00000000e-01 
 1.86000000e-05  1.32914890e+00  1.86000000e-05  1.00000000e+00  1.00000000e-01 
 1.87000000e-05  1.32992753e+00  1.87000000e-05  1.00000000e+00  1.00000000e-01 
 1.88000000e-05  1.33070368e+00  1.88000000e-05  1.00000000e+00  1.00000000e-01 
 1.89000000e-05  1.33147738e+00  1.89000000e-05  1.00000000e+00  1.00000000e-01 
 1.90000000e-05  1.33224866e+00  1.90000000e-05  1.00000000e+00  1.00000000e-01 
 1.91000000e-05  1.33301753e+00  1.91000000e-05  1.00000000e+00  1.00000000e-01 
 1.92000000e-05  1.33378404e+00  1.92000000e-05  1.00000000e+00  1.00000000e-01 
 1.93000000e-05  1.33454818e+00  1.93000000e-05  1.00000000e+00  1.00000000e-01 
 1.94000000e-05  1.33531000e+00  1.94000000e-05  1.00000000e+00  1.00000000e-01 
 1.95000000e-05  1.33606952e+00  1.95000000e-05  1.00000000e+00  1.00000000e-01 
 1.96000000e-05  1.33682675e+00  1.96000000e-05  1.00000000e+00  1.00000000e-01 
 1.97000000e-05  1.33758172e+00  1.97000000e-05  1.00000000e+00  1.00000000e-01 
 1.98000000e-05  1.33833445e+00  1.98000000e-05  1.00000000e+00  1.00000000e-01 
 1.99000000e-05  1.33908497e+00  1.99000000e-05  1.00000000e+00  1.00000000e-01 
 2.00000000e-05  1.33983329e+00  2.00000000e-05  1.00000000e+00  1.00000000e-01 
 2.01000000e-05  1.34057943e+00  2.01000000e-05  1.00000000e+00  1.00000000e-01 
 2.02000000e-05  1.34132342e+00  2.02000000e-05  1.00000000e+00  1.00000000e-01 
 2.03000000e-05  1.34206528e+00  2.03000000e-05  1.00000000e+00  1.00000000e-01 
 2.04000000e-05  1.34280502e+00  2.04000000e-05  1.00000000e+00  1.00000000e-01 
 2.05000000e-05  1.34354267e+00  2.05000000e-05  1.00000000e+00  1.00000000e-01 
 2.06000000e-05  1.34427824e+00  2.06000000e-05  1.00000000e+00  1.00000000e-01 
 2.07000000e-05  1.34501176e+00  2.07000000e-05  1.00000000e+00  1.00000000e-01 
 2.08000000e-05  1.34574324e+00  2.08000000e-05  1.00000000e+00  1.00000000e-01 
 2.09000000e-05  1.34647270e+00  2.09000000e-05  1.00000000e+00  1.00000000e-01 
 2.10000000e-05  1.34720016e+00  2.10000000e-05  1.00000000e+00  1.00000000e-01 
 2.11000000e-05  1.34792564e+00  2.11000000e-05  1.00000000e+00  1.00000000e-01 
 2.12000000e-05  1.34864915e+00  2.12000000e-05  1.00000000e+00  1.00000000e-01 
 2.13000000e-05  1.34937072e+00  2.13000000e-05  1.00000000e+00  1.00000000e-01 
 2.14000000e-05  1.35009035e+00  2.14000000e-05  1.00000000e+00  1.00000000e-01 
 2.15000000e-05  1.35080807e+00  2.15000000e-05  1.00000000e+00  1.00000000e-01 
 2.16000000e-05  1.35152389e+00  2.16000000e-05  1.00000000e+00  1.00000000e-01 
 2.17000000e-05  1.35223784e+00  2.17000000e-05  1.00000000e+00  1.00000000e-01 
 2.18000000e-05  1.35294991e+00  2.18000000e-05  1.00000000e+00  1.00000000e-01 
 2.19000000e-05  1.35366014e+00  2.19000000e-05  1.00000000e+00  1.00000000e-01 
 2.20000000e-05  1.35436854e+00  2.20000000e-05  1.00000000e+00  1.00000000e-01 
 2.21000000e-05  1.35507512e+00  2.21000000e-05  1.00000000e+00  1.00000000e-01 
 2.22000000e-05  1.35577990e+00  2.22000000e-05  1.00000000e+00  1.00000000e-01 
 2.23000000e-05  1.35648288e+00  2.23000000e-05  1.00000000e+00  1.00000000e-01 
 2.24000000e-05  1.35718410e+00  2.24000000e-05  1.00000000e+00  1.00000000e-01 
 2.25000000e-05  1.35788356e+00  2.25000000e-05  1.00000000e+00  1.00000000e-01 
 2.26000000e-05  1.35858127e+00  2.26000000e-05  1.00000000e+00  1.00000000e-01 
 2.27000000e-05  1.35927726e+00  2.27000000e-05  1.00000000e+00  1.00000000e-01 
 2.28000000e-05  1.35997153e+00  2.28000000e-05  1.00000000e+00  1.00000000e-01 
 2.29000000e-05  1.36066410e+00  2.29000000e-05  1.00000000e+00  1.00000000e-01 
 2.30000000e-05  1.36135498e+00  2.30000000e-05  1.00000000e+00  1.00000000e-01 
 2.31000000e-05  1.36204419e+00  2.31000000e-05  1.00000000e+00  1.00000000e-01 
 2.32000000e-05  1.36273174e+00  2.32000000e-05  1.00000000e+00  1.00000000e-01 
 2.33000000e-05  1.36341763e+00  2.33000000e-05  1.00000000e+00  1.00000000e-01 
 2.34000000e-05  1.36410190e+00  2.34000000e-05  1.00000000e+00  1.00000000e-01 
 2.35000000e-05  1.36478454e+00  2.35000000e-05  1.00000000e+00  1.00000000e-01 
 2.36000000e-05  1.36546557e+00  2.36000000e-05  1.00000000e+00  1.00000000e-01 
 2.37000000e-05  1.36614500e+00  2.37000000e-05  1.00000000e+00  1.00000000e-01 
 2.38000000e-05  1.36682285e+00  2.38000000e-05  1.00000000e+00  1.00000000e-01 
 2.39000000e-05  1.36749913e+00  2.39000000e-05  1.00000000e+00  1.00000000e-01 
 2.40000000e-05  1.36817384e+00  2.40000000e-05  1.00000000e+00  1.00000000e-01 
 2.41000000e-05  1.36884701e+00  2.41000000e-05  1.00000000e+00  1.00000000e-01 
 2.42000000e-05  1.36951864e+00  2.42000000e-05  1.00000000e+00  1.00000000e-01 
 2.43000000e-05  1.37018874e+00  2.43000000e-05  1.00000000e+00  1.00000000e-01 
 2.44000000e-05  1.37085733e+00  2.44000000e-05  1.00000000e+00  1.00000000e-01 
 2.45000000e-05  1.37152441e+00  2.45000000e-05  1.00000000e+00  1.00000000e-01 
 2.46000000e-05  1.37219000e+00  2.46000000e-05  1.00000000e+00  1.00000000e-01 
 2.47000000e-05  1.37285411e+00  2.47000000e-05  1.00000000e+00  1.00000000e-01 
 2.48000000e-05  1.37351675e+00  2.48000000e-05  1.00000000e+00  1.00000000e-01 
 2.49000000e-05  1.37417793e+00  2.49000000e-05  1.00000000e+00  1.00000000e-01 
 2.50000000e-05  1.37483766e+00  2.50000000e-05  1.00000000e+00  1.00000000e-01 
