 i-sweep         v(vout)         i(viin)         v(vgate)        v(vmid)        
-6.00000000e-06  2.17593890e-01 -6.00000000e-06  1.30000000e+00  1.50000000e+00 
-5.90000000e-06  2.21145590e-01 -5.90000000e-06  1.30000000e+00  1.50000000e+00 
-5.80000000e-06  2.24725473e-01 -5.80000000e-06  1.30000000e+00  1.50000000e+00 
-5.70000000e-06  2.28334238e-01 -5.70000000e-06  1.30000000e+00  1.50000000e+00 
-5.60000000e-06  2.31972616e-01 -5.60000000e-06  1.30000000e+00  1.50000000e+00 
-5.50000000e-06  2.35641365e-01 -5.50000000e-06  1.30000000e+00  1.50000000e+00 
-5.40000000e-06  2.39341280e-01 -5.40000000e-06  1.30000000e+00  1.50000000e+00 
-5.30000000e-06  2.43073189e-01 -5.30000000e-06  1.30000000e+00  1.50000000e+00 
-5.20000000e-06  2.46837959e-01 -5.20000000e-06  1.30000000e+00  1.50000000e+00 
-5.10000000e-06  2.50636495e-01 -5.10000000e-06  1.30000000e+00  1.50000000e+00 
-5.00000000e-06  2.54469748e-01 -5.00000000e-06  1.30000000e+00  1.50000000e+00 
-4.90000000e-06  2.58338712e-01 -4.90000000e-06  1.30000000e+00  1.50000000e+00 
-4.80000000e-06  2.62244433e-01 -4.80000000e-06  1.30000000e+00  1.50000000e+00 
-4.70000000e-06  2.66188006e-01 -4.70000000e-06  1.30000000e+00  1.50000000e+00 
-4.60000000e-06  2.70170587e-01 -4.60000000e-06  1.30000000e+00  1.50000000e+00 
-4.50000000e-06  2.74193390e-01 -4.50000000e-06  1.30000000e+00  1.50000000e+00 
-4.40000000e-06  2.78257695e-01 -4.40000000e-06  1.30000000e+00  1.50000000e+00 
-4.30000000e-06  2.82364856e-01 -4.30000000e-06  1.30000000e+00  1.50000000e+00 
-4.20000000e-06  2.86516302e-01 -4.20000000e-06  1.30000000e+00  1.50000000e+00 
-4.10000000e-06  2.90713545e-01 -4.10000000e-06  1.30000000e+00  1.50000000e+00 
-4.00000000e-06  2.94958190e-01 -4.00000000e-06  1.30000000e+00  1.50000000e+00 
-3.90000000e-06  2.99251942e-01 -3.90000000e-06  1.30000000e+00  1.50000000e+00 
-3.80000000e-06  3.03596612e-01 -3.80000000e-06  1.30000000e+00  1.50000000e+00 
-3.70000000e-06  3.07994133e-01 -3.70000000e-06  1.30000000e+00  1.50000000e+00 
-3.60000000e-06  3.12446568e-01 -3.60000000e-06  1.30000000e+00  1.50000000e+00 
-3.50000000e-06  3.16956125e-01 -3.50000000e-06  1.30000000e+00  1.50000000e+00 
-3.40000000e-06  3.21525171e-01 -3.40000000e-06  1.30000000e+00  1.50000000e+00 
-3.30000000e-06  3.26156253e-01 -3.30000000e-06  1.30000000e+00  1.50000000e+00 
-3.20000000e-06  3.30852115e-01 -3.20000000e-06  1.30000000e+00  1.50000000e+00 
-3.10000000e-06  3.35615720e-01 -3.10000000e-06  1.30000000e+00  1.50000000e+00 
-3.00000000e-06  3.40450282e-01 -3.00000000e-06  1.30000000e+00  1.50000000e+00 
-2.90000000e-06  3.45359294e-01 -2.90000000e-06  1.30000000e+00  1.50000000e+00 
-2.80000000e-06  3.50346567e-01 -2.80000000e-06  1.30000000e+00  1.50000000e+00 
-2.70000000e-06  3.55416270e-01 -2.70000000e-06  1.30000000e+00  1.50000000e+00 
-2.60000000e-06  3.60572988e-01 -2.60000000e-06  1.30000000e+00  1.50000000e+00 
-2.50000000e-06  3.65821776e-01 -2.50000000e-06  1.30000000e+00  1.50000000e+00 
-2.40000000e-06  3.71168240e-01 -2.40000000e-06  1.30000000e+00  1.50000000e+00 
-2.30000000e-06  3.76618622e-01 -2.30000000e-06  1.30000000e+00  1.50000000e+00 
-2.20000000e-06  3.82179910e-01 -2.20000000e-06  1.30000000e+00  1.50000000e+00 
-2.10000000e-06  3.87859972e-01 -2.10000000e-06  1.30000000e+00  1.50000000e+00 
-2.00000000e-06  3.93667724e-01 -2.00000000e-06  1.30000000e+00  1.50000000e+00 
-1.90000000e-06  3.99613334e-01 -1.90000000e-06  1.30000000e+00  1.50000000e+00 
-1.80000000e-06  4.05708489e-01 -1.80000000e-06  1.30000000e+00  1.50000000e+00 
-1.70000000e-06  4.11966729e-01 -1.70000000e-06  1.30000000e+00  1.50000000e+00 
-1.60000000e-06  4.18403887e-01 -1.60000000e-06  1.30000000e+00  1.50000000e+00 
-1.50000000e-06  4.25038662e-01 -1.50000000e-06  1.30000000e+00  1.50000000e+00 
-1.40000000e-06  4.31893391e-01 -1.40000000e-06  1.30000000e+00  1.50000000e+00 
-1.30000000e-06  4.38995099e-01 -1.30000000e-06  1.30000000e+00  1.50000000e+00 
-1.20000000e-06  4.46376961e-01 -1.20000000e-06  1.30000000e+00  1.50000000e+00 
-1.10000000e-06  4.54080388e-01 -1.10000000e-06  1.30000000e+00  1.50000000e+00 
-1.00000000e-06  4.62158088e-01 -1.00000000e-06  1.30000000e+00  1.50000000e+00 
-9.00000000e-07  4.70678709e-01 -9.00000000e-07  1.30000000e+00  1.50000000e+00 
-8.00000000e-07  4.79734165e-01 -8.00000000e-07  1.30000000e+00  1.50000000e+00 
-7.00000000e-07  4.89451770e-01 -7.00000000e-07  1.30000000e+00  1.50000000e+00 
-6.00000000e-07  5.00015602e-01 -6.00000000e-07  1.30000000e+00  1.50000000e+00 
-5.00000000e-07  5.11707096e-01 -5.00000000e-07  1.30000000e+00  1.50000000e+00 
-4.00000000e-07  5.24990648e-01 -4.00000000e-07  1.30000000e+00  1.50000000e+00 
-3.00000000e-07  5.40722458e-01 -3.00000000e-07  1.30000000e+00  1.50000000e+00 
-2.00000000e-07  5.60789054e-01 -2.00000000e-07  1.30000000e+00  1.50000000e+00 
-1.00000000e-07  5.91093483e-01 -1.00000000e-07  1.30000000e+00  1.50000000e+00 
-5.71747239e-21  9.23620824e-01 -5.71747239e-21  1.30000000e+00  1.50000000e+00 
 1.00000000e-07  1.28354421e+00  1.00000000e-07  1.30000000e+00  1.50000000e+00 
 2.00000000e-07  1.31585136e+00  2.00000000e-07  1.30000000e+00  1.50000000e+00 
 3.00000000e-07  1.33468185e+00  3.00000000e-07  1.30000000e+00  1.50000000e+00 
 4.00000000e-07  1.34809174e+00  4.00000000e-07  1.30000000e+00  1.50000000e+00 
 5.00000000e-07  1.35855130e+00  5.00000000e-07  1.30000000e+00  1.50000000e+00 
 6.00000000e-07  1.36718161e+00  6.00000000e-07  1.30000000e+00  1.50000000e+00 
 7.00000000e-07  1.37455784e+00  7.00000000e-07  1.30000000e+00  1.50000000e+00 
 8.00000000e-07  1.38102173e+00  8.00000000e-07  1.30000000e+00  1.50000000e+00 
 9.00000000e-07  1.38679227e+00  9.00000000e-07  1.30000000e+00  1.50000000e+00 
 1.00000000e-06  1.39201797e+00  1.00000000e-06  1.30000000e+00  1.50000000e+00 
 1.10000000e-06  1.39680413e+00  1.10000000e-06  1.30000000e+00  1.50000000e+00 
 1.20000000e-06  1.40124213e+00  1.20000000e-06  1.30000000e+00  1.50000000e+00 
 1.30000000e-06  1.40535737e+00  1.30000000e-06  1.30000000e+00  1.50000000e+00 
 1.40000000e-06  1.40921606e+00  1.40000000e-06  1.30000000e+00  1.50000000e+00 
 1.50000000e-06  1.41285322e+00  1.50000000e-06  1.30000000e+00  1.50000000e+00 
 1.60000000e-06  1.41629716e+00  1.60000000e-06  1.30000000e+00  1.50000000e+00 
 1.70000000e-06  1.41957109e+00  1.70000000e-06  1.30000000e+00  1.50000000e+00 
 1.80000000e-06  1.42269425e+00  1.80000000e-06  1.30000000e+00  1.50000000e+00 
 1.90000000e-06  1.42568275e+00  1.90000000e-06  1.30000000e+00  1.50000000e+00 
 2.00000000e-06  1.42855023e+00  2.00000000e-06  1.30000000e+00  1.50000000e+00 
 2.10000000e-06  1.43130834e+00  2.10000000e-06  1.30000000e+00  1.50000000e+00 
 2.20000000e-06  1.43396708e+00  2.20000000e-06  1.30000000e+00  1.50000000e+00 
 2.30000000e-06  1.43653514e+00  2.30000000e-06  1.30000000e+00  1.50000000e+00 
 2.40000000e-06  1.43902007e+00  2.40000000e-06  1.30000000e+00  1.50000000e+00 
 2.50000000e-06  1.44142854e+00  2.50000000e-06  1.30000000e+00  1.50000000e+00 
 2.60000000e-06  1.44376638e+00  2.60000000e-06  1.30000000e+00  1.50000000e+00 
 2.70000000e-06  1.44603879e+00  2.70000000e-06  1.30000000e+00  1.50000000e+00 
 2.80000000e-06  1.44825041e+00  2.80000000e-06  1.30000000e+00  1.50000000e+00 
 2.90000000e-06  1.45040538e+00  2.90000000e-06  1.30000000e+00  1.50000000e+00 
 3.00000000e-06  1.45250741e+00  3.00000000e-06  1.30000000e+00  1.50000000e+00 
 3.10000000e-06  1.45455987e+00  3.10000000e-06  1.30000000e+00  1.50000000e+00 
 3.20000000e-06  1.45656578e+00  3.20000000e-06  1.30000000e+00  1.50000000e+00 
 3.30000000e-06  1.45852792e+00  3.30000000e-06  1.30000000e+00  1.50000000e+00 
 3.40000000e-06  1.46044879e+00  3.40000000e-06  1.30000000e+00  1.50000000e+00 
 3.50000000e-06  1.46233069e+00  3.50000000e-06  1.30000000e+00  1.50000000e+00 
 3.60000000e-06  1.46417573e+00  3.60000000e-06  1.30000000e+00  1.50000000e+00 
 3.70000000e-06  1.46598583e+00  3.70000000e-06  1.30000000e+00  1.50000000e+00 
 3.80000000e-06  1.46776277e+00  3.80000000e-06  1.30000000e+00  1.50000000e+00 
 3.90000000e-06  1.46950819e+00  3.90000000e-06  1.30000000e+00  1.50000000e+00 
 4.00000000e-06  1.47122362e+00  4.00000000e-06  1.30000000e+00  1.50000000e+00 
 4.10000000e-06  1.47291045e+00  4.10000000e-06  1.30000000e+00  1.50000000e+00 
 4.20000000e-06  1.47457000e+00  4.20000000e-06  1.30000000e+00  1.50000000e+00 
 4.30000000e-06  1.47620347e+00  4.30000000e-06  1.30000000e+00  1.50000000e+00 
 4.40000000e-06  1.47781201e+00  4.40000000e-06  1.30000000e+00  1.50000000e+00 
 4.50000000e-06  1.47939666e+00  4.50000000e-06  1.30000000e+00  1.50000000e+00 
 4.60000000e-06  1.48095842e+00  4.60000000e-06  1.30000000e+00  1.50000000e+00 
 4.70000000e-06  1.48249821e+00  4.70000000e-06  1.30000000e+00  1.50000000e+00 
 4.80000000e-06  1.48401690e+00  4.80000000e-06  1.30000000e+00  1.50000000e+00 
 4.90000000e-06  1.48551530e+00  4.90000000e-06  1.30000000e+00  1.50000000e+00 
 5.00000000e-06  1.48699418e+00  5.00000000e-06  1.30000000e+00  1.50000000e+00 
 5.10000000e-06  1.48846357e+00  5.10000000e-06  1.30000000e+00  1.50000000e+00 
 5.20000000e-06  1.48990482e+00  5.20000000e-06  1.30000000e+00  1.50000000e+00 
 5.30000000e-06  1.49132866e+00  5.30000000e-06  1.30000000e+00  1.50000000e+00 
 5.40000000e-06  1.49273568e+00  5.40000000e-06  1.30000000e+00  1.50000000e+00 
 5.50000000e-06  1.49412647e+00  5.50000000e-06  1.30000000e+00  1.50000000e+00 
 5.60000000e-06  1.49550156e+00  5.60000000e-06  1.30000000e+00  1.50000000e+00 
 5.70000000e-06  1.49686145e+00  5.70000000e-06  1.30000000e+00  1.50000000e+00 
 5.80000000e-06  1.49820664e+00  5.80000000e-06  1.30000000e+00  1.50000000e+00 
 5.90000000e-06  1.49953758e+00  5.90000000e-06  1.30000000e+00  1.50000000e+00 
 6.00000000e-06  1.50085471e+00  6.00000000e-06  1.30000000e+00  1.50000000e+00 
