 i-sweep         v(vout)         i(viin)         v(vgate)        v(vmid)        
 0.00000000e+00  5.00000033e-01  0.00000000e+00  1.60000000e+00  5.00000000e-01 
 1.00000000e-07  5.04156219e-01  1.00000000e-07  1.60000000e+00  5.00000000e-01 
 2.00000000e-07  5.08358133e-01  2.00000000e-07  1.60000000e+00  5.00000000e-01 
 3.00000000e-07  5.12607295e-01  3.00000000e-07  1.60000000e+00  5.00000000e-01 
 4.00000000e-07  5.16905309e-01  4.00000000e-07  1.60000000e+00  5.00000000e-01 
 5.00000000e-07  5.21253874e-01  5.00000000e-07  1.60000000e+00  5.00000000e-01 
 6.00000000e-07  5.25654787e-01  6.00000000e-07  1.60000000e+00  5.00000000e-01 
 7.00000000e-07  5.30109954e-01  7.00000000e-07  1.60000000e+00  5.00000000e-01 
 8.00000000e-07  5.34621403e-01  8.00000000e-07  1.60000000e+00  5.00000000e-01 
 9.00000000e-07  5.39191286e-01  9.00000000e-07  1.60000000e+00  5.00000000e-01 
 1.00000000e-06  5.43821899e-01  1.00000000e-06  1.60000000e+00  5.00000000e-01 
 1.10000000e-06  5.48515691e-01  1.10000000e-06  1.60000000e+00  5.00000000e-01 
 1.20000000e-06  5.53275279e-01  1.20000000e-06  1.60000000e+00  5.00000000e-01 
 1.30000000e-06  5.58103466e-01  1.30000000e-06  1.60000000e+00  5.00000000e-01 
 1.40000000e-06  5.63003260e-01  1.40000000e-06  1.60000000e+00  5.00000000e-01 
 1.50000000e-06  5.67977892e-01  1.50000000e-06  1.60000000e+00  5.00000000e-01 
 1.60000000e-06  5.73030845e-01  1.60000000e-06  1.60000000e+00  5.00000000e-01 
 1.70000000e-06  5.78165880e-01  1.70000000e-06  1.60000000e+00  5.00000000e-01 
 1.80000000e-06  5.83387067e-01  1.80000000e-06  1.60000000e+00  5.00000000e-01 
 1.90000000e-06  5.88698822e-01  1.90000000e-06  1.60000000e+00  5.00000000e-01 
 2.00000000e-06  5.94105950e-01  2.00000000e-06  1.60000000e+00  5.00000000e-01 
 2.10000000e-06  5.99613695e-01  2.10000000e-06  1.60000000e+00  5.00000000e-01 
 2.20000000e-06  6.05227798e-01  2.20000000e-06  1.60000000e+00  5.00000000e-01 
 2.30000000e-06  6.10954564e-01  2.30000000e-06  1.60000000e+00  5.00000000e-01 
 2.40000000e-06  6.16800942e-01  2.40000000e-06  1.60000000e+00  5.00000000e-01 
 2.50000000e-06  6.22774623e-01  2.50000000e-06  1.60000000e+00  5.00000000e-01 
 2.60000000e-06  6.28884152e-01  2.60000000e-06  1.60000000e+00  5.00000000e-01 
 2.70000000e-06  6.35139071e-01  2.70000000e-06  1.60000000e+00  5.00000000e-01 
 2.80000000e-06  6.41550081e-01  2.80000000e-06  1.60000000e+00  5.00000000e-01 
 2.90000000e-06  6.48129255e-01  2.90000000e-06  1.60000000e+00  5.00000000e-01 
 3.00000000e-06  6.54890291e-01  3.00000000e-06  1.60000000e+00  5.00000000e-01 
 3.10000000e-06  6.61848836e-01  3.10000000e-06  1.60000000e+00  5.00000000e-01 
 3.20000000e-06  6.69022890e-01  3.20000000e-06  1.60000000e+00  5.00000000e-01 
 3.30000000e-06  6.76433329e-01  3.30000000e-06  1.60000000e+00  5.00000000e-01 
 3.40000000e-06  6.84104586e-01  3.40000000e-06  1.60000000e+00  5.00000000e-01 
 3.50000000e-06  6.92065548e-01  3.50000000e-06  1.60000000e+00  5.00000000e-01 
 3.60000000e-06  7.00350764e-01  3.60000000e-06  1.60000000e+00  5.00000000e-01 
 3.70000000e-06  7.09002102e-01  3.70000000e-06  1.60000000e+00  5.00000000e-01 
 3.80000000e-06  7.18071079e-01  3.80000000e-06  1.60000000e+00  5.00000000e-01 
 3.90000000e-06  7.27622214e-01  3.90000000e-06  1.60000000e+00  5.00000000e-01 
 4.00000000e-06  7.37738016e-01  4.00000000e-06  1.60000000e+00  5.00000000e-01 
 4.10000000e-06  7.48526659e-01  4.10000000e-06  1.60000000e+00  5.00000000e-01 
 4.20000000e-06  7.60134321e-01  4.20000000e-06  1.60000000e+00  5.00000000e-01 
 4.30000000e-06  7.72766052e-01  4.30000000e-06  1.60000000e+00  5.00000000e-01 
 4.40000000e-06  7.86723395e-01  4.40000000e-06  1.60000000e+00  5.00000000e-01 
 4.50000000e-06  8.02477788e-01  4.50000000e-06  1.60000000e+00  5.00000000e-01 
 4.60000000e-06  8.20829105e-01  4.60000000e-06  1.60000000e+00  5.00000000e-01 
 4.70000000e-06  8.43295564e-01  4.70000000e-06  1.60000000e+00  5.00000000e-01 
 4.80000000e-06  8.73227769e-01  4.80000000e-06  1.60000000e+00  5.00000000e-01 
 4.90000000e-06  9.18805008e-01  4.90000000e-06  1.60000000e+00  5.00000000e-01 
 5.00000000e-06  9.81973940e-01  5.00000000e-06  1.60000000e+00  5.00000000e-01 
 5.10000000e-06  1.02573506e+00  5.10000000e-06  1.60000000e+00  5.00000000e-01 
 5.20000000e-06  1.05093610e+00  5.20000000e-06  1.60000000e+00  5.00000000e-01 
 5.30000000e-06  1.06783836e+00  5.30000000e-06  1.60000000e+00  5.00000000e-01 
 5.40000000e-06  1.08047741e+00  5.40000000e-06  1.60000000e+00  5.00000000e-01 
 5.50000000e-06  1.09058524e+00  5.50000000e-06  1.60000000e+00  5.00000000e-01 
 5.60000000e-06  1.09902798e+00  5.60000000e-06  1.60000000e+00  5.00000000e-01 
 5.70000000e-06  1.10630245e+00  5.70000000e-06  1.60000000e+00  5.00000000e-01 
 5.80000000e-06  1.11271101e+00  5.80000000e-06  1.60000000e+00  5.00000000e-01 
 5.90000000e-06  1.11845348e+00  5.90000000e-06  1.60000000e+00  5.00000000e-01 
 6.00000000e-06  1.12367110e+00  6.00000000e-06  1.60000000e+00  5.00000000e-01 
 6.10000000e-06  1.12845393e+00  6.10000000e-06  1.60000000e+00  5.00000000e-01 
 6.20000000e-06  1.13288445e+00  6.20000000e-06  1.60000000e+00  5.00000000e-01 
 6.30000000e-06  1.13701630e+00  6.30000000e-06  1.60000000e+00  5.00000000e-01 
 6.40000000e-06  1.14089305e+00  6.40000000e-06  1.60000000e+00  5.00000000e-01 
 6.50000000e-06  1.14454945e+00  6.50000000e-06  1.60000000e+00  5.00000000e-01 
 6.60000000e-06  1.14801357e+00  6.60000000e-06  1.60000000e+00  5.00000000e-01 
 6.70000000e-06  1.15130839e+00  6.70000000e-06  1.60000000e+00  5.00000000e-01 
 6.80000000e-06  1.15445295e+00  6.80000000e-06  1.60000000e+00  5.00000000e-01 
 6.90000000e-06  1.15746323e+00  6.90000000e-06  1.60000000e+00  5.00000000e-01 
 7.00000000e-06  1.16035274e+00  7.00000000e-06  1.60000000e+00  5.00000000e-01 
 7.10000000e-06  1.16313305e+00  7.10000000e-06  1.60000000e+00  5.00000000e-01 
 7.20000000e-06  1.16581408e+00  7.20000000e-06  1.60000000e+00  5.00000000e-01 
 7.30000000e-06  1.16840445e+00  7.30000000e-06  1.60000000e+00  5.00000000e-01 
 7.40000000e-06  1.17091169e+00  7.40000000e-06  1.60000000e+00  5.00000000e-01 
 7.50000000e-06  1.17334241e+00  7.50000000e-06  1.60000000e+00  5.00000000e-01 
 7.60000000e-06  1.17570244e+00  7.60000000e-06  1.60000000e+00  5.00000000e-01 
 7.70000000e-06  1.17799696e+00  7.70000000e-06  1.60000000e+00  5.00000000e-01 
 7.80000000e-06  1.18023057e+00  7.80000000e-06  1.60000000e+00  5.00000000e-01 
 7.90000000e-06  1.18240741e+00  7.90000000e-06  1.60000000e+00  5.00000000e-01 
 8.00000000e-06  1.18453120e+00  8.00000000e-06  1.60000000e+00  5.00000000e-01 
 8.10000000e-06  1.18660528e+00  8.10000000e-06  1.60000000e+00  5.00000000e-01 
 8.20000000e-06  1.18863269e+00  8.20000000e-06  1.60000000e+00  5.00000000e-01 
 8.30000000e-06  1.19061619e+00  8.30000000e-06  1.60000000e+00  5.00000000e-01 
 8.40000000e-06  1.19255829e+00  8.40000000e-06  1.60000000e+00  5.00000000e-01 
 8.50000000e-06  1.19446128e+00  8.50000000e-06  1.60000000e+00  5.00000000e-01 
 8.60000000e-06  1.19632728e+00  8.60000000e-06  1.60000000e+00  5.00000000e-01 
 8.70000000e-06  1.19815820e+00  8.70000000e-06  1.60000000e+00  5.00000000e-01 
 8.80000000e-06  1.19995584e+00  8.80000000e-06  1.60000000e+00  5.00000000e-01 
 8.90000000e-06  1.20172184e+00  8.90000000e-06  1.60000000e+00  5.00000000e-01 
 9.00000000e-06  1.20345771e+00  9.00000000e-06  1.60000000e+00  5.00000000e-01 
 9.10000000e-06  1.20516486e+00  9.10000000e-06  1.60000000e+00  5.00000000e-01 
 9.20000000e-06  1.20684461e+00  9.20000000e-06  1.60000000e+00  5.00000000e-01 
 9.30000000e-06  1.20849817e+00  9.30000000e-06  1.60000000e+00  5.00000000e-01 
 9.40000000e-06  1.21012667e+00  9.40000000e-06  1.60000000e+00  5.00000000e-01 
 9.50000000e-06  1.21173118e+00  9.50000000e-06  1.60000000e+00  5.00000000e-01 
 9.60000000e-06  1.21331268e+00  9.60000000e-06  1.60000000e+00  5.00000000e-01 
 9.70000000e-06  1.21487211e+00  9.70000000e-06  1.60000000e+00  5.00000000e-01 
 9.80000000e-06  1.21641033e+00  9.80000000e-06  1.60000000e+00  5.00000000e-01 
 9.90000000e-06  1.21792816e+00  9.90000000e-06  1.60000000e+00  5.00000000e-01 
 1.00000000e-05  1.21942637e+00  1.00000000e-05  1.60000000e+00  5.00000000e-01 
 1.01000000e-05  1.22090568e+00  1.01000000e-05  1.60000000e+00  5.00000000e-01 
 1.02000000e-05  1.22236678e+00  1.02000000e-05  1.60000000e+00  5.00000000e-01 
 1.03000000e-05  1.22381032e+00  1.03000000e-05  1.60000000e+00  5.00000000e-01 
 1.04000000e-05  1.22523689e+00  1.04000000e-05  1.60000000e+00  5.00000000e-01 
 1.05000000e-05  1.22664708e+00  1.05000000e-05  1.60000000e+00  5.00000000e-01 
 1.06000000e-05  1.22804143e+00  1.06000000e-05  1.60000000e+00  5.00000000e-01 
 1.07000000e-05  1.22942045e+00  1.07000000e-05  1.60000000e+00  5.00000000e-01 
 1.08000000e-05  1.23078466e+00  1.08000000e-05  1.60000000e+00  5.00000000e-01 
 1.09000000e-05  1.23213450e+00  1.09000000e-05  1.60000000e+00  5.00000000e-01 
 1.10000000e-05  1.23347042e+00  1.10000000e-05  1.60000000e+00  5.00000000e-01 
 1.11000000e-05  1.23479285e+00  1.11000000e-05  1.60000000e+00  5.00000000e-01 
 1.12000000e-05  1.23610219e+00  1.12000000e-05  1.60000000e+00  5.00000000e-01 
 1.13000000e-05  1.23739883e+00  1.13000000e-05  1.60000000e+00  5.00000000e-01 
 1.14000000e-05  1.23868312e+00  1.14000000e-05  1.60000000e+00  5.00000000e-01 
 1.15000000e-05  1.23995541e+00  1.15000000e-05  1.60000000e+00  5.00000000e-01 
 1.16000000e-05  1.24121605e+00  1.16000000e-05  1.60000000e+00  5.00000000e-01 
 1.17000000e-05  1.24246535e+00  1.17000000e-05  1.60000000e+00  5.00000000e-01 
 1.18000000e-05  1.24370361e+00  1.18000000e-05  1.60000000e+00  5.00000000e-01 
 1.19000000e-05  1.24493113e+00  1.19000000e-05  1.60000000e+00  5.00000000e-01 
 1.20000000e-05  1.24614819e+00  1.20000000e-05  1.60000000e+00  5.00000000e-01 
 1.21000000e-05  1.24735506e+00  1.21000000e-05  1.60000000e+00  5.00000000e-01 
 1.22000000e-05  1.24855199e+00  1.22000000e-05  1.60000000e+00  5.00000000e-01 
 1.23000000e-05  1.24973923e+00  1.23000000e-05  1.60000000e+00  5.00000000e-01 
 1.24000000e-05  1.25091702e+00  1.24000000e-05  1.60000000e+00  5.00000000e-01 
 1.25000000e-05  1.25208560e+00  1.25000000e-05  1.60000000e+00  5.00000000e-01 
 1.26000000e-05  1.25324517e+00  1.26000000e-05  1.60000000e+00  5.00000000e-01 
 1.27000000e-05  1.25439594e+00  1.27000000e-05  1.60000000e+00  5.00000000e-01 
 1.28000000e-05  1.25553814e+00  1.28000000e-05  1.60000000e+00  5.00000000e-01 
 1.29000000e-05  1.25667194e+00  1.29000000e-05  1.60000000e+00  5.00000000e-01 
 1.30000000e-05  1.25779754e+00  1.30000000e-05  1.60000000e+00  5.00000000e-01 
 1.31000000e-05  1.25891511e+00  1.31000000e-05  1.60000000e+00  5.00000000e-01 
 1.32000000e-05  1.26002485e+00  1.32000000e-05  1.60000000e+00  5.00000000e-01 
 1.33000000e-05  1.26112691e+00  1.33000000e-05  1.60000000e+00  5.00000000e-01 
 1.34000000e-05  1.26222145e+00  1.34000000e-05  1.60000000e+00  5.00000000e-01 
 1.35000000e-05  1.26330865e+00  1.35000000e-05  1.60000000e+00  5.00000000e-01 
 1.36000000e-05  1.26438864e+00  1.36000000e-05  1.60000000e+00  5.00000000e-01 
 1.37000000e-05  1.26546158e+00  1.37000000e-05  1.60000000e+00  5.00000000e-01 
 1.38000000e-05  1.26652761e+00  1.38000000e-05  1.60000000e+00  5.00000000e-01 
 1.39000000e-05  1.26758687e+00  1.39000000e-05  1.60000000e+00  5.00000000e-01 
 1.40000000e-05  1.26863949e+00  1.40000000e-05  1.60000000e+00  5.00000000e-01 
 1.41000000e-05  1.26968560e+00  1.41000000e-05  1.60000000e+00  5.00000000e-01 
 1.42000000e-05  1.27072533e+00  1.42000000e-05  1.60000000e+00  5.00000000e-01 
 1.43000000e-05  1.27175880e+00  1.43000000e-05  1.60000000e+00  5.00000000e-01 
 1.44000000e-05  1.27278612e+00  1.44000000e-05  1.60000000e+00  5.00000000e-01 
 1.45000000e-05  1.27380741e+00  1.45000000e-05  1.60000000e+00  5.00000000e-01 
 1.46000000e-05  1.27482279e+00  1.46000000e-05  1.60000000e+00  5.00000000e-01 
 1.47000000e-05  1.27583235e+00  1.47000000e-05  1.60000000e+00  5.00000000e-01 
 1.48000000e-05  1.27683620e+00  1.48000000e-05  1.60000000e+00  5.00000000e-01 
 1.49000000e-05  1.27783445e+00  1.49000000e-05  1.60000000e+00  5.00000000e-01 
 1.50000000e-05  1.27882720e+00  1.50000000e-05  1.60000000e+00  5.00000000e-01 
 1.51000000e-05  1.27981453e+00  1.51000000e-05  1.60000000e+00  5.00000000e-01 
 1.52000000e-05  1.28079654e+00  1.52000000e-05  1.60000000e+00  5.00000000e-01 
 1.53000000e-05  1.28177332e+00  1.53000000e-05  1.60000000e+00  5.00000000e-01 
 1.54000000e-05  1.28274496e+00  1.54000000e-05  1.60000000e+00  5.00000000e-01 
 1.55000000e-05  1.28371155e+00  1.55000000e-05  1.60000000e+00  5.00000000e-01 
 1.56000000e-05  1.28467317e+00  1.56000000e-05  1.60000000e+00  5.00000000e-01 
 1.57000000e-05  1.28562989e+00  1.57000000e-05  1.60000000e+00  5.00000000e-01 
 1.58000000e-05  1.28658181e+00  1.58000000e-05  1.60000000e+00  5.00000000e-01 
 1.59000000e-05  1.28752898e+00  1.59000000e-05  1.60000000e+00  5.00000000e-01 
 1.60000000e-05  1.28847150e+00  1.60000000e-05  1.60000000e+00  5.00000000e-01 
 1.61000000e-05  1.28940943e+00  1.61000000e-05  1.60000000e+00  5.00000000e-01 
 1.62000000e-05  1.29034284e+00  1.62000000e-05  1.60000000e+00  5.00000000e-01 
 1.63000000e-05  1.29127180e+00  1.63000000e-05  1.60000000e+00  5.00000000e-01 
 1.64000000e-05  1.29219639e+00  1.64000000e-05  1.60000000e+00  5.00000000e-01 
 1.65000000e-05  1.29311666e+00  1.65000000e-05  1.60000000e+00  5.00000000e-01 
 1.66000000e-05  1.29403267e+00  1.66000000e-05  1.60000000e+00  5.00000000e-01 
 1.67000000e-05  1.29494450e+00  1.67000000e-05  1.60000000e+00  5.00000000e-01 
 1.68000000e-05  1.29585221e+00  1.68000000e-05  1.60000000e+00  5.00000000e-01 
 1.69000000e-05  1.29675585e+00  1.69000000e-05  1.60000000e+00  5.00000000e-01 
 1.70000000e-05  1.29765547e+00  1.70000000e-05  1.60000000e+00  5.00000000e-01 
 1.71000000e-05  1.29855115e+00  1.71000000e-05  1.60000000e+00  5.00000000e-01 
 1.72000000e-05  1.29944293e+00  1.72000000e-05  1.60000000e+00  5.00000000e-01 
 1.73000000e-05  1.30033087e+00  1.73000000e-05  1.60000000e+00  5.00000000e-01 
 1.74000000e-05  1.30121502e+00  1.74000000e-05  1.60000000e+00  5.00000000e-01 
 1.75000000e-05  1.30209543e+00  1.75000000e-05  1.60000000e+00  5.00000000e-01 
 1.76000000e-05  1.30297215e+00  1.76000000e-05  1.60000000e+00  5.00000000e-01 
 1.77000000e-05  1.30384524e+00  1.77000000e-05  1.60000000e+00  5.00000000e-01 
 1.78000000e-05  1.30471474e+00  1.78000000e-05  1.60000000e+00  5.00000000e-01 
 1.79000000e-05  1.30558069e+00  1.79000000e-05  1.60000000e+00  5.00000000e-01 
 1.80000000e-05  1.30644316e+00  1.80000000e-05  1.60000000e+00  5.00000000e-01 
 1.81000000e-05  1.30730217e+00  1.81000000e-05  1.60000000e+00  5.00000000e-01 
 1.82000000e-05  1.30815778e+00  1.82000000e-05  1.60000000e+00  5.00000000e-01 
 1.83000000e-05  1.30901002e+00  1.83000000e-05  1.60000000e+00  5.00000000e-01 
 1.84000000e-05  1.30985895e+00  1.84000000e-05  1.60000000e+00  5.00000000e-01 
 1.85000000e-05  1.31070460e+00  1.85000000e-05  1.60000000e+00  5.00000000e-01 
 1.86000000e-05  1.31154701e+00  1.86000000e-05  1.60000000e+00  5.00000000e-01 
 1.87000000e-05  1.31238622e+00  1.87000000e-05  1.60000000e+00  5.00000000e-01 
 1.88000000e-05  1.31322228e+00  1.88000000e-05  1.60000000e+00  5.00000000e-01 
 1.89000000e-05  1.31405522e+00  1.89000000e-05  1.60000000e+00  5.00000000e-01 
 1.90000000e-05  1.31488507e+00  1.90000000e-05  1.60000000e+00  5.00000000e-01 
 1.91000000e-05  1.31571188e+00  1.91000000e-05  1.60000000e+00  5.00000000e-01 
 1.92000000e-05  1.31653568e+00  1.92000000e-05  1.60000000e+00  5.00000000e-01 
 1.93000000e-05  1.31735651e+00  1.93000000e-05  1.60000000e+00  5.00000000e-01 
 1.94000000e-05  1.31817440e+00  1.94000000e-05  1.60000000e+00  5.00000000e-01 
 1.95000000e-05  1.31898938e+00  1.95000000e-05  1.60000000e+00  5.00000000e-01 
 1.96000000e-05  1.31980150e+00  1.96000000e-05  1.60000000e+00  5.00000000e-01 
 1.97000000e-05  1.32061077e+00  1.97000000e-05  1.60000000e+00  5.00000000e-01 
 1.98000000e-05  1.32141724e+00  1.98000000e-05  1.60000000e+00  5.00000000e-01 
 1.99000000e-05  1.32222093e+00  1.99000000e-05  1.60000000e+00  5.00000000e-01 
 2.00000000e-05  1.32302188e+00  2.00000000e-05  1.60000000e+00  5.00000000e-01 
 2.01000000e-05  1.32382011e+00  2.01000000e-05  1.60000000e+00  5.00000000e-01 
 2.02000000e-05  1.32461566e+00  2.02000000e-05  1.60000000e+00  5.00000000e-01 
 2.03000000e-05  1.32540855e+00  2.03000000e-05  1.60000000e+00  5.00000000e-01 
 2.04000000e-05  1.32619882e+00  2.04000000e-05  1.60000000e+00  5.00000000e-01 
 2.05000000e-05  1.32698649e+00  2.05000000e-05  1.60000000e+00  5.00000000e-01 
 2.06000000e-05  1.32777159e+00  2.06000000e-05  1.60000000e+00  5.00000000e-01 
 2.07000000e-05  1.32855415e+00  2.07000000e-05  1.60000000e+00  5.00000000e-01 
 2.08000000e-05  1.32933419e+00  2.08000000e-05  1.60000000e+00  5.00000000e-01 
 2.09000000e-05  1.33011175e+00  2.09000000e-05  1.60000000e+00  5.00000000e-01 
 2.10000000e-05  1.33088683e+00  2.10000000e-05  1.60000000e+00  5.00000000e-01 
 2.11000000e-05  1.33165948e+00  2.11000000e-05  1.60000000e+00  5.00000000e-01 
 2.12000000e-05  1.33242972e+00  2.12000000e-05  1.60000000e+00  5.00000000e-01 
 2.13000000e-05  1.33319756e+00  2.13000000e-05  1.60000000e+00  5.00000000e-01 
 2.14000000e-05  1.33396304e+00  2.14000000e-05  1.60000000e+00  5.00000000e-01 
 2.15000000e-05  1.33472618e+00  2.15000000e-05  1.60000000e+00  5.00000000e-01 
 2.16000000e-05  1.33548700e+00  2.16000000e-05  1.60000000e+00  5.00000000e-01 
 2.17000000e-05  1.33624553e+00  2.17000000e-05  1.60000000e+00  5.00000000e-01 
 2.18000000e-05  1.33700178e+00  2.18000000e-05  1.60000000e+00  5.00000000e-01 
 2.19000000e-05  1.33775578e+00  2.19000000e-05  1.60000000e+00  5.00000000e-01 
 2.20000000e-05  1.33850756e+00  2.20000000e-05  1.60000000e+00  5.00000000e-01 
 2.21000000e-05  1.33925712e+00  2.21000000e-05  1.60000000e+00  5.00000000e-01 
 2.22000000e-05  1.34000450e+00  2.22000000e-05  1.60000000e+00  5.00000000e-01 
 2.23000000e-05  1.34074972e+00  2.23000000e-05  1.60000000e+00  5.00000000e-01 
 2.24000000e-05  1.34149279e+00  2.24000000e-05  1.60000000e+00  5.00000000e-01 
 2.25000000e-05  1.34223373e+00  2.25000000e-05  1.60000000e+00  5.00000000e-01 
 2.26000000e-05  1.34297257e+00  2.26000000e-05  1.60000000e+00  5.00000000e-01 
 2.27000000e-05  1.34370933e+00  2.27000000e-05  1.60000000e+00  5.00000000e-01 
 2.28000000e-05  1.34444401e+00  2.28000000e-05  1.60000000e+00  5.00000000e-01 
 2.29000000e-05  1.34517665e+00  2.29000000e-05  1.60000000e+00  5.00000000e-01 
 2.30000000e-05  1.34590726e+00  2.30000000e-05  1.60000000e+00  5.00000000e-01 
 2.31000000e-05  1.34663586e+00  2.31000000e-05  1.60000000e+00  5.00000000e-01 
 2.32000000e-05  1.34736247e+00  2.32000000e-05  1.60000000e+00  5.00000000e-01 
 2.33000000e-05  1.34808711e+00  2.33000000e-05  1.60000000e+00  5.00000000e-01 
 2.34000000e-05  1.34880978e+00  2.34000000e-05  1.60000000e+00  5.00000000e-01 
 2.35000000e-05  1.34953052e+00  2.35000000e-05  1.60000000e+00  5.00000000e-01 
 2.36000000e-05  1.35024933e+00  2.36000000e-05  1.60000000e+00  5.00000000e-01 
 2.37000000e-05  1.35096624e+00  2.37000000e-05  1.60000000e+00  5.00000000e-01 
 2.38000000e-05  1.35168126e+00  2.38000000e-05  1.60000000e+00  5.00000000e-01 
 2.39000000e-05  1.35239440e+00  2.39000000e-05  1.60000000e+00  5.00000000e-01 
 2.40000000e-05  1.35310569e+00  2.40000000e-05  1.60000000e+00  5.00000000e-01 
 2.41000000e-05  1.35381513e+00  2.41000000e-05  1.60000000e+00  5.00000000e-01 
 2.42000000e-05  1.35452275e+00  2.42000000e-05  1.60000000e+00  5.00000000e-01 
 2.43000000e-05  1.35522856e+00  2.43000000e-05  1.60000000e+00  5.00000000e-01 
 2.44000000e-05  1.35593257e+00  2.44000000e-05  1.60000000e+00  5.00000000e-01 
 2.45000000e-05  1.35663480e+00  2.45000000e-05  1.60000000e+00  5.00000000e-01 
 2.46000000e-05  1.35733527e+00  2.46000000e-05  1.60000000e+00  5.00000000e-01 
 2.47000000e-05  1.35803398e+00  2.47000000e-05  1.60000000e+00  5.00000000e-01 
 2.48000000e-05  1.35873096e+00  2.48000000e-05  1.60000000e+00  5.00000000e-01 
 2.49000000e-05  1.35942622e+00  2.49000000e-05  1.60000000e+00  5.00000000e-01 
 2.50000000e-05  1.36011976e+00  2.50000000e-05  1.60000000e+00  5.00000000e-01 
