 i-sweep         v(vout)         i(viin)         v(vgate)        v(vmid)        
 0.00000000e+00  6.14569253e-01  0.00000000e+00  1.00000000e-01  9.00000000e-01 
 1.00000000e-07  1.01664861e+00  1.00000000e-07  1.00000000e-01  9.00000000e-01 
 2.00000000e-07  1.04905431e+00  2.00000000e-07  1.00000000e-01  9.00000000e-01 
 3.00000000e-07  1.06793716e+00  3.00000000e-07  1.00000000e-01  9.00000000e-01 
 4.00000000e-07  1.08137912e+00  4.00000000e-07  1.00000000e-01  9.00000000e-01 
 5.00000000e-07  1.09188435e+00  5.00000000e-07  1.00000000e-01  9.00000000e-01 
 6.00000000e-07  1.10054640e+00  6.00000000e-07  1.00000000e-01  9.00000000e-01 
 7.00000000e-07  1.10795273e+00  7.00000000e-07  1.00000000e-01  9.00000000e-01 
 8.00000000e-07  1.11444533e+00  8.00000000e-07  1.00000000e-01  9.00000000e-01 
 9.00000000e-07  1.12024344e+00  9.00000000e-07  1.00000000e-01  9.00000000e-01 
 1.00000000e-06  1.12549579e+00  1.00000000e-06  1.00000000e-01  9.00000000e-01 
 1.10000000e-06  1.13030783e+00  1.10000000e-06  1.00000000e-01  9.00000000e-01 
 1.20000000e-06  1.13476409e+00  1.20000000e-06  1.00000000e-01  9.00000000e-01 
 1.30000000e-06  1.13890606e+00  1.30000000e-06  1.00000000e-01  9.00000000e-01 
 1.40000000e-06  1.14279036e+00  1.40000000e-06  1.00000000e-01  9.00000000e-01 
 1.50000000e-06  1.14645225e+00  1.50000000e-06  1.00000000e-01  9.00000000e-01 
 1.60000000e-06  1.14992023e+00  1.60000000e-06  1.00000000e-01  9.00000000e-01 
 1.70000000e-06  1.15321764e+00  1.70000000e-06  1.00000000e-01  9.00000000e-01 
 1.80000000e-06  1.15636380e+00  1.80000000e-06  1.00000000e-01  9.00000000e-01 
 1.90000000e-06  1.15937489e+00  1.90000000e-06  1.00000000e-01  9.00000000e-01 
 2.00000000e-06  1.16226463e+00  2.00000000e-06  1.00000000e-01  9.00000000e-01 
 2.10000000e-06  1.16504468e+00  2.10000000e-06  1.00000000e-01  9.00000000e-01 
 2.20000000e-06  1.16772509e+00  2.20000000e-06  1.00000000e-01  9.00000000e-01 
 2.30000000e-06  1.17031456e+00  2.30000000e-06  1.00000000e-01  9.00000000e-01 
 2.40000000e-06  1.17282070e+00  2.40000000e-06  1.00000000e-01  9.00000000e-01 
 2.50000000e-06  1.17525014e+00  2.50000000e-06  1.00000000e-01  9.00000000e-01 
 2.60000000e-06  1.17760876e+00  2.60000000e-06  1.00000000e-01  9.00000000e-01 
 2.70000000e-06  1.17990178e+00  2.70000000e-06  1.00000000e-01  9.00000000e-01 
 2.80000000e-06  1.18213383e+00  2.80000000e-06  1.00000000e-01  9.00000000e-01 
 2.90000000e-06  1.18430906e+00  2.90000000e-06  1.00000000e-01  9.00000000e-01 
 3.00000000e-06  1.18643120e+00  3.00000000e-06  1.00000000e-01  9.00000000e-01 
 3.10000000e-06  1.18850363e+00  3.10000000e-06  1.00000000e-01  9.00000000e-01 
 3.20000000e-06  1.19052937e+00  3.20000000e-06  1.00000000e-01  9.00000000e-01 
 3.30000000e-06  1.19251120e+00  3.30000000e-06  1.00000000e-01  9.00000000e-01 
 3.40000000e-06  1.19445164e+00  3.40000000e-06  1.00000000e-01  9.00000000e-01 
 3.50000000e-06  1.19635298e+00  3.50000000e-06  1.00000000e-01  9.00000000e-01 
 3.60000000e-06  1.19821734e+00  3.60000000e-06  1.00000000e-01  9.00000000e-01 
 3.70000000e-06  1.20004665e+00  3.70000000e-06  1.00000000e-01  9.00000000e-01 
 3.80000000e-06  1.20184270e+00  3.80000000e-06  1.00000000e-01  9.00000000e-01 
 3.90000000e-06  1.20360712e+00  3.90000000e-06  1.00000000e-01  9.00000000e-01 
 4.00000000e-06  1.20534145e+00  4.00000000e-06  1.00000000e-01  9.00000000e-01 
 4.10000000e-06  1.20704708e+00  4.10000000e-06  1.00000000e-01  9.00000000e-01 
 4.20000000e-06  1.20872533e+00  4.20000000e-06  1.00000000e-01  9.00000000e-01 
 4.30000000e-06  1.21037742e+00  4.30000000e-06  1.00000000e-01  9.00000000e-01 
 4.40000000e-06  1.21200448e+00  4.40000000e-06  1.00000000e-01  9.00000000e-01 
 4.50000000e-06  1.21360758e+00  4.50000000e-06  1.00000000e-01  9.00000000e-01 
 4.60000000e-06  1.21518769e+00  4.60000000e-06  1.00000000e-01  9.00000000e-01 
 4.70000000e-06  1.21674575e+00  4.70000000e-06  1.00000000e-01  9.00000000e-01 
 4.80000000e-06  1.21828264e+00  4.80000000e-06  1.00000000e-01  9.00000000e-01 
 4.90000000e-06  1.21979916e+00  4.90000000e-06  1.00000000e-01  9.00000000e-01 
 5.00000000e-06  1.22129609e+00  5.00000000e-06  1.00000000e-01  9.00000000e-01 
 5.10000000e-06  1.22277414e+00  5.10000000e-06  1.00000000e-01  9.00000000e-01 
 5.20000000e-06  1.22423401e+00  5.20000000e-06  1.00000000e-01  9.00000000e-01 
 5.30000000e-06  1.22567633e+00  5.30000000e-06  1.00000000e-01  9.00000000e-01 
 5.40000000e-06  1.22710172e+00  5.40000000e-06  1.00000000e-01  9.00000000e-01 
 5.50000000e-06  1.22851075e+00  5.50000000e-06  1.00000000e-01  9.00000000e-01 
 5.60000000e-06  1.22990397e+00  5.60000000e-06  1.00000000e-01  9.00000000e-01 
 5.70000000e-06  1.23128188e+00  5.70000000e-06  1.00000000e-01  9.00000000e-01 
 5.80000000e-06  1.23264500e+00  5.80000000e-06  1.00000000e-01  9.00000000e-01 
 5.90000000e-06  1.23399377e+00  5.90000000e-06  1.00000000e-01  9.00000000e-01 
 6.00000000e-06  1.23532864e+00  6.00000000e-06  1.00000000e-01  9.00000000e-01 
 6.10000000e-06  1.23665005e+00  6.10000000e-06  1.00000000e-01  9.00000000e-01 
 6.20000000e-06  1.23795837e+00  6.20000000e-06  1.00000000e-01  9.00000000e-01 
 6.30000000e-06  1.23925401e+00  6.30000000e-06  1.00000000e-01  9.00000000e-01 
 6.40000000e-06  1.24053733e+00  6.40000000e-06  1.00000000e-01  9.00000000e-01 
 6.50000000e-06  1.24180867e+00  6.50000000e-06  1.00000000e-01  9.00000000e-01 
 6.60000000e-06  1.24306836e+00  6.60000000e-06  1.00000000e-01  9.00000000e-01 
 6.70000000e-06  1.24431674e+00  6.70000000e-06  1.00000000e-01  9.00000000e-01 
 6.80000000e-06  1.24555409e+00  6.80000000e-06  1.00000000e-01  9.00000000e-01 
 6.90000000e-06  1.24678072e+00  6.90000000e-06  1.00000000e-01  9.00000000e-01 
 7.00000000e-06  1.24799691e+00  7.00000000e-06  1.00000000e-01  9.00000000e-01 
 7.10000000e-06  1.24920291e+00  7.10000000e-06  1.00000000e-01  9.00000000e-01 
 7.20000000e-06  1.25039899e+00  7.20000000e-06  1.00000000e-01  9.00000000e-01 
 7.30000000e-06  1.25158541e+00  7.30000000e-06  1.00000000e-01  9.00000000e-01 
 7.40000000e-06  1.25276238e+00  7.40000000e-06  1.00000000e-01  9.00000000e-01 
 7.50000000e-06  1.25393015e+00  7.50000000e-06  1.00000000e-01  9.00000000e-01 
 7.60000000e-06  1.25508892e+00  7.60000000e-06  1.00000000e-01  9.00000000e-01 
 7.70000000e-06  1.25623892e+00  7.70000000e-06  1.00000000e-01  9.00000000e-01 
 7.80000000e-06  1.25738035e+00  7.80000000e-06  1.00000000e-01  9.00000000e-01 
 7.90000000e-06  1.25851339e+00  7.90000000e-06  1.00000000e-01  9.00000000e-01 
 8.00000000e-06  1.25963825e+00  8.00000000e-06  1.00000000e-01  9.00000000e-01 
 8.10000000e-06  1.26075509e+00  8.10000000e-06  1.00000000e-01  9.00000000e-01 
 8.20000000e-06  1.26186411e+00  8.20000000e-06  1.00000000e-01  9.00000000e-01 
 8.30000000e-06  1.26296546e+00  8.30000000e-06  1.00000000e-01  9.00000000e-01 
 8.40000000e-06  1.26405931e+00  8.40000000e-06  1.00000000e-01  9.00000000e-01 
 8.50000000e-06  1.26514581e+00  8.50000000e-06  1.00000000e-01  9.00000000e-01 
 8.60000000e-06  1.26622513e+00  8.60000000e-06  1.00000000e-01  9.00000000e-01 
 8.70000000e-06  1.26729740e+00  8.70000000e-06  1.00000000e-01  9.00000000e-01 
 8.80000000e-06  1.26836277e+00  8.80000000e-06  1.00000000e-01  9.00000000e-01 
 8.90000000e-06  1.26942138e+00  8.90000000e-06  1.00000000e-01  9.00000000e-01 
 9.00000000e-06  1.27047336e+00  9.00000000e-06  1.00000000e-01  9.00000000e-01 
 9.10000000e-06  1.27151884e+00  9.10000000e-06  1.00000000e-01  9.00000000e-01 
 9.20000000e-06  1.27255794e+00  9.20000000e-06  1.00000000e-01  9.00000000e-01 
 9.30000000e-06  1.27359080e+00  9.30000000e-06  1.00000000e-01  9.00000000e-01 
 9.40000000e-06  1.27461751e+00  9.40000000e-06  1.00000000e-01  9.00000000e-01 
 9.50000000e-06  1.27563821e+00  9.50000000e-06  1.00000000e-01  9.00000000e-01 
 9.60000000e-06  1.27665299e+00  9.60000000e-06  1.00000000e-01  9.00000000e-01 
 9.70000000e-06  1.27766197e+00  9.70000000e-06  1.00000000e-01  9.00000000e-01 
 9.80000000e-06  1.27866525e+00  9.80000000e-06  1.00000000e-01  9.00000000e-01 
 9.90000000e-06  1.27966293e+00  9.90000000e-06  1.00000000e-01  9.00000000e-01 
 1.00000000e-05  1.28065511e+00  1.00000000e-05  1.00000000e-01  9.00000000e-01 
 1.01000000e-05  1.28164189e+00  1.01000000e-05  1.00000000e-01  9.00000000e-01 
 1.02000000e-05  1.28262336e+00  1.02000000e-05  1.00000000e-01  9.00000000e-01 
 1.03000000e-05  1.28359960e+00  1.03000000e-05  1.00000000e-01  9.00000000e-01 
 1.04000000e-05  1.28457071e+00  1.04000000e-05  1.00000000e-01  9.00000000e-01 
 1.05000000e-05  1.28553677e+00  1.05000000e-05  1.00000000e-01  9.00000000e-01 
 1.06000000e-05  1.28649787e+00  1.06000000e-05  1.00000000e-01  9.00000000e-01 
 1.07000000e-05  1.28745408e+00  1.07000000e-05  1.00000000e-01  9.00000000e-01 
 1.08000000e-05  1.28840548e+00  1.08000000e-05  1.00000000e-01  9.00000000e-01 
 1.09000000e-05  1.28935216e+00  1.09000000e-05  1.00000000e-01  9.00000000e-01 
 1.10000000e-05  1.29029418e+00  1.10000000e-05  1.00000000e-01  9.00000000e-01 
 1.11000000e-05  1.29123161e+00  1.11000000e-05  1.00000000e-01  9.00000000e-01 
 1.12000000e-05  1.29216454e+00  1.12000000e-05  1.00000000e-01  9.00000000e-01 
 1.13000000e-05  1.29309302e+00  1.13000000e-05  1.00000000e-01  9.00000000e-01 
 1.14000000e-05  1.29401713e+00  1.14000000e-05  1.00000000e-01  9.00000000e-01 
 1.15000000e-05  1.29493693e+00  1.15000000e-05  1.00000000e-01  9.00000000e-01 
 1.16000000e-05  1.29585249e+00  1.16000000e-05  1.00000000e-01  9.00000000e-01 
 1.17000000e-05  1.29676386e+00  1.17000000e-05  1.00000000e-01  9.00000000e-01 
 1.18000000e-05  1.29767111e+00  1.18000000e-05  1.00000000e-01  9.00000000e-01 
 1.19000000e-05  1.29857429e+00  1.19000000e-05  1.00000000e-01  9.00000000e-01 
 1.20000000e-05  1.29947348e+00  1.20000000e-05  1.00000000e-01  9.00000000e-01 
 1.21000000e-05  1.30036871e+00  1.21000000e-05  1.00000000e-01  9.00000000e-01 
 1.22000000e-05  1.30126006e+00  1.22000000e-05  1.00000000e-01  9.00000000e-01 
 1.23000000e-05  1.30214756e+00  1.23000000e-05  1.00000000e-01  9.00000000e-01 
 1.24000000e-05  1.30303128e+00  1.24000000e-05  1.00000000e-01  9.00000000e-01 
 1.25000000e-05  1.30391127e+00  1.25000000e-05  1.00000000e-01  9.00000000e-01 
 1.26000000e-05  1.30478758e+00  1.26000000e-05  1.00000000e-01  9.00000000e-01 
 1.27000000e-05  1.30566025e+00  1.27000000e-05  1.00000000e-01  9.00000000e-01 
 1.28000000e-05  1.30652933e+00  1.28000000e-05  1.00000000e-01  9.00000000e-01 
 1.29000000e-05  1.30739488e+00  1.29000000e-05  1.00000000e-01  9.00000000e-01 
 1.30000000e-05  1.30825694e+00  1.30000000e-05  1.00000000e-01  9.00000000e-01 
 1.31000000e-05  1.30911556e+00  1.31000000e-05  1.00000000e-01  9.00000000e-01 
 1.32000000e-05  1.30997077e+00  1.32000000e-05  1.00000000e-01  9.00000000e-01 
 1.33000000e-05  1.31082262e+00  1.33000000e-05  1.00000000e-01  9.00000000e-01 
 1.34000000e-05  1.31167116e+00  1.34000000e-05  1.00000000e-01  9.00000000e-01 
 1.35000000e-05  1.31251642e+00  1.35000000e-05  1.00000000e-01  9.00000000e-01 
 1.36000000e-05  1.31335845e+00  1.36000000e-05  1.00000000e-01  9.00000000e-01 
 1.37000000e-05  1.31419729e+00  1.37000000e-05  1.00000000e-01  9.00000000e-01 
 1.38000000e-05  1.31503297e+00  1.38000000e-05  1.00000000e-01  9.00000000e-01 
 1.39000000e-05  1.31586554e+00  1.39000000e-05  1.00000000e-01  9.00000000e-01 
 1.40000000e-05  1.31669502e+00  1.40000000e-05  1.00000000e-01  9.00000000e-01 
 1.41000000e-05  1.31752147e+00  1.41000000e-05  1.00000000e-01  9.00000000e-01 
 1.42000000e-05  1.31834491e+00  1.42000000e-05  1.00000000e-01  9.00000000e-01 
 1.43000000e-05  1.31916537e+00  1.43000000e-05  1.00000000e-01  9.00000000e-01 
 1.44000000e-05  1.31998291e+00  1.44000000e-05  1.00000000e-01  9.00000000e-01 
 1.45000000e-05  1.32079754e+00  1.45000000e-05  1.00000000e-01  9.00000000e-01 
 1.46000000e-05  1.32160930e+00  1.46000000e-05  1.00000000e-01  9.00000000e-01 
 1.47000000e-05  1.32241822e+00  1.47000000e-05  1.00000000e-01  9.00000000e-01 
 1.48000000e-05  1.32322435e+00  1.48000000e-05  1.00000000e-01  9.00000000e-01 
 1.49000000e-05  1.32402770e+00  1.49000000e-05  1.00000000e-01  9.00000000e-01 
 1.50000000e-05  1.32482830e+00  1.50000000e-05  1.00000000e-01  9.00000000e-01 
 1.51000000e-05  1.32562620e+00  1.51000000e-05  1.00000000e-01  9.00000000e-01 
 1.52000000e-05  1.32642142e+00  1.52000000e-05  1.00000000e-01  9.00000000e-01 
 1.53000000e-05  1.32721398e+00  1.53000000e-05  1.00000000e-01  9.00000000e-01 
 1.54000000e-05  1.32800392e+00  1.54000000e-05  1.00000000e-01  9.00000000e-01 
 1.55000000e-05  1.32879126e+00  1.55000000e-05  1.00000000e-01  9.00000000e-01 
 1.56000000e-05  1.32957604e+00  1.56000000e-05  1.00000000e-01  9.00000000e-01 
 1.57000000e-05  1.33035828e+00  1.57000000e-05  1.00000000e-01  9.00000000e-01 
 1.58000000e-05  1.33113800e+00  1.58000000e-05  1.00000000e-01  9.00000000e-01 
 1.59000000e-05  1.33191523e+00  1.59000000e-05  1.00000000e-01  9.00000000e-01 
 1.60000000e-05  1.33269000e+00  1.60000000e-05  1.00000000e-01  9.00000000e-01 
 1.61000000e-05  1.33346234e+00  1.61000000e-05  1.00000000e-01  9.00000000e-01 
 1.62000000e-05  1.33423227e+00  1.62000000e-05  1.00000000e-01  9.00000000e-01 
 1.63000000e-05  1.33499980e+00  1.63000000e-05  1.00000000e-01  9.00000000e-01 
 1.64000000e-05  1.33576498e+00  1.64000000e-05  1.00000000e-01  9.00000000e-01 
 1.65000000e-05  1.33652781e+00  1.65000000e-05  1.00000000e-01  9.00000000e-01 
 1.66000000e-05  1.33728833e+00  1.66000000e-05  1.00000000e-01  9.00000000e-01 
 1.67000000e-05  1.33804656e+00  1.67000000e-05  1.00000000e-01  9.00000000e-01 
 1.68000000e-05  1.33880251e+00  1.68000000e-05  1.00000000e-01  9.00000000e-01 
 1.69000000e-05  1.33955622e+00  1.69000000e-05  1.00000000e-01  9.00000000e-01 
 1.70000000e-05  1.34030770e+00  1.70000000e-05  1.00000000e-01  9.00000000e-01 
 1.71000000e-05  1.34105697e+00  1.71000000e-05  1.00000000e-01  9.00000000e-01 
 1.72000000e-05  1.34180406e+00  1.72000000e-05  1.00000000e-01  9.00000000e-01 
 1.73000000e-05  1.34254899e+00  1.73000000e-05  1.00000000e-01  9.00000000e-01 
 1.74000000e-05  1.34329177e+00  1.74000000e-05  1.00000000e-01  9.00000000e-01 
 1.75000000e-05  1.34403243e+00  1.75000000e-05  1.00000000e-01  9.00000000e-01 
 1.76000000e-05  1.34477099e+00  1.76000000e-05  1.00000000e-01  9.00000000e-01 
 1.77000000e-05  1.34550746e+00  1.77000000e-05  1.00000000e-01  9.00000000e-01 
 1.78000000e-05  1.34624187e+00  1.78000000e-05  1.00000000e-01  9.00000000e-01 
 1.79000000e-05  1.34697424e+00  1.79000000e-05  1.00000000e-01  9.00000000e-01 
 1.80000000e-05  1.34770457e+00  1.80000000e-05  1.00000000e-01  9.00000000e-01 
 1.81000000e-05  1.34843290e+00  1.81000000e-05  1.00000000e-01  9.00000000e-01 
 1.82000000e-05  1.34915923e+00  1.82000000e-05  1.00000000e-01  9.00000000e-01 
 1.83000000e-05  1.34988360e+00  1.83000000e-05  1.00000000e-01  9.00000000e-01 
 1.84000000e-05  1.35060600e+00  1.84000000e-05  1.00000000e-01  9.00000000e-01 
 1.85000000e-05  1.35132647e+00  1.85000000e-05  1.00000000e-01  9.00000000e-01 
 1.86000000e-05  1.35204502e+00  1.86000000e-05  1.00000000e-01  9.00000000e-01 
 1.87000000e-05  1.35276166e+00  1.87000000e-05  1.00000000e-01  9.00000000e-01 
 1.88000000e-05  1.35347642e+00  1.88000000e-05  1.00000000e-01  9.00000000e-01 
 1.89000000e-05  1.35418930e+00  1.89000000e-05  1.00000000e-01  9.00000000e-01 
 1.90000000e-05  1.35490033e+00  1.90000000e-05  1.00000000e-01  9.00000000e-01 
 1.91000000e-05  1.35560951e+00  1.91000000e-05  1.00000000e-01  9.00000000e-01 
 1.92000000e-05  1.35631688e+00  1.92000000e-05  1.00000000e-01  9.00000000e-01 
 1.93000000e-05  1.35702243e+00  1.93000000e-05  1.00000000e-01  9.00000000e-01 
 1.94000000e-05  1.35772619e+00  1.94000000e-05  1.00000000e-01  9.00000000e-01 
 1.95000000e-05  1.35842817e+00  1.95000000e-05  1.00000000e-01  9.00000000e-01 
 1.96000000e-05  1.35912838e+00  1.96000000e-05  1.00000000e-01  9.00000000e-01 
 1.97000000e-05  1.35982685e+00  1.97000000e-05  1.00000000e-01  9.00000000e-01 
 1.98000000e-05  1.36052358e+00  1.98000000e-05  1.00000000e-01  9.00000000e-01 
 1.99000000e-05  1.36121858e+00  1.99000000e-05  1.00000000e-01  9.00000000e-01 
 2.00000000e-05  1.36191188e+00  2.00000000e-05  1.00000000e-01  9.00000000e-01 
 2.01000000e-05  1.36260349e+00  2.01000000e-05  1.00000000e-01  9.00000000e-01 
 2.02000000e-05  1.36329341e+00  2.02000000e-05  1.00000000e-01  9.00000000e-01 
 2.03000000e-05  1.36398167e+00  2.03000000e-05  1.00000000e-01  9.00000000e-01 
 2.04000000e-05  1.36466828e+00  2.04000000e-05  1.00000000e-01  9.00000000e-01 
 2.05000000e-05  1.36535324e+00  2.05000000e-05  1.00000000e-01  9.00000000e-01 
 2.06000000e-05  1.36603658e+00  2.06000000e-05  1.00000000e-01  9.00000000e-01 
 2.07000000e-05  1.36671830e+00  2.07000000e-05  1.00000000e-01  9.00000000e-01 
 2.08000000e-05  1.36739841e+00  2.08000000e-05  1.00000000e-01  9.00000000e-01 
 2.09000000e-05  1.36807694e+00  2.09000000e-05  1.00000000e-01  9.00000000e-01 
 2.10000000e-05  1.36875389e+00  2.10000000e-05  1.00000000e-01  9.00000000e-01 
 2.11000000e-05  1.36942927e+00  2.11000000e-05  1.00000000e-01  9.00000000e-01 
 2.12000000e-05  1.37010310e+00  2.12000000e-05  1.00000000e-01  9.00000000e-01 
 2.13000000e-05  1.37077538e+00  2.13000000e-05  1.00000000e-01  9.00000000e-01 
 2.14000000e-05  1.37144614e+00  2.14000000e-05  1.00000000e-01  9.00000000e-01 
 2.15000000e-05  1.37211537e+00  2.15000000e-05  1.00000000e-01  9.00000000e-01 
 2.16000000e-05  1.37278309e+00  2.16000000e-05  1.00000000e-01  9.00000000e-01 
 2.17000000e-05  1.37344932e+00  2.17000000e-05  1.00000000e-01  9.00000000e-01 
 2.18000000e-05  1.37411406e+00  2.18000000e-05  1.00000000e-01  9.00000000e-01 
 2.19000000e-05  1.37477733e+00  2.19000000e-05  1.00000000e-01  9.00000000e-01 
 2.20000000e-05  1.37543913e+00  2.20000000e-05  1.00000000e-01  9.00000000e-01 
 2.21000000e-05  1.37609948e+00  2.21000000e-05  1.00000000e-01  9.00000000e-01 
 2.22000000e-05  1.37675838e+00  2.22000000e-05  1.00000000e-01  9.00000000e-01 
 2.23000000e-05  1.37741585e+00  2.23000000e-05  1.00000000e-01  9.00000000e-01 
 2.24000000e-05  1.37807189e+00  2.24000000e-05  1.00000000e-01  9.00000000e-01 
 2.25000000e-05  1.37872653e+00  2.25000000e-05  1.00000000e-01  9.00000000e-01 
 2.26000000e-05  1.37937976e+00  2.26000000e-05  1.00000000e-01  9.00000000e-01 
 2.27000000e-05  1.38003159e+00  2.27000000e-05  1.00000000e-01  9.00000000e-01 
 2.28000000e-05  1.38068205e+00  2.28000000e-05  1.00000000e-01  9.00000000e-01 
 2.29000000e-05  1.38133113e+00  2.29000000e-05  1.00000000e-01  9.00000000e-01 
 2.30000000e-05  1.38197884e+00  2.30000000e-05  1.00000000e-01  9.00000000e-01 
 2.31000000e-05  1.38262520e+00  2.31000000e-05  1.00000000e-01  9.00000000e-01 
 2.32000000e-05  1.38327021e+00  2.32000000e-05  1.00000000e-01  9.00000000e-01 
 2.33000000e-05  1.38391389e+00  2.33000000e-05  1.00000000e-01  9.00000000e-01 
 2.34000000e-05  1.38455624e+00  2.34000000e-05  1.00000000e-01  9.00000000e-01 
 2.35000000e-05  1.38519727e+00  2.35000000e-05  1.00000000e-01  9.00000000e-01 
 2.36000000e-05  1.38583699e+00  2.36000000e-05  1.00000000e-01  9.00000000e-01 
 2.37000000e-05  1.38647542e+00  2.37000000e-05  1.00000000e-01  9.00000000e-01 
 2.38000000e-05  1.38711254e+00  2.38000000e-05  1.00000000e-01  9.00000000e-01 
 2.39000000e-05  1.38774839e+00  2.39000000e-05  1.00000000e-01  9.00000000e-01 
 2.40000000e-05  1.38838296e+00  2.40000000e-05  1.00000000e-01  9.00000000e-01 
 2.41000000e-05  1.38901626e+00  2.41000000e-05  1.00000000e-01  9.00000000e-01 
 2.42000000e-05  1.38964831e+00  2.42000000e-05  1.00000000e-01  9.00000000e-01 
 2.43000000e-05  1.39027910e+00  2.43000000e-05  1.00000000e-01  9.00000000e-01 
 2.44000000e-05  1.39090866e+00  2.44000000e-05  1.00000000e-01  9.00000000e-01 
 2.45000000e-05  1.39153697e+00  2.45000000e-05  1.00000000e-01  9.00000000e-01 
 2.46000000e-05  1.39216407e+00  2.46000000e-05  1.00000000e-01  9.00000000e-01 
 2.47000000e-05  1.39278994e+00  2.47000000e-05  1.00000000e-01  9.00000000e-01 
 2.48000000e-05  1.39341460e+00  2.48000000e-05  1.00000000e-01  9.00000000e-01 
 2.49000000e-05  1.39403807e+00  2.49000000e-05  1.00000000e-01  9.00000000e-01 
 2.50000000e-05  1.39466033e+00  2.50000000e-05  1.00000000e-01  9.00000000e-01 
