 i-sweep         v(vout)         i(viin)         v(vgate)        v(vmid)        
 0.00000000e+00  2.00099724e-01  0.00000000e+00  6.00000000e-01  2.00000000e-01 
 1.00000000e-07  1.01517790e+00  1.00000000e-07  6.00000000e-01  2.00000000e-01 
 2.00000000e-07  1.04753985e+00  2.00000000e-07  6.00000000e-01  2.00000000e-01 
 3.00000000e-07  1.06661261e+00  3.00000000e-07  6.00000000e-01  2.00000000e-01 
 4.00000000e-07  1.07991317e+00  4.00000000e-07  6.00000000e-01  2.00000000e-01 
 5.00000000e-07  1.09039711e+00  5.00000000e-07  6.00000000e-01  2.00000000e-01 
 6.00000000e-07  1.09984440e+00  6.00000000e-07  6.00000000e-01  2.00000000e-01 
 7.00000000e-07  1.10690564e+00  7.00000000e-07  6.00000000e-01  2.00000000e-01 
 8.00000000e-07  1.11331732e+00  8.00000000e-07  6.00000000e-01  2.00000000e-01 
 9.00000000e-07  1.11903998e+00  9.00000000e-07  6.00000000e-01  2.00000000e-01 
 1.00000000e-06  1.12424112e+00  1.00000000e-06  6.00000000e-01  2.00000000e-01 
 1.10000000e-06  1.12901529e+00  1.10000000e-06  6.00000000e-01  2.00000000e-01 
 1.20000000e-06  1.13343594e+00  1.20000000e-06  6.00000000e-01  2.00000000e-01 
 1.30000000e-06  1.13755882e+00  1.30000000e-06  6.00000000e-01  2.00000000e-01 
 1.40000000e-06  1.14142747e+00  1.40000000e-06  6.00000000e-01  2.00000000e-01 
 1.50000000e-06  1.14507648e+00  1.50000000e-06  6.00000000e-01  2.00000000e-01 
 1.60000000e-06  1.14853380e+00  1.60000000e-06  6.00000000e-01  2.00000000e-01 
 1.70000000e-06  1.15182231e+00  1.70000000e-06  6.00000000e-01  2.00000000e-01 
 1.80000000e-06  1.15496101e+00  1.80000000e-06  6.00000000e-01  2.00000000e-01 
 1.90000000e-06  1.15796580e+00  1.90000000e-06  6.00000000e-01  2.00000000e-01 
 2.00000000e-06  1.16085017e+00  2.00000000e-06  6.00000000e-01  2.00000000e-01 
 2.10000000e-06  1.16362563e+00  2.10000000e-06  6.00000000e-01  2.00000000e-01 
 2.20000000e-06  1.16630210e+00  2.20000000e-06  6.00000000e-01  2.00000000e-01 
 2.30000000e-06  1.16888816e+00  2.30000000e-06  6.00000000e-01  2.00000000e-01 
 2.40000000e-06  1.17139131e+00  2.40000000e-06  6.00000000e-01  2.00000000e-01 
 2.50000000e-06  1.17381815e+00  2.50000000e-06  6.00000000e-01  2.00000000e-01 
 2.60000000e-06  1.17617450e+00  2.60000000e-06  6.00000000e-01  2.00000000e-01 
 2.70000000e-06  1.17846550e+00  2.70000000e-06  6.00000000e-01  2.00000000e-01 
 2.80000000e-06  1.18069577e+00  2.80000000e-06  6.00000000e-01  2.00000000e-01 
 2.90000000e-06  1.18286942e+00  2.90000000e-06  6.00000000e-01  2.00000000e-01 
 3.00000000e-06  1.18499016e+00  3.00000000e-06  6.00000000e-01  2.00000000e-01 
 3.10000000e-06  1.18706132e+00  3.10000000e-06  6.00000000e-01  2.00000000e-01 
 3.20000000e-06  1.18908594e+00  3.20000000e-06  6.00000000e-01  2.00000000e-01 
 3.30000000e-06  1.19106676e+00  3.30000000e-06  6.00000000e-01  2.00000000e-01 
 3.40000000e-06  1.19300629e+00  3.40000000e-06  6.00000000e-01  2.00000000e-01 
 3.50000000e-06  1.19490682e+00  3.50000000e-06  6.00000000e-01  2.00000000e-01 
 3.60000000e-06  1.19677043e+00  3.60000000e-06  6.00000000e-01  2.00000000e-01 
 3.70000000e-06  1.19859908e+00  3.70000000e-06  6.00000000e-01  2.00000000e-01 
 3.80000000e-06  1.20039451e+00  3.80000000e-06  6.00000000e-01  2.00000000e-01 
 3.90000000e-06  1.20215839e+00  3.90000000e-06  6.00000000e-01  2.00000000e-01 
 4.00000000e-06  1.20389221e+00  4.00000000e-06  6.00000000e-01  2.00000000e-01 
 4.10000000e-06  1.20559739e+00  4.10000000e-06  6.00000000e-01  2.00000000e-01 
 4.20000000e-06  1.20727523e+00  4.20000000e-06  6.00000000e-01  2.00000000e-01 
 4.30000000e-06  1.20892695e+00  4.30000000e-06  6.00000000e-01  2.00000000e-01 
 4.40000000e-06  1.21055367e+00  4.40000000e-06  6.00000000e-01  2.00000000e-01 
 4.50000000e-06  1.21215645e+00  4.50000000e-06  6.00000000e-01  2.00000000e-01 
 4.60000000e-06  1.21373628e+00  4.60000000e-06  6.00000000e-01  2.00000000e-01 
 4.70000000e-06  1.21529409e+00  4.70000000e-06  6.00000000e-01  2.00000000e-01 
 4.80000000e-06  1.21683074e+00  4.80000000e-06  6.00000000e-01  2.00000000e-01 
 4.90000000e-06  1.21834705e+00  4.90000000e-06  6.00000000e-01  2.00000000e-01 
 5.00000000e-06  1.21984378e+00  5.00000000e-06  6.00000000e-01  2.00000000e-01 
 5.10000000e-06  1.22132166e+00  5.10000000e-06  6.00000000e-01  2.00000000e-01 
 5.20000000e-06  1.22278137e+00  5.20000000e-06  6.00000000e-01  2.00000000e-01 
 5.30000000e-06  1.22422355e+00  5.30000000e-06  6.00000000e-01  2.00000000e-01 
 5.40000000e-06  1.22564881e+00  5.40000000e-06  6.00000000e-01  2.00000000e-01 
 5.50000000e-06  1.22705772e+00  5.50000000e-06  6.00000000e-01  2.00000000e-01 
 5.60000000e-06  1.22845083e+00  5.60000000e-06  6.00000000e-01  2.00000000e-01 
 5.70000000e-06  1.22982865e+00  5.70000000e-06  6.00000000e-01  2.00000000e-01 
 5.80000000e-06  1.23119168e+00  5.80000000e-06  6.00000000e-01  2.00000000e-01 
 5.90000000e-06  1.23254038e+00  5.90000000e-06  6.00000000e-01  2.00000000e-01 
 6.00000000e-06  1.23387519e+00  6.00000000e-06  6.00000000e-01  2.00000000e-01 
 6.10000000e-06  1.23519653e+00  6.10000000e-06  6.00000000e-01  2.00000000e-01 
 6.20000000e-06  1.23650481e+00  6.20000000e-06  6.00000000e-01  2.00000000e-01 
 6.30000000e-06  1.23780041e+00  6.30000000e-06  6.00000000e-01  2.00000000e-01 
 6.40000000e-06  1.23908369e+00  6.40000000e-06  6.00000000e-01  2.00000000e-01 
 6.50000000e-06  1.24035500e+00  6.50000000e-06  6.00000000e-01  2.00000000e-01 
 6.60000000e-06  1.24161467e+00  6.60000000e-06  6.00000000e-01  2.00000000e-01 
 6.70000000e-06  1.24286302e+00  6.70000000e-06  6.00000000e-01  2.00000000e-01 
 6.80000000e-06  1.24410037e+00  6.80000000e-06  6.00000000e-01  2.00000000e-01 
 6.90000000e-06  1.24532699e+00  6.90000000e-06  6.00000000e-01  2.00000000e-01 
 7.00000000e-06  1.24654317e+00  7.00000000e-06  6.00000000e-01  2.00000000e-01 
 7.10000000e-06  1.24774917e+00  7.10000000e-06  6.00000000e-01  2.00000000e-01 
 7.20000000e-06  1.24894526e+00  7.20000000e-06  6.00000000e-01  2.00000000e-01 
 7.30000000e-06  1.25013168e+00  7.30000000e-06  6.00000000e-01  2.00000000e-01 
 7.40000000e-06  1.25130867e+00  7.40000000e-06  6.00000000e-01  2.00000000e-01 
 7.50000000e-06  1.25247645e+00  7.50000000e-06  6.00000000e-01  2.00000000e-01 
 7.60000000e-06  1.25363524e+00  7.60000000e-06  6.00000000e-01  2.00000000e-01 
 7.70000000e-06  1.25478526e+00  7.70000000e-06  6.00000000e-01  2.00000000e-01 
 7.80000000e-06  1.25592671e+00  7.80000000e-06  6.00000000e-01  2.00000000e-01 
 7.90000000e-06  1.25705979e+00  7.90000000e-06  6.00000000e-01  2.00000000e-01 
 8.00000000e-06  1.25818467e+00  8.00000000e-06  6.00000000e-01  2.00000000e-01 
 8.10000000e-06  1.25930155e+00  8.10000000e-06  6.00000000e-01  2.00000000e-01 
 8.20000000e-06  1.26041059e+00  8.20000000e-06  6.00000000e-01  2.00000000e-01 
 8.30000000e-06  1.26151198e+00  8.30000000e-06  6.00000000e-01  2.00000000e-01 
 8.40000000e-06  1.26260586e+00  8.40000000e-06  6.00000000e-01  2.00000000e-01 
 8.50000000e-06  1.26369241e+00  8.50000000e-06  6.00000000e-01  2.00000000e-01 
 8.60000000e-06  1.26477177e+00  8.60000000e-06  6.00000000e-01  2.00000000e-01 
 8.70000000e-06  1.26584408e+00  8.70000000e-06  6.00000000e-01  2.00000000e-01 
 8.80000000e-06  1.26690950e+00  8.80000000e-06  6.00000000e-01  2.00000000e-01 
 8.90000000e-06  1.26796815e+00  8.90000000e-06  6.00000000e-01  2.00000000e-01 
 9.00000000e-06  1.26902018e+00  9.00000000e-06  6.00000000e-01  2.00000000e-01 
 9.10000000e-06  1.27006571e+00  9.10000000e-06  6.00000000e-01  2.00000000e-01 
 9.20000000e-06  1.27110486e+00  9.20000000e-06  6.00000000e-01  2.00000000e-01 
 9.30000000e-06  1.27213777e+00  9.30000000e-06  6.00000000e-01  2.00000000e-01 
 9.40000000e-06  1.27316453e+00  9.40000000e-06  6.00000000e-01  2.00000000e-01 
 9.50000000e-06  1.27418528e+00  9.50000000e-06  6.00000000e-01  2.00000000e-01 
 9.60000000e-06  1.27520012e+00  9.60000000e-06  6.00000000e-01  2.00000000e-01 
 9.70000000e-06  1.27620916e+00  9.70000000e-06  6.00000000e-01  2.00000000e-01 
 9.80000000e-06  1.27721249e+00  9.80000000e-06  6.00000000e-01  2.00000000e-01 
 9.90000000e-06  1.27821023e+00  9.90000000e-06  6.00000000e-01  2.00000000e-01 
 1.00000000e-05  1.27920247e+00  1.00000000e-05  6.00000000e-01  2.00000000e-01 
 1.01000000e-05  1.28018931e+00  1.01000000e-05  6.00000000e-01  2.00000000e-01 
 1.02000000e-05  1.28117083e+00  1.02000000e-05  6.00000000e-01  2.00000000e-01 
 1.03000000e-05  1.28214714e+00  1.03000000e-05  6.00000000e-01  2.00000000e-01 
 1.04000000e-05  1.28311831e+00  1.04000000e-05  6.00000000e-01  2.00000000e-01 
 1.05000000e-05  1.28408443e+00  1.05000000e-05  6.00000000e-01  2.00000000e-01 
 1.06000000e-05  1.28504559e+00  1.06000000e-05  6.00000000e-01  2.00000000e-01 
 1.07000000e-05  1.28600186e+00  1.07000000e-05  6.00000000e-01  2.00000000e-01 
 1.08000000e-05  1.28695333e+00  1.08000000e-05  6.00000000e-01  2.00000000e-01 
 1.09000000e-05  1.28790007e+00  1.09000000e-05  6.00000000e-01  2.00000000e-01 
 1.10000000e-05  1.28884215e+00  1.10000000e-05  6.00000000e-01  2.00000000e-01 
 1.11000000e-05  1.28977966e+00  1.11000000e-05  6.00000000e-01  2.00000000e-01 
 1.12000000e-05  1.29071265e+00  1.12000000e-05  6.00000000e-01  2.00000000e-01 
 1.13000000e-05  1.29164120e+00  1.13000000e-05  6.00000000e-01  2.00000000e-01 
 1.14000000e-05  1.29256537e+00  1.14000000e-05  6.00000000e-01  2.00000000e-01 
 1.15000000e-05  1.29348524e+00  1.15000000e-05  6.00000000e-01  2.00000000e-01 
 1.16000000e-05  1.29440086e+00  1.16000000e-05  6.00000000e-01  2.00000000e-01 
 1.17000000e-05  1.29531230e+00  1.17000000e-05  6.00000000e-01  2.00000000e-01 
 1.18000000e-05  1.29621962e+00  1.18000000e-05  6.00000000e-01  2.00000000e-01 
 1.19000000e-05  1.29712287e+00  1.19000000e-05  6.00000000e-01  2.00000000e-01 
 1.20000000e-05  1.29802212e+00  1.20000000e-05  6.00000000e-01  2.00000000e-01 
 1.21000000e-05  1.29891743e+00  1.21000000e-05  6.00000000e-01  2.00000000e-01 
 1.22000000e-05  1.29980884e+00  1.22000000e-05  6.00000000e-01  2.00000000e-01 
 1.23000000e-05  1.30069642e+00  1.23000000e-05  6.00000000e-01  2.00000000e-01 
 1.24000000e-05  1.30158021e+00  1.24000000e-05  6.00000000e-01  2.00000000e-01 
 1.25000000e-05  1.30246026e+00  1.25000000e-05  6.00000000e-01  2.00000000e-01 
 1.26000000e-05  1.30333664e+00  1.26000000e-05  6.00000000e-01  2.00000000e-01 
 1.27000000e-05  1.30420938e+00  1.27000000e-05  6.00000000e-01  2.00000000e-01 
 1.28000000e-05  1.30507854e+00  1.28000000e-05  6.00000000e-01  2.00000000e-01 
 1.29000000e-05  1.30594416e+00  1.29000000e-05  6.00000000e-01  2.00000000e-01 
 1.30000000e-05  1.30680629e+00  1.30000000e-05  6.00000000e-01  2.00000000e-01 
 1.31000000e-05  1.30766498e+00  1.31000000e-05  6.00000000e-01  2.00000000e-01 
 1.32000000e-05  1.30852026e+00  1.32000000e-05  6.00000000e-01  2.00000000e-01 
 1.33000000e-05  1.30937218e+00  1.33000000e-05  6.00000000e-01  2.00000000e-01 
 1.34000000e-05  1.31022079e+00  1.34000000e-05  6.00000000e-01  2.00000000e-01 
 1.35000000e-05  1.31106613e+00  1.35000000e-05  6.00000000e-01  2.00000000e-01 
 1.36000000e-05  1.31190823e+00  1.36000000e-05  6.00000000e-01  2.00000000e-01 
 1.37000000e-05  1.31274714e+00  1.37000000e-05  6.00000000e-01  2.00000000e-01 
 1.38000000e-05  1.31358289e+00  1.38000000e-05  6.00000000e-01  2.00000000e-01 
 1.39000000e-05  1.31441553e+00  1.39000000e-05  6.00000000e-01  2.00000000e-01 
 1.40000000e-05  1.31524509e+00  1.40000000e-05  6.00000000e-01  2.00000000e-01 
 1.41000000e-05  1.31607161e+00  1.41000000e-05  6.00000000e-01  2.00000000e-01 
 1.42000000e-05  1.31689512e+00  1.42000000e-05  6.00000000e-01  2.00000000e-01 
 1.43000000e-05  1.31771566e+00  1.43000000e-05  6.00000000e-01  2.00000000e-01 
 1.44000000e-05  1.31853326e+00  1.44000000e-05  6.00000000e-01  2.00000000e-01 
 1.45000000e-05  1.31934797e+00  1.45000000e-05  6.00000000e-01  2.00000000e-01 
 1.46000000e-05  1.32015980e+00  1.46000000e-05  6.00000000e-01  2.00000000e-01 
 1.47000000e-05  1.32096880e+00  1.47000000e-05  6.00000000e-01  2.00000000e-01 
 1.48000000e-05  1.32177500e+00  1.48000000e-05  6.00000000e-01  2.00000000e-01 
 1.49000000e-05  1.32257842e+00  1.49000000e-05  6.00000000e-01  2.00000000e-01 
 1.50000000e-05  1.32337910e+00  1.50000000e-05  6.00000000e-01  2.00000000e-01 
 1.51000000e-05  1.32417707e+00  1.51000000e-05  6.00000000e-01  2.00000000e-01 
 1.52000000e-05  1.32497236e+00  1.52000000e-05  6.00000000e-01  2.00000000e-01 
 1.53000000e-05  1.32576500e+00  1.53000000e-05  6.00000000e-01  2.00000000e-01 
 1.54000000e-05  1.32655501e+00  1.54000000e-05  6.00000000e-01  2.00000000e-01 
 1.55000000e-05  1.32734243e+00  1.55000000e-05  6.00000000e-01  2.00000000e-01 
 1.56000000e-05  1.32812728e+00  1.56000000e-05  6.00000000e-01  2.00000000e-01 
 1.57000000e-05  1.32890959e+00  1.57000000e-05  6.00000000e-01  2.00000000e-01 
 1.58000000e-05  1.32968938e+00  1.58000000e-05  6.00000000e-01  2.00000000e-01 
 1.59000000e-05  1.33046669e+00  1.59000000e-05  6.00000000e-01  2.00000000e-01 
 1.60000000e-05  1.33124154e+00  1.60000000e-05  6.00000000e-01  2.00000000e-01 
 1.61000000e-05  1.33201395e+00  1.61000000e-05  6.00000000e-01  2.00000000e-01 
 1.62000000e-05  1.33278394e+00  1.62000000e-05  6.00000000e-01  2.00000000e-01 
 1.63000000e-05  1.33355155e+00  1.63000000e-05  6.00000000e-01  2.00000000e-01 
 1.64000000e-05  1.33431680e+00  1.64000000e-05  6.00000000e-01  2.00000000e-01 
 1.65000000e-05  1.33507971e+00  1.65000000e-05  6.00000000e-01  2.00000000e-01 
 1.66000000e-05  1.33584030e+00  1.66000000e-05  6.00000000e-01  2.00000000e-01 
 1.67000000e-05  1.33659860e+00  1.67000000e-05  6.00000000e-01  2.00000000e-01 
 1.68000000e-05  1.33735463e+00  1.68000000e-05  6.00000000e-01  2.00000000e-01 
 1.69000000e-05  1.33810841e+00  1.69000000e-05  6.00000000e-01  2.00000000e-01 
 1.70000000e-05  1.33885997e+00  1.70000000e-05  6.00000000e-01  2.00000000e-01 
 1.71000000e-05  1.33960931e+00  1.71000000e-05  6.00000000e-01  2.00000000e-01 
 1.72000000e-05  1.34035648e+00  1.72000000e-05  6.00000000e-01  2.00000000e-01 
 1.73000000e-05  1.34110148e+00  1.73000000e-05  6.00000000e-01  2.00000000e-01 
 1.74000000e-05  1.34184434e+00  1.74000000e-05  6.00000000e-01  2.00000000e-01 
 1.75000000e-05  1.34258507e+00  1.75000000e-05  6.00000000e-01  2.00000000e-01 
 1.76000000e-05  1.34332370e+00  1.76000000e-05  6.00000000e-01  2.00000000e-01 
 1.77000000e-05  1.34406025e+00  1.77000000e-05  6.00000000e-01  2.00000000e-01 
 1.78000000e-05  1.34479473e+00  1.78000000e-05  6.00000000e-01  2.00000000e-01 
 1.79000000e-05  1.34552717e+00  1.79000000e-05  6.00000000e-01  2.00000000e-01 
 1.80000000e-05  1.34625758e+00  1.80000000e-05  6.00000000e-01  2.00000000e-01 
 1.81000000e-05  1.34698598e+00  1.81000000e-05  6.00000000e-01  2.00000000e-01 
 1.82000000e-05  1.34771239e+00  1.82000000e-05  6.00000000e-01  2.00000000e-01 
 1.83000000e-05  1.34843682e+00  1.83000000e-05  6.00000000e-01  2.00000000e-01 
 1.84000000e-05  1.34915930e+00  1.84000000e-05  6.00000000e-01  2.00000000e-01 
 1.85000000e-05  1.34987984e+00  1.85000000e-05  6.00000000e-01  2.00000000e-01 
 1.86000000e-05  1.35059847e+00  1.86000000e-05  6.00000000e-01  2.00000000e-01 
 1.87000000e-05  1.35131518e+00  1.87000000e-05  6.00000000e-01  2.00000000e-01 
 1.88000000e-05  1.35203001e+00  1.88000000e-05  6.00000000e-01  2.00000000e-01 
 1.89000000e-05  1.35274297e+00  1.89000000e-05  6.00000000e-01  2.00000000e-01 
 1.90000000e-05  1.35345407e+00  1.90000000e-05  6.00000000e-01  2.00000000e-01 
 1.91000000e-05  1.35416333e+00  1.91000000e-05  6.00000000e-01  2.00000000e-01 
 1.92000000e-05  1.35487076e+00  1.92000000e-05  6.00000000e-01  2.00000000e-01 
 1.93000000e-05  1.35557639e+00  1.93000000e-05  6.00000000e-01  2.00000000e-01 
 1.94000000e-05  1.35628022e+00  1.94000000e-05  6.00000000e-01  2.00000000e-01 
 1.95000000e-05  1.35698227e+00  1.95000000e-05  6.00000000e-01  2.00000000e-01 
 1.96000000e-05  1.35768256e+00  1.96000000e-05  6.00000000e-01  2.00000000e-01 
 1.97000000e-05  1.35838110e+00  1.97000000e-05  6.00000000e-01  2.00000000e-01 
 1.98000000e-05  1.35907790e+00  1.98000000e-05  6.00000000e-01  2.00000000e-01 
 1.99000000e-05  1.35977298e+00  1.99000000e-05  6.00000000e-01  2.00000000e-01 
 2.00000000e-05  1.36046635e+00  2.00000000e-05  6.00000000e-01  2.00000000e-01 
 2.01000000e-05  1.36115803e+00  2.01000000e-05  6.00000000e-01  2.00000000e-01 
 2.02000000e-05  1.36184803e+00  2.02000000e-05  6.00000000e-01  2.00000000e-01 
 2.03000000e-05  1.36253636e+00  2.03000000e-05  6.00000000e-01  2.00000000e-01 
 2.04000000e-05  1.36322304e+00  2.04000000e-05  6.00000000e-01  2.00000000e-01 
 2.05000000e-05  1.36390808e+00  2.05000000e-05  6.00000000e-01  2.00000000e-01 
 2.06000000e-05  1.36459148e+00  2.06000000e-05  6.00000000e-01  2.00000000e-01 
 2.07000000e-05  1.36527328e+00  2.07000000e-05  6.00000000e-01  2.00000000e-01 
 2.08000000e-05  1.36595347e+00  2.08000000e-05  6.00000000e-01  2.00000000e-01 
 2.09000000e-05  1.36663207e+00  2.09000000e-05  6.00000000e-01  2.00000000e-01 
 2.10000000e-05  1.36730909e+00  2.10000000e-05  6.00000000e-01  2.00000000e-01 
 2.11000000e-05  1.36798454e+00  2.11000000e-05  6.00000000e-01  2.00000000e-01 
 2.12000000e-05  1.36865844e+00  2.12000000e-05  6.00000000e-01  2.00000000e-01 
 2.13000000e-05  1.36933080e+00  2.13000000e-05  6.00000000e-01  2.00000000e-01 
 2.14000000e-05  1.37000162e+00  2.14000000e-05  6.00000000e-01  2.00000000e-01 
 2.15000000e-05  1.37067093e+00  2.15000000e-05  6.00000000e-01  2.00000000e-01 
 2.16000000e-05  1.37133873e+00  2.16000000e-05  6.00000000e-01  2.00000000e-01 
 2.17000000e-05  1.37200503e+00  2.17000000e-05  6.00000000e-01  2.00000000e-01 
 2.18000000e-05  1.37266984e+00  2.18000000e-05  6.00000000e-01  2.00000000e-01 
 2.19000000e-05  1.37333318e+00  2.19000000e-05  6.00000000e-01  2.00000000e-01 
 2.20000000e-05  1.37399505e+00  2.20000000e-05  6.00000000e-01  2.00000000e-01 
 2.21000000e-05  1.37465547e+00  2.21000000e-05  6.00000000e-01  2.00000000e-01 
 2.22000000e-05  1.37531445e+00  2.22000000e-05  6.00000000e-01  2.00000000e-01 
 2.23000000e-05  1.37597199e+00  2.23000000e-05  6.00000000e-01  2.00000000e-01 
 2.24000000e-05  1.37662810e+00  2.24000000e-05  6.00000000e-01  2.00000000e-01 
 2.25000000e-05  1.37728281e+00  2.25000000e-05  6.00000000e-01  2.00000000e-01 
 2.26000000e-05  1.37793611e+00  2.26000000e-05  6.00000000e-01  2.00000000e-01 
 2.27000000e-05  1.37858802e+00  2.27000000e-05  6.00000000e-01  2.00000000e-01 
 2.28000000e-05  1.37923854e+00  2.28000000e-05  6.00000000e-01  2.00000000e-01 
 2.29000000e-05  1.37988770e+00  2.29000000e-05  6.00000000e-01  2.00000000e-01 
 2.30000000e-05  1.38053548e+00  2.30000000e-05  6.00000000e-01  2.00000000e-01 
 2.31000000e-05  1.38118191e+00  2.31000000e-05  6.00000000e-01  2.00000000e-01 
 2.32000000e-05  1.38182700e+00  2.32000000e-05  6.00000000e-01  2.00000000e-01 
 2.33000000e-05  1.38247075e+00  2.33000000e-05  6.00000000e-01  2.00000000e-01 
 2.34000000e-05  1.38311317e+00  2.34000000e-05  6.00000000e-01  2.00000000e-01 
 2.35000000e-05  1.38375427e+00  2.35000000e-05  6.00000000e-01  2.00000000e-01 
 2.36000000e-05  1.38439407e+00  2.36000000e-05  6.00000000e-01  2.00000000e-01 
 2.37000000e-05  1.38503256e+00  2.37000000e-05  6.00000000e-01  2.00000000e-01 
 2.38000000e-05  1.38566976e+00  2.38000000e-05  6.00000000e-01  2.00000000e-01 
 2.39000000e-05  1.38630567e+00  2.39000000e-05  6.00000000e-01  2.00000000e-01 
 2.40000000e-05  1.38694032e+00  2.40000000e-05  6.00000000e-01  2.00000000e-01 
 2.41000000e-05  1.38757369e+00  2.41000000e-05  6.00000000e-01  2.00000000e-01 
 2.42000000e-05  1.38820581e+00  2.42000000e-05  6.00000000e-01  2.00000000e-01 
 2.43000000e-05  1.38883667e+00  2.43000000e-05  6.00000000e-01  2.00000000e-01 
 2.44000000e-05  1.38946630e+00  2.44000000e-05  6.00000000e-01  2.00000000e-01 
 2.45000000e-05  1.39009469e+00  2.45000000e-05  6.00000000e-01  2.00000000e-01 
 2.46000000e-05  1.39072185e+00  2.46000000e-05  6.00000000e-01  2.00000000e-01 
 2.47000000e-05  1.39134780e+00  2.47000000e-05  6.00000000e-01  2.00000000e-01 
 2.48000000e-05  1.39197253e+00  2.48000000e-05  6.00000000e-01  2.00000000e-01 
 2.49000000e-05  1.39259606e+00  2.49000000e-05  6.00000000e-01  2.00000000e-01 
 2.50000000e-05  1.39321840e+00  2.50000000e-05  6.00000000e-01  2.00000000e-01 
 2.51000000e-05  1.39383955e+00  2.51000000e-05  6.00000000e-01  2.00000000e-01 
 2.52000000e-05  1.39445951e+00  2.52000000e-05  6.00000000e-01  2.00000000e-01 
 2.53000000e-05  1.39507831e+00  2.53000000e-05  6.00000000e-01  2.00000000e-01 
 2.54000000e-05  1.39569594e+00  2.54000000e-05  6.00000000e-01  2.00000000e-01 
 2.55000000e-05  1.39631241e+00  2.55000000e-05  6.00000000e-01  2.00000000e-01 
 2.56000000e-05  1.39692773e+00  2.56000000e-05  6.00000000e-01  2.00000000e-01 
 2.57000000e-05  1.39754191e+00  2.57000000e-05  6.00000000e-01  2.00000000e-01 
 2.58000000e-05  1.39815494e+00  2.58000000e-05  6.00000000e-01  2.00000000e-01 
 2.59000000e-05  1.39876685e+00  2.59000000e-05  6.00000000e-01  2.00000000e-01 
 2.60000000e-05  1.39937764e+00  2.60000000e-05  6.00000000e-01  2.00000000e-01 
 2.61000000e-05  1.39998730e+00  2.61000000e-05  6.00000000e-01  2.00000000e-01 
 2.62000000e-05  1.40059586e+00  2.62000000e-05  6.00000000e-01  2.00000000e-01 
 2.63000000e-05  1.40120331e+00  2.63000000e-05  6.00000000e-01  2.00000000e-01 
 2.64000000e-05  1.40180967e+00  2.64000000e-05  6.00000000e-01  2.00000000e-01 
 2.65000000e-05  1.40241494e+00  2.65000000e-05  6.00000000e-01  2.00000000e-01 
 2.66000000e-05  1.40301912e+00  2.66000000e-05  6.00000000e-01  2.00000000e-01 
 2.67000000e-05  1.40362222e+00  2.67000000e-05  6.00000000e-01  2.00000000e-01 
 2.68000000e-05  1.40422426e+00  2.68000000e-05  6.00000000e-01  2.00000000e-01 
 2.69000000e-05  1.40482523e+00  2.69000000e-05  6.00000000e-01  2.00000000e-01 
 2.70000000e-05  1.40542514e+00  2.70000000e-05  6.00000000e-01  2.00000000e-01 
 2.71000000e-05  1.40602399e+00  2.71000000e-05  6.00000000e-01  2.00000000e-01 
 2.72000000e-05  1.40662180e+00  2.72000000e-05  6.00000000e-01  2.00000000e-01 
 2.73000000e-05  1.40721857e+00  2.73000000e-05  6.00000000e-01  2.00000000e-01 
 2.74000000e-05  1.40781431e+00  2.74000000e-05  6.00000000e-01  2.00000000e-01 
 2.75000000e-05  1.40840901e+00  2.75000000e-05  6.00000000e-01  2.00000000e-01 
 2.76000000e-05  1.40900270e+00  2.76000000e-05  6.00000000e-01  2.00000000e-01 
 2.77000000e-05  1.40959536e+00  2.77000000e-05  6.00000000e-01  2.00000000e-01 
 2.78000000e-05  1.41018702e+00  2.78000000e-05  6.00000000e-01  2.00000000e-01 
 2.79000000e-05  1.41077767e+00  2.79000000e-05  6.00000000e-01  2.00000000e-01 
 2.80000000e-05  1.41136732e+00  2.80000000e-05  6.00000000e-01  2.00000000e-01 
 2.81000000e-05  1.41195597e+00  2.81000000e-05  6.00000000e-01  2.00000000e-01 
 2.82000000e-05  1.41254363e+00  2.82000000e-05  6.00000000e-01  2.00000000e-01 
 2.83000000e-05  1.41313032e+00  2.83000000e-05  6.00000000e-01  2.00000000e-01 
 2.84000000e-05  1.41371602e+00  2.84000000e-05  6.00000000e-01  2.00000000e-01 
 2.85000000e-05  1.41430075e+00  2.85000000e-05  6.00000000e-01  2.00000000e-01 
 2.86000000e-05  1.41488451e+00  2.86000000e-05  6.00000000e-01  2.00000000e-01 
 2.87000000e-05  1.41546731e+00  2.87000000e-05  6.00000000e-01  2.00000000e-01 
 2.88000000e-05  1.41604915e+00  2.88000000e-05  6.00000000e-01  2.00000000e-01 
 2.89000000e-05  1.41663005e+00  2.89000000e-05  6.00000000e-01  2.00000000e-01 
 2.90000000e-05  1.41720999e+00  2.90000000e-05  6.00000000e-01  2.00000000e-01 
 2.91000000e-05  1.41778899e+00  2.91000000e-05  6.00000000e-01  2.00000000e-01 
 2.92000000e-05  1.41836706e+00  2.92000000e-05  6.00000000e-01  2.00000000e-01 
 2.93000000e-05  1.41894419e+00  2.93000000e-05  6.00000000e-01  2.00000000e-01 
 2.94000000e-05  1.41952040e+00  2.94000000e-05  6.00000000e-01  2.00000000e-01 
 2.95000000e-05  1.42009569e+00  2.95000000e-05  6.00000000e-01  2.00000000e-01 
 2.96000000e-05  1.42067005e+00  2.96000000e-05  6.00000000e-01  2.00000000e-01 
 2.97000000e-05  1.42124351e+00  2.97000000e-05  6.00000000e-01  2.00000000e-01 
 2.98000000e-05  1.42181606e+00  2.98000000e-05  6.00000000e-01  2.00000000e-01 
 2.99000000e-05  1.42238771e+00  2.99000000e-05  6.00000000e-01  2.00000000e-01 
 3.00000000e-05  1.42295845e+00  3.00000000e-05  6.00000000e-01  2.00000000e-01 
