 i-sweep         v(vout)         i(viin)         v(vgate)        v(vmid)        
-6.00000000e-06 -6.46429360e-01 -6.00000000e-06  2.00000000e-01  1.60000000e+00 
-5.90000000e-06 -6.43637602e-01 -5.90000000e-06  2.00000000e-01  1.60000000e+00 
-5.80000000e-06 -6.40787550e-01 -5.80000000e-06  2.00000000e-01  1.60000000e+00 
-5.70000000e-06 -6.37879526e-01 -5.70000000e-06  2.00000000e-01  1.60000000e+00 
-5.60000000e-06 -6.34913932e-01 -5.60000000e-06  2.00000000e-01  1.60000000e+00 
-5.50000000e-06 -6.31891236e-01 -5.50000000e-06  2.00000000e-01  1.60000000e+00 
-5.40000000e-06 -6.28811957e-01 -5.40000000e-06  2.00000000e-01  1.60000000e+00 
-5.30000000e-06 -6.25676653e-01 -5.30000000e-06  2.00000000e-01  1.60000000e+00 
-5.20000000e-06 -6.22485902e-01 -5.20000000e-06  2.00000000e-01  1.60000000e+00 
-5.10000000e-06 -6.19240289e-01 -5.10000000e-06  2.00000000e-01  1.60000000e+00 
-5.00000000e-06 -6.15940387e-01 -5.00000000e-06  2.00000000e-01  1.60000000e+00 
-4.90000000e-06 -6.12586740e-01 -4.90000000e-06  2.00000000e-01  1.60000000e+00 
-4.80000000e-06 -6.09179854e-01 -4.80000000e-06  2.00000000e-01  1.60000000e+00 
-4.70000000e-06 -6.05720172e-01 -4.70000000e-06  2.00000000e-01  1.60000000e+00 
-4.60000000e-06 -6.02208070e-01 -4.60000000e-06  2.00000000e-01  1.60000000e+00 
-4.50000000e-06 -5.98643835e-01 -4.50000000e-06  2.00000000e-01  1.60000000e+00 
-4.40000000e-06 -5.95027656e-01 -4.40000000e-06  2.00000000e-01  1.60000000e+00 
-4.30000000e-06 -5.91359613e-01 -4.30000000e-06  2.00000000e-01  1.60000000e+00 
-4.20000000e-06 -5.87639662e-01 -4.20000000e-06  2.00000000e-01  1.60000000e+00 
-4.10000000e-06 -5.83867629e-01 -4.10000000e-06  2.00000000e-01  1.60000000e+00 
-4.00000000e-06 -5.80043195e-01 -4.00000000e-06  2.00000000e-01  1.60000000e+00 
-3.90000000e-06 -5.76165889e-01 -3.90000000e-06  2.00000000e-01  1.60000000e+00 
-3.80000000e-06 -5.72235074e-01 -3.80000000e-06  2.00000000e-01  1.60000000e+00 
-3.70000000e-06 -5.68249940e-01 -3.70000000e-06  2.00000000e-01  1.60000000e+00 
-3.60000000e-06 -5.64209491e-01 -3.60000000e-06  2.00000000e-01  1.60000000e+00 
-3.50000000e-06 -5.60112531e-01 -3.50000000e-06  2.00000000e-01  1.60000000e+00 
-3.40000000e-06 -5.55957650e-01 -3.40000000e-06  2.00000000e-01  1.60000000e+00 
-3.30000000e-06 -5.51743212e-01 -3.30000000e-06  2.00000000e-01  1.60000000e+00 
-3.20000000e-06 -5.47467332e-01 -3.20000000e-06  2.00000000e-01  1.60000000e+00 
-3.10000000e-06 -5.43127857e-01 -3.10000000e-06  2.00000000e-01  1.60000000e+00 
-3.00000000e-06 -5.38722339e-01 -3.00000000e-06  2.00000000e-01  1.60000000e+00 
-2.90000000e-06 -5.34248010e-01 -2.90000000e-06  2.00000000e-01  1.60000000e+00 
-2.80000000e-06 -5.29701741e-01 -2.80000000e-06  2.00000000e-01  1.60000000e+00 
-2.70000000e-06 -5.25080005e-01 -2.70000000e-06  2.00000000e-01  1.60000000e+00 
-2.60000000e-06 -5.20378825e-01 -2.60000000e-06  2.00000000e-01  1.60000000e+00 
-2.50000000e-06 -5.15593714e-01 -2.50000000e-06  2.00000000e-01  1.60000000e+00 
-2.40000000e-06 -5.10719601e-01 -2.40000000e-06  2.00000000e-01  1.60000000e+00 
-2.30000000e-06 -5.05750746e-01 -2.30000000e-06  2.00000000e-01  1.60000000e+00 
-2.20000000e-06 -5.00680626e-01 -2.20000000e-06  2.00000000e-01  1.60000000e+00 
-2.10000000e-06 -4.95501803e-01 -2.10000000e-06  2.00000000e-01  1.60000000e+00 
-2.00000000e-06 -4.90205758e-01 -2.00000000e-06  2.00000000e-01  1.60000000e+00 
-1.90000000e-06 -4.84782678e-01 -1.90000000e-06  2.00000000e-01  1.60000000e+00 
-1.80000000e-06 -4.79221195e-01 -1.80000000e-06  2.00000000e-01  1.60000000e+00 
-1.70000000e-06 -4.73508039e-01 -1.70000000e-06  2.00000000e-01  1.60000000e+00 
-1.60000000e-06 -4.67627598e-01 -1.60000000e-06  2.00000000e-01  1.60000000e+00 
-1.50000000e-06 -4.61561337e-01 -1.50000000e-06  2.00000000e-01  1.60000000e+00 
-1.40000000e-06 -4.55287008e-01 -1.40000000e-06  2.00000000e-01  1.60000000e+00 
-1.30000000e-06 -4.48777596e-01 -1.30000000e-06  2.00000000e-01  1.60000000e+00 
-1.20000000e-06 -4.41999824e-01 -1.20000000e-06  2.00000000e-01  1.60000000e+00 
-1.10000000e-06 -4.34912040e-01 -1.10000000e-06  2.00000000e-01  1.60000000e+00 
-1.00000000e-06 -4.27461110e-01 -1.00000000e-06  2.00000000e-01  1.60000000e+00 
-9.00000000e-07 -4.19577692e-01 -9.00000000e-07  2.00000000e-01  1.60000000e+00 
-8.00000000e-07 -4.11168787e-01 -8.00000000e-07  2.00000000e-01  1.60000000e+00 
-7.00000000e-07 -4.02105370e-01 -7.00000000e-07  2.00000000e-01  1.60000000e+00 
-6.00000000e-07 -3.92200620e-01 -6.00000000e-07  2.00000000e-01  1.60000000e+00 
-5.00000000e-07 -3.81168465e-01 -5.00000000e-07  2.00000000e-01  1.60000000e+00 
-4.00000000e-07 -3.68536251e-01 -4.00000000e-07  2.00000000e-01  1.60000000e+00 
-3.00000000e-07 -3.53427890e-01 -3.00000000e-07  2.00000000e-01  1.60000000e+00 
-2.00000000e-07 -3.33911789e-01 -2.00000000e-07  2.00000000e-01  1.60000000e+00 
-1.00000000e-07 -3.03914500e-01 -1.00000000e-07  2.00000000e-01  1.60000000e+00 
-5.71747239e-21  8.87652950e-01 -5.71747239e-21  2.00000000e-01  1.60000000e+00 
 1.00000000e-07  1.36372231e+00  1.00000000e-07  2.00000000e-01  1.60000000e+00 
 2.00000000e-07  1.39599311e+00  2.00000000e-07  2.00000000e-01  1.60000000e+00 
 3.00000000e-07  1.41478904e+00  3.00000000e-07  2.00000000e-01  1.60000000e+00 
 4.00000000e-07  1.42817164e+00  4.00000000e-07  2.00000000e-01  1.60000000e+00 
 5.00000000e-07  1.43864380e+00  5.00000000e-07  2.00000000e-01  1.60000000e+00 
 6.00000000e-07  1.44724965e+00  6.00000000e-07  2.00000000e-01  1.60000000e+00 
 7.00000000e-07  1.45461068e+00  7.00000000e-07  2.00000000e-01  1.60000000e+00 
 8.00000000e-07  1.46106275e+00  8.00000000e-07  2.00000000e-01  1.60000000e+00 
 9.00000000e-07  1.46682291e+00  9.00000000e-07  2.00000000e-01  1.60000000e+00 
 1.00000000e-06  1.47203900e+00  1.00000000e-06  2.00000000e-01  1.60000000e+00 
 1.10000000e-06  1.47681606e+00  1.10000000e-06  2.00000000e-01  1.60000000e+00 
 1.20000000e-06  1.48123130e+00  1.20000000e-06  2.00000000e-01  1.60000000e+00 
 1.30000000e-06  1.48534311e+00  1.30000000e-06  2.00000000e-01  1.60000000e+00 
 1.40000000e-06  1.48919672e+00  1.40000000e-06  2.00000000e-01  1.60000000e+00 
 1.50000000e-06  1.49284109e+00  1.50000000e-06  2.00000000e-01  1.60000000e+00 
 1.60000000e-06  1.49627421e+00  1.60000000e-06  2.00000000e-01  1.60000000e+00 
 1.70000000e-06  1.49953849e+00  1.70000000e-06  2.00000000e-01  1.60000000e+00 
 1.80000000e-06  1.50265280e+00  1.80000000e-06  2.00000000e-01  1.60000000e+00 
 1.90000000e-06  1.50563302e+00  1.90000000e-06  2.00000000e-01  1.60000000e+00 
 2.00000000e-06  1.50849263e+00  2.00000000e-06  2.00000000e-01  1.60000000e+00 
 2.10000000e-06  1.51124317e+00  2.10000000e-06  2.00000000e-01  1.60000000e+00 
 2.20000000e-06  1.51389458e+00  2.20000000e-06  2.00000000e-01  1.60000000e+00 
 2.30000000e-06  1.51645549e+00  2.30000000e-06  2.00000000e-01  1.60000000e+00 
 2.40000000e-06  1.51893342e+00  2.40000000e-06  2.00000000e-01  1.60000000e+00 
 2.50000000e-06  1.52133500e+00  2.50000000e-06  2.00000000e-01  1.60000000e+00 
 2.60000000e-06  1.52366607e+00  2.60000000e-06  2.00000000e-01  1.60000000e+00 
 2.70000000e-06  1.52593179e+00  2.70000000e-06  2.00000000e-01  1.60000000e+00 
 2.80000000e-06  1.52813681e+00  2.80000000e-06  2.00000000e-01  1.60000000e+00 
 2.90000000e-06  1.53028524e+00  2.90000000e-06  2.00000000e-01  1.60000000e+00 
 3.00000000e-06  1.53238080e+00  3.00000000e-06  2.00000000e-01  1.60000000e+00 
 3.10000000e-06  1.53442684e+00  3.10000000e-06  2.00000000e-01  1.60000000e+00 
 3.20000000e-06  1.53642641e+00  3.20000000e-06  2.00000000e-01  1.60000000e+00 
 3.30000000e-06  1.53838224e+00  3.30000000e-06  2.00000000e-01  1.60000000e+00 
 3.40000000e-06  1.54029686e+00  3.40000000e-06  2.00000000e-01  1.60000000e+00 
 3.50000000e-06  1.54217255e+00  3.50000000e-06  2.00000000e-01  1.60000000e+00 
 3.60000000e-06  1.54401142e+00  3.60000000e-06  2.00000000e-01  1.60000000e+00 
 3.70000000e-06  1.54581540e+00  3.70000000e-06  2.00000000e-01  1.60000000e+00 
 3.80000000e-06  1.54758626e+00  3.80000000e-06  2.00000000e-01  1.60000000e+00 
 3.90000000e-06  1.54932564e+00  3.90000000e-06  2.00000000e-01  1.60000000e+00 
 4.00000000e-06  1.55103506e+00  4.00000000e-06  2.00000000e-01  1.60000000e+00 
 4.10000000e-06  1.55271592e+00  4.10000000e-06  2.00000000e-01  1.60000000e+00 
 4.20000000e-06  1.55436953e+00  4.20000000e-06  2.00000000e-01  1.60000000e+00 
 4.30000000e-06  1.55599710e+00  4.30000000e-06  2.00000000e-01  1.60000000e+00 
 4.40000000e-06  1.55759976e+00  4.40000000e-06  2.00000000e-01  1.60000000e+00 
 4.50000000e-06  1.55917856e+00  4.50000000e-06  2.00000000e-01  1.60000000e+00 
 4.60000000e-06  1.56073451e+00  4.60000000e-06  2.00000000e-01  1.60000000e+00 
 4.70000000e-06  1.56226851e+00  4.70000000e-06  2.00000000e-01  1.60000000e+00 
 4.80000000e-06  1.56379228e+00  4.80000000e-06  2.00000000e-01  1.60000000e+00 
 4.90000000e-06  1.56528374e+00  4.90000000e-06  2.00000000e-01  1.60000000e+00 
 5.00000000e-06  1.56675585e+00  5.00000000e-06  2.00000000e-01  1.60000000e+00 
 5.10000000e-06  1.56820931e+00  5.10000000e-06  2.00000000e-01  1.60000000e+00 
 5.20000000e-06  1.56964478e+00  5.20000000e-06  2.00000000e-01  1.60000000e+00 
 5.30000000e-06  1.57106290e+00  5.30000000e-06  2.00000000e-01  1.60000000e+00 
 5.40000000e-06  1.57246426e+00  5.40000000e-06  2.00000000e-01  1.60000000e+00 
 5.50000000e-06  1.57384943e+00  5.50000000e-06  2.00000000e-01  1.60000000e+00 
 5.60000000e-06  1.57521893e+00  5.60000000e-06  2.00000000e-01  1.60000000e+00 
 5.70000000e-06  1.57657327e+00  5.70000000e-06  2.00000000e-01  1.60000000e+00 
 5.80000000e-06  1.57791295e+00  5.80000000e-06  2.00000000e-01  1.60000000e+00 
 5.90000000e-06  1.57923840e+00  5.90000000e-06  2.00000000e-01  1.60000000e+00 
 6.00000000e-06  1.58055008e+00  6.00000000e-06  2.00000000e-01  1.60000000e+00 
