 i-sweep         v(vout)         i(viin)         v(vgate)        v(vmid)        
-6.00000000e-06 -6.47341415e-01 -6.00000000e-06  2.00000000e-01  1.20000000e+00 
-5.90000000e-06 -6.44562134e-01 -5.90000000e-06  2.00000000e-01  1.20000000e+00 
-5.80000000e-06 -6.41723978e-01 -5.80000000e-06  2.00000000e-01  1.20000000e+00 
-5.70000000e-06 -6.38827230e-01 -5.70000000e-06  2.00000000e-01  1.20000000e+00 
-5.60000000e-06 -6.35872258e-01 -5.60000000e-06  2.00000000e-01  1.20000000e+00 
-5.50000000e-06 -6.32859502e-01 -5.50000000e-06  2.00000000e-01  1.20000000e+00 
-5.40000000e-06 -6.29789462e-01 -5.40000000e-06  2.00000000e-01  1.20000000e+00 
-5.30000000e-06 -6.26662678e-01 -5.30000000e-06  2.00000000e-01  1.20000000e+00 
-5.20000000e-06 -6.23479718e-01 -5.20000000e-06  2.00000000e-01  1.20000000e+00 
-5.10000000e-06 -6.20241164e-01 -5.10000000e-06  2.00000000e-01  1.20000000e+00 
-5.00000000e-06 -6.16947589e-01 -5.00000000e-06  2.00000000e-01  1.20000000e+00 
-4.90000000e-06 -6.13599545e-01 -4.90000000e-06  2.00000000e-01  1.20000000e+00 
-4.80000000e-06 -6.10197548e-01 -4.80000000e-06  2.00000000e-01  1.20000000e+00 
-4.70000000e-06 -6.06742058e-01 -4.70000000e-06  2.00000000e-01  1.20000000e+00 
-4.60000000e-06 -6.03233466e-01 -4.60000000e-06  2.00000000e-01  1.20000000e+00 
-4.50000000e-06 -5.99672084e-01 -4.50000000e-06  2.00000000e-01  1.20000000e+00 
-4.40000000e-06 -5.96058123e-01 -4.40000000e-06  2.00000000e-01  1.20000000e+00 
-4.30000000e-06 -5.92391690e-01 -4.30000000e-06  2.00000000e-01  1.20000000e+00 
-4.20000000e-06 -5.88672767e-01 -4.20000000e-06  2.00000000e-01  1.20000000e+00 
-4.10000000e-06 -5.84901208e-01 -4.10000000e-06  2.00000000e-01  1.20000000e+00 
-4.00000000e-06 -5.81076722e-01 -4.00000000e-06  2.00000000e-01  1.20000000e+00 
-3.90000000e-06 -5.77198866e-01 -3.90000000e-06  2.00000000e-01  1.20000000e+00 
-3.80000000e-06 -5.73267030e-01 -3.80000000e-06  2.00000000e-01  1.20000000e+00 
-3.70000000e-06 -5.69280432e-01 -3.70000000e-06  2.00000000e-01  1.20000000e+00 
-3.60000000e-06 -5.65238101e-01 -3.60000000e-06  2.00000000e-01  1.20000000e+00 
-3.50000000e-06 -5.61138866e-01 -3.50000000e-06  2.00000000e-01  1.20000000e+00 
-3.40000000e-06 -5.56981342e-01 -3.40000000e-06  2.00000000e-01  1.20000000e+00 
-3.30000000e-06 -5.52763916e-01 -3.30000000e-06  2.00000000e-01  1.20000000e+00 
-3.20000000e-06 -5.48484723e-01 -3.20000000e-06  2.00000000e-01  1.20000000e+00 
-3.10000000e-06 -5.44141631e-01 -3.10000000e-06  2.00000000e-01  1.20000000e+00 
-3.00000000e-06 -5.39732213e-01 -3.00000000e-06  2.00000000e-01  1.20000000e+00 
-2.90000000e-06 -5.35253716e-01 -2.90000000e-06  2.00000000e-01  1.20000000e+00 
-2.80000000e-06 -5.30703032e-01 -2.80000000e-06  2.00000000e-01  1.20000000e+00 
-2.70000000e-06 -5.26076649e-01 -2.70000000e-06  2.00000000e-01  1.20000000e+00 
-2.60000000e-06 -5.21370606e-01 -2.60000000e-06  2.00000000e-01  1.20000000e+00 
-2.50000000e-06 -5.16580433e-01 -2.50000000e-06  2.00000000e-01  1.20000000e+00 
-2.40000000e-06 -5.11701074e-01 -2.40000000e-06  2.00000000e-01  1.20000000e+00 
-2.30000000e-06 -5.06726804e-01 -2.30000000e-06  2.00000000e-01  1.20000000e+00 
-2.20000000e-06 -5.01651118e-01 -2.20000000e-06  2.00000000e-01  1.20000000e+00 
-2.10000000e-06 -4.96466595e-01 -2.10000000e-06  2.00000000e-01  1.20000000e+00 
-2.00000000e-06 -4.91164737e-01 -2.00000000e-06  2.00000000e-01  1.20000000e+00 
-1.90000000e-06 -4.85735753e-01 -1.90000000e-06  2.00000000e-01  1.20000000e+00 
-1.80000000e-06 -4.80168300e-01 -1.80000000e-06  2.00000000e-01  1.20000000e+00 
-1.70000000e-06 -4.74449138e-01 -1.70000000e-06  2.00000000e-01  1.20000000e+00 
-1.60000000e-06 -4.68562694e-01 -1.60000000e-06  2.00000000e-01  1.20000000e+00 
-1.50000000e-06 -4.62490475e-01 -1.50000000e-06  2.00000000e-01  1.20000000e+00 
-1.40000000e-06 -4.56210293e-01 -1.40000000e-06  2.00000000e-01  1.20000000e+00 
-1.30000000e-06 -4.49695203e-01 -1.30000000e-06  2.00000000e-01  1.20000000e+00 
-1.20000000e-06 -4.42912023e-01 -1.20000000e-06  2.00000000e-01  1.20000000e+00 
-1.10000000e-06 -4.35819227e-01 -1.10000000e-06  2.00000000e-01  1.20000000e+00 
-1.00000000e-06 -4.28363847e-01 -1.00000000e-06  2.00000000e-01  1.20000000e+00 
-9.00000000e-07 -4.20476778e-01 -9.00000000e-07  2.00000000e-01  1.20000000e+00 
-8.00000000e-07 -4.12065355e-01 -8.00000000e-07  2.00000000e-01  1.20000000e+00 
-7.00000000e-07 -4.03001054e-01 -7.00000000e-07  2.00000000e-01  1.20000000e+00 
-6.00000000e-07 -3.93097822e-01 -6.00000000e-07  2.00000000e-01  1.20000000e+00 
-5.00000000e-07 -3.82070867e-01 -5.00000000e-07  2.00000000e-01  1.20000000e+00 
-4.00000000e-07 -3.69449842e-01 -4.00000000e-07  2.00000000e-01  1.20000000e+00 
-3.00000000e-07 -3.54363046e-01 -3.00000000e-07  2.00000000e-01  1.20000000e+00 
-2.00000000e-07 -3.34889892e-01 -2.00000000e-07  2.00000000e-01  1.20000000e+00 
-1.00000000e-07 -3.04992585e-01 -1.00000000e-07  2.00000000e-01  1.20000000e+00 
-5.71747239e-21  6.65552657e-01 -5.71747239e-21  2.00000000e-01  1.20000000e+00 
 1.00000000e-07  1.07197899e+00  1.00000000e-07  2.00000000e-01  1.20000000e+00 
 2.00000000e-07  1.10437313e+00  2.00000000e-07  2.00000000e-01  1.20000000e+00 
 3.00000000e-07  1.12324951e+00  3.00000000e-07  2.00000000e-01  1.20000000e+00 
 4.00000000e-07  1.13669423e+00  4.00000000e-07  2.00000000e-01  1.20000000e+00 
 5.00000000e-07  1.14718309e+00  5.00000000e-07  2.00000000e-01  1.20000000e+00 
 6.00000000e-07  1.15583996e+00  6.00000000e-07  2.00000000e-01  1.20000000e+00 
 7.00000000e-07  1.16324093e+00  7.00000000e-07  2.00000000e-01  1.20000000e+00 
 8.00000000e-07  1.16972825e+00  8.00000000e-07  2.00000000e-01  1.20000000e+00 
 9.00000000e-07  1.17552120e+00  9.00000000e-07  2.00000000e-01  1.20000000e+00 
 1.00000000e-06  1.18076850e+00  1.00000000e-06  2.00000000e-01  1.20000000e+00 
 1.10000000e-06  1.18558718e+00  1.10000000e-06  2.00000000e-01  1.20000000e+00 
 1.20000000e-06  1.19002674e+00  1.20000000e-06  2.00000000e-01  1.20000000e+00 
 1.30000000e-06  1.19416413e+00  1.30000000e-06  2.00000000e-01  1.20000000e+00 
 1.40000000e-06  1.19804380e+00  1.40000000e-06  2.00000000e-01  1.20000000e+00 
 1.50000000e-06  1.20170107e+00  1.50000000e-06  2.00000000e-01  1.20000000e+00 
 1.60000000e-06  1.20516446e+00  1.60000000e-06  2.00000000e-01  1.20000000e+00 
 1.70000000e-06  1.20845732e+00  1.70000000e-06  2.00000000e-01  1.20000000e+00 
 1.80000000e-06  1.21159899e+00  1.80000000e-06  2.00000000e-01  1.20000000e+00 
 1.90000000e-06  1.21460564e+00  1.90000000e-06  2.00000000e-01  1.20000000e+00 
 2.00000000e-06  1.21749097e+00  2.00000000e-06  2.00000000e-01  1.20000000e+00 
 2.10000000e-06  1.22026666e+00  2.10000000e-06  2.00000000e-01  1.20000000e+00 
 2.20000000e-06  1.22294276e+00  2.20000000e-06  2.00000000e-01  1.20000000e+00 
 2.30000000e-06  1.22552796e+00  2.30000000e-06  2.00000000e-01  1.20000000e+00 
 2.40000000e-06  1.22802986e+00  2.40000000e-06  2.00000000e-01  1.20000000e+00 
 2.50000000e-06  1.23045509e+00  2.50000000e-06  2.00000000e-01  1.20000000e+00 
 2.60000000e-06  1.23280955e+00  2.60000000e-06  2.00000000e-01  1.20000000e+00 
 2.70000000e-06  1.23509843e+00  2.70000000e-06  2.00000000e-01  1.20000000e+00 
 2.80000000e-06  1.23732637e+00  2.80000000e-06  2.00000000e-01  1.20000000e+00 
 2.90000000e-06  1.23949752e+00  2.90000000e-06  2.00000000e-01  1.20000000e+00 
 3.00000000e-06  1.24161561e+00  3.00000000e-06  2.00000000e-01  1.20000000e+00 
 3.10000000e-06  1.24368400e+00  3.10000000e-06  2.00000000e-01  1.20000000e+00 
 3.20000000e-06  1.24570575e+00  3.20000000e-06  2.00000000e-01  1.20000000e+00 
 3.30000000e-06  1.24768360e+00  3.30000000e-06  2.00000000e-01  1.20000000e+00 
 3.40000000e-06  1.24962008e+00  3.40000000e-06  2.00000000e-01  1.20000000e+00 
 3.50000000e-06  1.25151749e+00  3.50000000e-06  2.00000000e-01  1.20000000e+00 
 3.60000000e-06  1.25337794e+00  3.60000000e-06  2.00000000e-01  1.20000000e+00 
 3.70000000e-06  1.25521101e+00  3.70000000e-06  2.00000000e-01  1.20000000e+00 
 3.80000000e-06  1.25700210e+00  3.80000000e-06  2.00000000e-01  1.20000000e+00 
 3.90000000e-06  1.25876176e+00  3.90000000e-06  2.00000000e-01  1.20000000e+00 
 4.00000000e-06  1.26049147e+00  4.00000000e-06  2.00000000e-01  1.20000000e+00 
 4.10000000e-06  1.26219262e+00  4.10000000e-06  2.00000000e-01  1.20000000e+00 
 4.20000000e-06  1.26386651e+00  4.20000000e-06  2.00000000e-01  1.20000000e+00 
 4.30000000e-06  1.26551434e+00  4.30000000e-06  2.00000000e-01  1.20000000e+00 
 4.40000000e-06  1.26713722e+00  4.40000000e-06  2.00000000e-01  1.20000000e+00 
 4.50000000e-06  1.26873621e+00  4.50000000e-06  2.00000000e-01  1.20000000e+00 
 4.60000000e-06  1.27031229e+00  4.60000000e-06  2.00000000e-01  1.20000000e+00 
 4.70000000e-06  1.27186638e+00  4.70000000e-06  2.00000000e-01  1.20000000e+00 
 4.80000000e-06  1.27339934e+00  4.80000000e-06  2.00000000e-01  1.20000000e+00 
 4.90000000e-06  1.27491198e+00  4.90000000e-06  2.00000000e-01  1.20000000e+00 
 5.00000000e-06  1.27640507e+00  5.00000000e-06  2.00000000e-01  1.20000000e+00 
 5.10000000e-06  1.27787933e+00  5.10000000e-06  2.00000000e-01  1.20000000e+00 
 5.20000000e-06  1.27933543e+00  5.20000000e-06  2.00000000e-01  1.20000000e+00 
 5.30000000e-06  1.28077402e+00  5.30000000e-06  2.00000000e-01  1.20000000e+00 
 5.40000000e-06  1.28219569e+00  5.40000000e-06  2.00000000e-01  1.20000000e+00 
 5.50000000e-06  1.28360104e+00  5.50000000e-06  2.00000000e-01  1.20000000e+00 
 5.60000000e-06  1.28499059e+00  5.60000000e-06  2.00000000e-01  1.20000000e+00 
 5.70000000e-06  1.28636487e+00  5.70000000e-06  2.00000000e-01  1.20000000e+00 
 5.80000000e-06  1.28772437e+00  5.80000000e-06  2.00000000e-01  1.20000000e+00 
 5.90000000e-06  1.28906954e+00  5.90000000e-06  2.00000000e-01  1.20000000e+00 
 6.00000000e-06  1.29040083e+00  6.00000000e-06  2.00000000e-01  1.20000000e+00 
