 i-sweep         v(vout)         i(viin)         v(vgate)        v(vmid)        
-6.00000000e-06 -7.22376779e-01 -6.00000000e-06  0.00000000e+00  1.00000000e-01 
-5.90000000e-06 -7.21354513e-01 -5.90000000e-06  0.00000000e+00  1.00000000e-01 
-5.80000000e-06 -7.20307351e-01 -5.80000000e-06  0.00000000e+00  1.00000000e-01 
-5.70000000e-06 -7.19234191e-01 -5.70000000e-06  0.00000000e+00  1.00000000e-01 
-5.60000000e-06 -7.18133860e-01 -5.60000000e-06  0.00000000e+00  1.00000000e-01 
-5.50000000e-06 -7.17004722e-01 -5.50000000e-06  0.00000000e+00  1.00000000e-01 
-5.40000000e-06 -7.15846115e-01 -5.40000000e-06  0.00000000e+00  1.00000000e-01 
-5.30000000e-06 -7.14656336e-01 -5.30000000e-06  0.00000000e+00  1.00000000e-01 
-5.20000000e-06 -7.13433887e-01 -5.20000000e-06  0.00000000e+00  1.00000000e-01 
-5.10000000e-06 -7.12177169e-01 -5.10000000e-06  0.00000000e+00  1.00000000e-01 
-5.00000000e-06 -7.10884483e-01 -5.00000000e-06  0.00000000e+00  1.00000000e-01 
-4.90000000e-06 -7.09554016e-01 -4.90000000e-06  0.00000000e+00  1.00000000e-01 
-4.80000000e-06 -7.08183831e-01 -4.80000000e-06  0.00000000e+00  1.00000000e-01 
-4.70000000e-06 -7.06771867e-01 -4.70000000e-06  0.00000000e+00  1.00000000e-01 
-4.60000000e-06 -7.05315917e-01 -4.60000000e-06  0.00000000e+00  1.00000000e-01 
-4.50000000e-06 -7.03813627e-01 -4.50000000e-06  0.00000000e+00  1.00000000e-01 
-4.40000000e-06 -7.02262481e-01 -4.40000000e-06  0.00000000e+00  1.00000000e-01 
-4.30000000e-06 -7.00659788e-01 -4.30000000e-06  0.00000000e+00  1.00000000e-01 
-4.20000000e-06 -6.99002672e-01 -4.20000000e-06  0.00000000e+00  1.00000000e-01 
-4.10000000e-06 -6.97288054e-01 -4.10000000e-06  0.00000000e+00  1.00000000e-01 
-4.00000000e-06 -6.95512646e-01 -4.00000000e-06  0.00000000e+00  1.00000000e-01 
-3.90000000e-06 -6.93672927e-01 -3.90000000e-06  0.00000000e+00  1.00000000e-01 
-3.80000000e-06 -6.91765140e-01 -3.80000000e-06  0.00000000e+00  1.00000000e-01 
-3.70000000e-06 -6.89785250e-01 -3.70000000e-06  0.00000000e+00  1.00000000e-01 
-3.60000000e-06 -6.87728970e-01 -3.60000000e-06  0.00000000e+00  1.00000000e-01 
-3.50000000e-06 -6.85591721e-01 -3.50000000e-06  0.00000000e+00  1.00000000e-01 
-3.40000000e-06 -6.83368593e-01 -3.40000000e-06  0.00000000e+00  1.00000000e-01 
-3.30000000e-06 -6.81054389e-01 -3.30000000e-06  0.00000000e+00  1.00000000e-01 
-3.20000000e-06 -6.78643581e-01 -3.20000000e-06  0.00000000e+00  1.00000000e-01 
-3.10000000e-06 -6.76130317e-01 -3.10000000e-06  0.00000000e+00  1.00000000e-01 
-3.00000000e-06 -6.73508120e-01 -3.00000000e-06  0.00000000e+00  1.00000000e-01 
-2.90000000e-06 -6.70770646e-01 -2.90000000e-06  0.00000000e+00  1.00000000e-01 
-2.80000000e-06 -6.67910810e-01 -2.80000000e-06  0.00000000e+00  1.00000000e-01 
-2.70000000e-06 -6.64921247e-01 -2.70000000e-06  0.00000000e+00  1.00000000e-01 
-2.60000000e-06 -6.61794204e-01 -2.60000000e-06  0.00000000e+00  1.00000000e-01 
-2.50000000e-06 -6.58521517e-01 -2.50000000e-06  0.00000000e+00  1.00000000e-01 
-2.40000000e-06 -6.55094631e-01 -2.40000000e-06  0.00000000e+00  1.00000000e-01 
-2.30000000e-06 -6.51504550e-01 -2.30000000e-06  0.00000000e+00  1.00000000e-01 
-2.20000000e-06 -6.47741806e-01 -2.20000000e-06  0.00000000e+00  1.00000000e-01 
-2.10000000e-06 -6.43796402e-01 -2.10000000e-06  0.00000000e+00  1.00000000e-01 
-2.00000000e-06 -6.39657716e-01 -2.00000000e-06  0.00000000e+00  1.00000000e-01 
-1.90000000e-06 -6.35314360e-01 -1.90000000e-06  0.00000000e+00  1.00000000e-01 
-1.80000000e-06 -6.30753969e-01 -1.80000000e-06  0.00000000e+00  1.00000000e-01 
-1.70000000e-06 -6.25962907e-01 -1.70000000e-06  0.00000000e+00  1.00000000e-01 
-1.60000000e-06 -6.20925843e-01 -1.60000000e-06  0.00000000e+00  1.00000000e-01 
-1.50000000e-06 -6.15625170e-01 -1.50000000e-06  0.00000000e+00  1.00000000e-01 
-1.40000000e-06 -6.10040203e-01 -1.40000000e-06  0.00000000e+00  1.00000000e-01 
-1.30000000e-06 -6.04146059e-01 -1.30000000e-06  0.00000000e+00  1.00000000e-01 
-1.20000000e-06 -5.97912101e-01 -1.20000000e-06  0.00000000e+00  1.00000000e-01 
-1.10000000e-06 -5.91299729e-01 -1.10000000e-06  0.00000000e+00  1.00000000e-01 
-1.00000000e-06 -5.84259162e-01 -1.00000000e-06  0.00000000e+00  1.00000000e-01 
-9.00000000e-07 -5.76724597e-01 -9.00000000e-07  0.00000000e+00  1.00000000e-01 
-8.00000000e-07 -5.68606637e-01 -8.00000000e-07  0.00000000e+00  1.00000000e-01 
-7.00000000e-07 -5.59779829e-01 -7.00000000e-07  0.00000000e+00  1.00000000e-01 
-6.00000000e-07 -5.50060877e-01 -6.00000000e-07  0.00000000e+00  1.00000000e-01 
-5.00000000e-07 -5.39166099e-01 -5.00000000e-07  0.00000000e+00  1.00000000e-01 
-4.00000000e-07 -5.26626038e-01 -4.00000000e-07  0.00000000e+00  1.00000000e-01 
-3.00000000e-07 -5.11568188e-01 -3.00000000e-07  0.00000000e+00  1.00000000e-01 
-2.00000000e-07 -4.92068443e-01 -2.00000000e-07  0.00000000e+00  1.00000000e-01 
-1.00000000e-07 -4.62079626e-01 -1.00000000e-07  0.00000000e+00  1.00000000e-01 
-5.71747239e-21  6.13166217e-01 -5.71747239e-21  0.00000000e+00  1.00000000e-01 
 1.00000000e-07  1.01518042e+00  1.00000000e-07  0.00000000e+00  1.00000000e-01 
 2.00000000e-07  1.04758997e+00  2.00000000e-07  0.00000000e+00  1.00000000e-01 
 3.00000000e-07  1.06647604e+00  3.00000000e-07  0.00000000e+00  1.00000000e-01 
 4.00000000e-07  1.07991820e+00  4.00000000e-07  0.00000000e+00  1.00000000e-01 
 5.00000000e-07  1.09042075e+00  5.00000000e-07  0.00000000e+00  1.00000000e-01 
 6.00000000e-07  1.09908510e+00  6.00000000e-07  0.00000000e+00  1.00000000e-01 
 7.00000000e-07  1.10649208e+00  7.00000000e-07  0.00000000e+00  1.00000000e-01 
 8.00000000e-07  1.11298495e+00  8.00000000e-07  0.00000000e+00  1.00000000e-01 
 9.00000000e-07  1.11878322e+00  9.00000000e-07  0.00000000e+00  1.00000000e-01 
 1.00000000e-06  1.12403571e+00  1.00000000e-06  0.00000000e+00  1.00000000e-01 
 1.10000000e-06  1.12884789e+00  1.10000000e-06  0.00000000e+00  1.00000000e-01 
 1.20000000e-06  1.13329722e+00  1.20000000e-06  0.00000000e+00  1.00000000e-01 
 1.30000000e-06  1.13744226e+00  1.30000000e-06  0.00000000e+00  1.00000000e-01 
 1.40000000e-06  1.14132836e+00  1.40000000e-06  0.00000000e+00  1.00000000e-01 
 1.50000000e-06  1.14499136e+00  1.50000000e-06  0.00000000e+00  1.00000000e-01 
 1.60000000e-06  1.14846003e+00  1.60000000e-06  0.00000000e+00  1.00000000e-01 
 1.70000000e-06  1.15175790e+00  1.70000000e-06  0.00000000e+00  1.00000000e-01 
 1.80000000e-06  1.15490438e+00  1.80000000e-06  0.00000000e+00  1.00000000e-01 
 1.90000000e-06  1.15791571e+00  1.90000000e-06  0.00000000e+00  1.00000000e-01 
 2.00000000e-06  1.16080564e+00  2.00000000e-06  0.00000000e+00  1.00000000e-01 
 2.10000000e-06  1.16358585e+00  2.10000000e-06  0.00000000e+00  1.00000000e-01 
 2.20000000e-06  1.16626640e+00  2.20000000e-06  0.00000000e+00  1.00000000e-01 
 2.30000000e-06  1.16885601e+00  2.30000000e-06  0.00000000e+00  1.00000000e-01 
 2.40000000e-06  1.17136226e+00  2.40000000e-06  0.00000000e+00  1.00000000e-01 
 2.50000000e-06  1.17379182e+00  2.50000000e-06  0.00000000e+00  1.00000000e-01 
 2.60000000e-06  1.17615056e+00  2.60000000e-06  0.00000000e+00  1.00000000e-01 
 2.70000000e-06  1.17844369e+00  2.70000000e-06  0.00000000e+00  1.00000000e-01 
 2.80000000e-06  1.18067585e+00  2.80000000e-06  0.00000000e+00  1.00000000e-01 
 2.90000000e-06  1.18285119e+00  2.90000000e-06  0.00000000e+00  1.00000000e-01 
 3.00000000e-06  1.18497344e+00  3.00000000e-06  0.00000000e+00  1.00000000e-01 
 3.10000000e-06  1.18704597e+00  3.10000000e-06  0.00000000e+00  1.00000000e-01 
 3.20000000e-06  1.18907182e+00  3.20000000e-06  0.00000000e+00  1.00000000e-01 
 3.30000000e-06  1.19105375e+00  3.30000000e-06  0.00000000e+00  1.00000000e-01 
 3.40000000e-06  1.19299430e+00  3.40000000e-06  0.00000000e+00  1.00000000e-01 
 3.50000000e-06  1.19489574e+00  3.50000000e-06  0.00000000e+00  1.00000000e-01 
 3.60000000e-06  1.19676021e+00  3.60000000e-06  0.00000000e+00  1.00000000e-01 
 3.70000000e-06  1.19858962e+00  3.70000000e-06  0.00000000e+00  1.00000000e-01 
 3.80000000e-06  1.20038577e+00  3.80000000e-06  0.00000000e+00  1.00000000e-01 
 3.90000000e-06  1.20215029e+00  3.90000000e-06  0.00000000e+00  1.00000000e-01 
 4.00000000e-06  1.20388472e+00  4.00000000e-06  0.00000000e+00  1.00000000e-01 
 4.10000000e-06  1.20559045e+00  4.10000000e-06  0.00000000e+00  1.00000000e-01 
 4.20000000e-06  1.20726880e+00  4.20000000e-06  0.00000000e+00  1.00000000e-01 
 4.30000000e-06  1.20892099e+00  4.30000000e-06  0.00000000e+00  1.00000000e-01 
 4.40000000e-06  1.21054815e+00  4.40000000e-06  0.00000000e+00  1.00000000e-01 
 4.50000000e-06  1.21215134e+00  4.50000000e-06  0.00000000e+00  1.00000000e-01 
 4.60000000e-06  1.21373156e+00  4.60000000e-06  0.00000000e+00  1.00000000e-01 
 4.70000000e-06  1.21528972e+00  4.70000000e-06  0.00000000e+00  1.00000000e-01 
 4.80000000e-06  1.21682670e+00  4.80000000e-06  0.00000000e+00  1.00000000e-01 
 4.90000000e-06  1.21834332e+00  4.90000000e-06  0.00000000e+00  1.00000000e-01 
 5.00000000e-06  1.21984034e+00  5.00000000e-06  0.00000000e+00  1.00000000e-01 
 5.10000000e-06  1.22131849e+00  5.10000000e-06  0.00000000e+00  1.00000000e-01 
 5.20000000e-06  1.22277846e+00  5.20000000e-06  0.00000000e+00  1.00000000e-01 
 5.30000000e-06  1.22422088e+00  5.30000000e-06  0.00000000e+00  1.00000000e-01 
 5.40000000e-06  1.22564636e+00  5.40000000e-06  0.00000000e+00  1.00000000e-01 
 5.50000000e-06  1.22705548e+00  5.50000000e-06  0.00000000e+00  1.00000000e-01 
 5.60000000e-06  1.22844879e+00  5.60000000e-06  0.00000000e+00  1.00000000e-01 
 5.70000000e-06  1.22982681e+00  5.70000000e-06  0.00000000e+00  1.00000000e-01 
 5.80000000e-06  1.23119001e+00  5.80000000e-06  0.00000000e+00  1.00000000e-01 
 5.90000000e-06  1.23253888e+00  5.90000000e-06  0.00000000e+00  1.00000000e-01 
 6.00000000e-06  1.23387385e+00  6.00000000e-06  0.00000000e+00  1.00000000e-01 
