 i-sweep         v(vout)         i(viin)         v(vgate)        v(vmid)        
 0.00000000e+00  8.87650230e-01  0.00000000e+00  4.00000000e-01  1.60000000e+00 
 1.00000000e-07  1.36372234e+00  1.00000000e-07  4.00000000e-01  1.60000000e+00 
 2.00000000e-07  1.39599328e+00  2.00000000e-07  4.00000000e-01  1.60000000e+00 
 3.00000000e-07  1.41478905e+00  3.00000000e-07  4.00000000e-01  1.60000000e+00 
 4.00000000e-07  1.42817164e+00  4.00000000e-07  4.00000000e-01  1.60000000e+00 
 5.00000000e-07  1.43864405e+00  5.00000000e-07  4.00000000e-01  1.60000000e+00 
 6.00000000e-07  1.44724974e+00  6.00000000e-07  4.00000000e-01  1.60000000e+00 
 7.00000000e-07  1.45461072e+00  7.00000000e-07  4.00000000e-01  1.60000000e+00 
 8.00000000e-07  1.46106276e+00  8.00000000e-07  4.00000000e-01  1.60000000e+00 
 9.00000000e-07  1.46682291e+00  9.00000000e-07  4.00000000e-01  1.60000000e+00 
 1.00000000e-06  1.47203900e+00  1.00000000e-06  4.00000000e-01  1.60000000e+00 
 1.10000000e-06  1.47681606e+00  1.10000000e-06  4.00000000e-01  1.60000000e+00 
 1.20000000e-06  1.48123130e+00  1.20000000e-06  4.00000000e-01  1.60000000e+00 
 1.30000000e-06  1.48534311e+00  1.30000000e-06  4.00000000e-01  1.60000000e+00 
 1.40000000e-06  1.48919672e+00  1.40000000e-06  4.00000000e-01  1.60000000e+00 
 1.50000000e-06  1.49284126e+00  1.50000000e-06  4.00000000e-01  1.60000000e+00 
 1.60000000e-06  1.49627433e+00  1.60000000e-06  4.00000000e-01  1.60000000e+00 
 1.70000000e-06  1.49953858e+00  1.70000000e-06  4.00000000e-01  1.60000000e+00 
 1.80000000e-06  1.50265286e+00  1.80000000e-06  4.00000000e-01  1.60000000e+00 
 1.90000000e-06  1.50563306e+00  1.90000000e-06  4.00000000e-01  1.60000000e+00 
 2.00000000e-06  1.50849266e+00  2.00000000e-06  4.00000000e-01  1.60000000e+00 
 2.10000000e-06  1.51124319e+00  2.10000000e-06  4.00000000e-01  1.60000000e+00 
 2.20000000e-06  1.51389459e+00  2.20000000e-06  4.00000000e-01  1.60000000e+00 
 2.30000000e-06  1.51645550e+00  2.30000000e-06  4.00000000e-01  1.60000000e+00 
 2.40000000e-06  1.51893343e+00  2.40000000e-06  4.00000000e-01  1.60000000e+00 
 2.50000000e-06  1.52133501e+00  2.50000000e-06  4.00000000e-01  1.60000000e+00 
 2.60000000e-06  1.52366607e+00  2.60000000e-06  4.00000000e-01  1.60000000e+00 
 2.70000000e-06  1.52593180e+00  2.70000000e-06  4.00000000e-01  1.60000000e+00 
 2.80000000e-06  1.52813681e+00  2.80000000e-06  4.00000000e-01  1.60000000e+00 
 2.90000000e-06  1.53028524e+00  2.90000000e-06  4.00000000e-01  1.60000000e+00 
 3.00000000e-06  1.53238080e+00  3.00000000e-06  4.00000000e-01  1.60000000e+00 
 3.10000000e-06  1.53442684e+00  3.10000000e-06  4.00000000e-01  1.60000000e+00 
 3.20000000e-06  1.53642641e+00  3.20000000e-06  4.00000000e-01  1.60000000e+00 
 3.30000000e-06  1.53838224e+00  3.30000000e-06  4.00000000e-01  1.60000000e+00 
 3.40000000e-06  1.54029686e+00  3.40000000e-06  4.00000000e-01  1.60000000e+00 
 3.50000000e-06  1.54217255e+00  3.50000000e-06  4.00000000e-01  1.60000000e+00 
 3.60000000e-06  1.54401142e+00  3.60000000e-06  4.00000000e-01  1.60000000e+00 
 3.70000000e-06  1.54581540e+00  3.70000000e-06  4.00000000e-01  1.60000000e+00 
 3.80000000e-06  1.54758626e+00  3.80000000e-06  4.00000000e-01  1.60000000e+00 
 3.90000000e-06  1.54932564e+00  3.90000000e-06  4.00000000e-01  1.60000000e+00 
 4.00000000e-06  1.55103506e+00  4.00000000e-06  4.00000000e-01  1.60000000e+00 
 4.10000000e-06  1.55271592e+00  4.10000000e-06  4.00000000e-01  1.60000000e+00 
 4.20000000e-06  1.55436953e+00  4.20000000e-06  4.00000000e-01  1.60000000e+00 
 4.30000000e-06  1.55599710e+00  4.30000000e-06  4.00000000e-01  1.60000000e+00 
 4.40000000e-06  1.55759976e+00  4.40000000e-06  4.00000000e-01  1.60000000e+00 
 4.50000000e-06  1.55917856e+00  4.50000000e-06  4.00000000e-01  1.60000000e+00 
 4.60000000e-06  1.56073451e+00  4.60000000e-06  4.00000000e-01  1.60000000e+00 
 4.70000000e-06  1.56226851e+00  4.70000000e-06  4.00000000e-01  1.60000000e+00 
 4.80000000e-06  1.56379241e+00  4.80000000e-06  4.00000000e-01  1.60000000e+00 
 4.90000000e-06  1.56528385e+00  4.90000000e-06  4.00000000e-01  1.60000000e+00 
 5.00000000e-06  1.56675595e+00  5.00000000e-06  4.00000000e-01  1.60000000e+00 
 5.10000000e-06  1.56820939e+00  5.10000000e-06  4.00000000e-01  1.60000000e+00 
 5.20000000e-06  1.56964486e+00  5.20000000e-06  4.00000000e-01  1.60000000e+00 
 5.30000000e-06  1.57106297e+00  5.30000000e-06  4.00000000e-01  1.60000000e+00 
 5.40000000e-06  1.57246433e+00  5.40000000e-06  4.00000000e-01  1.60000000e+00 
 5.50000000e-06  1.57384949e+00  5.50000000e-06  4.00000000e-01  1.60000000e+00 
 5.60000000e-06  1.57521898e+00  5.60000000e-06  4.00000000e-01  1.60000000e+00 
 5.70000000e-06  1.57657332e+00  5.70000000e-06  4.00000000e-01  1.60000000e+00 
 5.80000000e-06  1.57791299e+00  5.80000000e-06  4.00000000e-01  1.60000000e+00 
 5.90000000e-06  1.57923844e+00  5.90000000e-06  4.00000000e-01  1.60000000e+00 
 6.00000000e-06  1.58055012e+00  6.00000000e-06  4.00000000e-01  1.60000000e+00 
 6.10000000e-06  1.58184843e+00  6.10000000e-06  4.00000000e-01  1.60000000e+00 
 6.20000000e-06  1.58313378e+00  6.20000000e-06  4.00000000e-01  1.60000000e+00 
 6.30000000e-06  1.58440653e+00  6.30000000e-06  4.00000000e-01  1.60000000e+00 
 6.40000000e-06  1.58566706e+00  6.40000000e-06  4.00000000e-01  1.60000000e+00 
 6.50000000e-06  1.58691571e+00  6.50000000e-06  4.00000000e-01  1.60000000e+00 
 6.60000000e-06  1.58815280e+00  6.60000000e-06  4.00000000e-01  1.60000000e+00 
 6.70000000e-06  1.58937866e+00  6.70000000e-06  4.00000000e-01  1.60000000e+00 
 6.80000000e-06  1.59059358e+00  6.80000000e-06  4.00000000e-01  1.60000000e+00 
 6.90000000e-06  1.59179785e+00  6.90000000e-06  4.00000000e-01  1.60000000e+00 
 7.00000000e-06  1.59299175e+00  7.00000000e-06  4.00000000e-01  1.60000000e+00 
 7.10000000e-06  1.59417555e+00  7.10000000e-06  4.00000000e-01  1.60000000e+00 
 7.20000000e-06  1.59534950e+00  7.20000000e-06  4.00000000e-01  1.60000000e+00 
 7.30000000e-06  1.59651384e+00  7.30000000e-06  4.00000000e-01  1.60000000e+00 
 7.40000000e-06  1.59766881e+00  7.40000000e-06  4.00000000e-01  1.60000000e+00 
 7.50000000e-06  1.59881465e+00  7.50000000e-06  4.00000000e-01  1.60000000e+00 
 7.60000000e-06  1.59995155e+00  7.60000000e-06  4.00000000e-01  1.60000000e+00 
 7.70000000e-06  1.60107975e+00  7.70000000e-06  4.00000000e-01  1.60000000e+00 
 7.80000000e-06  1.60219942e+00  7.80000000e-06  4.00000000e-01  1.60000000e+00 
 7.90000000e-06  1.60331078e+00  7.90000000e-06  4.00000000e-01  1.60000000e+00 
 8.00000000e-06  1.60441401e+00  8.00000000e-06  4.00000000e-01  1.60000000e+00 
 8.10000000e-06  1.60550928e+00  8.10000000e-06  4.00000000e-01  1.60000000e+00 
 8.20000000e-06  1.60659678e+00  8.20000000e-06  4.00000000e-01  1.60000000e+00 
 8.30000000e-06  1.60767667e+00  8.30000000e-06  4.00000000e-01  1.60000000e+00 
 8.40000000e-06  1.60874910e+00  8.40000000e-06  4.00000000e-01  1.60000000e+00 
 8.50000000e-06  1.60981425e+00  8.50000000e-06  4.00000000e-01  1.60000000e+00 
 8.60000000e-06  1.61087226e+00  8.60000000e-06  4.00000000e-01  1.60000000e+00 
 8.70000000e-06  1.61192328e+00  8.70000000e-06  4.00000000e-01  1.60000000e+00 
 8.80000000e-06  1.61296745e+00  8.80000000e-06  4.00000000e-01  1.60000000e+00 
 8.90000000e-06  1.61400490e+00  8.90000000e-06  4.00000000e-01  1.60000000e+00 
 9.00000000e-06  1.61503578e+00  9.00000000e-06  4.00000000e-01  1.60000000e+00 
 9.10000000e-06  1.61606020e+00  9.10000000e-06  4.00000000e-01  1.60000000e+00 
 9.20000000e-06  1.61707829e+00  9.20000000e-06  4.00000000e-01  1.60000000e+00 
 9.30000000e-06  1.61809017e+00  9.30000000e-06  4.00000000e-01  1.60000000e+00 
 9.40000000e-06  1.61909597e+00  9.40000000e-06  4.00000000e-01  1.60000000e+00 
 9.50000000e-06  1.62009579e+00  9.50000000e-06  4.00000000e-01  1.60000000e+00 
 9.60000000e-06  1.62108974e+00  9.60000000e-06  4.00000000e-01  1.60000000e+00 
 9.70000000e-06  1.62207793e+00  9.70000000e-06  4.00000000e-01  1.60000000e+00 
 9.80000000e-06  1.62306046e+00  9.80000000e-06  4.00000000e-01  1.60000000e+00 
 9.90000000e-06  1.62403744e+00  9.90000000e-06  4.00000000e-01  1.60000000e+00 
 1.00000000e-05  1.62500895e+00  1.00000000e-05  4.00000000e-01  1.60000000e+00 
 1.01000000e-05  1.62597511e+00  1.01000000e-05  4.00000000e-01  1.60000000e+00 
 1.02000000e-05  1.62693599e+00  1.02000000e-05  4.00000000e-01  1.60000000e+00 
 1.03000000e-05  1.62789169e+00  1.03000000e-05  4.00000000e-01  1.60000000e+00 
 1.04000000e-05  1.62884230e+00  1.04000000e-05  4.00000000e-01  1.60000000e+00 
 1.05000000e-05  1.62978790e+00  1.05000000e-05  4.00000000e-01  1.60000000e+00 
 1.06000000e-05  1.63072857e+00  1.06000000e-05  4.00000000e-01  1.60000000e+00 
 1.07000000e-05  1.63166439e+00  1.07000000e-05  4.00000000e-01  1.60000000e+00 
 1.08000000e-05  1.63259544e+00  1.08000000e-05  4.00000000e-01  1.60000000e+00 
 1.09000000e-05  1.63352180e+00  1.09000000e-05  4.00000000e-01  1.60000000e+00 
 1.10000000e-05  1.63444355e+00  1.10000000e-05  4.00000000e-01  1.60000000e+00 
 1.11000000e-05  1.63536075e+00  1.11000000e-05  4.00000000e-01  1.60000000e+00 
 1.12000000e-05  1.63627347e+00  1.12000000e-05  4.00000000e-01  1.60000000e+00 
 1.13000000e-05  1.63718178e+00  1.13000000e-05  4.00000000e-01  1.60000000e+00 
 1.14000000e-05  1.63808576e+00  1.14000000e-05  4.00000000e-01  1.60000000e+00 
 1.15000000e-05  1.63898546e+00  1.15000000e-05  4.00000000e-01  1.60000000e+00 
 1.16000000e-05  1.63988095e+00  1.16000000e-05  4.00000000e-01  1.60000000e+00 
 1.17000000e-05  1.64077229e+00  1.17000000e-05  4.00000000e-01  1.60000000e+00 
 1.18000000e-05  1.64165954e+00  1.18000000e-05  4.00000000e-01  1.60000000e+00 
 1.19000000e-05  1.64254276e+00  1.19000000e-05  4.00000000e-01  1.60000000e+00 
 1.20000000e-05  1.64342201e+00  1.20000000e-05  4.00000000e-01  1.60000000e+00 
 1.21000000e-05  1.64429735e+00  1.21000000e-05  4.00000000e-01  1.60000000e+00 
 1.22000000e-05  1.64516883e+00  1.22000000e-05  4.00000000e-01  1.60000000e+00 
 1.23000000e-05  1.64603650e+00  1.23000000e-05  4.00000000e-01  1.60000000e+00 
 1.24000000e-05  1.64690042e+00  1.24000000e-05  4.00000000e-01  1.60000000e+00 
 1.25000000e-05  1.64776063e+00  1.25000000e-05  4.00000000e-01  1.60000000e+00 
 1.26000000e-05  1.64861720e+00  1.26000000e-05  4.00000000e-01  1.60000000e+00 
 1.27000000e-05  1.64947016e+00  1.27000000e-05  4.00000000e-01  1.60000000e+00 
 1.28000000e-05  1.65031957e+00  1.28000000e-05  4.00000000e-01  1.60000000e+00 
 1.29000000e-05  1.65116547e+00  1.29000000e-05  4.00000000e-01  1.60000000e+00 
 1.30000000e-05  1.65200790e+00  1.30000000e-05  4.00000000e-01  1.60000000e+00 
 1.31000000e-05  1.65284693e+00  1.31000000e-05  4.00000000e-01  1.60000000e+00 
 1.32000000e-05  1.65368258e+00  1.32000000e-05  4.00000000e-01  1.60000000e+00 
 1.33000000e-05  1.65451490e+00  1.33000000e-05  4.00000000e-01  1.60000000e+00 
 1.34000000e-05  1.65534393e+00  1.34000000e-05  4.00000000e-01  1.60000000e+00 
 1.35000000e-05  1.65616972e+00  1.35000000e-05  4.00000000e-01  1.60000000e+00 
 1.36000000e-05  1.65699230e+00  1.36000000e-05  4.00000000e-01  1.60000000e+00 
 1.37000000e-05  1.65781171e+00  1.37000000e-05  4.00000000e-01  1.60000000e+00 
 1.38000000e-05  1.65862800e+00  1.38000000e-05  4.00000000e-01  1.60000000e+00 
 1.39000000e-05  1.65944120e+00  1.39000000e-05  4.00000000e-01  1.60000000e+00 
 1.40000000e-05  1.66025135e+00  1.40000000e-05  4.00000000e-01  1.60000000e+00 
 1.41000000e-05  1.66105848e+00  1.41000000e-05  4.00000000e-01  1.60000000e+00 
 1.42000000e-05  1.66186264e+00  1.42000000e-05  4.00000000e-01  1.60000000e+00 
 1.43000000e-05  1.66266385e+00  1.43000000e-05  4.00000000e-01  1.60000000e+00 
 1.44000000e-05  1.66346215e+00  1.44000000e-05  4.00000000e-01  1.60000000e+00 
 1.45000000e-05  1.66425757e+00  1.45000000e-05  4.00000000e-01  1.60000000e+00 
 1.46000000e-05  1.66505015e+00  1.46000000e-05  4.00000000e-01  1.60000000e+00 
 1.47000000e-05  1.66583992e+00  1.47000000e-05  4.00000000e-01  1.60000000e+00 
 1.48000000e-05  1.66662692e+00  1.48000000e-05  4.00000000e-01  1.60000000e+00 
 1.49000000e-05  1.66741116e+00  1.49000000e-05  4.00000000e-01  1.60000000e+00 
 1.50000000e-05  1.66819269e+00  1.50000000e-05  4.00000000e-01  1.60000000e+00 
 1.51000000e-05  1.66897153e+00  1.51000000e-05  4.00000000e-01  1.60000000e+00 
 1.52000000e-05  1.66974771e+00  1.52000000e-05  4.00000000e-01  1.60000000e+00 
 1.53000000e-05  1.67052127e+00  1.53000000e-05  4.00000000e-01  1.60000000e+00 
 1.54000000e-05  1.67129223e+00  1.54000000e-05  4.00000000e-01  1.60000000e+00 
 1.55000000e-05  1.67206061e+00  1.55000000e-05  4.00000000e-01  1.60000000e+00 
 1.56000000e-05  1.67282645e+00  1.56000000e-05  4.00000000e-01  1.60000000e+00 
 1.57000000e-05  1.67358977e+00  1.57000000e-05  4.00000000e-01  1.60000000e+00 
 1.58000000e-05  1.67435061e+00  1.58000000e-05  4.00000000e-01  1.60000000e+00 
 1.59000000e-05  1.67510898e+00  1.59000000e-05  4.00000000e-01  1.60000000e+00 
 1.60000000e-05  1.67586491e+00  1.60000000e-05  4.00000000e-01  1.60000000e+00 
 1.61000000e-05  1.67661842e+00  1.61000000e-05  4.00000000e-01  1.60000000e+00 
 1.62000000e-05  1.67736955e+00  1.62000000e-05  4.00000000e-01  1.60000000e+00 
 1.63000000e-05  1.67811831e+00  1.63000000e-05  4.00000000e-01  1.60000000e+00 
 1.64000000e-05  1.67886473e+00  1.64000000e-05  4.00000000e-01  1.60000000e+00 
 1.65000000e-05  1.67960883e+00  1.65000000e-05  4.00000000e-01  1.60000000e+00 
 1.66000000e-05  1.68035064e+00  1.66000000e-05  4.00000000e-01  1.60000000e+00 
 1.67000000e-05  1.68109018e+00  1.67000000e-05  4.00000000e-01  1.60000000e+00 
 1.68000000e-05  1.68182747e+00  1.68000000e-05  4.00000000e-01  1.60000000e+00 
 1.69000000e-05  1.68256253e+00  1.69000000e-05  4.00000000e-01  1.60000000e+00 
 1.70000000e-05  1.68329539e+00  1.70000000e-05  4.00000000e-01  1.60000000e+00 
 1.71000000e-05  1.68402606e+00  1.71000000e-05  4.00000000e-01  1.60000000e+00 
 1.72000000e-05  1.68475456e+00  1.72000000e-05  4.00000000e-01  1.60000000e+00 
 1.73000000e-05  1.68548093e+00  1.73000000e-05  4.00000000e-01  1.60000000e+00 
 1.74000000e-05  1.68620517e+00  1.74000000e-05  4.00000000e-01  1.60000000e+00 
 1.75000000e-05  1.68692731e+00  1.75000000e-05  4.00000000e-01  1.60000000e+00 
 1.76000000e-05  1.68764737e+00  1.76000000e-05  4.00000000e-01  1.60000000e+00 
 1.77000000e-05  1.68836536e+00  1.77000000e-05  4.00000000e-01  1.60000000e+00 
 1.78000000e-05  1.68908131e+00  1.78000000e-05  4.00000000e-01  1.60000000e+00 
 1.79000000e-05  1.68979523e+00  1.79000000e-05  4.00000000e-01  1.60000000e+00 
 1.80000000e-05  1.69050714e+00  1.80000000e-05  4.00000000e-01  1.60000000e+00 
 1.81000000e-05  1.69121707e+00  1.81000000e-05  4.00000000e-01  1.60000000e+00 
 1.82000000e-05  1.69192502e+00  1.82000000e-05  4.00000000e-01  1.60000000e+00 
 1.83000000e-05  1.69263102e+00  1.83000000e-05  4.00000000e-01  1.60000000e+00 
 1.84000000e-05  1.69333508e+00  1.84000000e-05  4.00000000e-01  1.60000000e+00 
 1.85000000e-05  1.69403722e+00  1.85000000e-05  4.00000000e-01  1.60000000e+00 
 1.86000000e-05  1.69473746e+00  1.86000000e-05  4.00000000e-01  1.60000000e+00 
 1.87000000e-05  1.69543582e+00  1.87000000e-05  4.00000000e-01  1.60000000e+00 
 1.88000000e-05  1.69613230e+00  1.88000000e-05  4.00000000e-01  1.60000000e+00 
 1.89000000e-05  1.69682693e+00  1.89000000e-05  4.00000000e-01  1.60000000e+00 
 1.90000000e-05  1.69752530e+00  1.90000000e-05  4.00000000e-01  1.60000000e+00 
 1.91000000e-05  1.69821536e+00  1.91000000e-05  4.00000000e-01  1.60000000e+00 
 1.92000000e-05  1.69890498e+00  1.92000000e-05  4.00000000e-01  1.60000000e+00 
 1.93000000e-05  1.69959341e+00  1.93000000e-05  4.00000000e-01  1.60000000e+00 
 1.94000000e-05  1.70027283e+00  1.94000000e-05  4.00000000e-01  1.60000000e+00 
 1.95000000e-05  1.70095666e+00  1.95000000e-05  4.00000000e-01  1.60000000e+00 
 1.96000000e-05  1.70163875e+00  1.96000000e-05  4.00000000e-01  1.60000000e+00 
 1.97000000e-05  1.70231911e+00  1.97000000e-05  4.00000000e-01  1.60000000e+00 
 1.98000000e-05  1.70299774e+00  1.98000000e-05  4.00000000e-01  1.60000000e+00 
 1.99000000e-05  1.70367468e+00  1.99000000e-05  4.00000000e-01  1.60000000e+00 
 2.00000000e-05  1.70434992e+00  2.00000000e-05  4.00000000e-01  1.60000000e+00 
 2.01000000e-05  1.70502348e+00  2.01000000e-05  4.00000000e-01  1.60000000e+00 
 2.02000000e-05  1.70569538e+00  2.02000000e-05  4.00000000e-01  1.60000000e+00 
 2.03000000e-05  1.70637189e+00  2.03000000e-05  4.00000000e-01  1.60000000e+00 
 2.04000000e-05  1.70704009e+00  2.04000000e-05  4.00000000e-01  1.60000000e+00 
 2.05000000e-05  1.70770667e+00  2.05000000e-05  4.00000000e-01  1.60000000e+00 
 2.06000000e-05  1.70837167e+00  2.06000000e-05  4.00000000e-01  1.60000000e+00 
 2.07000000e-05  1.70903508e+00  2.07000000e-05  4.00000000e-01  1.60000000e+00 
 2.08000000e-05  1.70969693e+00  2.08000000e-05  4.00000000e-01  1.60000000e+00 
 2.09000000e-05  1.71035316e+00  2.09000000e-05  4.00000000e-01  1.60000000e+00 
 2.10000000e-05  1.71101221e+00  2.10000000e-05  4.00000000e-01  1.60000000e+00 
 2.11000000e-05  1.71166971e+00  2.11000000e-05  4.00000000e-01  1.60000000e+00 
 2.12000000e-05  1.71232568e+00  2.12000000e-05  4.00000000e-01  1.60000000e+00 
 2.13000000e-05  1.71298012e+00  2.13000000e-05  4.00000000e-01  1.60000000e+00 
 2.14000000e-05  1.71363304e+00  2.14000000e-05  4.00000000e-01  1.60000000e+00 
 2.15000000e-05  1.71428445e+00  2.15000000e-05  4.00000000e-01  1.60000000e+00 
 2.16000000e-05  1.71493438e+00  2.16000000e-05  4.00000000e-01  1.60000000e+00 
 2.17000000e-05  1.71558282e+00  2.17000000e-05  4.00000000e-01  1.60000000e+00 
 2.18000000e-05  1.71622979e+00  2.18000000e-05  4.00000000e-01  1.60000000e+00 
 2.19000000e-05  1.71687529e+00  2.19000000e-05  4.00000000e-01  1.60000000e+00 
 2.20000000e-05  1.71751935e+00  2.20000000e-05  4.00000000e-01  1.60000000e+00 
 2.21000000e-05  1.71816197e+00  2.21000000e-05  4.00000000e-01  1.60000000e+00 
 2.22000000e-05  1.71880316e+00  2.22000000e-05  4.00000000e-01  1.60000000e+00 
 2.23000000e-05  1.71944293e+00  2.23000000e-05  4.00000000e-01  1.60000000e+00 
 2.24000000e-05  1.72008130e+00  2.24000000e-05  4.00000000e-01  1.60000000e+00 
 2.25000000e-05  1.72071826e+00  2.25000000e-05  4.00000000e-01  1.60000000e+00 
 2.26000000e-05  1.72135383e+00  2.26000000e-05  4.00000000e-01  1.60000000e+00 
 2.27000000e-05  1.72198803e+00  2.27000000e-05  4.00000000e-01  1.60000000e+00 
 2.28000000e-05  1.72262086e+00  2.28000000e-05  4.00000000e-01  1.60000000e+00 
 2.29000000e-05  1.72325232e+00  2.29000000e-05  4.00000000e-01  1.60000000e+00 
 2.30000000e-05  1.72388244e+00  2.30000000e-05  4.00000000e-01  1.60000000e+00 
 2.31000000e-05  1.72451121e+00  2.31000000e-05  4.00000000e-01  1.60000000e+00 
 2.32000000e-05  1.72513866e+00  2.32000000e-05  4.00000000e-01  1.60000000e+00 
 2.33000000e-05  1.72576478e+00  2.33000000e-05  4.00000000e-01  1.60000000e+00 
 2.34000000e-05  1.72638958e+00  2.34000000e-05  4.00000000e-01  1.60000000e+00 
 2.35000000e-05  1.72701308e+00  2.35000000e-05  4.00000000e-01  1.60000000e+00 
 2.36000000e-05  1.72763529e+00  2.36000000e-05  4.00000000e-01  1.60000000e+00 
 2.37000000e-05  1.72825620e+00  2.37000000e-05  4.00000000e-01  1.60000000e+00 
 2.38000000e-05  1.72887584e+00  2.38000000e-05  4.00000000e-01  1.60000000e+00 
 2.39000000e-05  1.72949421e+00  2.39000000e-05  4.00000000e-01  1.60000000e+00 
 2.40000000e-05  1.73011132e+00  2.40000000e-05  4.00000000e-01  1.60000000e+00 
 2.41000000e-05  1.73072718e+00  2.41000000e-05  4.00000000e-01  1.60000000e+00 
 2.42000000e-05  1.73134181e+00  2.42000000e-05  4.00000000e-01  1.60000000e+00 
 2.43000000e-05  1.73195525e+00  2.43000000e-05  4.00000000e-01  1.60000000e+00 
 2.44000000e-05  1.73256763e+00  2.44000000e-05  4.00000000e-01  1.60000000e+00 
 2.45000000e-05  1.73317925e+00  2.45000000e-05  4.00000000e-01  1.60000000e+00 
 2.46000000e-05  1.73379097e+00  2.46000000e-05  4.00000000e-01  1.60000000e+00 
 2.47000000e-05  1.73439644e+00  2.47000000e-05  4.00000000e-01  1.60000000e+00 
 2.48000000e-05  1.73500374e+00  2.48000000e-05  4.00000000e-01  1.60000000e+00 
 2.49000000e-05  1.73560986e+00  2.49000000e-05  4.00000000e-01  1.60000000e+00 
 2.50000000e-05  1.73621496e+00  2.50000000e-05  4.00000000e-01  1.60000000e+00 
