 i-sweep         v(vout)         i(viin)         v(vgate)        v(vmid)        
 0.00000000e+00  7.81812690e-01  0.00000000e+00  7.00000000e-01  1.40000000e+00 
 1.00000000e-07  1.20390800e+00  1.00000000e-07  7.00000000e-01  1.40000000e+00 
 2.00000000e-07  1.23625335e+00  2.00000000e-07  7.00000000e-01  1.40000000e+00 
 3.00000000e-07  1.25510373e+00  3.00000000e-07  7.00000000e-01  1.40000000e+00 
 4.00000000e-07  1.26852933e+00  4.00000000e-07  7.00000000e-01  1.40000000e+00 
 5.00000000e-07  1.27900058e+00  5.00000000e-07  7.00000000e-01  1.40000000e+00 
 6.00000000e-07  1.28764172e+00  6.00000000e-07  7.00000000e-01  1.40000000e+00 
 7.00000000e-07  1.29502801e+00  7.00000000e-07  7.00000000e-01  1.40000000e+00 
 8.00000000e-07  1.30150138e+00  8.00000000e-07  7.00000000e-01  1.40000000e+00 
 9.00000000e-07  1.30728091e+00  9.00000000e-07  7.00000000e-01  1.40000000e+00 
 1.00000000e-06  1.31251523e+00  1.00000000e-06  7.00000000e-01  1.40000000e+00 
 1.10000000e-06  1.31732184e+00  1.10000000e-06  7.00000000e-01  1.40000000e+00 
 1.20000000e-06  1.32174888e+00  1.20000000e-06  7.00000000e-01  1.40000000e+00 
 1.30000000e-06  1.32587409e+00  1.30000000e-06  7.00000000e-01  1.40000000e+00 
 1.40000000e-06  1.32974186e+00  1.40000000e-06  7.00000000e-01  1.40000000e+00 
 1.50000000e-06  1.33338748e+00  1.50000000e-06  7.00000000e-01  1.40000000e+00 
 1.60000000e-06  1.33683942e+00  1.60000000e-06  7.00000000e-01  1.40000000e+00 
 1.70000000e-06  1.34012101e+00  1.70000000e-06  7.00000000e-01  1.40000000e+00 
 1.80000000e-06  1.34325157e+00  1.80000000e-06  7.00000000e-01  1.40000000e+00 
 1.90000000e-06  1.34624726e+00  1.90000000e-06  7.00000000e-01  1.40000000e+00 
 2.00000000e-06  1.34912177e+00  2.00000000e-06  7.00000000e-01  1.40000000e+00 
 2.10000000e-06  1.35188676e+00  2.10000000e-06  7.00000000e-01  1.40000000e+00 
 2.20000000e-06  1.35455227e+00  2.20000000e-06  7.00000000e-01  1.40000000e+00 
 2.30000000e-06  1.35712700e+00  2.30000000e-06  7.00000000e-01  1.40000000e+00 
 2.40000000e-06  1.35961852e+00  2.40000000e-06  7.00000000e-01  1.40000000e+00 
 2.50000000e-06  1.36203347e+00  2.50000000e-06  7.00000000e-01  1.40000000e+00 
 2.60000000e-06  1.36437774e+00  2.60000000e-06  7.00000000e-01  1.40000000e+00 
 2.70000000e-06  1.36665651e+00  2.70000000e-06  7.00000000e-01  1.40000000e+00 
 2.80000000e-06  1.36887443e+00  2.80000000e-06  7.00000000e-01  1.40000000e+00 
 2.90000000e-06  1.37103563e+00  2.90000000e-06  7.00000000e-01  1.40000000e+00 
 3.00000000e-06  1.37314385e+00  3.00000000e-06  7.00000000e-01  1.40000000e+00 
 3.10000000e-06  1.37520244e+00  3.10000000e-06  7.00000000e-01  1.40000000e+00 
 3.20000000e-06  1.37721444e+00  3.20000000e-06  7.00000000e-01  1.40000000e+00 
 3.30000000e-06  1.37918262e+00  3.30000000e-06  7.00000000e-01  1.40000000e+00 
 3.40000000e-06  1.38110949e+00  3.40000000e-06  7.00000000e-01  1.40000000e+00 
 3.50000000e-06  1.38299735e+00  3.50000000e-06  7.00000000e-01  1.40000000e+00 
 3.60000000e-06  1.38485775e+00  3.60000000e-06  7.00000000e-01  1.40000000e+00 
 3.70000000e-06  1.38667239e+00  3.70000000e-06  7.00000000e-01  1.40000000e+00 
 3.80000000e-06  1.38845404e+00  3.80000000e-06  7.00000000e-01  1.40000000e+00 
 3.90000000e-06  1.39020431e+00  3.90000000e-06  7.00000000e-01  1.40000000e+00 
 4.00000000e-06  1.39192469e+00  4.00000000e-06  7.00000000e-01  1.40000000e+00 
 4.10000000e-06  1.39361657e+00  4.10000000e-06  7.00000000e-01  1.40000000e+00 
 4.20000000e-06  1.39528123e+00  4.20000000e-06  7.00000000e-01  1.40000000e+00 
 4.30000000e-06  1.39691988e+00  4.30000000e-06  7.00000000e-01  1.40000000e+00 
 4.40000000e-06  1.39853363e+00  4.40000000e-06  7.00000000e-01  1.40000000e+00 
 4.50000000e-06  1.40012354e+00  4.50000000e-06  7.00000000e-01  1.40000000e+00 
 4.60000000e-06  1.40169058e+00  4.60000000e-06  7.00000000e-01  1.40000000e+00 
 4.70000000e-06  1.40323566e+00  4.70000000e-06  7.00000000e-01  1.40000000e+00 
 4.80000000e-06  1.40475966e+00  4.80000000e-06  7.00000000e-01  1.40000000e+00 
 4.90000000e-06  1.40626338e+00  4.90000000e-06  7.00000000e-01  1.40000000e+00 
 5.00000000e-06  1.40774758e+00  5.00000000e-06  7.00000000e-01  1.40000000e+00 
 5.10000000e-06  1.40921299e+00  5.10000000e-06  7.00000000e-01  1.40000000e+00 
 5.20000000e-06  1.41066027e+00  5.20000000e-06  7.00000000e-01  1.40000000e+00 
 5.30000000e-06  1.41209008e+00  5.30000000e-06  7.00000000e-01  1.40000000e+00 
 5.40000000e-06  1.41350302e+00  5.40000000e-06  7.00000000e-01  1.40000000e+00 
 5.50000000e-06  1.41489965e+00  5.50000000e-06  7.00000000e-01  1.40000000e+00 
 5.60000000e-06  1.41628053e+00  5.60000000e-06  7.00000000e-01  1.40000000e+00 
 5.70000000e-06  1.41764616e+00  5.70000000e-06  7.00000000e-01  1.40000000e+00 
 5.80000000e-06  1.41899703e+00  5.80000000e-06  7.00000000e-01  1.40000000e+00 
 5.90000000e-06  1.42033362e+00  5.90000000e-06  7.00000000e-01  1.40000000e+00 
 6.00000000e-06  1.42165636e+00  6.00000000e-06  7.00000000e-01  1.40000000e+00 
 6.10000000e-06  1.42296566e+00  6.10000000e-06  7.00000000e-01  1.40000000e+00 
 6.20000000e-06  1.42426194e+00  6.20000000e-06  7.00000000e-01  1.40000000e+00 
 6.30000000e-06  1.42554557e+00  6.30000000e-06  7.00000000e-01  1.40000000e+00 
 6.40000000e-06  1.42681692e+00  6.40000000e-06  7.00000000e-01  1.40000000e+00 
 6.50000000e-06  1.42807633e+00  6.50000000e-06  7.00000000e-01  1.40000000e+00 
 6.60000000e-06  1.42932414e+00  6.60000000e-06  7.00000000e-01  1.40000000e+00 
 6.70000000e-06  1.43056067e+00  6.70000000e-06  7.00000000e-01  1.40000000e+00 
 6.80000000e-06  1.43178621e+00  6.80000000e-06  7.00000000e-01  1.40000000e+00 
 6.90000000e-06  1.43300106e+00  6.90000000e-06  7.00000000e-01  1.40000000e+00 
 7.00000000e-06  1.43420550e+00  7.00000000e-06  7.00000000e-01  1.40000000e+00 
 7.10000000e-06  1.43539980e+00  7.10000000e-06  7.00000000e-01  1.40000000e+00 
 7.20000000e-06  1.43658421e+00  7.20000000e-06  7.00000000e-01  1.40000000e+00 
 7.30000000e-06  1.43775898e+00  7.30000000e-06  7.00000000e-01  1.40000000e+00 
 7.40000000e-06  1.43892435e+00  7.40000000e-06  7.00000000e-01  1.40000000e+00 
 7.50000000e-06  1.44008054e+00  7.50000000e-06  7.00000000e-01  1.40000000e+00 
 7.60000000e-06  1.44122777e+00  7.60000000e-06  7.00000000e-01  1.40000000e+00 
 7.70000000e-06  1.44236626e+00  7.70000000e-06  7.00000000e-01  1.40000000e+00 
 7.80000000e-06  1.44349620e+00  7.80000000e-06  7.00000000e-01  1.40000000e+00 
 7.90000000e-06  1.44461779e+00  7.90000000e-06  7.00000000e-01  1.40000000e+00 
 8.00000000e-06  1.44573122e+00  8.00000000e-06  7.00000000e-01  1.40000000e+00 
 8.10000000e-06  1.44683667e+00  8.10000000e-06  7.00000000e-01  1.40000000e+00 
 8.20000000e-06  1.44793432e+00  8.20000000e-06  7.00000000e-01  1.40000000e+00 
 8.30000000e-06  1.44902433e+00  8.30000000e-06  7.00000000e-01  1.40000000e+00 
 8.40000000e-06  1.45010686e+00  8.40000000e-06  7.00000000e-01  1.40000000e+00 
 8.50000000e-06  1.45118208e+00  8.50000000e-06  7.00000000e-01  1.40000000e+00 
 8.60000000e-06  1.45225014e+00  8.60000000e-06  7.00000000e-01  1.40000000e+00 
 8.70000000e-06  1.45331118e+00  8.70000000e-06  7.00000000e-01  1.40000000e+00 
 8.80000000e-06  1.45436534e+00  8.80000000e-06  7.00000000e-01  1.40000000e+00 
 8.90000000e-06  1.45541277e+00  8.90000000e-06  7.00000000e-01  1.40000000e+00 
 9.00000000e-06  1.45645359e+00  9.00000000e-06  7.00000000e-01  1.40000000e+00 
 9.10000000e-06  1.45748793e+00  9.10000000e-06  7.00000000e-01  1.40000000e+00 
 9.20000000e-06  1.45851593e+00  9.20000000e-06  7.00000000e-01  1.40000000e+00 
 9.30000000e-06  1.45953770e+00  9.30000000e-06  7.00000000e-01  1.40000000e+00 
 9.40000000e-06  1.46055335e+00  9.40000000e-06  7.00000000e-01  1.40000000e+00 
 9.50000000e-06  1.46156301e+00  9.50000000e-06  7.00000000e-01  1.40000000e+00 
 9.60000000e-06  1.46256678e+00  9.60000000e-06  7.00000000e-01  1.40000000e+00 
 9.70000000e-06  1.46356477e+00  9.70000000e-06  7.00000000e-01  1.40000000e+00 
 9.80000000e-06  1.46455708e+00  9.80000000e-06  7.00000000e-01  1.40000000e+00 
 9.90000000e-06  1.46554382e+00  9.90000000e-06  7.00000000e-01  1.40000000e+00 
 1.00000000e-05  1.46652507e+00  1.00000000e-05  7.00000000e-01  1.40000000e+00 
 1.01000000e-05  1.46750095e+00  1.01000000e-05  7.00000000e-01  1.40000000e+00 
 1.02000000e-05  1.46847153e+00  1.02000000e-05  7.00000000e-01  1.40000000e+00 
 1.03000000e-05  1.46943691e+00  1.03000000e-05  7.00000000e-01  1.40000000e+00 
 1.04000000e-05  1.47039718e+00  1.04000000e-05  7.00000000e-01  1.40000000e+00 
 1.05000000e-05  1.47135243e+00  1.05000000e-05  7.00000000e-01  1.40000000e+00 
 1.06000000e-05  1.47230272e+00  1.06000000e-05  7.00000000e-01  1.40000000e+00 
 1.07000000e-05  1.47324849e+00  1.07000000e-05  7.00000000e-01  1.40000000e+00 
 1.08000000e-05  1.47418913e+00  1.08000000e-05  7.00000000e-01  1.40000000e+00 
 1.09000000e-05  1.47512505e+00  1.09000000e-05  7.00000000e-01  1.40000000e+00 
 1.10000000e-05  1.47605634e+00  1.10000000e-05  7.00000000e-01  1.40000000e+00 
 1.11000000e-05  1.47698307e+00  1.11000000e-05  7.00000000e-01  1.40000000e+00 
 1.12000000e-05  1.47790531e+00  1.12000000e-05  7.00000000e-01  1.40000000e+00 
 1.13000000e-05  1.47882312e+00  1.13000000e-05  7.00000000e-01  1.40000000e+00 
 1.14000000e-05  1.47973658e+00  1.14000000e-05  7.00000000e-01  1.40000000e+00 
 1.15000000e-05  1.48064575e+00  1.15000000e-05  7.00000000e-01  1.40000000e+00 
 1.16000000e-05  1.48155069e+00  1.16000000e-05  7.00000000e-01  1.40000000e+00 
 1.17000000e-05  1.48245146e+00  1.17000000e-05  7.00000000e-01  1.40000000e+00 
 1.18000000e-05  1.48334814e+00  1.18000000e-05  7.00000000e-01  1.40000000e+00 
 1.19000000e-05  1.48424076e+00  1.19000000e-05  7.00000000e-01  1.40000000e+00 
 1.20000000e-05  1.48512941e+00  1.20000000e-05  7.00000000e-01  1.40000000e+00 
 1.21000000e-05  1.48601412e+00  1.21000000e-05  7.00000000e-01  1.40000000e+00 
 1.22000000e-05  1.48689496e+00  1.22000000e-05  7.00000000e-01  1.40000000e+00 
 1.23000000e-05  1.48777198e+00  1.23000000e-05  7.00000000e-01  1.40000000e+00 
 1.24000000e-05  1.48864523e+00  1.24000000e-05  7.00000000e-01  1.40000000e+00 
 1.25000000e-05  1.48951476e+00  1.25000000e-05  7.00000000e-01  1.40000000e+00 
 1.26000000e-05  1.49038063e+00  1.26000000e-05  7.00000000e-01  1.40000000e+00 
 1.27000000e-05  1.49124288e+00  1.27000000e-05  7.00000000e-01  1.40000000e+00 
 1.28000000e-05  1.49210157e+00  1.28000000e-05  7.00000000e-01  1.40000000e+00 
 1.29000000e-05  1.49295673e+00  1.29000000e-05  7.00000000e-01  1.40000000e+00 
 1.30000000e-05  1.49380842e+00  1.30000000e-05  7.00000000e-01  1.40000000e+00 
 1.31000000e-05  1.49465668e+00  1.31000000e-05  7.00000000e-01  1.40000000e+00 
 1.32000000e-05  1.49550155e+00  1.32000000e-05  7.00000000e-01  1.40000000e+00 
 1.33000000e-05  1.49634308e+00  1.33000000e-05  7.00000000e-01  1.40000000e+00 
 1.34000000e-05  1.49718131e+00  1.34000000e-05  7.00000000e-01  1.40000000e+00 
 1.35000000e-05  1.49801629e+00  1.35000000e-05  7.00000000e-01  1.40000000e+00 
 1.36000000e-05  1.49884804e+00  1.36000000e-05  7.00000000e-01  1.40000000e+00 
 1.37000000e-05  1.49967661e+00  1.37000000e-05  7.00000000e-01  1.40000000e+00 
 1.38000000e-05  1.50050205e+00  1.38000000e-05  7.00000000e-01  1.40000000e+00 
 1.39000000e-05  1.50132439e+00  1.39000000e-05  7.00000000e-01  1.40000000e+00 
 1.40000000e-05  1.50214366e+00  1.40000000e-05  7.00000000e-01  1.40000000e+00 
 1.41000000e-05  1.50295990e+00  1.41000000e-05  7.00000000e-01  1.40000000e+00 
 1.42000000e-05  1.50377315e+00  1.42000000e-05  7.00000000e-01  1.40000000e+00 
 1.43000000e-05  1.50458345e+00  1.43000000e-05  7.00000000e-01  1.40000000e+00 
 1.44000000e-05  1.50539082e+00  1.44000000e-05  7.00000000e-01  1.40000000e+00 
 1.45000000e-05  1.50619531e+00  1.45000000e-05  7.00000000e-01  1.40000000e+00 
 1.46000000e-05  1.50699694e+00  1.46000000e-05  7.00000000e-01  1.40000000e+00 
 1.47000000e-05  1.50779575e+00  1.47000000e-05  7.00000000e-01  1.40000000e+00 
 1.48000000e-05  1.50859177e+00  1.48000000e-05  7.00000000e-01  1.40000000e+00 
 1.49000000e-05  1.50938503e+00  1.49000000e-05  7.00000000e-01  1.40000000e+00 
 1.50000000e-05  1.51017556e+00  1.50000000e-05  7.00000000e-01  1.40000000e+00 
 1.51000000e-05  1.51096340e+00  1.51000000e-05  7.00000000e-01  1.40000000e+00 
 1.52000000e-05  1.51174857e+00  1.52000000e-05  7.00000000e-01  1.40000000e+00 
 1.53000000e-05  1.51253109e+00  1.53000000e-05  7.00000000e-01  1.40000000e+00 
 1.54000000e-05  1.51331101e+00  1.54000000e-05  7.00000000e-01  1.40000000e+00 
 1.55000000e-05  1.51408835e+00  1.55000000e-05  7.00000000e-01  1.40000000e+00 
 1.56000000e-05  1.51486313e+00  1.56000000e-05  7.00000000e-01  1.40000000e+00 
 1.57000000e-05  1.51563538e+00  1.57000000e-05  7.00000000e-01  1.40000000e+00 
 1.58000000e-05  1.51640513e+00  1.58000000e-05  7.00000000e-01  1.40000000e+00 
 1.59000000e-05  1.51717241e+00  1.59000000e-05  7.00000000e-01  1.40000000e+00 
 1.60000000e-05  1.51793724e+00  1.60000000e-05  7.00000000e-01  1.40000000e+00 
 1.61000000e-05  1.51869964e+00  1.61000000e-05  7.00000000e-01  1.40000000e+00 
 1.62000000e-05  1.51945964e+00  1.62000000e-05  7.00000000e-01  1.40000000e+00 
 1.63000000e-05  1.52021727e+00  1.63000000e-05  7.00000000e-01  1.40000000e+00 
 1.64000000e-05  1.52097255e+00  1.64000000e-05  7.00000000e-01  1.40000000e+00 
 1.65000000e-05  1.52172550e+00  1.65000000e-05  7.00000000e-01  1.40000000e+00 
 1.66000000e-05  1.52247615e+00  1.66000000e-05  7.00000000e-01  1.40000000e+00 
 1.67000000e-05  1.52322451e+00  1.67000000e-05  7.00000000e-01  1.40000000e+00 
 1.68000000e-05  1.52397062e+00  1.68000000e-05  7.00000000e-01  1.40000000e+00 
 1.69000000e-05  1.52471449e+00  1.69000000e-05  7.00000000e-01  1.40000000e+00 
 1.70000000e-05  1.52545614e+00  1.70000000e-05  7.00000000e-01  1.40000000e+00 
 1.71000000e-05  1.52619561e+00  1.71000000e-05  7.00000000e-01  1.40000000e+00 
 1.72000000e-05  1.52693289e+00  1.72000000e-05  7.00000000e-01  1.40000000e+00 
 1.73000000e-05  1.52766803e+00  1.73000000e-05  7.00000000e-01  1.40000000e+00 
 1.74000000e-05  1.52840103e+00  1.74000000e-05  7.00000000e-01  1.40000000e+00 
 1.75000000e-05  1.52913192e+00  1.75000000e-05  7.00000000e-01  1.40000000e+00 
 1.76000000e-05  1.52986072e+00  1.76000000e-05  7.00000000e-01  1.40000000e+00 
 1.77000000e-05  1.53058745e+00  1.77000000e-05  7.00000000e-01  1.40000000e+00 
 1.78000000e-05  1.53131616e+00  1.78000000e-05  7.00000000e-01  1.40000000e+00 
 1.79000000e-05  1.53203918e+00  1.79000000e-05  7.00000000e-01  1.40000000e+00 
 1.80000000e-05  1.53275532e+00  1.80000000e-05  7.00000000e-01  1.40000000e+00 
 1.81000000e-05  1.53347395e+00  1.81000000e-05  7.00000000e-01  1.40000000e+00 
 1.82000000e-05  1.53419059e+00  1.82000000e-05  7.00000000e-01  1.40000000e+00 
 1.83000000e-05  1.53490527e+00  1.83000000e-05  7.00000000e-01  1.40000000e+00 
 1.84000000e-05  1.53561801e+00  1.84000000e-05  7.00000000e-01  1.40000000e+00 
 1.85000000e-05  1.53632882e+00  1.85000000e-05  7.00000000e-01  1.40000000e+00 
 1.86000000e-05  1.53703771e+00  1.86000000e-05  7.00000000e-01  1.40000000e+00 
 1.87000000e-05  1.53774472e+00  1.87000000e-05  7.00000000e-01  1.40000000e+00 
 1.88000000e-05  1.53844984e+00  1.88000000e-05  7.00000000e-01  1.40000000e+00 
 1.89000000e-05  1.53915310e+00  1.89000000e-05  7.00000000e-01  1.40000000e+00 
 1.90000000e-05  1.53985452e+00  1.90000000e-05  7.00000000e-01  1.40000000e+00 
 1.91000000e-05  1.54055411e+00  1.91000000e-05  7.00000000e-01  1.40000000e+00 
 1.92000000e-05  1.54125188e+00  1.92000000e-05  7.00000000e-01  1.40000000e+00 
 1.93000000e-05  1.54194785e+00  1.93000000e-05  7.00000000e-01  1.40000000e+00 
 1.94000000e-05  1.54264204e+00  1.94000000e-05  7.00000000e-01  1.40000000e+00 
 1.95000000e-05  1.54333446e+00  1.95000000e-05  7.00000000e-01  1.40000000e+00 
 1.96000000e-05  1.54402513e+00  1.96000000e-05  7.00000000e-01  1.40000000e+00 
 1.97000000e-05  1.54471405e+00  1.97000000e-05  7.00000000e-01  1.40000000e+00 
 1.98000000e-05  1.54540125e+00  1.98000000e-05  7.00000000e-01  1.40000000e+00 
 1.99000000e-05  1.54608674e+00  1.99000000e-05  7.00000000e-01  1.40000000e+00 
 2.00000000e-05  1.54677053e+00  2.00000000e-05  7.00000000e-01  1.40000000e+00 
 2.01000000e-05  1.54745495e+00  2.01000000e-05  7.00000000e-01  1.40000000e+00 
 2.02000000e-05  1.54813540e+00  2.02000000e-05  7.00000000e-01  1.40000000e+00 
 2.03000000e-05  1.54881419e+00  2.03000000e-05  7.00000000e-01  1.40000000e+00 
 2.04000000e-05  1.54949139e+00  2.04000000e-05  7.00000000e-01  1.40000000e+00 
 2.05000000e-05  1.55016690e+00  2.05000000e-05  7.00000000e-01  1.40000000e+00 
 2.06000000e-05  1.55084070e+00  2.06000000e-05  7.00000000e-01  1.40000000e+00 
 2.07000000e-05  1.55151278e+00  2.07000000e-05  7.00000000e-01  1.40000000e+00 
 2.08000000e-05  1.55218322e+00  2.08000000e-05  7.00000000e-01  1.40000000e+00 
 2.09000000e-05  1.55285207e+00  2.09000000e-05  7.00000000e-01  1.40000000e+00 
 2.10000000e-05  1.55351938e+00  2.10000000e-05  7.00000000e-01  1.40000000e+00 
 2.11000000e-05  1.55418516e+00  2.11000000e-05  7.00000000e-01  1.40000000e+00 
 2.12000000e-05  1.55484942e+00  2.12000000e-05  7.00000000e-01  1.40000000e+00 
 2.13000000e-05  1.55551218e+00  2.13000000e-05  7.00000000e-01  1.40000000e+00 
 2.14000000e-05  1.55617343e+00  2.14000000e-05  7.00000000e-01  1.40000000e+00 
 2.15000000e-05  1.55683319e+00  2.15000000e-05  7.00000000e-01  1.40000000e+00 
 2.16000000e-05  1.55749146e+00  2.16000000e-05  7.00000000e-01  1.40000000e+00 
 2.17000000e-05  1.55814825e+00  2.17000000e-05  7.00000000e-01  1.40000000e+00 
 2.18000000e-05  1.55880358e+00  2.18000000e-05  7.00000000e-01  1.40000000e+00 
 2.19000000e-05  1.55945697e+00  2.19000000e-05  7.00000000e-01  1.40000000e+00 
 2.20000000e-05  1.56010942e+00  2.20000000e-05  7.00000000e-01  1.40000000e+00 
 2.21000000e-05  1.56076042e+00  2.21000000e-05  7.00000000e-01  1.40000000e+00 
 2.22000000e-05  1.56140994e+00  2.22000000e-05  7.00000000e-01  1.40000000e+00 
 2.23000000e-05  1.56205814e+00  2.23000000e-05  7.00000000e-01  1.40000000e+00 
 2.24000000e-05  1.56270489e+00  2.24000000e-05  7.00000000e-01  1.40000000e+00 
 2.25000000e-05  1.56335037e+00  2.25000000e-05  7.00000000e-01  1.40000000e+00 
 2.26000000e-05  1.56399453e+00  2.26000000e-05  7.00000000e-01  1.40000000e+00 
 2.27000000e-05  1.56463736e+00  2.27000000e-05  7.00000000e-01  1.40000000e+00 
 2.28000000e-05  1.56527881e+00  2.28000000e-05  7.00000000e-01  1.40000000e+00 
 2.29000000e-05  1.56591889e+00  2.29000000e-05  7.00000000e-01  1.40000000e+00 
 2.30000000e-05  1.56655758e+00  2.30000000e-05  7.00000000e-01  1.40000000e+00 
 2.31000000e-05  1.56719491e+00  2.31000000e-05  7.00000000e-01  1.40000000e+00 
 2.32000000e-05  1.56783088e+00  2.32000000e-05  7.00000000e-01  1.40000000e+00 
 2.33000000e-05  1.56846550e+00  2.33000000e-05  7.00000000e-01  1.40000000e+00 
 2.34000000e-05  1.56909878e+00  2.34000000e-05  7.00000000e-01  1.40000000e+00 
 2.35000000e-05  1.56973073e+00  2.35000000e-05  7.00000000e-01  1.40000000e+00 
 2.36000000e-05  1.57036137e+00  2.36000000e-05  7.00000000e-01  1.40000000e+00 
 2.37000000e-05  1.57099060e+00  2.37000000e-05  7.00000000e-01  1.40000000e+00 
 2.38000000e-05  1.57161848e+00  2.38000000e-05  7.00000000e-01  1.40000000e+00 
 2.39000000e-05  1.57224507e+00  2.39000000e-05  7.00000000e-01  1.40000000e+00 
 2.40000000e-05  1.57287041e+00  2.40000000e-05  7.00000000e-01  1.40000000e+00 
 2.41000000e-05  1.57349448e+00  2.41000000e-05  7.00000000e-01  1.40000000e+00 
 2.42000000e-05  1.57411730e+00  2.42000000e-05  7.00000000e-01  1.40000000e+00 
 2.43000000e-05  1.57473888e+00  2.43000000e-05  7.00000000e-01  1.40000000e+00 
 2.44000000e-05  1.57535922e+00  2.44000000e-05  7.00000000e-01  1.40000000e+00 
 2.45000000e-05  1.57597834e+00  2.45000000e-05  7.00000000e-01  1.40000000e+00 
 2.46000000e-05  1.57659624e+00  2.46000000e-05  7.00000000e-01  1.40000000e+00 
 2.47000000e-05  1.57721293e+00  2.47000000e-05  7.00000000e-01  1.40000000e+00 
 2.48000000e-05  1.57782842e+00  2.48000000e-05  7.00000000e-01  1.40000000e+00 
 2.49000000e-05  1.57844271e+00  2.49000000e-05  7.00000000e-01  1.40000000e+00 
 2.50000000e-05  1.57905581e+00  2.50000000e-05  7.00000000e-01  1.40000000e+00 
