 i-sweep         v(vout)         i(viin)         v(vgate)        v(vmid)        
-6.00000000e-06  3.83523300e-01 -6.00000000e-06  1.50000000e+00  1.80000000e+00 
-5.90000000e-06  3.87114291e-01 -5.90000000e-06  1.50000000e+00  1.80000000e+00 
-5.80000000e-06  3.90733702e-01 -5.80000000e-06  1.50000000e+00  1.80000000e+00 
-5.70000000e-06  3.94382243e-01 -5.70000000e-06  1.50000000e+00  1.80000000e+00 
-5.60000000e-06  3.98060651e-01 -5.60000000e-06  1.50000000e+00  1.80000000e+00 
-5.50000000e-06  4.01769698e-01 -5.50000000e-06  1.50000000e+00  1.80000000e+00 
-5.40000000e-06  4.05510187e-01 -5.40000000e-06  1.50000000e+00  1.80000000e+00 
-5.30000000e-06  4.09282958e-01 -5.30000000e-06  1.50000000e+00  1.80000000e+00 
-5.20000000e-06  4.13088889e-01 -5.20000000e-06  1.50000000e+00  1.80000000e+00 
-5.10000000e-06  4.16928900e-01 -5.10000000e-06  1.50000000e+00  1.80000000e+00 
-5.00000000e-06  4.20803953e-01 -5.00000000e-06  1.50000000e+00  1.80000000e+00 
-4.90000000e-06  4.24715057e-01 -4.90000000e-06  1.50000000e+00  1.80000000e+00 
-4.80000000e-06  4.28663270e-01 -4.80000000e-06  1.50000000e+00  1.80000000e+00 
-4.70000000e-06  4.32649706e-01 -4.70000000e-06  1.50000000e+00  1.80000000e+00 
-4.60000000e-06  4.36675534e-01 -4.60000000e-06  1.50000000e+00  1.80000000e+00 
-4.50000000e-06  4.40741988e-01 -4.50000000e-06  1.50000000e+00  1.80000000e+00 
-4.40000000e-06  4.44850364e-01 -4.40000000e-06  1.50000000e+00  1.80000000e+00 
-4.30000000e-06  4.49002035e-01 -4.30000000e-06  1.50000000e+00  1.80000000e+00 
-4.20000000e-06  4.53198451e-01 -4.20000000e-06  1.50000000e+00  1.80000000e+00 
-4.10000000e-06  4.57441145e-01 -4.10000000e-06  1.50000000e+00  1.80000000e+00 
-4.00000000e-06  4.61731745e-01 -4.00000000e-06  1.50000000e+00  1.80000000e+00 
-3.90000000e-06  4.66071978e-01 -3.90000000e-06  1.50000000e+00  1.80000000e+00 
-3.80000000e-06  4.70463683e-01 -3.80000000e-06  1.50000000e+00  1.80000000e+00 
-3.70000000e-06  4.74908817e-01 -3.70000000e-06  1.50000000e+00  1.80000000e+00 
-3.60000000e-06  4.79409472e-01 -3.60000000e-06  1.50000000e+00  1.80000000e+00 
-3.50000000e-06  4.83967886e-01 -3.50000000e-06  1.50000000e+00  1.80000000e+00 
-3.40000000e-06  4.88586458e-01 -3.40000000e-06  1.50000000e+00  1.80000000e+00 
-3.30000000e-06  4.93267768e-01 -3.30000000e-06  1.50000000e+00  1.80000000e+00 
-3.20000000e-06  4.98014595e-01 -3.20000000e-06  1.50000000e+00  1.80000000e+00 
-3.10000000e-06  5.02829941e-01 -3.10000000e-06  1.50000000e+00  1.80000000e+00 
-3.00000000e-06  5.07717060e-01 -3.00000000e-06  1.50000000e+00  1.80000000e+00 
-2.90000000e-06  5.12679487e-01 -2.90000000e-06  1.50000000e+00  1.80000000e+00 
-2.80000000e-06  5.17721078e-01 -2.80000000e-06  1.50000000e+00  1.80000000e+00 
-2.70000000e-06  5.22846051e-01 -2.70000000e-06  1.50000000e+00  1.80000000e+00 
-2.60000000e-06  5.28059041e-01 -2.60000000e-06  1.50000000e+00  1.80000000e+00 
-2.50000000e-06  5.33365160e-01 -2.50000000e-06  1.50000000e+00  1.80000000e+00 
-2.40000000e-06  5.38770070e-01 -2.40000000e-06  1.50000000e+00  1.80000000e+00 
-2.30000000e-06  5.44280077e-01 -2.30000000e-06  1.50000000e+00  1.80000000e+00 
-2.20000000e-06  5.49902235e-01 -2.20000000e-06  1.50000000e+00  1.80000000e+00 
-2.10000000e-06  5.55644485e-01 -2.10000000e-06  1.50000000e+00  1.80000000e+00 
-2.00000000e-06  5.61515820e-01 -2.00000000e-06  1.50000000e+00  1.80000000e+00 
-1.90000000e-06  5.67526491e-01 -1.90000000e-06  1.50000000e+00  1.80000000e+00 
-1.80000000e-06  5.73688278e-01 -1.80000000e-06  1.50000000e+00  1.80000000e+00 
-1.70000000e-06  5.80014819e-01 -1.70000000e-06  1.50000000e+00  1.80000000e+00 
-1.60000000e-06  5.86522056e-01 -1.60000000e-06  1.50000000e+00  1.80000000e+00 
-1.50000000e-06  5.93228811e-01 -1.50000000e-06  1.50000000e+00  1.80000000e+00 
-1.40000000e-06  6.00157556e-01 -1.40000000e-06  1.50000000e+00  1.80000000e+00 
-1.30000000e-06  6.07335472e-01 -1.30000000e-06  1.50000000e+00  1.80000000e+00 
-1.20000000e-06  6.14795912e-01 -1.20000000e-06  1.50000000e+00  1.80000000e+00 
-1.10000000e-06  6.22580498e-01 -1.10000000e-06  1.50000000e+00  1.80000000e+00 
-1.00000000e-06  6.30742194e-01 -1.00000000e-06  1.50000000e+00  1.80000000e+00 
-9.00000000e-07  6.39349963e-01 -9.00000000e-07  1.50000000e+00  1.80000000e+00 
-8.00000000e-07  6.48496121e-01 -8.00000000e-07  1.50000000e+00  1.80000000e+00 
-7.00000000e-07  6.58308525e-01 -7.00000000e-07  1.50000000e+00  1.80000000e+00 
-6.00000000e-07  6.68972004e-01 -6.00000000e-07  1.50000000e+00  1.80000000e+00 
-5.00000000e-07  6.80769110e-01 -5.00000000e-07  1.50000000e+00  1.80000000e+00 
-4.00000000e-07  6.94166020e-01 -4.00000000e-07  1.50000000e+00  1.80000000e+00 
-3.00000000e-07  7.10022092e-01 -3.00000000e-07  1.50000000e+00  1.80000000e+00 
-2.00000000e-07  7.30231057e-01 -2.00000000e-07  1.50000000e+00  1.80000000e+00 
-1.00000000e-07  7.60710288e-01 -1.00000000e-07  1.50000000e+00  1.80000000e+00 
-5.71747239e-21  1.12334326e+00 -5.71747239e-21  1.50000000e+00  1.80000000e+00 
 1.00000000e-07  1.52368402e+00  1.00000000e-07  1.50000000e+00  1.80000000e+00 
 2.00000000e-07  1.55582487e+00  2.00000000e-07  1.50000000e+00  1.80000000e+00 
 3.00000000e-07  1.57456758e+00  3.00000000e-07  1.50000000e+00  1.80000000e+00 
 4.00000000e-07  1.58791991e+00  4.00000000e-07  1.50000000e+00  1.80000000e+00 
 5.00000000e-07  1.59832596e+00  5.00000000e-07  1.50000000e+00  1.80000000e+00 
 6.00000000e-07  1.60691228e+00  6.00000000e-07  1.50000000e+00  1.80000000e+00 
 7.00000000e-07  1.61424964e+00  7.00000000e-07  1.50000000e+00  1.80000000e+00 
 8.00000000e-07  1.62067801e+00  8.00000000e-07  1.50000000e+00  1.80000000e+00 
 9.00000000e-07  1.62641546e+00  9.00000000e-07  1.50000000e+00  1.80000000e+00 
 1.00000000e-06  1.63160994e+00  1.00000000e-06  1.50000000e+00  1.80000000e+00 
 1.10000000e-06  1.63636639e+00  1.10000000e-06  1.50000000e+00  1.80000000e+00 
 1.20000000e-06  1.64076188e+00  1.20000000e-06  1.50000000e+00  1.80000000e+00 
 1.30000000e-06  1.64485469e+00  1.30000000e-06  1.50000000e+00  1.80000000e+00 
 1.40000000e-06  1.64868993e+00  1.40000000e-06  1.50000000e+00  1.80000000e+00 
 1.50000000e-06  1.65230327e+00  1.50000000e-06  1.50000000e+00  1.80000000e+00 
 1.60000000e-06  1.65572336e+00  1.60000000e-06  1.50000000e+00  1.80000000e+00 
 1.70000000e-06  1.65897359e+00  1.70000000e-06  1.50000000e+00  1.80000000e+00 
 1.80000000e-06  1.66207329e+00  1.80000000e-06  1.50000000e+00  1.80000000e+00 
 1.90000000e-06  1.66503862e+00  1.90000000e-06  1.50000000e+00  1.80000000e+00 
 2.00000000e-06  1.66788324e+00  2.00000000e-06  1.50000000e+00  1.80000000e+00 
 2.10000000e-06  1.67061879e+00  2.10000000e-06  1.50000000e+00  1.80000000e+00 
 2.20000000e-06  1.67325529e+00  2.20000000e-06  1.50000000e+00  1.80000000e+00 
 2.30000000e-06  1.67580139e+00  2.30000000e-06  1.50000000e+00  1.80000000e+00 
 2.40000000e-06  1.67826464e+00  2.40000000e-06  1.50000000e+00  1.80000000e+00 
 2.50000000e-06  1.68065168e+00  2.50000000e-06  1.50000000e+00  1.80000000e+00 
 2.60000000e-06  1.68296835e+00  2.60000000e-06  1.50000000e+00  1.80000000e+00 
 2.70000000e-06  1.68521983e+00  2.70000000e-06  1.50000000e+00  1.80000000e+00 
 2.80000000e-06  1.68741073e+00  2.80000000e-06  1.50000000e+00  1.80000000e+00 
 2.90000000e-06  1.68954518e+00  2.90000000e-06  1.50000000e+00  1.80000000e+00 
 3.00000000e-06  1.69162690e+00  3.00000000e-06  1.50000000e+00  1.80000000e+00 
 3.10000000e-06  1.69365922e+00  3.10000000e-06  1.50000000e+00  1.80000000e+00 
 3.20000000e-06  1.69564519e+00  3.20000000e-06  1.50000000e+00  1.80000000e+00 
 3.30000000e-06  1.69758754e+00  3.30000000e-06  1.50000000e+00  1.80000000e+00 
 3.40000000e-06  1.69948879e+00  3.40000000e-06  1.50000000e+00  1.80000000e+00 
 3.50000000e-06  1.70135122e+00  3.50000000e-06  1.50000000e+00  1.80000000e+00 
 3.60000000e-06  1.70317692e+00  3.60000000e-06  1.50000000e+00  1.80000000e+00 
 3.70000000e-06  1.70496783e+00  3.70000000e-06  1.50000000e+00  1.80000000e+00 
 3.80000000e-06  1.70672571e+00  3.80000000e-06  1.50000000e+00  1.80000000e+00 
 3.90000000e-06  1.70845220e+00  3.90000000e-06  1.50000000e+00  1.80000000e+00 
 4.00000000e-06  1.71014881e+00  4.00000000e-06  1.50000000e+00  1.80000000e+00 
 4.10000000e-06  1.71181694e+00  4.10000000e-06  1.50000000e+00  1.80000000e+00 
 4.20000000e-06  1.71345790e+00  4.20000000e-06  1.50000000e+00  1.80000000e+00 
 4.30000000e-06  1.71507290e+00  4.30000000e-06  1.50000000e+00  1.80000000e+00 
 4.40000000e-06  1.71666306e+00  4.40000000e-06  1.50000000e+00  1.80000000e+00 
 4.50000000e-06  1.71822944e+00  4.50000000e-06  1.50000000e+00  1.80000000e+00 
 4.60000000e-06  1.71977302e+00  4.60000000e-06  1.50000000e+00  1.80000000e+00 
 4.70000000e-06  1.72129472e+00  4.70000000e-06  1.50000000e+00  1.80000000e+00 
 4.80000000e-06  1.72279541e+00  4.80000000e-06  1.50000000e+00  1.80000000e+00 
 4.90000000e-06  1.72427590e+00  4.90000000e-06  1.50000000e+00  1.80000000e+00 
 5.00000000e-06  1.72573695e+00  5.00000000e-06  1.50000000e+00  1.80000000e+00 
 5.10000000e-06  1.72717929e+00  5.10000000e-06  1.50000000e+00  1.80000000e+00 
 5.20000000e-06  1.72860359e+00  5.20000000e-06  1.50000000e+00  1.80000000e+00 
 5.30000000e-06  1.73001049e+00  5.30000000e-06  1.50000000e+00  1.80000000e+00 
 5.40000000e-06  1.73140060e+00  5.40000000e-06  1.50000000e+00  1.80000000e+00 
 5.50000000e-06  1.73277449e+00  5.50000000e-06  1.50000000e+00  1.80000000e+00 
 5.60000000e-06  1.73413269e+00  5.60000000e-06  1.50000000e+00  1.80000000e+00 
 5.70000000e-06  1.73547573e+00  5.70000000e-06  1.50000000e+00  1.80000000e+00 
 5.80000000e-06  1.73680410e+00  5.80000000e-06  1.50000000e+00  1.80000000e+00 
 5.90000000e-06  1.73811825e+00  5.90000000e-06  1.50000000e+00  1.80000000e+00 
 6.00000000e-06  1.73941862e+00  6.00000000e-06  1.50000000e+00  1.80000000e+00 
