 i-sweep         v(vout)         i(viin)         v(vgate)        v(vmid)        
-6.00000000e-06  4.90098634e-02 -6.00000000e-06  1.10000000e+00  6.00000000e-01 
-5.90000000e-06  5.25433228e-02 -5.90000000e-06  1.10000000e+00  6.00000000e-01 
-5.80000000e-06  5.61049752e-02 -5.80000000e-06  1.10000000e+00  6.00000000e-01 
-5.70000000e-06  5.96955184e-02 -5.70000000e-06  1.10000000e+00  6.00000000e-01 
-5.60000000e-06  6.33156796e-02 -5.60000000e-06  1.10000000e+00  6.00000000e-01 
-5.50000000e-06  6.69662171e-02 -5.50000000e-06  1.10000000e+00  6.00000000e-01 
-5.40000000e-06  7.06479221e-02 -5.40000000e-06  1.10000000e+00  6.00000000e-01 
-5.30000000e-06  7.43616211e-02 -5.30000000e-06  1.10000000e+00  6.00000000e-01 
-5.20000000e-06  7.81081780e-02 -5.20000000e-06  1.10000000e+00  6.00000000e-01 
-5.10000000e-06  8.18884965e-02 -5.10000000e-06  1.10000000e+00  6.00000000e-01 
-5.00000000e-06  8.57035232e-02 -5.00000000e-06  1.10000000e+00  6.00000000e-01 
-4.90000000e-06  8.95542502e-02 -4.90000000e-06  1.10000000e+00  6.00000000e-01 
-4.80000000e-06  9.34417183e-02 -4.80000000e-06  1.10000000e+00  6.00000000e-01 
-4.70000000e-06  9.73670212e-02 -4.70000000e-06  1.10000000e+00  6.00000000e-01 
-4.60000000e-06  1.01331309e-01 -4.60000000e-06  1.10000000e+00  6.00000000e-01 
-4.50000000e-06  1.05335791e-01 -4.50000000e-06  1.10000000e+00  6.00000000e-01 
-4.40000000e-06  1.09381745e-01 -4.40000000e-06  1.10000000e+00  6.00000000e-01 
-4.30000000e-06  1.13470518e-01 -4.30000000e-06  1.10000000e+00  6.00000000e-01 
-4.20000000e-06  1.17603532e-01 -4.20000000e-06  1.10000000e+00  6.00000000e-01 
-4.10000000e-06  1.21782296e-01 -4.10000000e-06  1.10000000e+00  6.00000000e-01 
-4.00000000e-06  1.26008407e-01 -4.00000000e-06  1.10000000e+00  6.00000000e-01 
-3.90000000e-06  1.30283562e-01 -3.90000000e-06  1.10000000e+00  6.00000000e-01 
-3.80000000e-06  1.34609566e-01 -3.80000000e-06  1.10000000e+00  6.00000000e-01 
-3.70000000e-06  1.38988341e-01 -3.70000000e-06  1.10000000e+00  6.00000000e-01 
-3.60000000e-06  1.43421943e-01 -3.60000000e-06  1.10000000e+00  6.00000000e-01 
-3.50000000e-06  1.47912569e-01 -3.50000000e-06  1.10000000e+00  6.00000000e-01 
-3.40000000e-06  1.52462574e-01 -3.40000000e-06  1.10000000e+00  6.00000000e-01 
-3.30000000e-06  1.57074494e-01 -3.30000000e-06  1.10000000e+00  6.00000000e-01 
-3.20000000e-06  1.61751057e-01 -3.20000000e-06  1.10000000e+00  6.00000000e-01 
-3.10000000e-06  1.66495214e-01 -3.10000000e-06  1.10000000e+00  6.00000000e-01 
-3.00000000e-06  1.71310161e-01 -3.00000000e-06  1.10000000e+00  6.00000000e-01 
-2.90000000e-06  1.76199373e-01 -2.90000000e-06  1.10000000e+00  6.00000000e-01 
-2.80000000e-06  1.81166640e-01 -2.80000000e-06  1.10000000e+00  6.00000000e-01 
-2.70000000e-06  1.86216110e-01 -2.70000000e-06  1.10000000e+00  6.00000000e-01 
-2.60000000e-06  1.91352339e-01 -2.60000000e-06  1.10000000e+00  6.00000000e-01 
-2.50000000e-06  1.96580358e-01 -2.50000000e-06  1.10000000e+00  6.00000000e-01 
-2.40000000e-06  2.01905737e-01 -2.40000000e-06  1.10000000e+00  6.00000000e-01 
-2.30000000e-06  2.07334681e-01 -2.30000000e-06  1.10000000e+00  6.00000000e-01 
-2.20000000e-06  2.12874138e-01 -2.20000000e-06  1.10000000e+00  6.00000000e-01 
-2.10000000e-06  2.18531928e-01 -2.10000000e-06  1.10000000e+00  6.00000000e-01 
-2.00000000e-06  2.24316908e-01 -2.00000000e-06  1.10000000e+00  6.00000000e-01 
-1.90000000e-06  2.30239183e-01 -1.90000000e-06  1.10000000e+00  6.00000000e-01 
-1.80000000e-06  2.36310363e-01 -1.80000000e-06  1.10000000e+00  6.00000000e-01 
-1.70000000e-06  2.42543897e-01 -1.70000000e-06  1.10000000e+00  6.00000000e-01 
-1.60000000e-06  2.48955507e-01 -1.60000000e-06  1.10000000e+00  6.00000000e-01 
-1.50000000e-06  2.55563760e-01 -1.50000000e-06  1.10000000e+00  6.00000000e-01 
-1.40000000e-06  2.62390829e-01 -1.40000000e-06  1.10000000e+00  6.00000000e-01 
-1.30000000e-06  2.69463534e-01 -1.30000000e-06  1.10000000e+00  6.00000000e-01 
-1.20000000e-06  2.76814791e-01 -1.20000000e-06  1.10000000e+00  6.00000000e-01 
-1.10000000e-06  2.84485675e-01 -1.10000000e-06  1.10000000e+00  6.00000000e-01 
-1.00000000e-06  2.92528448e-01 -1.00000000e-06  1.10000000e+00  6.00000000e-01 
-9.00000000e-07  3.01011152e-01 -9.00000000e-07  1.10000000e+00  6.00000000e-01 
-8.00000000e-07  3.10024849e-01 -8.00000000e-07  1.10000000e+00  6.00000000e-01 
-7.00000000e-07  3.19695616e-01 -7.00000000e-07  1.10000000e+00  6.00000000e-01 
-6.00000000e-07  3.30205627e-01 -6.00000000e-07  1.10000000e+00  6.00000000e-01 
-5.00000000e-07  3.41833225e-01 -5.00000000e-07  1.10000000e+00  6.00000000e-01 
-4.00000000e-07  3.55037306e-01 -4.00000000e-07  1.10000000e+00  6.00000000e-01 
-3.00000000e-07  3.70662858e-01 -3.00000000e-07  1.10000000e+00  6.00000000e-01 
-2.00000000e-07  3.90571830e-01 -2.00000000e-07  1.10000000e+00  6.00000000e-01 
-1.00000000e-07  4.20572976e-01 -1.00000000e-07  1.10000000e+00  6.00000000e-01 
-5.71747239e-21  6.00013357e-01 -5.71747239e-21  1.10000000e+00  6.00000000e-01 
 1.00000000e-07  1.01493631e+00  1.00000000e-07  1.10000000e+00  6.00000000e-01 
 2.00000000e-07  1.04747471e+00  2.00000000e-07  1.10000000e+00  6.00000000e-01 
 3.00000000e-07  1.06639687e+00  3.00000000e-07  1.10000000e+00  6.00000000e-01 
 4.00000000e-07  1.07985943e+00  4.00000000e-07  1.10000000e+00  6.00000000e-01 
 5.00000000e-07  1.09037835e+00  5.00000000e-07  1.10000000e+00  6.00000000e-01 
 6.00000000e-07  1.09904757e+00  6.00000000e-07  1.10000000e+00  6.00000000e-01 
 7.00000000e-07  1.10645945e+00  7.00000000e-07  1.10000000e+00  6.00000000e-01 
 8.00000000e-07  1.11295635e+00  8.00000000e-07  1.10000000e+00  6.00000000e-01 
 9.00000000e-07  1.11875786e+00  9.00000000e-07  1.10000000e+00  6.00000000e-01 
 1.00000000e-06  1.12401295e+00  1.00000000e-06  1.10000000e+00  6.00000000e-01 
 1.10000000e-06  1.12882726e+00  1.10000000e-06  1.10000000e+00  6.00000000e-01 
 1.20000000e-06  1.13328881e+00  1.20000000e-06  1.10000000e+00  6.00000000e-01 
 1.30000000e-06  1.13743116e+00  1.30000000e-06  1.10000000e+00  6.00000000e-01 
 1.40000000e-06  1.14131610e+00  1.40000000e-06  1.10000000e+00  6.00000000e-01 
 1.50000000e-06  1.14497875e+00  1.50000000e-06  1.10000000e+00  6.00000000e-01 
 1.60000000e-06  1.14844752e+00  1.60000000e-06  1.10000000e+00  6.00000000e-01 
 1.70000000e-06  1.15174572e+00  1.70000000e-06  1.10000000e+00  6.00000000e-01 
 1.80000000e-06  1.15489264e+00  1.80000000e-06  1.10000000e+00  6.00000000e-01 
 1.90000000e-06  1.15790446e+00  1.90000000e-06  1.10000000e+00  6.00000000e-01 
 2.00000000e-06  1.16079488e+00  2.00000000e-06  1.10000000e+00  6.00000000e-01 
 2.10000000e-06  1.16357557e+00  2.10000000e-06  1.10000000e+00  6.00000000e-01 
 2.20000000e-06  1.16625658e+00  2.20000000e-06  1.10000000e+00  6.00000000e-01 
 2.30000000e-06  1.16884663e+00  2.30000000e-06  1.10000000e+00  6.00000000e-01 
 2.40000000e-06  1.17135329e+00  2.40000000e-06  1.10000000e+00  6.00000000e-01 
 2.50000000e-06  1.17378323e+00  2.50000000e-06  1.10000000e+00  6.00000000e-01 
 2.60000000e-06  1.17614233e+00  2.60000000e-06  1.10000000e+00  6.00000000e-01 
 2.70000000e-06  1.17843579e+00  2.70000000e-06  1.10000000e+00  6.00000000e-01 
 2.80000000e-06  1.18066827e+00  2.80000000e-06  1.10000000e+00  6.00000000e-01 
 2.90000000e-06  1.18284390e+00  2.90000000e-06  1.10000000e+00  6.00000000e-01 
 3.00000000e-06  1.18496643e+00  3.00000000e-06  1.10000000e+00  6.00000000e-01 
 3.10000000e-06  1.18703921e+00  3.10000000e-06  1.10000000e+00  6.00000000e-01 
 3.20000000e-06  1.18906531e+00  3.20000000e-06  1.10000000e+00  6.00000000e-01 
 3.30000000e-06  1.19104747e+00  3.30000000e-06  1.10000000e+00  6.00000000e-01 
 3.40000000e-06  1.19298823e+00  3.40000000e-06  1.10000000e+00  6.00000000e-01 
 3.50000000e-06  1.19488988e+00  3.50000000e-06  1.10000000e+00  6.00000000e-01 
 3.60000000e-06  1.19675454e+00  3.60000000e-06  1.10000000e+00  6.00000000e-01 
 3.70000000e-06  1.19858414e+00  3.70000000e-06  1.10000000e+00  6.00000000e-01 
 3.80000000e-06  1.20038691e+00  3.80000000e-06  1.10000000e+00  6.00000000e-01 
 3.90000000e-06  1.20215059e+00  3.90000000e-06  1.10000000e+00  6.00000000e-01 
 4.00000000e-06  1.20388433e+00  4.00000000e-06  1.10000000e+00  6.00000000e-01 
 4.10000000e-06  1.20558951e+00  4.10000000e-06  1.10000000e+00  6.00000000e-01 
 4.20000000e-06  1.20726741e+00  4.20000000e-06  1.10000000e+00  6.00000000e-01 
 4.30000000e-06  1.20891924e+00  4.30000000e-06  1.10000000e+00  6.00000000e-01 
 4.40000000e-06  1.21054611e+00  4.40000000e-06  1.10000000e+00  6.00000000e-01 
 4.50000000e-06  1.21214907e+00  4.50000000e-06  1.10000000e+00  6.00000000e-01 
 4.60000000e-06  1.21372910e+00  4.60000000e-06  1.10000000e+00  6.00000000e-01 
 4.70000000e-06  1.21528713e+00  4.70000000e-06  1.10000000e+00  6.00000000e-01 
 4.80000000e-06  1.21682401e+00  4.80000000e-06  1.10000000e+00  6.00000000e-01 
 4.90000000e-06  1.21834055e+00  4.90000000e-06  1.10000000e+00  6.00000000e-01 
 5.00000000e-06  1.21983752e+00  5.00000000e-06  1.10000000e+00  6.00000000e-01 
 5.10000000e-06  1.22131564e+00  5.10000000e-06  1.10000000e+00  6.00000000e-01 
 5.20000000e-06  1.22277559e+00  5.20000000e-06  1.10000000e+00  6.00000000e-01 
 5.30000000e-06  1.22421801e+00  5.30000000e-06  1.10000000e+00  6.00000000e-01 
 5.40000000e-06  1.22564350e+00  5.40000000e-06  1.10000000e+00  6.00000000e-01 
 5.50000000e-06  1.22705264e+00  5.50000000e-06  1.10000000e+00  6.00000000e-01 
 5.60000000e-06  1.22844598e+00  5.60000000e-06  1.10000000e+00  6.00000000e-01 
 5.70000000e-06  1.22982402e+00  5.70000000e-06  1.10000000e+00  6.00000000e-01 
 5.80000000e-06  1.23118726e+00  5.80000000e-06  1.10000000e+00  6.00000000e-01 
 5.90000000e-06  1.23253616e+00  5.90000000e-06  1.10000000e+00  6.00000000e-01 
 6.00000000e-06  1.23387117e+00  6.00000000e-06  1.10000000e+00  6.00000000e-01 
