 i-sweep         v(vout)         i(viin)         v(vgate)        v(vmid)        
 0.00000000e+00  8.37701892e-01  0.00000000e+00  1.40000000e+00  1.10000000e+00 
 1.00000000e-07  1.03926752e+00  1.00000000e-07  1.40000000e+00  1.10000000e+00 
 2.00000000e-07  1.07166260e+00  2.00000000e-07  1.40000000e+00  1.10000000e+00 
 3.00000000e-07  1.09054250e+00  3.00000000e-07  1.40000000e+00  1.10000000e+00 
 4.00000000e-07  1.10398186e+00  4.00000000e-07  1.40000000e+00  1.10000000e+00 
 5.00000000e-07  1.11448172e+00  5.00000000e-07  1.40000000e+00  1.10000000e+00 
 6.00000000e-07  1.12314364e+00  6.00000000e-07  1.40000000e+00  1.10000000e+00 
 7.00000000e-07  1.13054858e+00  7.00000000e-07  1.40000000e+00  1.10000000e+00 
 8.00000000e-07  1.13703896e+00  8.00000000e-07  1.40000000e+00  1.10000000e+00 
 9.00000000e-07  1.14283495e+00  9.00000000e-07  1.40000000e+00  1.10000000e+00 
 1.00000000e-06  1.14808525e+00  1.00000000e-06  1.40000000e+00  1.10000000e+00 
 1.10000000e-06  1.15289528e+00  1.10000000e-06  1.40000000e+00  1.10000000e+00 
 1.20000000e-06  1.15734927e+00  1.20000000e-06  1.40000000e+00  1.10000000e+00 
 1.30000000e-06  1.16148831e+00  1.30000000e-06  1.40000000e+00  1.10000000e+00 
 1.40000000e-06  1.16537658e+00  1.40000000e-06  1.40000000e+00  1.10000000e+00 
 1.50000000e-06  1.16903055e+00  1.50000000e-06  1.40000000e+00  1.10000000e+00 
 1.60000000e-06  1.17249726e+00  1.60000000e-06  1.40000000e+00  1.10000000e+00 
 1.70000000e-06  1.17579315e+00  1.70000000e-06  1.40000000e+00  1.10000000e+00 
 1.80000000e-06  1.17893893e+00  1.80000000e-06  1.40000000e+00  1.10000000e+00 
 1.90000000e-06  1.18194711e+00  1.90000000e-06  1.40000000e+00  1.10000000e+00 
 2.00000000e-06  1.18483523e+00  2.00000000e-06  1.40000000e+00  1.10000000e+00 
 2.10000000e-06  1.18761367e+00  2.10000000e-06  1.40000000e+00  1.10000000e+00 
 2.20000000e-06  1.19029298e+00  2.20000000e-06  1.40000000e+00  1.10000000e+00 
 2.30000000e-06  1.19287990e+00  2.30000000e-06  1.40000000e+00  1.10000000e+00 
 2.40000000e-06  1.19538436e+00  2.40000000e-06  1.40000000e+00  1.10000000e+00 
 2.50000000e-06  1.19781208e+00  2.50000000e-06  1.40000000e+00  1.10000000e+00 
 2.60000000e-06  1.20016901e+00  2.60000000e-06  1.40000000e+00  1.10000000e+00 
 2.70000000e-06  1.20246034e+00  2.70000000e-06  1.40000000e+00  1.10000000e+00 
 2.80000000e-06  1.20469071e+00  2.80000000e-06  1.40000000e+00  1.10000000e+00 
 2.90000000e-06  1.20686428e+00  2.90000000e-06  1.40000000e+00  1.10000000e+00 
 3.00000000e-06  1.20898477e+00  3.00000000e-06  1.40000000e+00  1.10000000e+00 
 3.10000000e-06  1.21105555e+00  3.10000000e-06  1.40000000e+00  1.10000000e+00 
 3.20000000e-06  1.21307966e+00  3.20000000e-06  1.40000000e+00  1.10000000e+00 
 3.30000000e-06  1.21505987e+00  3.30000000e-06  1.40000000e+00  1.10000000e+00 
 3.40000000e-06  1.21699869e+00  3.40000000e-06  1.40000000e+00  1.10000000e+00 
 3.50000000e-06  1.21889844e+00  3.50000000e-06  1.40000000e+00  1.10000000e+00 
 3.60000000e-06  1.22076120e+00  3.60000000e-06  1.40000000e+00  1.10000000e+00 
 3.70000000e-06  1.22258893e+00  3.70000000e-06  1.40000000e+00  1.10000000e+00 
 3.80000000e-06  1.22438339e+00  3.80000000e-06  1.40000000e+00  1.10000000e+00 
 3.90000000e-06  1.22615333e+00  3.90000000e-06  1.40000000e+00  1.10000000e+00 
 4.00000000e-06  1.22788516e+00  4.00000000e-06  1.40000000e+00  1.10000000e+00 
 4.10000000e-06  1.22958844e+00  4.10000000e-06  1.40000000e+00  1.10000000e+00 
 4.20000000e-06  1.23126446e+00  4.20000000e-06  1.40000000e+00  1.10000000e+00 
 4.30000000e-06  1.23291442e+00  4.30000000e-06  1.40000000e+00  1.10000000e+00 
 4.40000000e-06  1.23453944e+00  4.40000000e-06  1.40000000e+00  1.10000000e+00 
 4.50000000e-06  1.23614057e+00  4.50000000e-06  1.40000000e+00  1.10000000e+00 
 4.60000000e-06  1.23771878e+00  4.60000000e-06  1.40000000e+00  1.10000000e+00 
 4.70000000e-06  1.23927501e+00  4.70000000e-06  1.40000000e+00  1.10000000e+00 
 4.80000000e-06  1.24081010e+00  4.80000000e-06  1.40000000e+00  1.10000000e+00 
 4.90000000e-06  1.24232487e+00  4.90000000e-06  1.40000000e+00  1.10000000e+00 
 5.00000000e-06  1.24382009e+00  5.00000000e-06  1.40000000e+00  1.10000000e+00 
 5.10000000e-06  1.24529647e+00  5.10000000e-06  1.40000000e+00  1.10000000e+00 
 5.20000000e-06  1.24675469e+00  5.20000000e-06  1.40000000e+00  1.10000000e+00 
 5.30000000e-06  1.24819539e+00  5.30000000e-06  1.40000000e+00  1.10000000e+00 
 5.40000000e-06  1.24961918e+00  5.40000000e-06  1.40000000e+00  1.10000000e+00 
 5.50000000e-06  1.25102632e+00  5.50000000e-06  1.40000000e+00  1.10000000e+00 
 5.60000000e-06  1.25241800e+00  5.60000000e-06  1.40000000e+00  1.10000000e+00 
 5.70000000e-06  1.25379439e+00  5.70000000e-06  1.40000000e+00  1.10000000e+00 
 5.80000000e-06  1.25515599e+00  5.80000000e-06  1.40000000e+00  1.10000000e+00 
 5.90000000e-06  1.25650326e+00  5.90000000e-06  1.40000000e+00  1.10000000e+00 
 6.00000000e-06  1.25783665e+00  6.00000000e-06  1.40000000e+00  1.10000000e+00 
 6.10000000e-06  1.25915657e+00  6.10000000e-06  1.40000000e+00  1.10000000e+00 
 6.20000000e-06  1.26046343e+00  6.20000000e-06  1.40000000e+00  1.10000000e+00 
 6.30000000e-06  1.26175761e+00  6.30000000e-06  1.40000000e+00  1.10000000e+00 
 6.40000000e-06  1.26303947e+00  6.40000000e-06  1.40000000e+00  1.10000000e+00 
 6.50000000e-06  1.26430936e+00  6.50000000e-06  1.40000000e+00  1.10000000e+00 
 6.60000000e-06  1.26556762e+00  6.60000000e-06  1.40000000e+00  1.10000000e+00 
 6.70000000e-06  1.26681456e+00  6.70000000e-06  1.40000000e+00  1.10000000e+00 
 6.80000000e-06  1.26805049e+00  6.80000000e-06  1.40000000e+00  1.10000000e+00 
 6.90000000e-06  1.26927570e+00  6.90000000e-06  1.40000000e+00  1.10000000e+00 
 7.00000000e-06  1.27049047e+00  7.00000000e-06  1.40000000e+00  1.10000000e+00 
 7.10000000e-06  1.27169507e+00  7.10000000e-06  1.40000000e+00  1.10000000e+00 
 7.20000000e-06  1.27288975e+00  7.20000000e-06  1.40000000e+00  1.10000000e+00 
 7.30000000e-06  1.27407476e+00  7.30000000e-06  1.40000000e+00  1.10000000e+00 
 7.40000000e-06  1.27525034e+00  7.40000000e-06  1.40000000e+00  1.10000000e+00 
 7.50000000e-06  1.27641672e+00  7.50000000e-06  1.40000000e+00  1.10000000e+00 
 7.60000000e-06  1.27757411e+00  7.60000000e-06  1.40000000e+00  1.10000000e+00 
 7.70000000e-06  1.27872273e+00  7.70000000e-06  1.40000000e+00  1.10000000e+00 
 7.80000000e-06  1.27986278e+00  7.80000000e-06  1.40000000e+00  1.10000000e+00 
 7.90000000e-06  1.28099445e+00  7.90000000e-06  1.40000000e+00  1.10000000e+00 
 8.00000000e-06  1.28211794e+00  8.00000000e-06  1.40000000e+00  1.10000000e+00 
 8.10000000e-06  1.28323342e+00  8.10000000e-06  1.40000000e+00  1.10000000e+00 
 8.20000000e-06  1.28434108e+00  8.20000000e-06  1.40000000e+00  1.10000000e+00 
 8.30000000e-06  1.28544107e+00  8.30000000e-06  1.40000000e+00  1.10000000e+00 
 8.40000000e-06  1.28653356e+00  8.40000000e-06  1.40000000e+00  1.10000000e+00 
 8.50000000e-06  1.28761872e+00  8.50000000e-06  1.40000000e+00  1.10000000e+00 
 8.60000000e-06  1.28869669e+00  8.60000000e-06  1.40000000e+00  1.10000000e+00 
 8.70000000e-06  1.28976761e+00  8.70000000e-06  1.40000000e+00  1.10000000e+00 
 8.80000000e-06  1.29083164e+00  8.80000000e-06  1.40000000e+00  1.10000000e+00 
 8.90000000e-06  1.29188892e+00  8.90000000e-06  1.40000000e+00  1.10000000e+00 
 9.00000000e-06  1.29293956e+00  9.00000000e-06  1.40000000e+00  1.10000000e+00 
 9.10000000e-06  1.29398371e+00  9.10000000e-06  1.40000000e+00  1.10000000e+00 
 9.20000000e-06  1.29502149e+00  9.20000000e-06  1.40000000e+00  1.10000000e+00 
 9.30000000e-06  1.29605302e+00  9.30000000e-06  1.40000000e+00  1.10000000e+00 
 9.40000000e-06  1.29707841e+00  9.40000000e-06  1.40000000e+00  1.10000000e+00 
 9.50000000e-06  1.29809779e+00  9.50000000e-06  1.40000000e+00  1.10000000e+00 
 9.60000000e-06  1.29911125e+00  9.60000000e-06  1.40000000e+00  1.10000000e+00 
 9.70000000e-06  1.30011892e+00  9.70000000e-06  1.40000000e+00  1.10000000e+00 
 9.80000000e-06  1.30112089e+00  9.80000000e-06  1.40000000e+00  1.10000000e+00 
 9.90000000e-06  1.30211726e+00  9.90000000e-06  1.40000000e+00  1.10000000e+00 
 1.00000000e-05  1.30310814e+00  1.00000000e-05  1.40000000e+00  1.10000000e+00 
 1.01000000e-05  1.30409362e+00  1.01000000e-05  1.40000000e+00  1.10000000e+00 
 1.02000000e-05  1.30507378e+00  1.02000000e-05  1.40000000e+00  1.10000000e+00 
 1.03000000e-05  1.30604873e+00  1.03000000e-05  1.40000000e+00  1.10000000e+00 
 1.04000000e-05  1.30701854e+00  1.04000000e-05  1.40000000e+00  1.10000000e+00 
 1.05000000e-05  1.30798331e+00  1.05000000e-05  1.40000000e+00  1.10000000e+00 
 1.06000000e-05  1.30894312e+00  1.06000000e-05  1.40000000e+00  1.10000000e+00 
 1.07000000e-05  1.30989804e+00  1.07000000e-05  1.40000000e+00  1.10000000e+00 
 1.08000000e-05  1.31084816e+00  1.08000000e-05  1.40000000e+00  1.10000000e+00 
 1.09000000e-05  1.31179355e+00  1.09000000e-05  1.40000000e+00  1.10000000e+00 
 1.10000000e-05  1.31273429e+00  1.10000000e-05  1.40000000e+00  1.10000000e+00 
 1.11000000e-05  1.31367045e+00  1.11000000e-05  1.40000000e+00  1.10000000e+00 
 1.12000000e-05  1.31460211e+00  1.12000000e-05  1.40000000e+00  1.10000000e+00 
 1.13000000e-05  1.31552932e+00  1.13000000e-05  1.40000000e+00  1.10000000e+00 
 1.14000000e-05  1.31645215e+00  1.14000000e-05  1.40000000e+00  1.10000000e+00 
 1.15000000e-05  1.31737069e+00  1.15000000e-05  1.40000000e+00  1.10000000e+00 
 1.16000000e-05  1.31828497e+00  1.16000000e-05  1.40000000e+00  1.10000000e+00 
 1.17000000e-05  1.31919508e+00  1.17000000e-05  1.40000000e+00  1.10000000e+00 
 1.18000000e-05  1.32010107e+00  1.18000000e-05  1.40000000e+00  1.10000000e+00 
 1.19000000e-05  1.32100300e+00  1.19000000e-05  1.40000000e+00  1.10000000e+00 
 1.20000000e-05  1.32190092e+00  1.20000000e-05  1.40000000e+00  1.10000000e+00 
 1.21000000e-05  1.32279490e+00  1.21000000e-05  1.40000000e+00  1.10000000e+00 
 1.22000000e-05  1.32368499e+00  1.22000000e-05  1.40000000e+00  1.10000000e+00 
 1.23000000e-05  1.32457125e+00  1.23000000e-05  1.40000000e+00  1.10000000e+00 
 1.24000000e-05  1.32545372e+00  1.24000000e-05  1.40000000e+00  1.10000000e+00 
 1.25000000e-05  1.32633246e+00  1.25000000e-05  1.40000000e+00  1.10000000e+00 
 1.26000000e-05  1.32720752e+00  1.26000000e-05  1.40000000e+00  1.10000000e+00 
 1.27000000e-05  1.32807895e+00  1.27000000e-05  1.40000000e+00  1.10000000e+00 
 1.28000000e-05  1.32894680e+00  1.28000000e-05  1.40000000e+00  1.10000000e+00 
 1.29000000e-05  1.32981111e+00  1.29000000e-05  1.40000000e+00  1.10000000e+00 
 1.30000000e-05  1.33067193e+00  1.30000000e-05  1.40000000e+00  1.10000000e+00 
 1.31000000e-05  1.33152931e+00  1.31000000e-05  1.40000000e+00  1.10000000e+00 
 1.32000000e-05  1.33238329e+00  1.32000000e-05  1.40000000e+00  1.10000000e+00 
 1.33000000e-05  1.33323391e+00  1.33000000e-05  1.40000000e+00  1.10000000e+00 
 1.34000000e-05  1.33408122e+00  1.34000000e-05  1.40000000e+00  1.10000000e+00 
 1.35000000e-05  1.33492526e+00  1.35000000e-05  1.40000000e+00  1.10000000e+00 
 1.36000000e-05  1.33576606e+00  1.36000000e-05  1.40000000e+00  1.10000000e+00 
 1.37000000e-05  1.33660368e+00  1.37000000e-05  1.40000000e+00  1.10000000e+00 
 1.38000000e-05  1.33743814e+00  1.38000000e-05  1.40000000e+00  1.10000000e+00 
 1.39000000e-05  1.33826948e+00  1.39000000e-05  1.40000000e+00  1.10000000e+00 
 1.40000000e-05  1.33909775e+00  1.40000000e-05  1.40000000e+00  1.10000000e+00 
 1.41000000e-05  1.33992298e+00  1.41000000e-05  1.40000000e+00  1.10000000e+00 
 1.42000000e-05  1.34074520e+00  1.42000000e-05  1.40000000e+00  1.10000000e+00 
 1.43000000e-05  1.34156446e+00  1.43000000e-05  1.40000000e+00  1.10000000e+00 
 1.44000000e-05  1.34238078e+00  1.44000000e-05  1.40000000e+00  1.10000000e+00 
 1.45000000e-05  1.34319420e+00  1.45000000e-05  1.40000000e+00  1.10000000e+00 
 1.46000000e-05  1.34400862e+00  1.46000000e-05  1.40000000e+00  1.10000000e+00 
 1.47000000e-05  1.34481610e+00  1.47000000e-05  1.40000000e+00  1.10000000e+00 
 1.48000000e-05  1.34562078e+00  1.48000000e-05  1.40000000e+00  1.10000000e+00 
 1.49000000e-05  1.34642271e+00  1.49000000e-05  1.40000000e+00  1.10000000e+00 
 1.50000000e-05  1.34722191e+00  1.50000000e-05  1.40000000e+00  1.10000000e+00 
 1.51000000e-05  1.34801842e+00  1.51000000e-05  1.40000000e+00  1.10000000e+00 
 1.52000000e-05  1.34881226e+00  1.52000000e-05  1.40000000e+00  1.10000000e+00 
 1.53000000e-05  1.34960346e+00  1.53000000e-05  1.40000000e+00  1.10000000e+00 
 1.54000000e-05  1.35039204e+00  1.54000000e-05  1.40000000e+00  1.10000000e+00 
 1.55000000e-05  1.35117804e+00  1.55000000e-05  1.40000000e+00  1.10000000e+00 
 1.56000000e-05  1.35196149e+00  1.56000000e-05  1.40000000e+00  1.10000000e+00 
 1.57000000e-05  1.35274241e+00  1.57000000e-05  1.40000000e+00  1.10000000e+00 
 1.58000000e-05  1.35352082e+00  1.58000000e-05  1.40000000e+00  1.10000000e+00 
 1.59000000e-05  1.35429675e+00  1.59000000e-05  1.40000000e+00  1.10000000e+00 
 1.60000000e-05  1.35507023e+00  1.60000000e-05  1.40000000e+00  1.10000000e+00 
 1.61000000e-05  1.35584128e+00  1.61000000e-05  1.40000000e+00  1.10000000e+00 
 1.62000000e-05  1.35660993e+00  1.62000000e-05  1.40000000e+00  1.10000000e+00 
 1.63000000e-05  1.35737620e+00  1.63000000e-05  1.40000000e+00  1.10000000e+00 
 1.64000000e-05  1.35814011e+00  1.64000000e-05  1.40000000e+00  1.10000000e+00 
 1.65000000e-05  1.35890169e+00  1.65000000e-05  1.40000000e+00  1.10000000e+00 
 1.66000000e-05  1.35966096e+00  1.66000000e-05  1.40000000e+00  1.10000000e+00 
 1.67000000e-05  1.36041795e+00  1.67000000e-05  1.40000000e+00  1.10000000e+00 
 1.68000000e-05  1.36117267e+00  1.68000000e-05  1.40000000e+00  1.10000000e+00 
 1.69000000e-05  1.36192514e+00  1.69000000e-05  1.40000000e+00  1.10000000e+00 
 1.70000000e-05  1.36267540e+00  1.70000000e-05  1.40000000e+00  1.10000000e+00 
 1.71000000e-05  1.36342345e+00  1.71000000e-05  1.40000000e+00  1.10000000e+00 
 1.72000000e-05  1.36416933e+00  1.72000000e-05  1.40000000e+00  1.10000000e+00 
 1.73000000e-05  1.36491304e+00  1.73000000e-05  1.40000000e+00  1.10000000e+00 
 1.74000000e-05  1.36565462e+00  1.74000000e-05  1.40000000e+00  1.10000000e+00 
 1.75000000e-05  1.36639408e+00  1.75000000e-05  1.40000000e+00  1.10000000e+00 
 1.76000000e-05  1.36713268e+00  1.76000000e-05  1.40000000e+00  1.10000000e+00 
 1.77000000e-05  1.36786801e+00  1.77000000e-05  1.40000000e+00  1.10000000e+00 
 1.78000000e-05  1.36860127e+00  1.78000000e-05  1.40000000e+00  1.10000000e+00 
 1.79000000e-05  1.36933249e+00  1.79000000e-05  1.40000000e+00  1.10000000e+00 
 1.80000000e-05  1.37006169e+00  1.80000000e-05  1.40000000e+00  1.10000000e+00 
 1.81000000e-05  1.37078889e+00  1.81000000e-05  1.40000000e+00  1.10000000e+00 
 1.82000000e-05  1.37151411e+00  1.82000000e-05  1.40000000e+00  1.10000000e+00 
 1.83000000e-05  1.37223580e+00  1.83000000e-05  1.40000000e+00  1.10000000e+00 
 1.84000000e-05  1.37295703e+00  1.84000000e-05  1.40000000e+00  1.10000000e+00 
 1.85000000e-05  1.37367632e+00  1.85000000e-05  1.40000000e+00  1.10000000e+00 
 1.86000000e-05  1.37439369e+00  1.86000000e-05  1.40000000e+00  1.10000000e+00 
 1.87000000e-05  1.37510917e+00  1.87000000e-05  1.40000000e+00  1.10000000e+00 
 1.88000000e-05  1.37582276e+00  1.88000000e-05  1.40000000e+00  1.10000000e+00 
 1.89000000e-05  1.37653448e+00  1.89000000e-05  1.40000000e+00  1.10000000e+00 
 1.90000000e-05  1.37724435e+00  1.90000000e-05  1.40000000e+00  1.10000000e+00 
 1.91000000e-05  1.37795237e+00  1.91000000e-05  1.40000000e+00  1.10000000e+00 
 1.92000000e-05  1.37865858e+00  1.92000000e-05  1.40000000e+00  1.10000000e+00 
 1.93000000e-05  1.37936298e+00  1.93000000e-05  1.40000000e+00  1.10000000e+00 
 1.94000000e-05  1.38006559e+00  1.94000000e-05  1.40000000e+00  1.10000000e+00 
 1.95000000e-05  1.38076642e+00  1.95000000e-05  1.40000000e+00  1.10000000e+00 
 1.96000000e-05  1.38146549e+00  1.96000000e-05  1.40000000e+00  1.10000000e+00 
 1.97000000e-05  1.38216297e+00  1.97000000e-05  1.40000000e+00  1.10000000e+00 
 1.98000000e-05  1.38285833e+00  1.98000000e-05  1.40000000e+00  1.10000000e+00 
 1.99000000e-05  1.38355220e+00  1.99000000e-05  1.40000000e+00  1.10000000e+00 
 2.00000000e-05  1.38424444e+00  2.00000000e-05  1.40000000e+00  1.10000000e+00 
 2.01000000e-05  1.38493495e+00  2.01000000e-05  1.40000000e+00  1.10000000e+00 
 2.02000000e-05  1.38562378e+00  2.02000000e-05  1.40000000e+00  1.10000000e+00 
 2.03000000e-05  1.38631096e+00  2.03000000e-05  1.40000000e+00  1.10000000e+00 
 2.04000000e-05  1.38699648e+00  2.04000000e-05  1.40000000e+00  1.10000000e+00 
 2.05000000e-05  1.38768090e+00  2.05000000e-05  1.40000000e+00  1.10000000e+00 
 2.06000000e-05  1.38836298e+00  2.06000000e-05  1.40000000e+00  1.10000000e+00 
 2.07000000e-05  1.38904348e+00  2.07000000e-05  1.40000000e+00  1.10000000e+00 
 2.08000000e-05  1.38972239e+00  2.08000000e-05  1.40000000e+00  1.10000000e+00 
 2.09000000e-05  1.39039974e+00  2.09000000e-05  1.40000000e+00  1.10000000e+00 
 2.10000000e-05  1.39107551e+00  2.10000000e-05  1.40000000e+00  1.10000000e+00 
 2.11000000e-05  1.39174973e+00  2.11000000e-05  1.40000000e+00  1.10000000e+00 
 2.12000000e-05  1.39242241e+00  2.12000000e-05  1.40000000e+00  1.10000000e+00 
 2.13000000e-05  1.39309355e+00  2.13000000e-05  1.40000000e+00  1.10000000e+00 
 2.14000000e-05  1.39376316e+00  2.14000000e-05  1.40000000e+00  1.10000000e+00 
 2.15000000e-05  1.39443126e+00  2.15000000e-05  1.40000000e+00  1.10000000e+00 
 2.16000000e-05  1.39509785e+00  2.16000000e-05  1.40000000e+00  1.10000000e+00 
 2.17000000e-05  1.39576295e+00  2.17000000e-05  1.40000000e+00  1.10000000e+00 
 2.18000000e-05  1.39642657e+00  2.18000000e-05  1.40000000e+00  1.10000000e+00 
 2.19000000e-05  1.39708871e+00  2.19000000e-05  1.40000000e+00  1.10000000e+00 
 2.20000000e-05  1.39774939e+00  2.20000000e-05  1.40000000e+00  1.10000000e+00 
 2.21000000e-05  1.39840862e+00  2.21000000e-05  1.40000000e+00  1.10000000e+00 
 2.22000000e-05  1.39906641e+00  2.22000000e-05  1.40000000e+00  1.10000000e+00 
 2.23000000e-05  1.39972277e+00  2.23000000e-05  1.40000000e+00  1.10000000e+00 
 2.24000000e-05  1.40037755e+00  2.24000000e-05  1.40000000e+00  1.10000000e+00 
 2.25000000e-05  1.40103107e+00  2.25000000e-05  1.40000000e+00  1.10000000e+00 
 2.26000000e-05  1.40168320e+00  2.26000000e-05  1.40000000e+00  1.10000000e+00 
 2.27000000e-05  1.40233554e+00  2.27000000e-05  1.40000000e+00  1.10000000e+00 
 2.28000000e-05  1.40298413e+00  2.28000000e-05  1.40000000e+00  1.10000000e+00 
 2.29000000e-05  1.40363176e+00  2.29000000e-05  1.40000000e+00  1.10000000e+00 
 2.30000000e-05  1.40427820e+00  2.30000000e-05  1.40000000e+00  1.10000000e+00 
 2.31000000e-05  1.40492336e+00  2.31000000e-05  1.40000000e+00  1.10000000e+00 
 2.32000000e-05  1.40556721e+00  2.32000000e-05  1.40000000e+00  1.10000000e+00 
 2.33000000e-05  1.40620975e+00  2.33000000e-05  1.40000000e+00  1.10000000e+00 
 2.34000000e-05  1.40685098e+00  2.34000000e-05  1.40000000e+00  1.10000000e+00 
 2.35000000e-05  1.40749090e+00  2.35000000e-05  1.40000000e+00  1.10000000e+00 
 2.36000000e-05  1.40812951e+00  2.36000000e-05  1.40000000e+00  1.10000000e+00 
 2.37000000e-05  1.40876682e+00  2.37000000e-05  1.40000000e+00  1.10000000e+00 
 2.38000000e-05  1.40940282e+00  2.38000000e-05  1.40000000e+00  1.10000000e+00 
 2.39000000e-05  1.41003757e+00  2.39000000e-05  1.40000000e+00  1.10000000e+00 
 2.40000000e-05  1.41067104e+00  2.40000000e-05  1.40000000e+00  1.10000000e+00 
 2.41000000e-05  1.41130341e+00  2.41000000e-05  1.40000000e+00  1.10000000e+00 
 2.42000000e-05  1.41193421e+00  2.42000000e-05  1.40000000e+00  1.10000000e+00 
 2.43000000e-05  1.41256392e+00  2.43000000e-05  1.40000000e+00  1.10000000e+00 
 2.44000000e-05  1.41319238e+00  2.44000000e-05  1.40000000e+00  1.10000000e+00 
 2.45000000e-05  1.41381964e+00  2.45000000e-05  1.40000000e+00  1.10000000e+00 
 2.46000000e-05  1.41444585e+00  2.46000000e-05  1.40000000e+00  1.10000000e+00 
 2.47000000e-05  1.41507054e+00  2.47000000e-05  1.40000000e+00  1.10000000e+00 
 2.48000000e-05  1.41569399e+00  2.48000000e-05  1.40000000e+00  1.10000000e+00 
 2.49000000e-05  1.41631637e+00  2.49000000e-05  1.40000000e+00  1.10000000e+00 
 2.50000000e-05  1.41693755e+00  2.50000000e-05  1.40000000e+00  1.10000000e+00 
