 i-sweep         v(vout)         i(viin)         v(vgate)        v(vmid)        
 0.00000000e+00  6.00001023e-01  0.00000000e+00  1.20000000e+00  6.00000000e-01 
 1.00000000e-07  1.01225260e+00  1.00000000e-07  1.20000000e+00  6.00000000e-01 
 2.00000000e-07  1.04590489e+00  2.00000000e-07  1.20000000e+00  6.00000000e-01 
 3.00000000e-07  1.06554313e+00  3.00000000e-07  1.20000000e+00  6.00000000e-01 
 4.00000000e-07  1.07909306e+00  4.00000000e-07  1.20000000e+00  6.00000000e-01 
 5.00000000e-07  1.08973476e+00  5.00000000e-07  1.20000000e+00  6.00000000e-01 
 6.00000000e-07  1.09930814e+00  6.00000000e-07  1.20000000e+00  6.00000000e-01 
 7.00000000e-07  1.10643082e+00  7.00000000e-07  1.20000000e+00  6.00000000e-01 
 8.00000000e-07  1.11289645e+00  8.00000000e-07  1.20000000e+00  6.00000000e-01 
 9.00000000e-07  1.11866012e+00  9.00000000e-07  1.20000000e+00  6.00000000e-01 
 1.00000000e-06  1.12389440e+00  1.00000000e-06  1.20000000e+00  6.00000000e-01 
 1.10000000e-06  1.12869578e+00  1.10000000e-06  1.20000000e+00  6.00000000e-01 
 1.20000000e-06  1.13313917e+00  1.20000000e-06  1.20000000e+00  6.00000000e-01 
 1.30000000e-06  1.13728135e+00  1.30000000e-06  1.20000000e+00  6.00000000e-01 
 1.40000000e-06  1.14116657e+00  1.40000000e-06  1.20000000e+00  6.00000000e-01 
 1.50000000e-06  1.14482998e+00  1.50000000e-06  1.20000000e+00  6.00000000e-01 
 1.60000000e-06  1.14829992e+00  1.60000000e-06  1.20000000e+00  6.00000000e-01 
 1.70000000e-06  1.15159960e+00  1.70000000e-06  1.20000000e+00  6.00000000e-01 
 1.80000000e-06  1.15474823e+00  1.80000000e-06  1.20000000e+00  6.00000000e-01 
 1.90000000e-06  1.15776194e+00  1.90000000e-06  1.20000000e+00  6.00000000e-01 
 2.00000000e-06  1.16065436e+00  2.00000000e-06  1.20000000e+00  6.00000000e-01 
 2.10000000e-06  1.16343711e+00  2.10000000e-06  1.20000000e+00  6.00000000e-01 
 2.20000000e-06  1.16612022e+00  2.20000000e-06  1.20000000e+00  6.00000000e-01 
 2.30000000e-06  1.16871236e+00  2.30000000e-06  1.20000000e+00  6.00000000e-01 
 2.40000000e-06  1.17122110e+00  2.40000000e-06  1.20000000e+00  6.00000000e-01 
 2.50000000e-06  1.17365310e+00  2.50000000e-06  1.20000000e+00  6.00000000e-01 
 2.60000000e-06  1.17601421e+00  2.60000000e-06  1.20000000e+00  6.00000000e-01 
 2.70000000e-06  1.17830964e+00  2.70000000e-06  1.20000000e+00  6.00000000e-01 
 2.80000000e-06  1.18054403e+00  2.80000000e-06  1.20000000e+00  6.00000000e-01 
 2.90000000e-06  1.18272152e+00  2.90000000e-06  1.20000000e+00  6.00000000e-01 
 3.00000000e-06  1.18484586e+00  3.00000000e-06  1.20000000e+00  6.00000000e-01 
 3.10000000e-06  1.18692040e+00  3.10000000e-06  1.20000000e+00  6.00000000e-01 
 3.20000000e-06  1.18894819e+00  3.20000000e-06  1.20000000e+00  6.00000000e-01 
 3.30000000e-06  1.19093200e+00  3.30000000e-06  1.20000000e+00  6.00000000e-01 
 3.40000000e-06  1.19287435e+00  3.40000000e-06  1.20000000e+00  6.00000000e-01 
 3.50000000e-06  1.19477754e+00  3.50000000e-06  1.20000000e+00  6.00000000e-01 
 3.60000000e-06  1.19664368e+00  3.60000000e-06  1.20000000e+00  6.00000000e-01 
 3.70000000e-06  1.19847472e+00  3.70000000e-06  1.20000000e+00  6.00000000e-01 
 3.80000000e-06  1.20027243e+00  3.80000000e-06  1.20000000e+00  6.00000000e-01 
 3.90000000e-06  1.20203847e+00  3.90000000e-06  1.20000000e+00  6.00000000e-01 
 4.00000000e-06  1.20377436e+00  4.00000000e-06  1.20000000e+00  6.00000000e-01 
 4.10000000e-06  1.20548151e+00  4.10000000e-06  1.20000000e+00  6.00000000e-01 
 4.20000000e-06  1.20716122e+00  4.20000000e-06  1.20000000e+00  6.00000000e-01 
 4.30000000e-06  1.20881473e+00  4.30000000e-06  1.20000000e+00  6.00000000e-01 
 4.40000000e-06  1.21044317e+00  4.40000000e-06  1.20000000e+00  6.00000000e-01 
 4.50000000e-06  1.21204760e+00  4.50000000e-06  1.20000000e+00  6.00000000e-01 
 4.60000000e-06  1.21362901e+00  4.60000000e-06  1.20000000e+00  6.00000000e-01 
 4.70000000e-06  1.21518834e+00  4.70000000e-06  1.20000000e+00  6.00000000e-01 
 4.80000000e-06  1.21672645e+00  4.80000000e-06  1.20000000e+00  6.00000000e-01 
 4.90000000e-06  1.21824416e+00  4.90000000e-06  1.20000000e+00  6.00000000e-01 
 5.00000000e-06  1.21974224e+00  5.00000000e-06  1.20000000e+00  6.00000000e-01 
 5.10000000e-06  1.22122142e+00  5.10000000e-06  1.20000000e+00  6.00000000e-01 
 5.20000000e-06  1.22268238e+00  5.20000000e-06  1.20000000e+00  6.00000000e-01 
 5.30000000e-06  1.22412577e+00  5.30000000e-06  1.20000000e+00  6.00000000e-01 
 5.40000000e-06  1.22555220e+00  5.40000000e-06  1.20000000e+00  6.00000000e-01 
 5.50000000e-06  1.22696224e+00  5.50000000e-06  1.20000000e+00  6.00000000e-01 
 5.60000000e-06  1.22835644e+00  5.60000000e-06  1.20000000e+00  6.00000000e-01 
 5.70000000e-06  1.22973532e+00  5.70000000e-06  1.20000000e+00  6.00000000e-01 
 5.80000000e-06  1.23109937e+00  5.80000000e-06  1.20000000e+00  6.00000000e-01 
 5.90000000e-06  1.23244906e+00  5.90000000e-06  1.20000000e+00  6.00000000e-01 
 6.00000000e-06  1.23378483e+00  6.00000000e-06  1.20000000e+00  6.00000000e-01 
 6.10000000e-06  1.23510711e+00  6.10000000e-06  1.20000000e+00  6.00000000e-01 
 6.20000000e-06  1.23641629e+00  6.20000000e-06  1.20000000e+00  6.00000000e-01 
 6.30000000e-06  1.23771277e+00  6.30000000e-06  1.20000000e+00  6.00000000e-01 
 6.40000000e-06  1.23899690e+00  6.40000000e-06  1.20000000e+00  6.00000000e-01 
 6.50000000e-06  1.24026904e+00  6.50000000e-06  1.20000000e+00  6.00000000e-01 
 6.60000000e-06  1.24152952e+00  6.60000000e-06  1.20000000e+00  6.00000000e-01 
 6.70000000e-06  1.24277866e+00  6.70000000e-06  1.20000000e+00  6.00000000e-01 
 6.80000000e-06  1.24401677e+00  6.80000000e-06  1.20000000e+00  6.00000000e-01 
 6.90000000e-06  1.24524413e+00  6.90000000e-06  1.20000000e+00  6.00000000e-01 
 7.00000000e-06  1.24646103e+00  7.00000000e-06  1.20000000e+00  6.00000000e-01 
 7.10000000e-06  1.24766775e+00  7.10000000e-06  1.20000000e+00  6.00000000e-01 
 7.20000000e-06  1.24886452e+00  7.20000000e-06  1.20000000e+00  6.00000000e-01 
 7.30000000e-06  1.25005161e+00  7.30000000e-06  1.20000000e+00  6.00000000e-01 
 7.40000000e-06  1.25122925e+00  7.40000000e-06  1.20000000e+00  6.00000000e-01 
 7.50000000e-06  1.25239767e+00  7.50000000e-06  1.20000000e+00  6.00000000e-01 
 7.60000000e-06  1.25355709e+00  7.60000000e-06  1.20000000e+00  6.00000000e-01 
 7.70000000e-06  1.25470772e+00  7.70000000e-06  1.20000000e+00  6.00000000e-01 
 7.80000000e-06  1.25584976e+00  7.80000000e-06  1.20000000e+00  6.00000000e-01 
 7.90000000e-06  1.25698342e+00  7.90000000e-06  1.20000000e+00  6.00000000e-01 
 8.00000000e-06  1.25810887e+00  8.00000000e-06  1.20000000e+00  6.00000000e-01 
 8.10000000e-06  1.25922631e+00  8.10000000e-06  1.20000000e+00  6.00000000e-01 
 8.20000000e-06  1.26033590e+00  8.20000000e-06  1.20000000e+00  6.00000000e-01 
 8.30000000e-06  1.26143781e+00  8.30000000e-06  1.20000000e+00  6.00000000e-01 
 8.40000000e-06  1.26253222e+00  8.40000000e-06  1.20000000e+00  6.00000000e-01 
 8.50000000e-06  1.26361927e+00  8.50000000e-06  1.20000000e+00  6.00000000e-01 
 8.60000000e-06  1.26469913e+00  8.60000000e-06  1.20000000e+00  6.00000000e-01 
 8.70000000e-06  1.26577193e+00  8.70000000e-06  1.20000000e+00  6.00000000e-01 
 8.80000000e-06  1.26683783e+00  8.80000000e-06  1.20000000e+00  6.00000000e-01 
 8.90000000e-06  1.26789695e+00  8.90000000e-06  1.20000000e+00  6.00000000e-01 
 9.00000000e-06  1.26894944e+00  9.00000000e-06  1.20000000e+00  6.00000000e-01 
 9.10000000e-06  1.26999542e+00  9.10000000e-06  1.20000000e+00  6.00000000e-01 
 9.20000000e-06  1.27103502e+00  9.20000000e-06  1.20000000e+00  6.00000000e-01 
 9.30000000e-06  1.27206836e+00  9.30000000e-06  1.20000000e+00  6.00000000e-01 
 9.40000000e-06  1.27309555e+00  9.40000000e-06  1.20000000e+00  6.00000000e-01 
 9.50000000e-06  1.27411672e+00  9.50000000e-06  1.20000000e+00  6.00000000e-01 
 9.60000000e-06  1.27513197e+00  9.60000000e-06  1.20000000e+00  6.00000000e-01 
 9.70000000e-06  1.27614141e+00  9.70000000e-06  1.20000000e+00  6.00000000e-01 
 9.80000000e-06  1.27714514e+00  9.80000000e-06  1.20000000e+00  6.00000000e-01 
 9.90000000e-06  1.27814327e+00  9.90000000e-06  1.20000000e+00  6.00000000e-01 
 1.00000000e-05  1.27913589e+00  1.00000000e-05  1.20000000e+00  6.00000000e-01 
 1.01000000e-05  1.28012311e+00  1.01000000e-05  1.20000000e+00  6.00000000e-01 
 1.02000000e-05  1.28110500e+00  1.02000000e-05  1.20000000e+00  6.00000000e-01 
 1.03000000e-05  1.28208167e+00  1.03000000e-05  1.20000000e+00  6.00000000e-01 
 1.04000000e-05  1.28305320e+00  1.04000000e-05  1.20000000e+00  6.00000000e-01 
 1.05000000e-05  1.28401967e+00  1.05000000e-05  1.20000000e+00  6.00000000e-01 
 1.06000000e-05  1.28498117e+00  1.06000000e-05  1.20000000e+00  6.00000000e-01 
 1.07000000e-05  1.28593779e+00  1.07000000e-05  1.20000000e+00  6.00000000e-01 
 1.08000000e-05  1.28688959e+00  1.08000000e-05  1.20000000e+00  6.00000000e-01 
 1.09000000e-05  1.28783666e+00  1.09000000e-05  1.20000000e+00  6.00000000e-01 
 1.10000000e-05  1.28877907e+00  1.10000000e-05  1.20000000e+00  6.00000000e-01 
 1.11000000e-05  1.28971689e+00  1.11000000e-05  1.20000000e+00  6.00000000e-01 
 1.12000000e-05  1.29065019e+00  1.12000000e-05  1.20000000e+00  6.00000000e-01 
 1.13000000e-05  1.29157905e+00  1.13000000e-05  1.20000000e+00  6.00000000e-01 
 1.14000000e-05  1.29250353e+00  1.14000000e-05  1.20000000e+00  6.00000000e-01 
 1.15000000e-05  1.29342370e+00  1.15000000e-05  1.20000000e+00  6.00000000e-01 
 1.16000000e-05  1.29433961e+00  1.16000000e-05  1.20000000e+00  6.00000000e-01 
 1.17000000e-05  1.29525134e+00  1.17000000e-05  1.20000000e+00  6.00000000e-01 
 1.18000000e-05  1.29615895e+00  1.18000000e-05  1.20000000e+00  6.00000000e-01 
 1.19000000e-05  1.29706249e+00  1.19000000e-05  1.20000000e+00  6.00000000e-01 
 1.20000000e-05  1.29796202e+00  1.20000000e-05  1.20000000e+00  6.00000000e-01 
 1.21000000e-05  1.29885760e+00  1.21000000e-05  1.20000000e+00  6.00000000e-01 
 1.22000000e-05  1.29974928e+00  1.22000000e-05  1.20000000e+00  6.00000000e-01 
 1.23000000e-05  1.30063712e+00  1.23000000e-05  1.20000000e+00  6.00000000e-01 
 1.24000000e-05  1.30152118e+00  1.24000000e-05  1.20000000e+00  6.00000000e-01 
 1.25000000e-05  1.30240149e+00  1.25000000e-05  1.20000000e+00  6.00000000e-01 
 1.26000000e-05  1.30327813e+00  1.26000000e-05  1.20000000e+00  6.00000000e-01 
 1.27000000e-05  1.30415112e+00  1.27000000e-05  1.20000000e+00  6.00000000e-01 
 1.28000000e-05  1.30502053e+00  1.28000000e-05  1.20000000e+00  6.00000000e-01 
 1.29000000e-05  1.30588640e+00  1.29000000e-05  1.20000000e+00  6.00000000e-01 
 1.30000000e-05  1.30674877e+00  1.30000000e-05  1.20000000e+00  6.00000000e-01 
 1.31000000e-05  1.30760769e+00  1.31000000e-05  1.20000000e+00  6.00000000e-01 
 1.32000000e-05  1.30846321e+00  1.32000000e-05  1.20000000e+00  6.00000000e-01 
 1.33000000e-05  1.30931537e+00  1.33000000e-05  1.20000000e+00  6.00000000e-01 
 1.34000000e-05  1.31016421e+00  1.34000000e-05  1.20000000e+00  6.00000000e-01 
 1.35000000e-05  1.31100978e+00  1.35000000e-05  1.20000000e+00  6.00000000e-01 
 1.36000000e-05  1.31185210e+00  1.36000000e-05  1.20000000e+00  6.00000000e-01 
 1.37000000e-05  1.31269123e+00  1.37000000e-05  1.20000000e+00  6.00000000e-01 
 1.38000000e-05  1.31352721e+00  1.38000000e-05  1.20000000e+00  6.00000000e-01 
 1.39000000e-05  1.31436006e+00  1.39000000e-05  1.20000000e+00  6.00000000e-01 
 1.40000000e-05  1.31518984e+00  1.40000000e-05  1.20000000e+00  6.00000000e-01 
 1.41000000e-05  1.31601657e+00  1.41000000e-05  1.20000000e+00  6.00000000e-01 
 1.42000000e-05  1.31684029e+00  1.42000000e-05  1.20000000e+00  6.00000000e-01 
 1.43000000e-05  1.31766103e+00  1.43000000e-05  1.20000000e+00  6.00000000e-01 
 1.44000000e-05  1.31847884e+00  1.44000000e-05  1.20000000e+00  6.00000000e-01 
 1.45000000e-05  1.31929375e+00  1.45000000e-05  1.20000000e+00  6.00000000e-01 
 1.46000000e-05  1.32010578e+00  1.46000000e-05  1.20000000e+00  6.00000000e-01 
 1.47000000e-05  1.32091498e+00  1.47000000e-05  1.20000000e+00  6.00000000e-01 
 1.48000000e-05  1.32172137e+00  1.48000000e-05  1.20000000e+00  6.00000000e-01 
 1.49000000e-05  1.32252499e+00  1.49000000e-05  1.20000000e+00  6.00000000e-01 
 1.50000000e-05  1.32332586e+00  1.50000000e-05  1.20000000e+00  6.00000000e-01 
 1.51000000e-05  1.32412402e+00  1.51000000e-05  1.20000000e+00  6.00000000e-01 
 1.52000000e-05  1.32491949e+00  1.52000000e-05  1.20000000e+00  6.00000000e-01 
 1.53000000e-05  1.32571231e+00  1.53000000e-05  1.20000000e+00  6.00000000e-01 
 1.54000000e-05  1.32650251e+00  1.54000000e-05  1.20000000e+00  6.00000000e-01 
 1.55000000e-05  1.32729011e+00  1.55000000e-05  1.20000000e+00  6.00000000e-01 
 1.56000000e-05  1.32807514e+00  1.56000000e-05  1.20000000e+00  6.00000000e-01 
 1.57000000e-05  1.32885762e+00  1.57000000e-05  1.20000000e+00  6.00000000e-01 
 1.58000000e-05  1.32963760e+00  1.58000000e-05  1.20000000e+00  6.00000000e-01 
 1.59000000e-05  1.33041508e+00  1.59000000e-05  1.20000000e+00  6.00000000e-01 
 1.60000000e-05  1.33119009e+00  1.60000000e-05  1.20000000e+00  6.00000000e-01 
 1.61000000e-05  1.33196267e+00  1.61000000e-05  1.20000000e+00  6.00000000e-01 
 1.62000000e-05  1.33273284e+00  1.62000000e-05  1.20000000e+00  6.00000000e-01 
 1.63000000e-05  1.33350062e+00  1.63000000e-05  1.20000000e+00  6.00000000e-01 
 1.64000000e-05  1.33426603e+00  1.64000000e-05  1.20000000e+00  6.00000000e-01 
 1.65000000e-05  1.33502910e+00  1.65000000e-05  1.20000000e+00  6.00000000e-01 
 1.66000000e-05  1.33578986e+00  1.66000000e-05  1.20000000e+00  6.00000000e-01 
 1.67000000e-05  1.33654832e+00  1.67000000e-05  1.20000000e+00  6.00000000e-01 
 1.68000000e-05  1.33730450e+00  1.68000000e-05  1.20000000e+00  6.00000000e-01 
 1.69000000e-05  1.33805844e+00  1.69000000e-05  1.20000000e+00  6.00000000e-01 
 1.70000000e-05  1.33881015e+00  1.70000000e-05  1.20000000e+00  6.00000000e-01 
 1.71000000e-05  1.33955965e+00  1.71000000e-05  1.20000000e+00  6.00000000e-01 
 1.72000000e-05  1.34030697e+00  1.72000000e-05  1.20000000e+00  6.00000000e-01 
 1.73000000e-05  1.34105212e+00  1.73000000e-05  1.20000000e+00  6.00000000e-01 
 1.74000000e-05  1.34179512e+00  1.74000000e-05  1.20000000e+00  6.00000000e-01 
 1.75000000e-05  1.34253600e+00  1.75000000e-05  1.20000000e+00  6.00000000e-01 
 1.76000000e-05  1.34327478e+00  1.76000000e-05  1.20000000e+00  6.00000000e-01 
 1.77000000e-05  1.34401147e+00  1.77000000e-05  1.20000000e+00  6.00000000e-01 
 1.78000000e-05  1.34474610e+00  1.78000000e-05  1.20000000e+00  6.00000000e-01 
 1.79000000e-05  1.34547868e+00  1.79000000e-05  1.20000000e+00  6.00000000e-01 
 1.80000000e-05  1.34620923e+00  1.80000000e-05  1.20000000e+00  6.00000000e-01 
 1.81000000e-05  1.34693777e+00  1.81000000e-05  1.20000000e+00  6.00000000e-01 
 1.82000000e-05  1.34766432e+00  1.82000000e-05  1.20000000e+00  6.00000000e-01 
 1.83000000e-05  1.34838889e+00  1.83000000e-05  1.20000000e+00  6.00000000e-01 
 1.84000000e-05  1.34911151e+00  1.84000000e-05  1.20000000e+00  6.00000000e-01 
 1.85000000e-05  1.34983219e+00  1.85000000e-05  1.20000000e+00  6.00000000e-01 
 1.86000000e-05  1.35055094e+00  1.86000000e-05  1.20000000e+00  6.00000000e-01 
 1.87000000e-05  1.35126779e+00  1.87000000e-05  1.20000000e+00  6.00000000e-01 
 1.88000000e-05  1.35198275e+00  1.88000000e-05  1.20000000e+00  6.00000000e-01 
 1.89000000e-05  1.35269584e+00  1.89000000e-05  1.20000000e+00  6.00000000e-01 
 1.90000000e-05  1.35340706e+00  1.90000000e-05  1.20000000e+00  6.00000000e-01 
 1.91000000e-05  1.35411645e+00  1.91000000e-05  1.20000000e+00  6.00000000e-01 
 1.92000000e-05  1.35482402e+00  1.92000000e-05  1.20000000e+00  6.00000000e-01 
 1.93000000e-05  1.35552977e+00  1.93000000e-05  1.20000000e+00  6.00000000e-01 
 1.94000000e-05  1.35623372e+00  1.94000000e-05  1.20000000e+00  6.00000000e-01 
 1.95000000e-05  1.35693590e+00  1.95000000e-05  1.20000000e+00  6.00000000e-01 
 1.96000000e-05  1.35763631e+00  1.96000000e-05  1.20000000e+00  6.00000000e-01 
 1.97000000e-05  1.35833497e+00  1.97000000e-05  1.20000000e+00  6.00000000e-01 
 1.98000000e-05  1.35903189e+00  1.98000000e-05  1.20000000e+00  6.00000000e-01 
 1.99000000e-05  1.35972710e+00  1.99000000e-05  1.20000000e+00  6.00000000e-01 
 2.00000000e-05  1.36042059e+00  2.00000000e-05  1.20000000e+00  6.00000000e-01 
 2.01000000e-05  1.36111238e+00  2.01000000e-05  1.20000000e+00  6.00000000e-01 
 2.02000000e-05  1.36180250e+00  2.02000000e-05  1.20000000e+00  6.00000000e-01 
 2.03000000e-05  1.36249095e+00  2.03000000e-05  1.20000000e+00  6.00000000e-01 
 2.04000000e-05  1.36317774e+00  2.04000000e-05  1.20000000e+00  6.00000000e-01 
 2.05000000e-05  1.36386289e+00  2.05000000e-05  1.20000000e+00  6.00000000e-01 
 2.06000000e-05  1.36454641e+00  2.06000000e-05  1.20000000e+00  6.00000000e-01 
 2.07000000e-05  1.36522832e+00  2.07000000e-05  1.20000000e+00  6.00000000e-01 
 2.08000000e-05  1.36590862e+00  2.08000000e-05  1.20000000e+00  6.00000000e-01 
 2.09000000e-05  1.36658733e+00  2.09000000e-05  1.20000000e+00  6.00000000e-01 
 2.10000000e-05  1.36726446e+00  2.10000000e-05  1.20000000e+00  6.00000000e-01 
 2.11000000e-05  1.36794002e+00  2.11000000e-05  1.20000000e+00  6.00000000e-01 
 2.12000000e-05  1.36861403e+00  2.12000000e-05  1.20000000e+00  6.00000000e-01 
 2.13000000e-05  1.36928650e+00  2.13000000e-05  1.20000000e+00  6.00000000e-01 
 2.14000000e-05  1.36995743e+00  2.14000000e-05  1.20000000e+00  6.00000000e-01 
 2.15000000e-05  1.37062684e+00  2.15000000e-05  1.20000000e+00  6.00000000e-01 
 2.16000000e-05  1.37129474e+00  2.16000000e-05  1.20000000e+00  6.00000000e-01 
 2.17000000e-05  1.37196115e+00  2.17000000e-05  1.20000000e+00  6.00000000e-01 
 2.18000000e-05  1.37262606e+00  2.18000000e-05  1.20000000e+00  6.00000000e-01 
 2.19000000e-05  1.37328950e+00  2.19000000e-05  1.20000000e+00  6.00000000e-01 
 2.20000000e-05  1.37395148e+00  2.20000000e-05  1.20000000e+00  6.00000000e-01 
 2.21000000e-05  1.37461200e+00  2.21000000e-05  1.20000000e+00  6.00000000e-01 
 2.22000000e-05  1.37527107e+00  2.22000000e-05  1.20000000e+00  6.00000000e-01 
 2.23000000e-05  1.37592871e+00  2.23000000e-05  1.20000000e+00  6.00000000e-01 
 2.24000000e-05  1.37658493e+00  2.24000000e-05  1.20000000e+00  6.00000000e-01 
 2.25000000e-05  1.37723973e+00  2.25000000e-05  1.20000000e+00  6.00000000e-01 
 2.26000000e-05  1.37789313e+00  2.26000000e-05  1.20000000e+00  6.00000000e-01 
 2.27000000e-05  1.37854514e+00  2.27000000e-05  1.20000000e+00  6.00000000e-01 
 2.28000000e-05  1.37919576e+00  2.28000000e-05  1.20000000e+00  6.00000000e-01 
 2.29000000e-05  1.37984501e+00  2.29000000e-05  1.20000000e+00  6.00000000e-01 
 2.30000000e-05  1.38049289e+00  2.30000000e-05  1.20000000e+00  6.00000000e-01 
 2.31000000e-05  1.38113941e+00  2.31000000e-05  1.20000000e+00  6.00000000e-01 
 2.32000000e-05  1.38178459e+00  2.32000000e-05  1.20000000e+00  6.00000000e-01 
 2.33000000e-05  1.38242844e+00  2.33000000e-05  1.20000000e+00  6.00000000e-01 
 2.34000000e-05  1.38307095e+00  2.34000000e-05  1.20000000e+00  6.00000000e-01 
 2.35000000e-05  1.38371214e+00  2.35000000e-05  1.20000000e+00  6.00000000e-01 
 2.36000000e-05  1.38435203e+00  2.36000000e-05  1.20000000e+00  6.00000000e-01 
 2.37000000e-05  1.38499061e+00  2.37000000e-05  1.20000000e+00  6.00000000e-01 
 2.38000000e-05  1.38562790e+00  2.38000000e-05  1.20000000e+00  6.00000000e-01 
 2.39000000e-05  1.38626391e+00  2.39000000e-05  1.20000000e+00  6.00000000e-01 
 2.40000000e-05  1.38689864e+00  2.40000000e-05  1.20000000e+00  6.00000000e-01 
 2.41000000e-05  1.38753210e+00  2.41000000e-05  1.20000000e+00  6.00000000e-01 
 2.42000000e-05  1.38816430e+00  2.42000000e-05  1.20000000e+00  6.00000000e-01 
 2.43000000e-05  1.38879526e+00  2.43000000e-05  1.20000000e+00  6.00000000e-01 
 2.44000000e-05  1.38942497e+00  2.44000000e-05  1.20000000e+00  6.00000000e-01 
 2.45000000e-05  1.39005344e+00  2.45000000e-05  1.20000000e+00  6.00000000e-01 
 2.46000000e-05  1.39068069e+00  2.46000000e-05  1.20000000e+00  6.00000000e-01 
 2.47000000e-05  1.39130672e+00  2.47000000e-05  1.20000000e+00  6.00000000e-01 
 2.48000000e-05  1.39193154e+00  2.48000000e-05  1.20000000e+00  6.00000000e-01 
 2.49000000e-05  1.39255516e+00  2.49000000e-05  1.20000000e+00  6.00000000e-01 
 2.50000000e-05  1.39317758e+00  2.50000000e-05  1.20000000e+00  6.00000000e-01 
 2.51000000e-05  1.39379881e+00  2.51000000e-05  1.20000000e+00  6.00000000e-01 
 2.52000000e-05  1.39441886e+00  2.52000000e-05  1.20000000e+00  6.00000000e-01 
 2.53000000e-05  1.39503773e+00  2.53000000e-05  1.20000000e+00  6.00000000e-01 
 2.54000000e-05  1.39565544e+00  2.54000000e-05  1.20000000e+00  6.00000000e-01 
 2.55000000e-05  1.39627200e+00  2.55000000e-05  1.20000000e+00  6.00000000e-01 
 2.56000000e-05  1.39688740e+00  2.56000000e-05  1.20000000e+00  6.00000000e-01 
 2.57000000e-05  1.39750165e+00  2.57000000e-05  1.20000000e+00  6.00000000e-01 
 2.58000000e-05  1.39811477e+00  2.58000000e-05  1.20000000e+00  6.00000000e-01 
 2.59000000e-05  1.39872675e+00  2.59000000e-05  1.20000000e+00  6.00000000e-01 
 2.60000000e-05  1.39933762e+00  2.60000000e-05  1.20000000e+00  6.00000000e-01 
 2.61000000e-05  1.39994736e+00  2.61000000e-05  1.20000000e+00  6.00000000e-01 
 2.62000000e-05  1.40055600e+00  2.62000000e-05  1.20000000e+00  6.00000000e-01 
 2.63000000e-05  1.40116353e+00  2.63000000e-05  1.20000000e+00  6.00000000e-01 
 2.64000000e-05  1.40176996e+00  2.64000000e-05  1.20000000e+00  6.00000000e-01 
 2.65000000e-05  1.40237530e+00  2.65000000e-05  1.20000000e+00  6.00000000e-01 
 2.66000000e-05  1.40297956e+00  2.66000000e-05  1.20000000e+00  6.00000000e-01 
 2.67000000e-05  1.40358274e+00  2.67000000e-05  1.20000000e+00  6.00000000e-01 
 2.68000000e-05  1.40418485e+00  2.68000000e-05  1.20000000e+00  6.00000000e-01 
 2.69000000e-05  1.40478589e+00  2.69000000e-05  1.20000000e+00  6.00000000e-01 
 2.70000000e-05  1.40538587e+00  2.70000000e-05  1.20000000e+00  6.00000000e-01 
 2.71000000e-05  1.40598480e+00  2.71000000e-05  1.20000000e+00  6.00000000e-01 
 2.72000000e-05  1.40658269e+00  2.72000000e-05  1.20000000e+00  6.00000000e-01 
 2.73000000e-05  1.40717953e+00  2.73000000e-05  1.20000000e+00  6.00000000e-01 
 2.74000000e-05  1.40777534e+00  2.74000000e-05  1.20000000e+00  6.00000000e-01 
 2.75000000e-05  1.40837011e+00  2.75000000e-05  1.20000000e+00  6.00000000e-01 
 2.76000000e-05  1.40896387e+00  2.76000000e-05  1.20000000e+00  6.00000000e-01 
 2.77000000e-05  1.40955660e+00  2.77000000e-05  1.20000000e+00  6.00000000e-01 
 2.78000000e-05  1.41014833e+00  2.78000000e-05  1.20000000e+00  6.00000000e-01 
 2.79000000e-05  1.41073905e+00  2.79000000e-05  1.20000000e+00  6.00000000e-01 
 2.80000000e-05  1.41132877e+00  2.80000000e-05  1.20000000e+00  6.00000000e-01 
 2.81000000e-05  1.41191749e+00  2.81000000e-05  1.20000000e+00  6.00000000e-01 
 2.82000000e-05  1.41250522e+00  2.82000000e-05  1.20000000e+00  6.00000000e-01 
 2.83000000e-05  1.41309197e+00  2.83000000e-05  1.20000000e+00  6.00000000e-01 
 2.84000000e-05  1.41367774e+00  2.84000000e-05  1.20000000e+00  6.00000000e-01 
 2.85000000e-05  1.41426254e+00  2.85000000e-05  1.20000000e+00  6.00000000e-01 
 2.86000000e-05  1.41484637e+00  2.86000000e-05  1.20000000e+00  6.00000000e-01 
 2.87000000e-05  1.41542924e+00  2.87000000e-05  1.20000000e+00  6.00000000e-01 
 2.88000000e-05  1.41601115e+00  2.88000000e-05  1.20000000e+00  6.00000000e-01 
 2.89000000e-05  1.41659211e+00  2.89000000e-05  1.20000000e+00  6.00000000e-01 
 2.90000000e-05  1.41717212e+00  2.90000000e-05  1.20000000e+00  6.00000000e-01 
 2.91000000e-05  1.41775118e+00  2.91000000e-05  1.20000000e+00  6.00000000e-01 
 2.92000000e-05  1.41832932e+00  2.92000000e-05  1.20000000e+00  6.00000000e-01 
 2.93000000e-05  1.41890651e+00  2.93000000e-05  1.20000000e+00  6.00000000e-01 
 2.94000000e-05  1.41948279e+00  2.94000000e-05  1.20000000e+00  6.00000000e-01 
 2.95000000e-05  1.42005814e+00  2.95000000e-05  1.20000000e+00  6.00000000e-01 
 2.96000000e-05  1.42063257e+00  2.96000000e-05  1.20000000e+00  6.00000000e-01 
 2.97000000e-05  1.42120609e+00  2.97000000e-05  1.20000000e+00  6.00000000e-01 
 2.98000000e-05  1.42177870e+00  2.98000000e-05  1.20000000e+00  6.00000000e-01 
 2.99000000e-05  1.42235041e+00  2.99000000e-05  1.20000000e+00  6.00000000e-01 
 3.00000000e-05  1.42292122e+00  3.00000000e-05  1.20000000e+00  6.00000000e-01 
