 i-sweep         v(vout)         i(viin)         v(vgate)        v(vmid)        
-6.00000000e-06  2.18753728e-01 -6.00000000e-06  1.30000000e+00  1.80000000e+00 
-5.90000000e-06  2.22301490e-01 -5.90000000e-06  1.30000000e+00  1.80000000e+00 
-5.80000000e-06  2.25877388e-01 -5.80000000e-06  1.30000000e+00  1.80000000e+00 
-5.70000000e-06  2.29482120e-01 -5.70000000e-06  1.30000000e+00  1.80000000e+00 
-5.60000000e-06  2.33116414e-01 -5.60000000e-06  1.30000000e+00  1.80000000e+00 
-5.50000000e-06  2.36781026e-01 -5.50000000e-06  1.30000000e+00  1.80000000e+00 
-5.40000000e-06  2.40476750e-01 -5.40000000e-06  1.30000000e+00  1.80000000e+00 
-5.30000000e-06  2.44204412e-01 -5.30000000e-06  1.30000000e+00  1.80000000e+00 
-5.20000000e-06  2.47964875e-01 -5.20000000e-06  1.30000000e+00  1.80000000e+00 
-5.10000000e-06  2.51759046e-01 -5.10000000e-06  1.30000000e+00  1.80000000e+00 
-5.00000000e-06  2.55587869e-01 -5.00000000e-06  1.30000000e+00  1.80000000e+00 
-4.90000000e-06  2.59452340e-01 -4.90000000e-06  1.30000000e+00  1.80000000e+00 
-4.80000000e-06  2.63353498e-01 -4.80000000e-06  1.30000000e+00  1.80000000e+00 
-4.70000000e-06  2.67292440e-01 -4.70000000e-06  1.30000000e+00  1.80000000e+00 
-4.60000000e-06  2.71270316e-01 -4.60000000e-06  1.30000000e+00  1.80000000e+00 
-4.50000000e-06  2.75288338e-01 -4.50000000e-06  1.30000000e+00  1.80000000e+00 
-4.40000000e-06  2.79347784e-01 -4.40000000e-06  1.30000000e+00  1.80000000e+00 
-4.30000000e-06  2.83450004e-01 -4.30000000e-06  1.30000000e+00  1.80000000e+00 
-4.20000000e-06  2.87596423e-01 -4.20000000e-06  1.30000000e+00  1.80000000e+00 
-4.10000000e-06  2.91788551e-01 -4.10000000e-06  1.30000000e+00  1.80000000e+00 
-4.00000000e-06  2.96027989e-01 -4.00000000e-06  1.30000000e+00  1.80000000e+00 
-3.90000000e-06  3.00316437e-01 -3.90000000e-06  1.30000000e+00  1.80000000e+00 
-3.80000000e-06  3.04655703e-01 -3.80000000e-06  1.30000000e+00  1.80000000e+00 
-3.70000000e-06  3.09047716e-01 -3.70000000e-06  1.30000000e+00  1.80000000e+00 
-3.60000000e-06  3.13494535e-01 -3.60000000e-06  1.30000000e+00  1.80000000e+00 
-3.50000000e-06  3.17998363e-01 -3.50000000e-06  1.30000000e+00  1.80000000e+00 
-3.40000000e-06  3.22561563e-01 -3.40000000e-06  1.30000000e+00  1.80000000e+00 
-3.30000000e-06  3.27186676e-01 -3.30000000e-06  1.30000000e+00  1.80000000e+00 
-3.20000000e-06  3.31876441e-01 -3.20000000e-06  1.30000000e+00  1.80000000e+00 
-3.10000000e-06  3.36633817e-01 -3.10000000e-06  1.30000000e+00  1.80000000e+00 
-3.00000000e-06  3.41462012e-01 -3.00000000e-06  1.30000000e+00  1.80000000e+00 
-2.90000000e-06  3.46364514e-01 -2.90000000e-06  1.30000000e+00  1.80000000e+00 
-2.80000000e-06  3.51345129e-01 -2.80000000e-06  1.30000000e+00  1.80000000e+00 
-2.70000000e-06  3.56408020e-01 -2.70000000e-06  1.30000000e+00  1.80000000e+00 
-2.60000000e-06  3.61557766e-01 -2.60000000e-06  1.30000000e+00  1.80000000e+00 
-2.50000000e-06  3.66799419e-01 -2.50000000e-06  1.30000000e+00  1.80000000e+00 
-2.40000000e-06  3.72138577e-01 -2.40000000e-06  1.30000000e+00  1.80000000e+00 
-2.30000000e-06  3.77581480e-01 -2.30000000e-06  1.30000000e+00  1.80000000e+00 
-2.20000000e-06  3.83135111e-01 -2.20000000e-06  1.30000000e+00  1.80000000e+00 
-2.10000000e-06  3.88807335e-01 -2.10000000e-06  1.30000000e+00  1.80000000e+00 
-2.00000000e-06  3.94607066e-01 -2.00000000e-06  1.30000000e+00  1.80000000e+00 
-1.90000000e-06  4.00544473e-01 -1.90000000e-06  1.30000000e+00  1.80000000e+00 
-1.80000000e-06  4.06631243e-01 -1.80000000e-06  1.30000000e+00  1.80000000e+00 
-1.70000000e-06  4.12880924e-01 -1.70000000e-06  1.30000000e+00  1.80000000e+00 
-1.60000000e-06  4.19309354e-01 -1.60000000e-06  1.30000000e+00  1.80000000e+00 
-1.50000000e-06  4.25935250e-01 -1.50000000e-06  1.30000000e+00  1.80000000e+00 
-1.40000000e-06  4.32780969e-01 -1.40000000e-06  1.30000000e+00  1.80000000e+00 
-1.30000000e-06  4.39873568e-01 -1.30000000e-06  1.30000000e+00  1.80000000e+00 
-1.20000000e-06  4.47246270e-01 -1.20000000e-06  1.30000000e+00  1.80000000e+00 
-1.10000000e-06  4.54940554e-01 -1.10000000e-06  1.30000000e+00  1.80000000e+00 
-1.00000000e-06  4.63009226e-01 -1.00000000e-06  1.30000000e+00  1.80000000e+00 
-9.00000000e-07  4.71521075e-01 -9.00000000e-07  1.30000000e+00  1.80000000e+00 
-8.00000000e-07  4.80568227e-01 -8.00000000e-07  1.30000000e+00  1.80000000e+00 
-7.00000000e-07  4.90278326e-01 -7.00000000e-07  1.30000000e+00  1.80000000e+00 
-6.00000000e-07  5.00835967e-01 -6.00000000e-07  1.30000000e+00  1.80000000e+00 
-5.00000000e-07  5.12523461e-01 -5.00000000e-07  1.30000000e+00  1.80000000e+00 
-4.00000000e-07  5.25806792e-01 -4.00000000e-07  1.30000000e+00  1.80000000e+00 
-3.00000000e-07  5.41545398e-01 -3.00000000e-07  1.30000000e+00  1.80000000e+00 
-2.00000000e-07  5.61634207e-01 -2.00000000e-07  1.30000000e+00  1.80000000e+00 
-1.00000000e-07  5.92000690e-01 -1.00000000e-07  1.30000000e+00  1.80000000e+00 
-5.71747239e-21  9.98215508e-01 -5.71747239e-21  1.30000000e+00  1.80000000e+00 
 1.00000000e-07  1.52368400e+00  1.00000000e-07  1.30000000e+00  1.80000000e+00 
 2.00000000e-07  1.55582468e+00  2.00000000e-07  1.30000000e+00  1.80000000e+00 
 3.00000000e-07  1.57456757e+00  3.00000000e-07  1.30000000e+00  1.80000000e+00 
 4.00000000e-07  1.58791874e+00  4.00000000e-07  1.30000000e+00  1.80000000e+00 
 5.00000000e-07  1.59832565e+00  5.00000000e-07  1.30000000e+00  1.80000000e+00 
 6.00000000e-07  1.60691219e+00  6.00000000e-07  1.30000000e+00  1.80000000e+00 
 7.00000000e-07  1.61424961e+00  7.00000000e-07  1.30000000e+00  1.80000000e+00 
 8.00000000e-07  1.62067800e+00  8.00000000e-07  1.30000000e+00  1.80000000e+00 
 9.00000000e-07  1.62641546e+00  9.00000000e-07  1.30000000e+00  1.80000000e+00 
 1.00000000e-06  1.63160994e+00  1.00000000e-06  1.30000000e+00  1.80000000e+00 
 1.10000000e-06  1.63636639e+00  1.10000000e-06  1.30000000e+00  1.80000000e+00 
 1.20000000e-06  1.64076188e+00  1.20000000e-06  1.30000000e+00  1.80000000e+00 
 1.30000000e-06  1.64485469e+00  1.30000000e-06  1.30000000e+00  1.80000000e+00 
 1.40000000e-06  1.64868993e+00  1.40000000e-06  1.30000000e+00  1.80000000e+00 
 1.50000000e-06  1.65230327e+00  1.50000000e-06  1.30000000e+00  1.80000000e+00 
 1.60000000e-06  1.65572336e+00  1.60000000e-06  1.30000000e+00  1.80000000e+00 
 1.70000000e-06  1.65897359e+00  1.70000000e-06  1.30000000e+00  1.80000000e+00 
 1.80000000e-06  1.66207329e+00  1.80000000e-06  1.30000000e+00  1.80000000e+00 
 1.90000000e-06  1.66503862e+00  1.90000000e-06  1.30000000e+00  1.80000000e+00 
 2.00000000e-06  1.66788324e+00  2.00000000e-06  1.30000000e+00  1.80000000e+00 
 2.10000000e-06  1.67061879e+00  2.10000000e-06  1.30000000e+00  1.80000000e+00 
 2.20000000e-06  1.67325529e+00  2.20000000e-06  1.30000000e+00  1.80000000e+00 
 2.30000000e-06  1.67580139e+00  2.30000000e-06  1.30000000e+00  1.80000000e+00 
 2.40000000e-06  1.67826464e+00  2.40000000e-06  1.30000000e+00  1.80000000e+00 
 2.50000000e-06  1.68065168e+00  2.50000000e-06  1.30000000e+00  1.80000000e+00 
 2.60000000e-06  1.68296835e+00  2.60000000e-06  1.30000000e+00  1.80000000e+00 
 2.70000000e-06  1.68521983e+00  2.70000000e-06  1.30000000e+00  1.80000000e+00 
 2.80000000e-06  1.68741073e+00  2.80000000e-06  1.30000000e+00  1.80000000e+00 
 2.90000000e-06  1.68954518e+00  2.90000000e-06  1.30000000e+00  1.80000000e+00 
 3.00000000e-06  1.69162690e+00  3.00000000e-06  1.30000000e+00  1.80000000e+00 
 3.10000000e-06  1.69365922e+00  3.10000000e-06  1.30000000e+00  1.80000000e+00 
 3.20000000e-06  1.69564519e+00  3.20000000e-06  1.30000000e+00  1.80000000e+00 
 3.30000000e-06  1.69758754e+00  3.30000000e-06  1.30000000e+00  1.80000000e+00 
 3.40000000e-06  1.69948879e+00  3.40000000e-06  1.30000000e+00  1.80000000e+00 
 3.50000000e-06  1.70135122e+00  3.50000000e-06  1.30000000e+00  1.80000000e+00 
 3.60000000e-06  1.70317692e+00  3.60000000e-06  1.30000000e+00  1.80000000e+00 
 3.70000000e-06  1.70496783e+00  3.70000000e-06  1.30000000e+00  1.80000000e+00 
 3.80000000e-06  1.70672571e+00  3.80000000e-06  1.30000000e+00  1.80000000e+00 
 3.90000000e-06  1.70845220e+00  3.90000000e-06  1.30000000e+00  1.80000000e+00 
 4.00000000e-06  1.71014881e+00  4.00000000e-06  1.30000000e+00  1.80000000e+00 
 4.10000000e-06  1.71181694e+00  4.10000000e-06  1.30000000e+00  1.80000000e+00 
 4.20000000e-06  1.71345790e+00  4.20000000e-06  1.30000000e+00  1.80000000e+00 
 4.30000000e-06  1.71507290e+00  4.30000000e-06  1.30000000e+00  1.80000000e+00 
 4.40000000e-06  1.71666306e+00  4.40000000e-06  1.30000000e+00  1.80000000e+00 
 4.50000000e-06  1.71822944e+00  4.50000000e-06  1.30000000e+00  1.80000000e+00 
 4.60000000e-06  1.71977302e+00  4.60000000e-06  1.30000000e+00  1.80000000e+00 
 4.70000000e-06  1.72129472e+00  4.70000000e-06  1.30000000e+00  1.80000000e+00 
 4.80000000e-06  1.72279541e+00  4.80000000e-06  1.30000000e+00  1.80000000e+00 
 4.90000000e-06  1.72427590e+00  4.90000000e-06  1.30000000e+00  1.80000000e+00 
 5.00000000e-06  1.72573695e+00  5.00000000e-06  1.30000000e+00  1.80000000e+00 
 5.10000000e-06  1.72717929e+00  5.10000000e-06  1.30000000e+00  1.80000000e+00 
 5.20000000e-06  1.72860359e+00  5.20000000e-06  1.30000000e+00  1.80000000e+00 
 5.30000000e-06  1.73001049e+00  5.30000000e-06  1.30000000e+00  1.80000000e+00 
 5.40000000e-06  1.73140060e+00  5.40000000e-06  1.30000000e+00  1.80000000e+00 
 5.50000000e-06  1.73277449e+00  5.50000000e-06  1.30000000e+00  1.80000000e+00 
 5.60000000e-06  1.73413269e+00  5.60000000e-06  1.30000000e+00  1.80000000e+00 
 5.70000000e-06  1.73547573e+00  5.70000000e-06  1.30000000e+00  1.80000000e+00 
 5.80000000e-06  1.73680410e+00  5.80000000e-06  1.30000000e+00  1.80000000e+00 
 5.90000000e-06  1.73811825e+00  5.90000000e-06  1.30000000e+00  1.80000000e+00 
 6.00000000e-06  1.73941862e+00  6.00000000e-06  1.30000000e+00  1.80000000e+00 
