 i-sweep         v(vout)         i(viin)         v(vgate)        v(vmid)        
 0.00000000e+00  8.97901192e-01  0.00000000e+00  1.70000000e+00  9.00000000e-01 
 1.00000000e-07  9.28714940e-01  1.00000000e-07  1.70000000e+00  9.00000000e-01 
 2.00000000e-07  9.74470031e-01  2.00000000e-07  1.70000000e+00  9.00000000e-01 
 3.00000000e-07  1.02407532e+00  3.00000000e-07  1.70000000e+00  9.00000000e-01 
 4.00000000e-07  1.05207517e+00  4.00000000e-07  1.70000000e+00  9.00000000e-01 
 5.00000000e-07  1.06977766e+00  5.00000000e-07  1.70000000e+00  9.00000000e-01 
 6.00000000e-07  1.08269243e+00  6.00000000e-07  1.70000000e+00  9.00000000e-01 
 7.00000000e-07  1.09290077e+00  7.00000000e-07  1.70000000e+00  9.00000000e-01 
 8.00000000e-07  1.10137877e+00  8.00000000e-07  1.70000000e+00  9.00000000e-01 
 9.00000000e-07  1.10865763e+00  9.00000000e-07  1.70000000e+00  9.00000000e-01 
 1.00000000e-06  1.11505722e+00  1.00000000e-06  1.70000000e+00  9.00000000e-01 
 1.10000000e-06  1.12078464e+00  1.10000000e-06  1.70000000e+00  9.00000000e-01 
 1.20000000e-06  1.12598153e+00  1.20000000e-06  1.70000000e+00  9.00000000e-01 
 1.30000000e-06  1.13074893e+00  1.30000000e-06  1.70000000e+00  9.00000000e-01 
 1.40000000e-06  1.13516144e+00  1.40000000e-06  1.70000000e+00  9.00000000e-01 
 1.50000000e-06  1.13927568e+00  1.50000000e-06  1.70000000e+00  9.00000000e-01 
 1.60000000e-06  1.14313563e+00  1.60000000e-06  1.70000000e+00  9.00000000e-01 
 1.70000000e-06  1.14677613e+00  1.70000000e-06  1.70000000e+00  9.00000000e-01 
 1.80000000e-06  1.15022527e+00  1.80000000e-06  1.70000000e+00  9.00000000e-01 
 1.90000000e-06  1.15350597e+00  1.90000000e-06  1.70000000e+00  9.00000000e-01 
 2.00000000e-06  1.15663725e+00  2.00000000e-06  1.70000000e+00  9.00000000e-01 
 2.10000000e-06  1.15963505e+00  2.10000000e-06  1.70000000e+00  9.00000000e-01 
 2.20000000e-06  1.16251283e+00  2.20000000e-06  1.70000000e+00  9.00000000e-01 
 2.30000000e-06  1.16528208e+00  2.30000000e-06  1.70000000e+00  9.00000000e-01 
 2.40000000e-06  1.16795269e+00  2.40000000e-06  1.70000000e+00  9.00000000e-01 
 2.50000000e-06  1.17053324e+00  2.50000000e-06  1.70000000e+00  9.00000000e-01 
 2.60000000e-06  1.17303119e+00  2.60000000e-06  1.70000000e+00  9.00000000e-01 
 2.70000000e-06  1.17545313e+00  2.70000000e-06  1.70000000e+00  9.00000000e-01 
 2.80000000e-06  1.17780483e+00  2.80000000e-06  1.70000000e+00  9.00000000e-01 
 2.90000000e-06  1.18009144e+00  2.90000000e-06  1.70000000e+00  9.00000000e-01 
 3.00000000e-06  1.18231755e+00  3.00000000e-06  1.70000000e+00  9.00000000e-01 
 3.10000000e-06  1.18448727e+00  3.10000000e-06  1.70000000e+00  9.00000000e-01 
 3.20000000e-06  1.18660427e+00  3.20000000e-06  1.70000000e+00  9.00000000e-01 
 3.30000000e-06  1.18867192e+00  3.30000000e-06  1.70000000e+00  9.00000000e-01 
 3.40000000e-06  1.19069330e+00  3.40000000e-06  1.70000000e+00  9.00000000e-01 
 3.50000000e-06  1.19267183e+00  3.50000000e-06  1.70000000e+00  9.00000000e-01 
 3.60000000e-06  1.19460705e+00  3.60000000e-06  1.70000000e+00  9.00000000e-01 
 3.70000000e-06  1.19650461e+00  3.70000000e-06  1.70000000e+00  9.00000000e-01 
 3.80000000e-06  1.19836541e+00  3.80000000e-06  1.70000000e+00  9.00000000e-01 
 3.90000000e-06  1.20019134e+00  3.90000000e-06  1.70000000e+00  9.00000000e-01 
 4.00000000e-06  1.20198419e+00  4.00000000e-06  1.70000000e+00  9.00000000e-01 
 4.10000000e-06  1.20374557e+00  4.10000000e-06  1.70000000e+00  9.00000000e-01 
 4.20000000e-06  1.20547700e+00  4.20000000e-06  1.70000000e+00  9.00000000e-01 
 4.30000000e-06  1.20717988e+00  4.30000000e-06  1.70000000e+00  9.00000000e-01 
 4.40000000e-06  1.20885551e+00  4.40000000e-06  1.70000000e+00  9.00000000e-01 
 4.50000000e-06  1.21050509e+00  4.50000000e-06  1.70000000e+00  9.00000000e-01 
 4.60000000e-06  1.21212976e+00  4.60000000e-06  1.70000000e+00  9.00000000e-01 
 4.70000000e-06  1.21373056e+00  4.70000000e-06  1.70000000e+00  9.00000000e-01 
 4.80000000e-06  1.21530848e+00  4.80000000e-06  1.70000000e+00  9.00000000e-01 
 4.90000000e-06  1.21686444e+00  4.90000000e-06  1.70000000e+00  9.00000000e-01 
 5.00000000e-06  1.21839930e+00  5.00000000e-06  1.70000000e+00  9.00000000e-01 
 5.10000000e-06  1.21991388e+00  5.10000000e-06  1.70000000e+00  9.00000000e-01 
 5.20000000e-06  1.22140894e+00  5.20000000e-06  1.70000000e+00  9.00000000e-01 
 5.30000000e-06  1.22288520e+00  5.30000000e-06  1.70000000e+00  9.00000000e-01 
 5.40000000e-06  1.22434334e+00  5.40000000e-06  1.70000000e+00  9.00000000e-01 
 5.50000000e-06  1.22578399e+00  5.50000000e-06  1.70000000e+00  9.00000000e-01 
 5.60000000e-06  1.22720777e+00  5.60000000e-06  1.70000000e+00  9.00000000e-01 
 5.70000000e-06  1.22861525e+00  5.70000000e-06  1.70000000e+00  9.00000000e-01 
 5.80000000e-06  1.23000696e+00  5.80000000e-06  1.70000000e+00  9.00000000e-01 
 5.90000000e-06  1.23138343e+00  5.90000000e-06  1.70000000e+00  9.00000000e-01 
 6.00000000e-06  1.23274513e+00  6.00000000e-06  1.70000000e+00  9.00000000e-01 
 6.10000000e-06  1.23409255e+00  6.10000000e-06  1.70000000e+00  9.00000000e-01 
 6.20000000e-06  1.23542610e+00  6.20000000e-06  1.70000000e+00  9.00000000e-01 
 6.30000000e-06  1.23674623e+00  6.30000000e-06  1.70000000e+00  9.00000000e-01 
 6.40000000e-06  1.23805332e+00  6.40000000e-06  1.70000000e+00  9.00000000e-01 
 6.50000000e-06  1.23934776e+00  6.50000000e-06  1.70000000e+00  9.00000000e-01 
 6.60000000e-06  1.24062991e+00  6.60000000e-06  1.70000000e+00  9.00000000e-01 
 6.70000000e-06  1.24190011e+00  6.70000000e-06  1.70000000e+00  9.00000000e-01 
 6.80000000e-06  1.24315871e+00  6.80000000e-06  1.70000000e+00  9.00000000e-01 
 6.90000000e-06  1.24440601e+00  6.90000000e-06  1.70000000e+00  9.00000000e-01 
 7.00000000e-06  1.24564233e+00  7.00000000e-06  1.70000000e+00  9.00000000e-01 
 7.10000000e-06  1.24686794e+00  7.10000000e-06  1.70000000e+00  9.00000000e-01 
 7.20000000e-06  1.24808314e+00  7.20000000e-06  1.70000000e+00  9.00000000e-01 
 7.30000000e-06  1.24928818e+00  7.30000000e-06  1.70000000e+00  9.00000000e-01 
 7.40000000e-06  1.25048333e+00  7.40000000e-06  1.70000000e+00  9.00000000e-01 
 7.50000000e-06  1.25166883e+00  7.50000000e-06  1.70000000e+00  9.00000000e-01 
 7.60000000e-06  1.25284491e+00  7.60000000e-06  1.70000000e+00  9.00000000e-01 
 7.70000000e-06  1.25401181e+00  7.70000000e-06  1.70000000e+00  9.00000000e-01 
 7.80000000e-06  1.25516974e+00  7.80000000e-06  1.70000000e+00  9.00000000e-01 
 7.90000000e-06  1.25631891e+00  7.90000000e-06  1.70000000e+00  9.00000000e-01 
 8.00000000e-06  1.25745953e+00  8.00000000e-06  1.70000000e+00  9.00000000e-01 
 8.10000000e-06  1.25859178e+00  8.10000000e-06  1.70000000e+00  9.00000000e-01 
 8.20000000e-06  1.25971587e+00  8.20000000e-06  1.70000000e+00  9.00000000e-01 
 8.30000000e-06  1.26083196e+00  8.30000000e-06  1.70000000e+00  9.00000000e-01 
 8.40000000e-06  1.26194024e+00  8.40000000e-06  1.70000000e+00  9.00000000e-01 
 8.50000000e-06  1.26304086e+00  8.50000000e-06  1.70000000e+00  9.00000000e-01 
 8.60000000e-06  1.26413401e+00  8.60000000e-06  1.70000000e+00  9.00000000e-01 
 8.70000000e-06  1.26521982e+00  8.70000000e-06  1.70000000e+00  9.00000000e-01 
 8.80000000e-06  1.26629846e+00  8.80000000e-06  1.70000000e+00  9.00000000e-01 
 8.90000000e-06  1.26737007e+00  8.90000000e-06  1.70000000e+00  9.00000000e-01 
 9.00000000e-06  1.26843479e+00  9.00000000e-06  1.70000000e+00  9.00000000e-01 
 9.10000000e-06  1.26949276e+00  9.10000000e-06  1.70000000e+00  9.00000000e-01 
 9.20000000e-06  1.27054412e+00  9.20000000e-06  1.70000000e+00  9.00000000e-01 
 9.30000000e-06  1.27158899e+00  9.30000000e-06  1.70000000e+00  9.00000000e-01 
 9.40000000e-06  1.27262749e+00  9.40000000e-06  1.70000000e+00  9.00000000e-01 
 9.50000000e-06  1.27365976e+00  9.50000000e-06  1.70000000e+00  9.00000000e-01 
 9.60000000e-06  1.27468590e+00  9.60000000e-06  1.70000000e+00  9.00000000e-01 
 9.70000000e-06  1.27570602e+00  9.70000000e-06  1.70000000e+00  9.00000000e-01 
 9.80000000e-06  1.27672025e+00  9.80000000e-06  1.70000000e+00  9.00000000e-01 
 9.90000000e-06  1.27772869e+00  9.90000000e-06  1.70000000e+00  9.00000000e-01 
 1.00000000e-05  1.27873143e+00  1.00000000e-05  1.70000000e+00  9.00000000e-01 
 1.01000000e-05  1.27972859e+00  1.01000000e-05  1.70000000e+00  9.00000000e-01 
 1.02000000e-05  1.28072025e+00  1.02000000e-05  1.70000000e+00  9.00000000e-01 
 1.03000000e-05  1.28170652e+00  1.03000000e-05  1.70000000e+00  9.00000000e-01 
 1.04000000e-05  1.28268749e+00  1.04000000e-05  1.70000000e+00  9.00000000e-01 
 1.05000000e-05  1.28366324e+00  1.05000000e-05  1.70000000e+00  9.00000000e-01 
 1.06000000e-05  1.28463387e+00  1.06000000e-05  1.70000000e+00  9.00000000e-01 
 1.07000000e-05  1.28559945e+00  1.07000000e-05  1.70000000e+00  9.00000000e-01 
 1.08000000e-05  1.28656008e+00  1.08000000e-05  1.70000000e+00  9.00000000e-01 
 1.09000000e-05  1.28751583e+00  1.09000000e-05  1.70000000e+00  9.00000000e-01 
 1.10000000e-05  1.28846679e+00  1.10000000e-05  1.70000000e+00  9.00000000e-01 
 1.11000000e-05  1.28941302e+00  1.11000000e-05  1.70000000e+00  9.00000000e-01 
 1.12000000e-05  1.29035460e+00  1.12000000e-05  1.70000000e+00  9.00000000e-01 
 1.13000000e-05  1.29129161e+00  1.13000000e-05  1.70000000e+00  9.00000000e-01 
 1.14000000e-05  1.29222411e+00  1.14000000e-05  1.70000000e+00  9.00000000e-01 
 1.15000000e-05  1.29315217e+00  1.15000000e-05  1.70000000e+00  9.00000000e-01 
 1.16000000e-05  1.29407587e+00  1.16000000e-05  1.70000000e+00  9.00000000e-01 
 1.17000000e-05  1.29499527e+00  1.17000000e-05  1.70000000e+00  9.00000000e-01 
 1.18000000e-05  1.29591042e+00  1.18000000e-05  1.70000000e+00  9.00000000e-01 
 1.19000000e-05  1.29682140e+00  1.19000000e-05  1.70000000e+00  9.00000000e-01 
 1.20000000e-05  1.29772826e+00  1.20000000e-05  1.70000000e+00  9.00000000e-01 
 1.21000000e-05  1.29863107e+00  1.21000000e-05  1.70000000e+00  9.00000000e-01 
 1.22000000e-05  1.29952987e+00  1.22000000e-05  1.70000000e+00  9.00000000e-01 
 1.23000000e-05  1.30042474e+00  1.23000000e-05  1.70000000e+00  9.00000000e-01 
 1.24000000e-05  1.30131572e+00  1.24000000e-05  1.70000000e+00  9.00000000e-01 
 1.25000000e-05  1.30220286e+00  1.25000000e-05  1.70000000e+00  9.00000000e-01 
 1.26000000e-05  1.30308623e+00  1.26000000e-05  1.70000000e+00  9.00000000e-01 
 1.27000000e-05  1.30396586e+00  1.27000000e-05  1.70000000e+00  9.00000000e-01 
 1.28000000e-05  1.30484182e+00  1.28000000e-05  1.70000000e+00  9.00000000e-01 
 1.29000000e-05  1.30571415e+00  1.29000000e-05  1.70000000e+00  9.00000000e-01 
 1.30000000e-05  1.30658290e+00  1.30000000e-05  1.70000000e+00  9.00000000e-01 
 1.31000000e-05  1.30744812e+00  1.31000000e-05  1.70000000e+00  9.00000000e-01 
 1.32000000e-05  1.30830985e+00  1.32000000e-05  1.70000000e+00  9.00000000e-01 
 1.33000000e-05  1.30916814e+00  1.33000000e-05  1.70000000e+00  9.00000000e-01 
 1.34000000e-05  1.31002303e+00  1.34000000e-05  1.70000000e+00  9.00000000e-01 
 1.35000000e-05  1.31087457e+00  1.35000000e-05  1.70000000e+00  9.00000000e-01 
 1.36000000e-05  1.31172280e+00  1.36000000e-05  1.70000000e+00  9.00000000e-01 
 1.37000000e-05  1.31256775e+00  1.37000000e-05  1.70000000e+00  9.00000000e-01 
 1.38000000e-05  1.31340948e+00  1.38000000e-05  1.70000000e+00  9.00000000e-01 
 1.39000000e-05  1.31424802e+00  1.39000000e-05  1.70000000e+00  9.00000000e-01 
 1.40000000e-05  1.31508340e+00  1.40000000e-05  1.70000000e+00  9.00000000e-01 
 1.41000000e-05  1.31591567e+00  1.41000000e-05  1.70000000e+00  9.00000000e-01 
 1.42000000e-05  1.31674487e+00  1.42000000e-05  1.70000000e+00  9.00000000e-01 
 1.43000000e-05  1.31757103e+00  1.43000000e-05  1.70000000e+00  9.00000000e-01 
 1.44000000e-05  1.31839419e+00  1.44000000e-05  1.70000000e+00  9.00000000e-01 
 1.45000000e-05  1.31921438e+00  1.45000000e-05  1.70000000e+00  9.00000000e-01 
 1.46000000e-05  1.32003163e+00  1.46000000e-05  1.70000000e+00  9.00000000e-01 
 1.47000000e-05  1.32084599e+00  1.47000000e-05  1.70000000e+00  9.00000000e-01 
 1.48000000e-05  1.32165748e+00  1.48000000e-05  1.70000000e+00  9.00000000e-01 
 1.49000000e-05  1.32246614e+00  1.49000000e-05  1.70000000e+00  9.00000000e-01 
 1.50000000e-05  1.32327200e+00  1.50000000e-05  1.70000000e+00  9.00000000e-01 
 1.51000000e-05  1.32407509e+00  1.51000000e-05  1.70000000e+00  9.00000000e-01 
 1.52000000e-05  1.32487544e+00  1.52000000e-05  1.70000000e+00  9.00000000e-01 
 1.53000000e-05  1.32567308e+00  1.53000000e-05  1.70000000e+00  9.00000000e-01 
 1.54000000e-05  1.32646804e+00  1.54000000e-05  1.70000000e+00  9.00000000e-01 
 1.55000000e-05  1.32726036e+00  1.55000000e-05  1.70000000e+00  9.00000000e-01 
 1.56000000e-05  1.32805005e+00  1.56000000e-05  1.70000000e+00  9.00000000e-01 
 1.57000000e-05  1.32883715e+00  1.57000000e-05  1.70000000e+00  9.00000000e-01 
 1.58000000e-05  1.32962168e+00  1.58000000e-05  1.70000000e+00  9.00000000e-01 
 1.59000000e-05  1.33040368e+00  1.59000000e-05  1.70000000e+00  9.00000000e-01 
 1.60000000e-05  1.33118317e+00  1.60000000e-05  1.70000000e+00  9.00000000e-01 
 1.61000000e-05  1.33196017e+00  1.61000000e-05  1.70000000e+00  9.00000000e-01 
 1.62000000e-05  1.33273471e+00  1.62000000e-05  1.70000000e+00  9.00000000e-01 
 1.63000000e-05  1.33350681e+00  1.63000000e-05  1.70000000e+00  9.00000000e-01 
 1.64000000e-05  1.33427651e+00  1.64000000e-05  1.70000000e+00  9.00000000e-01 
 1.65000000e-05  1.33504383e+00  1.65000000e-05  1.70000000e+00  9.00000000e-01 
 1.66000000e-05  1.33580878e+00  1.66000000e-05  1.70000000e+00  9.00000000e-01 
 1.67000000e-05  1.33657139e+00  1.67000000e-05  1.70000000e+00  9.00000000e-01 
 1.68000000e-05  1.33733169e+00  1.68000000e-05  1.70000000e+00  9.00000000e-01 
 1.69000000e-05  1.33808970e+00  1.69000000e-05  1.70000000e+00  9.00000000e-01 
 1.70000000e-05  1.33884545e+00  1.70000000e-05  1.70000000e+00  9.00000000e-01 
 1.71000000e-05  1.33959894e+00  1.71000000e-05  1.70000000e+00  9.00000000e-01 
 1.72000000e-05  1.34035021e+00  1.72000000e-05  1.70000000e+00  9.00000000e-01 
 1.73000000e-05  1.34109928e+00  1.73000000e-05  1.70000000e+00  9.00000000e-01 
 1.74000000e-05  1.34184616e+00  1.74000000e-05  1.70000000e+00  9.00000000e-01 
 1.75000000e-05  1.34259088e+00  1.75000000e-05  1.70000000e+00  9.00000000e-01 
 1.76000000e-05  1.34333347e+00  1.76000000e-05  1.70000000e+00  9.00000000e-01 
 1.77000000e-05  1.34407393e+00  1.77000000e-05  1.70000000e+00  9.00000000e-01 
 1.78000000e-05  1.34481229e+00  1.78000000e-05  1.70000000e+00  9.00000000e-01 
 1.79000000e-05  1.34554856e+00  1.79000000e-05  1.70000000e+00  9.00000000e-01 
 1.80000000e-05  1.34628278e+00  1.80000000e-05  1.70000000e+00  9.00000000e-01 
 1.81000000e-05  1.34701495e+00  1.81000000e-05  1.70000000e+00  9.00000000e-01 
 1.82000000e-05  1.34774509e+00  1.82000000e-05  1.70000000e+00  9.00000000e-01 
 1.83000000e-05  1.34847323e+00  1.83000000e-05  1.70000000e+00  9.00000000e-01 
 1.84000000e-05  1.34919938e+00  1.84000000e-05  1.70000000e+00  9.00000000e-01 
 1.85000000e-05  1.34992355e+00  1.85000000e-05  1.70000000e+00  9.00000000e-01 
 1.86000000e-05  1.35064578e+00  1.86000000e-05  1.70000000e+00  9.00000000e-01 
 1.87000000e-05  1.35136606e+00  1.87000000e-05  1.70000000e+00  9.00000000e-01 
 1.88000000e-05  1.35208443e+00  1.88000000e-05  1.70000000e+00  9.00000000e-01 
 1.89000000e-05  1.35280089e+00  1.89000000e-05  1.70000000e+00  9.00000000e-01 
 1.90000000e-05  1.35351547e+00  1.90000000e-05  1.70000000e+00  9.00000000e-01 
 1.91000000e-05  1.35422818e+00  1.91000000e-05  1.70000000e+00  9.00000000e-01 
 1.92000000e-05  1.35493903e+00  1.92000000e-05  1.70000000e+00  9.00000000e-01 
 1.93000000e-05  1.35564804e+00  1.93000000e-05  1.70000000e+00  9.00000000e-01 
 1.94000000e-05  1.35635523e+00  1.94000000e-05  1.70000000e+00  9.00000000e-01 
 1.95000000e-05  1.35706061e+00  1.95000000e-05  1.70000000e+00  9.00000000e-01 
 1.96000000e-05  1.35776420e+00  1.96000000e-05  1.70000000e+00  9.00000000e-01 
 1.97000000e-05  1.35846601e+00  1.97000000e-05  1.70000000e+00  9.00000000e-01 
 1.98000000e-05  1.35916606e+00  1.98000000e-05  1.70000000e+00  9.00000000e-01 
 1.99000000e-05  1.35986436e+00  1.99000000e-05  1.70000000e+00  9.00000000e-01 
 2.00000000e-05  1.36056093e+00  2.00000000e-05  1.70000000e+00  9.00000000e-01 
 2.01000000e-05  1.36125577e+00  2.01000000e-05  1.70000000e+00  9.00000000e-01 
 2.02000000e-05  1.36194891e+00  2.02000000e-05  1.70000000e+00  9.00000000e-01 
 2.03000000e-05  1.36264036e+00  2.03000000e-05  1.70000000e+00  9.00000000e-01 
 2.04000000e-05  1.36333013e+00  2.04000000e-05  1.70000000e+00  9.00000000e-01 
 2.05000000e-05  1.36401823e+00  2.05000000e-05  1.70000000e+00  9.00000000e-01 
 2.06000000e-05  1.36470468e+00  2.06000000e-05  1.70000000e+00  9.00000000e-01 
 2.07000000e-05  1.36538948e+00  2.07000000e-05  1.70000000e+00  9.00000000e-01 
 2.08000000e-05  1.36607267e+00  2.08000000e-05  1.70000000e+00  9.00000000e-01 
 2.09000000e-05  1.36675423e+00  2.09000000e-05  1.70000000e+00  9.00000000e-01 
 2.10000000e-05  1.36743420e+00  2.10000000e-05  1.70000000e+00  9.00000000e-01 
 2.11000000e-05  1.36811258e+00  2.11000000e-05  1.70000000e+00  9.00000000e-01 
 2.12000000e-05  1.36878938e+00  2.12000000e-05  1.70000000e+00  9.00000000e-01 
 2.13000000e-05  1.36946461e+00  2.13000000e-05  1.70000000e+00  9.00000000e-01 
 2.14000000e-05  1.37013829e+00  2.14000000e-05  1.70000000e+00  9.00000000e-01 
 2.15000000e-05  1.37081043e+00  2.15000000e-05  1.70000000e+00  9.00000000e-01 
 2.16000000e-05  1.37148104e+00  2.16000000e-05  1.70000000e+00  9.00000000e-01 
 2.17000000e-05  1.37215013e+00  2.17000000e-05  1.70000000e+00  9.00000000e-01 
 2.18000000e-05  1.37281771e+00  2.18000000e-05  1.70000000e+00  9.00000000e-01 
 2.19000000e-05  1.37348380e+00  2.19000000e-05  1.70000000e+00  9.00000000e-01 
 2.20000000e-05  1.37414840e+00  2.20000000e-05  1.70000000e+00  9.00000000e-01 
 2.21000000e-05  1.37481152e+00  2.21000000e-05  1.70000000e+00  9.00000000e-01 
 2.22000000e-05  1.37547319e+00  2.22000000e-05  1.70000000e+00  9.00000000e-01 
 2.23000000e-05  1.37613339e+00  2.23000000e-05  1.70000000e+00  9.00000000e-01 
 2.24000000e-05  1.37679216e+00  2.24000000e-05  1.70000000e+00  9.00000000e-01 
 2.25000000e-05  1.37744949e+00  2.25000000e-05  1.70000000e+00  9.00000000e-01 
 2.26000000e-05  1.37810541e+00  2.26000000e-05  1.70000000e+00  9.00000000e-01 
 2.27000000e-05  1.37875991e+00  2.27000000e-05  1.70000000e+00  9.00000000e-01 
 2.28000000e-05  1.37941300e+00  2.28000000e-05  1.70000000e+00  9.00000000e-01 
 2.29000000e-05  1.38006471e+00  2.29000000e-05  1.70000000e+00  9.00000000e-01 
 2.30000000e-05  1.38071503e+00  2.30000000e-05  1.70000000e+00  9.00000000e-01 
 2.31000000e-05  1.38136398e+00  2.31000000e-05  1.70000000e+00  9.00000000e-01 
 2.32000000e-05  1.38201156e+00  2.32000000e-05  1.70000000e+00  9.00000000e-01 
 2.33000000e-05  1.38265780e+00  2.33000000e-05  1.70000000e+00  9.00000000e-01 
 2.34000000e-05  1.38330268e+00  2.34000000e-05  1.70000000e+00  9.00000000e-01 
 2.35000000e-05  1.38394623e+00  2.35000000e-05  1.70000000e+00  9.00000000e-01 
 2.36000000e-05  1.38458846e+00  2.36000000e-05  1.70000000e+00  9.00000000e-01 
 2.37000000e-05  1.38522936e+00  2.37000000e-05  1.70000000e+00  9.00000000e-01 
 2.38000000e-05  1.38586896e+00  2.38000000e-05  1.70000000e+00  9.00000000e-01 
 2.39000000e-05  1.38650726e+00  2.39000000e-05  1.70000000e+00  9.00000000e-01 
 2.40000000e-05  1.38714427e+00  2.40000000e-05  1.70000000e+00  9.00000000e-01 
 2.41000000e-05  1.38777999e+00  2.41000000e-05  1.70000000e+00  9.00000000e-01 
 2.42000000e-05  1.38841444e+00  2.42000000e-05  1.70000000e+00  9.00000000e-01 
 2.43000000e-05  1.38904762e+00  2.43000000e-05  1.70000000e+00  9.00000000e-01 
 2.44000000e-05  1.38967955e+00  2.44000000e-05  1.70000000e+00  9.00000000e-01 
 2.45000000e-05  1.39031023e+00  2.45000000e-05  1.70000000e+00  9.00000000e-01 
 2.46000000e-05  1.39093966e+00  2.46000000e-05  1.70000000e+00  9.00000000e-01 
 2.47000000e-05  1.39156786e+00  2.47000000e-05  1.70000000e+00  9.00000000e-01 
 2.48000000e-05  1.39219484e+00  2.48000000e-05  1.70000000e+00  9.00000000e-01 
 2.49000000e-05  1.39282060e+00  2.49000000e-05  1.70000000e+00  9.00000000e-01 
 2.50000000e-05  1.39344515e+00  2.50000000e-05  1.70000000e+00  9.00000000e-01 
