 i-sweep         v(vout)         i(viin)         v(vgate)        v(vmid)        
-6.00000000e-06 -4.23648101e-01 -6.00000000e-06  5.00000000e-01  9.00000000e-01 
-5.90000000e-06 -4.20270634e-01 -5.90000000e-06  5.00000000e-01  9.00000000e-01 
-5.80000000e-06 -4.16867542e-01 -5.80000000e-06  5.00000000e-01  9.00000000e-01 
-5.70000000e-06 -4.13438176e-01 -5.70000000e-06  5.00000000e-01  9.00000000e-01 
-5.60000000e-06 -4.09981861e-01 -5.60000000e-06  5.00000000e-01  9.00000000e-01 
-5.50000000e-06 -4.06497893e-01 -5.50000000e-06  5.00000000e-01  9.00000000e-01 
-5.40000000e-06 -4.02985536e-01 -5.40000000e-06  5.00000000e-01  9.00000000e-01 
-5.30000000e-06 -3.99444024e-01 -5.30000000e-06  5.00000000e-01  9.00000000e-01 
-5.20000000e-06 -3.95872555e-01 -5.20000000e-06  5.00000000e-01  9.00000000e-01 
-5.10000000e-06 -3.92270292e-01 -5.10000000e-06  5.00000000e-01  9.00000000e-01 
-5.00000000e-06 -3.88636357e-01 -5.00000000e-06  5.00000000e-01  9.00000000e-01 
-4.90000000e-06 -3.84969831e-01 -4.90000000e-06  5.00000000e-01  9.00000000e-01 
-4.80000000e-06 -3.81269750e-01 -4.80000000e-06  5.00000000e-01  9.00000000e-01 
-4.70000000e-06 -3.77535101e-01 -4.70000000e-06  5.00000000e-01  9.00000000e-01 
-4.60000000e-06 -3.73764818e-01 -4.60000000e-06  5.00000000e-01  9.00000000e-01 
-4.50000000e-06 -3.69957780e-01 -4.50000000e-06  5.00000000e-01  9.00000000e-01 
-4.40000000e-06 -3.66112803e-01 -4.40000000e-06  5.00000000e-01  9.00000000e-01 
-4.30000000e-06 -3.62228639e-01 -4.30000000e-06  5.00000000e-01  9.00000000e-01 
-4.20000000e-06 -3.58303965e-01 -4.20000000e-06  5.00000000e-01  9.00000000e-01 
-4.10000000e-06 -3.54337384e-01 -4.10000000e-06  5.00000000e-01  9.00000000e-01 
-4.00000000e-06 -3.50327409e-01 -4.00000000e-06  5.00000000e-01  9.00000000e-01 
-3.90000000e-06 -3.46272463e-01 -3.90000000e-06  5.00000000e-01  9.00000000e-01 
-3.80000000e-06 -3.42170863e-01 -3.80000000e-06  5.00000000e-01  9.00000000e-01 
-3.70000000e-06 -3.38020816e-01 -3.70000000e-06  5.00000000e-01  9.00000000e-01 
-3.60000000e-06 -3.33820402e-01 -3.60000000e-06  5.00000000e-01  9.00000000e-01 
-3.50000000e-06 -3.29567566e-01 -3.50000000e-06  5.00000000e-01  9.00000000e-01 
-3.40000000e-06 -3.25260098e-01 -3.40000000e-06  5.00000000e-01  9.00000000e-01 
-3.30000000e-06 -3.20895617e-01 -3.30000000e-06  5.00000000e-01  9.00000000e-01 
-3.20000000e-06 -3.16471554e-01 -3.20000000e-06  5.00000000e-01  9.00000000e-01 
-3.10000000e-06 -3.11985125e-01 -3.10000000e-06  5.00000000e-01  9.00000000e-01 
-3.00000000e-06 -3.07433305e-01 -3.00000000e-06  5.00000000e-01  9.00000000e-01 
-2.90000000e-06 -3.02812799e-01 -2.90000000e-06  5.00000000e-01  9.00000000e-01 
-2.80000000e-06 -2.98120002e-01 -2.80000000e-06  5.00000000e-01  9.00000000e-01 
-2.70000000e-06 -2.93350956e-01 -2.70000000e-06  5.00000000e-01  9.00000000e-01 
-2.60000000e-06 -2.88501302e-01 -2.60000000e-06  5.00000000e-01  9.00000000e-01 
-2.50000000e-06 -2.83566214e-01 -2.50000000e-06  5.00000000e-01  9.00000000e-01 
-2.40000000e-06 -2.78540328e-01 -2.40000000e-06  5.00000000e-01  9.00000000e-01 
-2.30000000e-06 -2.73417649e-01 -2.30000000e-06  5.00000000e-01  9.00000000e-01 
-2.20000000e-06 -2.68191448e-01 -2.20000000e-06  5.00000000e-01  9.00000000e-01 
-2.10000000e-06 -2.62854125e-01 -2.10000000e-06  5.00000000e-01  9.00000000e-01 
-2.00000000e-06 -2.57397039e-01 -2.00000000e-06  5.00000000e-01  9.00000000e-01 
-1.90000000e-06 -2.51810309e-01 -1.90000000e-06  5.00000000e-01  9.00000000e-01 
-1.80000000e-06 -2.46082545e-01 -1.80000000e-06  5.00000000e-01  9.00000000e-01 
-1.70000000e-06 -2.40200513e-01 -1.70000000e-06  5.00000000e-01  9.00000000e-01 
-1.60000000e-06 -2.34148700e-01 -1.60000000e-06  5.00000000e-01  9.00000000e-01 
-1.50000000e-06 -2.27908738e-01 -1.50000000e-06  5.00000000e-01  9.00000000e-01 
-1.40000000e-06 -2.21458637e-01 -1.40000000e-06  5.00000000e-01  9.00000000e-01 
-1.30000000e-06 -2.14771738e-01 -1.30000000e-06  5.00000000e-01  9.00000000e-01 
-1.20000000e-06 -2.07815255e-01 -1.20000000e-06  5.00000000e-01  9.00000000e-01 
-1.10000000e-06 -2.00548197e-01 -1.10000000e-06  5.00000000e-01  9.00000000e-01 
-1.00000000e-06 -1.92918316e-01 -1.00000000e-06  5.00000000e-01  9.00000000e-01 
-9.00000000e-07 -1.84857480e-01 -9.00000000e-07  5.00000000e-01  9.00000000e-01 
-8.00000000e-07 -1.76274372e-01 -8.00000000e-07  5.00000000e-01  9.00000000e-01 
-7.00000000e-07 -1.67042375e-01 -7.00000000e-07  5.00000000e-01  9.00000000e-01 
-6.00000000e-07 -1.56978268e-01 -6.00000000e-07  5.00000000e-01  9.00000000e-01 
-5.00000000e-07 -1.45801691e-01 -5.00000000e-07  5.00000000e-01  9.00000000e-01 
-4.00000000e-07 -1.33049228e-01 -4.00000000e-07  5.00000000e-01  9.00000000e-01 
-3.00000000e-07 -1.17865958e-01 -3.00000000e-07  5.00000000e-01  9.00000000e-01 
-2.00000000e-07 -9.83632482e-02 -2.00000000e-07  5.00000000e-01  9.00000000e-01 
-1.00000000e-07 -6.86183291e-02 -1.00000000e-07  5.00000000e-01  9.00000000e-01 
-5.71747239e-21  6.14575822e-01 -5.71747239e-21  5.00000000e-01  9.00000000e-01 
 1.00000000e-07  1.01664218e+00  1.00000000e-07  5.00000000e-01  9.00000000e-01 
 2.00000000e-07  1.04905315e+00  2.00000000e-07  5.00000000e-01  9.00000000e-01 
 3.00000000e-07  1.06793717e+00  3.00000000e-07  5.00000000e-01  9.00000000e-01 
 4.00000000e-07  1.08137912e+00  4.00000000e-07  5.00000000e-01  9.00000000e-01 
 5.00000000e-07  1.09188480e+00  5.00000000e-07  5.00000000e-01  9.00000000e-01 
 6.00000000e-07  1.10054652e+00  6.00000000e-07  5.00000000e-01  9.00000000e-01 
 7.00000000e-07  1.10795277e+00  7.00000000e-07  5.00000000e-01  9.00000000e-01 
 8.00000000e-07  1.11444534e+00  8.00000000e-07  5.00000000e-01  9.00000000e-01 
 9.00000000e-07  1.12024344e+00  9.00000000e-07  5.00000000e-01  9.00000000e-01 
 1.00000000e-06  1.12549579e+00  1.00000000e-06  5.00000000e-01  9.00000000e-01 
 1.10000000e-06  1.13030783e+00  1.10000000e-06  5.00000000e-01  9.00000000e-01 
 1.20000000e-06  1.13476502e+00  1.20000000e-06  5.00000000e-01  9.00000000e-01 
 1.30000000e-06  1.13890663e+00  1.30000000e-06  5.00000000e-01  9.00000000e-01 
 1.40000000e-06  1.14279071e+00  1.40000000e-06  5.00000000e-01  9.00000000e-01 
 1.50000000e-06  1.14645247e+00  1.50000000e-06  5.00000000e-01  9.00000000e-01 
 1.60000000e-06  1.14992037e+00  1.60000000e-06  5.00000000e-01  9.00000000e-01 
 1.70000000e-06  1.15321773e+00  1.70000000e-06  5.00000000e-01  9.00000000e-01 
 1.80000000e-06  1.15636385e+00  1.80000000e-06  5.00000000e-01  9.00000000e-01 
 1.90000000e-06  1.15937493e+00  1.90000000e-06  5.00000000e-01  9.00000000e-01 
 2.00000000e-06  1.16226465e+00  2.00000000e-06  5.00000000e-01  9.00000000e-01 
 2.10000000e-06  1.16504469e+00  2.10000000e-06  5.00000000e-01  9.00000000e-01 
 2.20000000e-06  1.16772510e+00  2.20000000e-06  5.00000000e-01  9.00000000e-01 
 2.30000000e-06  1.17031457e+00  2.30000000e-06  5.00000000e-01  9.00000000e-01 
 2.40000000e-06  1.17282070e+00  2.40000000e-06  5.00000000e-01  9.00000000e-01 
 2.50000000e-06  1.17525014e+00  2.50000000e-06  5.00000000e-01  9.00000000e-01 
 2.60000000e-06  1.17760876e+00  2.60000000e-06  5.00000000e-01  9.00000000e-01 
 2.70000000e-06  1.17990178e+00  2.70000000e-06  5.00000000e-01  9.00000000e-01 
 2.80000000e-06  1.18213383e+00  2.80000000e-06  5.00000000e-01  9.00000000e-01 
 2.90000000e-06  1.18430906e+00  2.90000000e-06  5.00000000e-01  9.00000000e-01 
 3.00000000e-06  1.18643120e+00  3.00000000e-06  5.00000000e-01  9.00000000e-01 
 3.10000000e-06  1.18850363e+00  3.10000000e-06  5.00000000e-01  9.00000000e-01 
 3.20000000e-06  1.19052937e+00  3.20000000e-06  5.00000000e-01  9.00000000e-01 
 3.30000000e-06  1.19251120e+00  3.30000000e-06  5.00000000e-01  9.00000000e-01 
 3.40000000e-06  1.19445164e+00  3.40000000e-06  5.00000000e-01  9.00000000e-01 
 3.50000000e-06  1.19635298e+00  3.50000000e-06  5.00000000e-01  9.00000000e-01 
 3.60000000e-06  1.19821734e+00  3.60000000e-06  5.00000000e-01  9.00000000e-01 
 3.70000000e-06  1.20004665e+00  3.70000000e-06  5.00000000e-01  9.00000000e-01 
 3.80000000e-06  1.20184270e+00  3.80000000e-06  5.00000000e-01  9.00000000e-01 
 3.90000000e-06  1.20360712e+00  3.90000000e-06  5.00000000e-01  9.00000000e-01 
 4.00000000e-06  1.20534145e+00  4.00000000e-06  5.00000000e-01  9.00000000e-01 
 4.10000000e-06  1.20704708e+00  4.10000000e-06  5.00000000e-01  9.00000000e-01 
 4.20000000e-06  1.20872533e+00  4.20000000e-06  5.00000000e-01  9.00000000e-01 
 4.30000000e-06  1.21037742e+00  4.30000000e-06  5.00000000e-01  9.00000000e-01 
 4.40000000e-06  1.21200448e+00  4.40000000e-06  5.00000000e-01  9.00000000e-01 
 4.50000000e-06  1.21360758e+00  4.50000000e-06  5.00000000e-01  9.00000000e-01 
 4.60000000e-06  1.21518769e+00  4.60000000e-06  5.00000000e-01  9.00000000e-01 
 4.70000000e-06  1.21674575e+00  4.70000000e-06  5.00000000e-01  9.00000000e-01 
 4.80000000e-06  1.21828264e+00  4.80000000e-06  5.00000000e-01  9.00000000e-01 
 4.90000000e-06  1.21979916e+00  4.90000000e-06  5.00000000e-01  9.00000000e-01 
 5.00000000e-06  1.22129609e+00  5.00000000e-06  5.00000000e-01  9.00000000e-01 
 5.10000000e-06  1.22277414e+00  5.10000000e-06  5.00000000e-01  9.00000000e-01 
 5.20000000e-06  1.22423401e+00  5.20000000e-06  5.00000000e-01  9.00000000e-01 
 5.30000000e-06  1.22567633e+00  5.30000000e-06  5.00000000e-01  9.00000000e-01 
 5.40000000e-06  1.22710172e+00  5.40000000e-06  5.00000000e-01  9.00000000e-01 
 5.50000000e-06  1.22851075e+00  5.50000000e-06  5.00000000e-01  9.00000000e-01 
 5.60000000e-06  1.22990397e+00  5.60000000e-06  5.00000000e-01  9.00000000e-01 
 5.70000000e-06  1.23128188e+00  5.70000000e-06  5.00000000e-01  9.00000000e-01 
 5.80000000e-06  1.23264500e+00  5.80000000e-06  5.00000000e-01  9.00000000e-01 
 5.90000000e-06  1.23399377e+00  5.90000000e-06  5.00000000e-01  9.00000000e-01 
 6.00000000e-06  1.23532864e+00  6.00000000e-06  5.00000000e-01  9.00000000e-01 
