 i-sweep         v(vout)         i(viin)         v(vgate)        v(vmid)        
-6.00000000e-06 -6.95034898e-01 -6.00000000e-06  1.00000000e-01  1.80000000e+00 
-5.90000000e-06 -6.93333944e-01 -5.90000000e-06  1.00000000e-01  1.80000000e+00 
-5.80000000e-06 -6.91581719e-01 -5.80000000e-06  1.00000000e-01  1.80000000e+00 
-5.70000000e-06 -6.89776108e-01 -5.70000000e-06  1.00000000e-01  1.80000000e+00 
-5.60000000e-06 -6.87914935e-01 -5.60000000e-06  1.00000000e-01  1.80000000e+00 
-5.50000000e-06 -6.85995965e-01 -5.50000000e-06  1.00000000e-01  1.80000000e+00 
-5.40000000e-06 -6.84016916e-01 -5.40000000e-06  1.00000000e-01  1.80000000e+00 
-5.30000000e-06 -6.81975462e-01 -5.30000000e-06  1.00000000e-01  1.80000000e+00 
-5.20000000e-06 -6.79869247e-01 -5.20000000e-06  1.00000000e-01  1.80000000e+00 
-5.10000000e-06 -6.77695894e-01 -5.10000000e-06  1.00000000e-01  1.80000000e+00 
-5.00000000e-06 -6.75453019e-01 -5.00000000e-06  1.00000000e-01  1.80000000e+00 
-4.90000000e-06 -6.73138245e-01 -4.90000000e-06  1.00000000e-01  1.80000000e+00 
-4.80000000e-06 -6.70749219e-01 -4.80000000e-06  1.00000000e-01  1.80000000e+00 
-4.70000000e-06 -6.68283630e-01 -4.70000000e-06  1.00000000e-01  1.80000000e+00 
-4.60000000e-06 -6.65739223e-01 -4.60000000e-06  1.00000000e-01  1.80000000e+00 
-4.50000000e-06 -6.63113823e-01 -4.50000000e-06  1.00000000e-01  1.80000000e+00 
-4.40000000e-06 -6.60405349e-01 -4.40000000e-06  1.00000000e-01  1.80000000e+00 
-4.30000000e-06 -6.57611830e-01 -4.30000000e-06  1.00000000e-01  1.80000000e+00 
-4.20000000e-06 -6.54731423e-01 -4.20000000e-06  1.00000000e-01  1.80000000e+00 
-4.10000000e-06 -6.51762423e-01 -4.10000000e-06  1.00000000e-01  1.80000000e+00 
-4.00000000e-06 -6.48703272e-01 -4.00000000e-06  1.00000000e-01  1.80000000e+00 
-3.90000000e-06 -6.45552561e-01 -3.90000000e-06  1.00000000e-01  1.80000000e+00 
-3.80000000e-06 -6.42309031e-01 -3.80000000e-06  1.00000000e-01  1.80000000e+00 
-3.70000000e-06 -6.38971561e-01 -3.70000000e-06  1.00000000e-01  1.80000000e+00 
-3.60000000e-06 -6.35539155e-01 -3.60000000e-06  1.00000000e-01  1.80000000e+00 
-3.50000000e-06 -6.32010920e-01 -3.50000000e-06  1.00000000e-01  1.80000000e+00 
-3.40000000e-06 -6.28386035e-01 -3.40000000e-06  1.00000000e-01  1.80000000e+00 
-3.30000000e-06 -6.24663715e-01 -3.30000000e-06  1.00000000e-01  1.80000000e+00 
-3.20000000e-06 -6.20843168e-01 -3.20000000e-06  1.00000000e-01  1.80000000e+00 
-3.10000000e-06 -6.16923542e-01 -3.10000000e-06  1.00000000e-01  1.80000000e+00 
-3.00000000e-06 -6.12903870e-01 -3.00000000e-06  1.00000000e-01  1.80000000e+00 
-2.90000000e-06 -6.08783007e-01 -2.90000000e-06  1.00000000e-01  1.80000000e+00 
-2.80000000e-06 -6.04559560e-01 -2.80000000e-06  1.00000000e-01  1.80000000e+00 
-2.70000000e-06 -6.00231812e-01 -2.70000000e-06  1.00000000e-01  1.80000000e+00 
-2.60000000e-06 -5.95797642e-01 -2.60000000e-06  1.00000000e-01  1.80000000e+00 
-2.50000000e-06 -5.91254435e-01 -2.50000000e-06  1.00000000e-01  1.80000000e+00 
-2.40000000e-06 -5.86598978e-01 -2.40000000e-06  1.00000000e-01  1.80000000e+00 
-2.30000000e-06 -5.81827353e-01 -2.30000000e-06  1.00000000e-01  1.80000000e+00 
-2.20000000e-06 -5.76934800e-01 -2.20000000e-06  1.00000000e-01  1.80000000e+00 
-2.10000000e-06 -5.71915573e-01 -2.10000000e-06  1.00000000e-01  1.80000000e+00 
-2.00000000e-06 -5.66762752e-01 -2.00000000e-06  1.00000000e-01  1.80000000e+00 
-1.90000000e-06 -5.61468021e-01 -1.90000000e-06  1.00000000e-01  1.80000000e+00 
-1.80000000e-06 -5.56021398e-01 -1.80000000e-06  1.00000000e-01  1.80000000e+00 
-1.70000000e-06 -5.50410879e-01 -1.70000000e-06  1.00000000e-01  1.80000000e+00 
-1.60000000e-06 -5.44621993e-01 -1.60000000e-06  1.00000000e-01  1.80000000e+00 
-1.50000000e-06 -5.38637209e-01 -1.50000000e-06  1.00000000e-01  1.80000000e+00 
-1.40000000e-06 -5.32435149e-01 -1.40000000e-06  1.00000000e-01  1.80000000e+00 
-1.30000000e-06 -5.25989512e-01 -1.30000000e-06  1.00000000e-01  1.80000000e+00 
-1.20000000e-06 -5.19267580e-01 -1.20000000e-06  1.00000000e-01  1.80000000e+00 
-1.10000000e-06 -5.12228078e-01 -1.10000000e-06  1.00000000e-01  1.80000000e+00 
-1.00000000e-06 -5.04818038e-01 -1.00000000e-06  1.00000000e-01  1.80000000e+00 
-9.00000000e-07 -4.96968031e-01 -9.00000000e-07  1.00000000e-01  1.80000000e+00 
-8.00000000e-07 -4.88584639e-01 -8.00000000e-07  1.00000000e-01  1.80000000e+00 
-7.00000000e-07 -4.79537957e-01 -7.00000000e-07  1.00000000e-01  1.80000000e+00 
-6.00000000e-07 -4.69639571e-01 -6.00000000e-07  1.00000000e-01  1.80000000e+00 
-5.00000000e-07 -4.58600614e-01 -5.00000000e-07  1.00000000e-01  1.80000000e+00 
-4.00000000e-07 -4.45943138e-01 -4.00000000e-07  1.00000000e-01  1.80000000e+00 
-3.00000000e-07 -4.30783323e-01 -3.00000000e-07  1.00000000e-01  1.80000000e+00 
-2.00000000e-07 -4.11166064e-01 -2.00000000e-07  1.00000000e-01  1.80000000e+00 
-1.00000000e-07 -3.80950138e-01 -1.00000000e-07  1.00000000e-01  1.80000000e+00 
-5.71747239e-21  9.00361585e-01 -5.71747239e-21  1.00000000e-01  1.80000000e+00 
 1.00000000e-07  1.52368394e+00  1.00000000e-07  1.00000000e-01  1.80000000e+00 
 2.00000000e-07  1.55582391e+00  2.00000000e-07  1.00000000e-01  1.80000000e+00 
 3.00000000e-07  1.57456754e+00  3.00000000e-07  1.00000000e-01  1.80000000e+00 
 4.00000000e-07  1.58791352e+00  4.00000000e-07  1.00000000e-01  1.80000000e+00 
 5.00000000e-07  1.59832436e+00  5.00000000e-07  1.00000000e-01  1.80000000e+00 
 6.00000000e-07  1.60691185e+00  6.00000000e-07  1.00000000e-01  1.80000000e+00 
 7.00000000e-07  1.61424952e+00  7.00000000e-07  1.00000000e-01  1.80000000e+00 
 8.00000000e-07  1.62067798e+00  8.00000000e-07  1.00000000e-01  1.80000000e+00 
 9.00000000e-07  1.62641545e+00  9.00000000e-07  1.00000000e-01  1.80000000e+00 
 1.00000000e-06  1.63160994e+00  1.00000000e-06  1.00000000e-01  1.80000000e+00 
 1.10000000e-06  1.63636639e+00  1.10000000e-06  1.00000000e-01  1.80000000e+00 
 1.20000000e-06  1.64076188e+00  1.20000000e-06  1.00000000e-01  1.80000000e+00 
 1.30000000e-06  1.64485469e+00  1.30000000e-06  1.00000000e-01  1.80000000e+00 
 1.40000000e-06  1.64868993e+00  1.40000000e-06  1.00000000e-01  1.80000000e+00 
 1.50000000e-06  1.65230327e+00  1.50000000e-06  1.00000000e-01  1.80000000e+00 
 1.60000000e-06  1.65572336e+00  1.60000000e-06  1.00000000e-01  1.80000000e+00 
 1.70000000e-06  1.65897359e+00  1.70000000e-06  1.00000000e-01  1.80000000e+00 
 1.80000000e-06  1.66207329e+00  1.80000000e-06  1.00000000e-01  1.80000000e+00 
 1.90000000e-06  1.66503862e+00  1.90000000e-06  1.00000000e-01  1.80000000e+00 
 2.00000000e-06  1.66788324e+00  2.00000000e-06  1.00000000e-01  1.80000000e+00 
 2.10000000e-06  1.67061879e+00  2.10000000e-06  1.00000000e-01  1.80000000e+00 
 2.20000000e-06  1.67325529e+00  2.20000000e-06  1.00000000e-01  1.80000000e+00 
 2.30000000e-06  1.67580139e+00  2.30000000e-06  1.00000000e-01  1.80000000e+00 
 2.40000000e-06  1.67826464e+00  2.40000000e-06  1.00000000e-01  1.80000000e+00 
 2.50000000e-06  1.68065168e+00  2.50000000e-06  1.00000000e-01  1.80000000e+00 
 2.60000000e-06  1.68296835e+00  2.60000000e-06  1.00000000e-01  1.80000000e+00 
 2.70000000e-06  1.68521983e+00  2.70000000e-06  1.00000000e-01  1.80000000e+00 
 2.80000000e-06  1.68741073e+00  2.80000000e-06  1.00000000e-01  1.80000000e+00 
 2.90000000e-06  1.68954518e+00  2.90000000e-06  1.00000000e-01  1.80000000e+00 
 3.00000000e-06  1.69162690e+00  3.00000000e-06  1.00000000e-01  1.80000000e+00 
 3.10000000e-06  1.69365922e+00  3.10000000e-06  1.00000000e-01  1.80000000e+00 
 3.20000000e-06  1.69564519e+00  3.20000000e-06  1.00000000e-01  1.80000000e+00 
 3.30000000e-06  1.69758754e+00  3.30000000e-06  1.00000000e-01  1.80000000e+00 
 3.40000000e-06  1.69948879e+00  3.40000000e-06  1.00000000e-01  1.80000000e+00 
 3.50000000e-06  1.70135122e+00  3.50000000e-06  1.00000000e-01  1.80000000e+00 
 3.60000000e-06  1.70317692e+00  3.60000000e-06  1.00000000e-01  1.80000000e+00 
 3.70000000e-06  1.70496783e+00  3.70000000e-06  1.00000000e-01  1.80000000e+00 
 3.80000000e-06  1.70672571e+00  3.80000000e-06  1.00000000e-01  1.80000000e+00 
 3.90000000e-06  1.70845220e+00  3.90000000e-06  1.00000000e-01  1.80000000e+00 
 4.00000000e-06  1.71014881e+00  4.00000000e-06  1.00000000e-01  1.80000000e+00 
 4.10000000e-06  1.71181694e+00  4.10000000e-06  1.00000000e-01  1.80000000e+00 
 4.20000000e-06  1.71345790e+00  4.20000000e-06  1.00000000e-01  1.80000000e+00 
 4.30000000e-06  1.71507290e+00  4.30000000e-06  1.00000000e-01  1.80000000e+00 
 4.40000000e-06  1.71666306e+00  4.40000000e-06  1.00000000e-01  1.80000000e+00 
 4.50000000e-06  1.71822944e+00  4.50000000e-06  1.00000000e-01  1.80000000e+00 
 4.60000000e-06  1.71977302e+00  4.60000000e-06  1.00000000e-01  1.80000000e+00 
 4.70000000e-06  1.72129472e+00  4.70000000e-06  1.00000000e-01  1.80000000e+00 
 4.80000000e-06  1.72279541e+00  4.80000000e-06  1.00000000e-01  1.80000000e+00 
 4.90000000e-06  1.72427590e+00  4.90000000e-06  1.00000000e-01  1.80000000e+00 
 5.00000000e-06  1.72573695e+00  5.00000000e-06  1.00000000e-01  1.80000000e+00 
 5.10000000e-06  1.72717929e+00  5.10000000e-06  1.00000000e-01  1.80000000e+00 
 5.20000000e-06  1.72860359e+00  5.20000000e-06  1.00000000e-01  1.80000000e+00 
 5.30000000e-06  1.73001049e+00  5.30000000e-06  1.00000000e-01  1.80000000e+00 
 5.40000000e-06  1.73140060e+00  5.40000000e-06  1.00000000e-01  1.80000000e+00 
 5.50000000e-06  1.73277449e+00  5.50000000e-06  1.00000000e-01  1.80000000e+00 
 5.60000000e-06  1.73413269e+00  5.60000000e-06  1.00000000e-01  1.80000000e+00 
 5.70000000e-06  1.73547573e+00  5.70000000e-06  1.00000000e-01  1.80000000e+00 
 5.80000000e-06  1.73680410e+00  5.80000000e-06  1.00000000e-01  1.80000000e+00 
 5.90000000e-06  1.73811825e+00  5.90000000e-06  1.00000000e-01  1.80000000e+00 
 6.00000000e-06  1.73941862e+00  6.00000000e-06  1.00000000e-01  1.80000000e+00 
