 i-sweep         v(vout)         i(viin)         v(vgate)        v(vmid)        
 0.00000000e+00  1.00821305e-01  0.00000000e+00  4.00000000e-01  1.00000000e-01 
 1.00000000e-07  1.01515409e+00  1.00000000e-07  4.00000000e-01  1.00000000e-01 
 2.00000000e-07  1.04757685e+00  2.00000000e-07  4.00000000e-01  1.00000000e-01 
 3.00000000e-07  1.06646727e+00  3.00000000e-07  4.00000000e-01  1.00000000e-01 
 4.00000000e-07  1.07991158e+00  4.00000000e-07  4.00000000e-01  1.00000000e-01 
 5.00000000e-07  1.09041540e+00  5.00000000e-07  4.00000000e-01  1.00000000e-01 
 6.00000000e-07  1.09908059e+00  6.00000000e-07  4.00000000e-01  1.00000000e-01 
 7.00000000e-07  1.10648817e+00  7.00000000e-07  4.00000000e-01  1.00000000e-01 
 8.00000000e-07  1.11298147e+00  8.00000000e-07  4.00000000e-01  1.00000000e-01 
 9.00000000e-07  1.11878009e+00  9.00000000e-07  4.00000000e-01  1.00000000e-01 
 1.00000000e-06  1.12403286e+00  1.00000000e-06  4.00000000e-01  1.00000000e-01 
 1.10000000e-06  1.12884526e+00  1.10000000e-06  4.00000000e-01  1.00000000e-01 
 1.20000000e-06  1.13329478e+00  1.20000000e-06  4.00000000e-01  1.00000000e-01 
 1.30000000e-06  1.13743998e+00  1.30000000e-06  4.00000000e-01  1.00000000e-01 
 1.40000000e-06  1.14132622e+00  1.40000000e-06  4.00000000e-01  1.00000000e-01 
 1.50000000e-06  1.14498933e+00  1.50000000e-06  4.00000000e-01  1.00000000e-01 
 1.60000000e-06  1.14845811e+00  1.60000000e-06  4.00000000e-01  1.00000000e-01 
 1.70000000e-06  1.15175606e+00  1.70000000e-06  4.00000000e-01  1.00000000e-01 
 1.80000000e-06  1.15490262e+00  1.80000000e-06  4.00000000e-01  1.00000000e-01 
 1.90000000e-06  1.15791403e+00  1.90000000e-06  4.00000000e-01  1.00000000e-01 
 2.00000000e-06  1.16080402e+00  2.00000000e-06  4.00000000e-01  1.00000000e-01 
 2.10000000e-06  1.16358429e+00  2.10000000e-06  4.00000000e-01  1.00000000e-01 
 2.20000000e-06  1.16626490e+00  2.20000000e-06  4.00000000e-01  1.00000000e-01 
 2.30000000e-06  1.16885455e+00  2.30000000e-06  4.00000000e-01  1.00000000e-01 
 2.40000000e-06  1.17136085e+00  2.40000000e-06  4.00000000e-01  1.00000000e-01 
 2.50000000e-06  1.17379045e+00  2.50000000e-06  4.00000000e-01  1.00000000e-01 
 2.60000000e-06  1.17614923e+00  2.60000000e-06  4.00000000e-01  1.00000000e-01 
 2.70000000e-06  1.17844240e+00  2.70000000e-06  4.00000000e-01  1.00000000e-01 
 2.80000000e-06  1.18067459e+00  2.80000000e-06  4.00000000e-01  1.00000000e-01 
 2.90000000e-06  1.18284996e+00  2.90000000e-06  4.00000000e-01  1.00000000e-01 
 3.00000000e-06  1.18497224e+00  3.00000000e-06  4.00000000e-01  1.00000000e-01 
 3.10000000e-06  1.18704480e+00  3.10000000e-06  4.00000000e-01  1.00000000e-01 
 3.20000000e-06  1.18907067e+00  3.20000000e-06  4.00000000e-01  1.00000000e-01 
 3.30000000e-06  1.19105263e+00  3.30000000e-06  4.00000000e-01  1.00000000e-01 
 3.40000000e-06  1.19299320e+00  3.40000000e-06  4.00000000e-01  1.00000000e-01 
 3.50000000e-06  1.19489466e+00  3.50000000e-06  4.00000000e-01  1.00000000e-01 
 3.60000000e-06  1.19675915e+00  3.60000000e-06  4.00000000e-01  1.00000000e-01 
 3.70000000e-06  1.19858858e+00  3.70000000e-06  4.00000000e-01  1.00000000e-01 
 3.80000000e-06  1.20038475e+00  3.80000000e-06  4.00000000e-01  1.00000000e-01 
 3.90000000e-06  1.20214929e+00  3.90000000e-06  4.00000000e-01  1.00000000e-01 
 4.00000000e-06  1.20388373e+00  4.00000000e-06  4.00000000e-01  1.00000000e-01 
 4.10000000e-06  1.20558948e+00  4.10000000e-06  4.00000000e-01  1.00000000e-01 
 4.20000000e-06  1.20726785e+00  4.20000000e-06  4.00000000e-01  1.00000000e-01 
 4.30000000e-06  1.20892005e+00  4.30000000e-06  4.00000000e-01  1.00000000e-01 
 4.40000000e-06  1.21054723e+00  4.40000000e-06  4.00000000e-01  1.00000000e-01 
 4.50000000e-06  1.21215043e+00  4.50000000e-06  4.00000000e-01  1.00000000e-01 
 4.60000000e-06  1.21373066e+00  4.60000000e-06  4.00000000e-01  1.00000000e-01 
 4.70000000e-06  1.21528883e+00  4.70000000e-06  4.00000000e-01  1.00000000e-01 
 4.80000000e-06  1.21682582e+00  4.80000000e-06  4.00000000e-01  1.00000000e-01 
 4.90000000e-06  1.21834245e+00  4.90000000e-06  4.00000000e-01  1.00000000e-01 
 5.00000000e-06  1.21983949e+00  5.00000000e-06  4.00000000e-01  1.00000000e-01 
 5.10000000e-06  1.22131765e+00  5.10000000e-06  4.00000000e-01  1.00000000e-01 
 5.20000000e-06  1.22277762e+00  5.20000000e-06  4.00000000e-01  1.00000000e-01 
 5.30000000e-06  1.22422005e+00  5.30000000e-06  4.00000000e-01  1.00000000e-01 
 5.40000000e-06  1.22564555e+00  5.40000000e-06  4.00000000e-01  1.00000000e-01 
 5.50000000e-06  1.22705468e+00  5.50000000e-06  4.00000000e-01  1.00000000e-01 
 5.60000000e-06  1.22844800e+00  5.60000000e-06  4.00000000e-01  1.00000000e-01 
 5.70000000e-06  1.22982602e+00  5.70000000e-06  4.00000000e-01  1.00000000e-01 
 5.80000000e-06  1.23118923e+00  5.80000000e-06  4.00000000e-01  1.00000000e-01 
 5.90000000e-06  1.23253810e+00  5.90000000e-06  4.00000000e-01  1.00000000e-01 
 6.00000000e-06  1.23387308e+00  6.00000000e-06  4.00000000e-01  1.00000000e-01 
 6.10000000e-06  1.23519458e+00  6.10000000e-06  4.00000000e-01  1.00000000e-01 
 6.20000000e-06  1.23650301e+00  6.20000000e-06  4.00000000e-01  1.00000000e-01 
 6.30000000e-06  1.23779875e+00  6.30000000e-06  4.00000000e-01  1.00000000e-01 
 6.40000000e-06  1.23908216e+00  6.40000000e-06  4.00000000e-01  1.00000000e-01 
 6.50000000e-06  1.24035360e+00  6.50000000e-06  4.00000000e-01  1.00000000e-01 
 6.60000000e-06  1.24161340e+00  6.60000000e-06  4.00000000e-01  1.00000000e-01 
 6.70000000e-06  1.24286187e+00  6.70000000e-06  4.00000000e-01  1.00000000e-01 
 6.80000000e-06  1.24409932e+00  6.80000000e-06  4.00000000e-01  1.00000000e-01 
 6.90000000e-06  1.24532605e+00  6.90000000e-06  4.00000000e-01  1.00000000e-01 
 7.00000000e-06  1.24654233e+00  7.00000000e-06  4.00000000e-01  1.00000000e-01 
 7.10000000e-06  1.24774843e+00  7.10000000e-06  4.00000000e-01  1.00000000e-01 
 7.20000000e-06  1.24894461e+00  7.20000000e-06  4.00000000e-01  1.00000000e-01 
 7.30000000e-06  1.25013111e+00  7.30000000e-06  4.00000000e-01  1.00000000e-01 
 7.40000000e-06  1.25130818e+00  7.40000000e-06  4.00000000e-01  1.00000000e-01 
 7.50000000e-06  1.25247604e+00  7.50000000e-06  4.00000000e-01  1.00000000e-01 
 7.60000000e-06  1.25363491e+00  7.60000000e-06  4.00000000e-01  1.00000000e-01 
 7.70000000e-06  1.25478501e+00  7.70000000e-06  4.00000000e-01  1.00000000e-01 
 7.80000000e-06  1.25592652e+00  7.80000000e-06  4.00000000e-01  1.00000000e-01 
 7.90000000e-06  1.25705966e+00  7.90000000e-06  4.00000000e-01  1.00000000e-01 
 8.00000000e-06  1.25818461e+00  8.00000000e-06  4.00000000e-01  1.00000000e-01 
 8.10000000e-06  1.25930155e+00  8.10000000e-06  4.00000000e-01  1.00000000e-01 
 8.20000000e-06  1.26041066e+00  8.20000000e-06  4.00000000e-01  1.00000000e-01 
 8.30000000e-06  1.26151210e+00  8.30000000e-06  4.00000000e-01  1.00000000e-01 
 8.40000000e-06  1.26260604e+00  8.40000000e-06  4.00000000e-01  1.00000000e-01 
 8.50000000e-06  1.26369263e+00  8.50000000e-06  4.00000000e-01  1.00000000e-01 
 8.60000000e-06  1.26477204e+00  8.60000000e-06  4.00000000e-01  1.00000000e-01 
 8.70000000e-06  1.26584440e+00  8.70000000e-06  4.00000000e-01  1.00000000e-01 
 8.80000000e-06  1.26690986e+00  8.80000000e-06  4.00000000e-01  1.00000000e-01 
 8.90000000e-06  1.26796856e+00  8.90000000e-06  4.00000000e-01  1.00000000e-01 
 9.00000000e-06  1.26902063e+00  9.00000000e-06  4.00000000e-01  1.00000000e-01 
 9.10000000e-06  1.27006620e+00  9.10000000e-06  4.00000000e-01  1.00000000e-01 
 9.20000000e-06  1.27110540e+00  9.20000000e-06  4.00000000e-01  1.00000000e-01 
 9.30000000e-06  1.27213834e+00  9.30000000e-06  4.00000000e-01  1.00000000e-01 
 9.40000000e-06  1.27316514e+00  9.40000000e-06  4.00000000e-01  1.00000000e-01 
 9.50000000e-06  1.27418593e+00  9.50000000e-06  4.00000000e-01  1.00000000e-01 
 9.60000000e-06  1.27520080e+00  9.60000000e-06  4.00000000e-01  1.00000000e-01 
 9.70000000e-06  1.27620987e+00  9.70000000e-06  4.00000000e-01  1.00000000e-01 
 9.80000000e-06  1.27721323e+00  9.80000000e-06  4.00000000e-01  1.00000000e-01 
 9.90000000e-06  1.27821100e+00  9.90000000e-06  4.00000000e-01  1.00000000e-01 
 1.00000000e-05  1.27920327e+00  1.00000000e-05  4.00000000e-01  1.00000000e-01 
 1.01000000e-05  1.28019014e+00  1.01000000e-05  4.00000000e-01  1.00000000e-01 
 1.02000000e-05  1.28117169e+00  1.02000000e-05  4.00000000e-01  1.00000000e-01 
 1.03000000e-05  1.28214802e+00  1.03000000e-05  4.00000000e-01  1.00000000e-01 
 1.04000000e-05  1.28311921e+00  1.04000000e-05  4.00000000e-01  1.00000000e-01 
 1.05000000e-05  1.28408536e+00  1.05000000e-05  4.00000000e-01  1.00000000e-01 
 1.06000000e-05  1.28504654e+00  1.06000000e-05  4.00000000e-01  1.00000000e-01 
 1.07000000e-05  1.28600284e+00  1.07000000e-05  4.00000000e-01  1.00000000e-01 
 1.08000000e-05  1.28695433e+00  1.08000000e-05  4.00000000e-01  1.00000000e-01 
 1.09000000e-05  1.28790109e+00  1.09000000e-05  4.00000000e-01  1.00000000e-01 
 1.10000000e-05  1.28884320e+00  1.10000000e-05  4.00000000e-01  1.00000000e-01 
 1.11000000e-05  1.28978072e+00  1.11000000e-05  4.00000000e-01  1.00000000e-01 
 1.12000000e-05  1.29071373e+00  1.12000000e-05  4.00000000e-01  1.00000000e-01 
 1.13000000e-05  1.29164230e+00  1.13000000e-05  4.00000000e-01  1.00000000e-01 
 1.14000000e-05  1.29256649e+00  1.14000000e-05  4.00000000e-01  1.00000000e-01 
 1.15000000e-05  1.29348637e+00  1.15000000e-05  4.00000000e-01  1.00000000e-01 
 1.16000000e-05  1.29440201e+00  1.16000000e-05  4.00000000e-01  1.00000000e-01 
 1.17000000e-05  1.29531347e+00  1.17000000e-05  4.00000000e-01  1.00000000e-01 
 1.18000000e-05  1.29622080e+00  1.18000000e-05  4.00000000e-01  1.00000000e-01 
 1.19000000e-05  1.29712407e+00  1.19000000e-05  4.00000000e-01  1.00000000e-01 
 1.20000000e-05  1.29802334e+00  1.20000000e-05  4.00000000e-01  1.00000000e-01 
 1.21000000e-05  1.29891866e+00  1.21000000e-05  4.00000000e-01  1.00000000e-01 
 1.22000000e-05  1.29981008e+00  1.22000000e-05  4.00000000e-01  1.00000000e-01 
 1.23000000e-05  1.30069767e+00  1.23000000e-05  4.00000000e-01  1.00000000e-01 
 1.24000000e-05  1.30158148e+00  1.24000000e-05  4.00000000e-01  1.00000000e-01 
 1.25000000e-05  1.30246155e+00  1.25000000e-05  4.00000000e-01  1.00000000e-01 
 1.26000000e-05  1.30333793e+00  1.26000000e-05  4.00000000e-01  1.00000000e-01 
 1.27000000e-05  1.30421069e+00  1.27000000e-05  4.00000000e-01  1.00000000e-01 
 1.28000000e-05  1.30507986e+00  1.28000000e-05  4.00000000e-01  1.00000000e-01 
 1.29000000e-05  1.30594549e+00  1.29000000e-05  4.00000000e-01  1.00000000e-01 
 1.30000000e-05  1.30680763e+00  1.30000000e-05  4.00000000e-01  1.00000000e-01 
 1.31000000e-05  1.30766632e+00  1.31000000e-05  4.00000000e-01  1.00000000e-01 
 1.32000000e-05  1.30852162e+00  1.32000000e-05  4.00000000e-01  1.00000000e-01 
 1.33000000e-05  1.30937355e+00  1.33000000e-05  4.00000000e-01  1.00000000e-01 
 1.34000000e-05  1.31022217e+00  1.34000000e-05  4.00000000e-01  1.00000000e-01 
 1.35000000e-05  1.31106752e+00  1.35000000e-05  4.00000000e-01  1.00000000e-01 
 1.36000000e-05  1.31190963e+00  1.36000000e-05  4.00000000e-01  1.00000000e-01 
 1.37000000e-05  1.31274854e+00  1.37000000e-05  4.00000000e-01  1.00000000e-01 
 1.38000000e-05  1.31358431e+00  1.38000000e-05  4.00000000e-01  1.00000000e-01 
 1.39000000e-05  1.31441695e+00  1.39000000e-05  4.00000000e-01  1.00000000e-01 
 1.40000000e-05  1.31524652e+00  1.40000000e-05  4.00000000e-01  1.00000000e-01 
 1.41000000e-05  1.31607304e+00  1.41000000e-05  4.00000000e-01  1.00000000e-01 
 1.42000000e-05  1.31689656e+00  1.42000000e-05  4.00000000e-01  1.00000000e-01 
 1.43000000e-05  1.31771711e+00  1.43000000e-05  4.00000000e-01  1.00000000e-01 
 1.44000000e-05  1.31853472e+00  1.44000000e-05  4.00000000e-01  1.00000000e-01 
 1.45000000e-05  1.31934943e+00  1.45000000e-05  4.00000000e-01  1.00000000e-01 
 1.46000000e-05  1.32016127e+00  1.46000000e-05  4.00000000e-01  1.00000000e-01 
 1.47000000e-05  1.32097028e+00  1.47000000e-05  4.00000000e-01  1.00000000e-01 
 1.48000000e-05  1.32177648e+00  1.48000000e-05  4.00000000e-01  1.00000000e-01 
 1.49000000e-05  1.32257991e+00  1.49000000e-05  4.00000000e-01  1.00000000e-01 
 1.50000000e-05  1.32338060e+00  1.50000000e-05  4.00000000e-01  1.00000000e-01 
 1.51000000e-05  1.32417857e+00  1.51000000e-05  4.00000000e-01  1.00000000e-01 
 1.52000000e-05  1.32497387e+00  1.52000000e-05  4.00000000e-01  1.00000000e-01 
 1.53000000e-05  1.32576651e+00  1.53000000e-05  4.00000000e-01  1.00000000e-01 
 1.54000000e-05  1.32655653e+00  1.54000000e-05  4.00000000e-01  1.00000000e-01 
 1.55000000e-05  1.32734395e+00  1.55000000e-05  4.00000000e-01  1.00000000e-01 
 1.56000000e-05  1.32812880e+00  1.56000000e-05  4.00000000e-01  1.00000000e-01 
 1.57000000e-05  1.32891112e+00  1.57000000e-05  4.00000000e-01  1.00000000e-01 
 1.58000000e-05  1.32969092e+00  1.58000000e-05  4.00000000e-01  1.00000000e-01 
 1.59000000e-05  1.33046823e+00  1.59000000e-05  4.00000000e-01  1.00000000e-01 
 1.60000000e-05  1.33124308e+00  1.60000000e-05  4.00000000e-01  1.00000000e-01 
 1.61000000e-05  1.33201549e+00  1.61000000e-05  4.00000000e-01  1.00000000e-01 
 1.62000000e-05  1.33278550e+00  1.62000000e-05  4.00000000e-01  1.00000000e-01 
 1.63000000e-05  1.33355311e+00  1.63000000e-05  4.00000000e-01  1.00000000e-01 
 1.64000000e-05  1.33431836e+00  1.64000000e-05  4.00000000e-01  1.00000000e-01 
 1.65000000e-05  1.33508128e+00  1.65000000e-05  4.00000000e-01  1.00000000e-01 
 1.66000000e-05  1.33584187e+00  1.66000000e-05  4.00000000e-01  1.00000000e-01 
 1.67000000e-05  1.33660018e+00  1.67000000e-05  4.00000000e-01  1.00000000e-01 
 1.68000000e-05  1.33735621e+00  1.68000000e-05  4.00000000e-01  1.00000000e-01 
 1.69000000e-05  1.33810999e+00  1.69000000e-05  4.00000000e-01  1.00000000e-01 
 1.70000000e-05  1.33886155e+00  1.70000000e-05  4.00000000e-01  1.00000000e-01 
 1.71000000e-05  1.33961090e+00  1.71000000e-05  4.00000000e-01  1.00000000e-01 
 1.72000000e-05  1.34035807e+00  1.72000000e-05  4.00000000e-01  1.00000000e-01 
 1.73000000e-05  1.34110307e+00  1.73000000e-05  4.00000000e-01  1.00000000e-01 
 1.74000000e-05  1.34184593e+00  1.74000000e-05  4.00000000e-01  1.00000000e-01 
 1.75000000e-05  1.34258667e+00  1.75000000e-05  4.00000000e-01  1.00000000e-01 
 1.76000000e-05  1.34332530e+00  1.76000000e-05  4.00000000e-01  1.00000000e-01 
 1.77000000e-05  1.34406185e+00  1.77000000e-05  4.00000000e-01  1.00000000e-01 
 1.78000000e-05  1.34479633e+00  1.78000000e-05  4.00000000e-01  1.00000000e-01 
 1.79000000e-05  1.34552877e+00  1.79000000e-05  4.00000000e-01  1.00000000e-01 
 1.80000000e-05  1.34625918e+00  1.80000000e-05  4.00000000e-01  1.00000000e-01 
 1.81000000e-05  1.34698758e+00  1.81000000e-05  4.00000000e-01  1.00000000e-01 
 1.82000000e-05  1.34771400e+00  1.82000000e-05  4.00000000e-01  1.00000000e-01 
 1.83000000e-05  1.34843843e+00  1.83000000e-05  4.00000000e-01  1.00000000e-01 
 1.84000000e-05  1.34916092e+00  1.84000000e-05  4.00000000e-01  1.00000000e-01 
 1.85000000e-05  1.34988146e+00  1.85000000e-05  4.00000000e-01  1.00000000e-01 
 1.86000000e-05  1.35060008e+00  1.86000000e-05  4.00000000e-01  1.00000000e-01 
 1.87000000e-05  1.35131680e+00  1.87000000e-05  4.00000000e-01  1.00000000e-01 
 1.88000000e-05  1.35203163e+00  1.88000000e-05  4.00000000e-01  1.00000000e-01 
 1.89000000e-05  1.35274459e+00  1.89000000e-05  4.00000000e-01  1.00000000e-01 
 1.90000000e-05  1.35345569e+00  1.90000000e-05  4.00000000e-01  1.00000000e-01 
 1.91000000e-05  1.35416495e+00  1.91000000e-05  4.00000000e-01  1.00000000e-01 
 1.92000000e-05  1.35487239e+00  1.92000000e-05  4.00000000e-01  1.00000000e-01 
 1.93000000e-05  1.35557802e+00  1.93000000e-05  4.00000000e-01  1.00000000e-01 
 1.94000000e-05  1.35628185e+00  1.94000000e-05  4.00000000e-01  1.00000000e-01 
 1.95000000e-05  1.35698390e+00  1.95000000e-05  4.00000000e-01  1.00000000e-01 
 1.96000000e-05  1.35768419e+00  1.96000000e-05  4.00000000e-01  1.00000000e-01 
 1.97000000e-05  1.35838273e+00  1.97000000e-05  4.00000000e-01  1.00000000e-01 
 1.98000000e-05  1.35907954e+00  1.98000000e-05  4.00000000e-01  1.00000000e-01 
 1.99000000e-05  1.35977462e+00  1.99000000e-05  4.00000000e-01  1.00000000e-01 
 2.00000000e-05  1.36046799e+00  2.00000000e-05  4.00000000e-01  1.00000000e-01 
 2.01000000e-05  1.36115967e+00  2.01000000e-05  4.00000000e-01  1.00000000e-01 
 2.02000000e-05  1.36184967e+00  2.02000000e-05  4.00000000e-01  1.00000000e-01 
 2.03000000e-05  1.36253800e+00  2.03000000e-05  4.00000000e-01  1.00000000e-01 
 2.04000000e-05  1.36322468e+00  2.04000000e-05  4.00000000e-01  1.00000000e-01 
 2.05000000e-05  1.36390972e+00  2.05000000e-05  4.00000000e-01  1.00000000e-01 
 2.06000000e-05  1.36459313e+00  2.06000000e-05  4.00000000e-01  1.00000000e-01 
 2.07000000e-05  1.36527492e+00  2.07000000e-05  4.00000000e-01  1.00000000e-01 
 2.08000000e-05  1.36595511e+00  2.08000000e-05  4.00000000e-01  1.00000000e-01 
 2.09000000e-05  1.36663371e+00  2.09000000e-05  4.00000000e-01  1.00000000e-01 
 2.10000000e-05  1.36731073e+00  2.10000000e-05  4.00000000e-01  1.00000000e-01 
 2.11000000e-05  1.36798619e+00  2.11000000e-05  4.00000000e-01  1.00000000e-01 
 2.12000000e-05  1.36866009e+00  2.12000000e-05  4.00000000e-01  1.00000000e-01 
 2.13000000e-05  1.36933245e+00  2.13000000e-05  4.00000000e-01  1.00000000e-01 
 2.14000000e-05  1.37000327e+00  2.14000000e-05  4.00000000e-01  1.00000000e-01 
 2.15000000e-05  1.37067258e+00  2.15000000e-05  4.00000000e-01  1.00000000e-01 
 2.16000000e-05  1.37134038e+00  2.16000000e-05  4.00000000e-01  1.00000000e-01 
 2.17000000e-05  1.37200668e+00  2.17000000e-05  4.00000000e-01  1.00000000e-01 
 2.18000000e-05  1.37267149e+00  2.18000000e-05  4.00000000e-01  1.00000000e-01 
 2.19000000e-05  1.37333483e+00  2.19000000e-05  4.00000000e-01  1.00000000e-01 
 2.20000000e-05  1.37399670e+00  2.20000000e-05  4.00000000e-01  1.00000000e-01 
 2.21000000e-05  1.37465712e+00  2.21000000e-05  4.00000000e-01  1.00000000e-01 
 2.22000000e-05  1.37531609e+00  2.22000000e-05  4.00000000e-01  1.00000000e-01 
 2.23000000e-05  1.37597364e+00  2.23000000e-05  4.00000000e-01  1.00000000e-01 
 2.24000000e-05  1.37662975e+00  2.24000000e-05  4.00000000e-01  1.00000000e-01 
 2.25000000e-05  1.37728446e+00  2.25000000e-05  4.00000000e-01  1.00000000e-01 
 2.26000000e-05  1.37793776e+00  2.26000000e-05  4.00000000e-01  1.00000000e-01 
 2.27000000e-05  1.37858967e+00  2.27000000e-05  4.00000000e-01  1.00000000e-01 
 2.28000000e-05  1.37924019e+00  2.28000000e-05  4.00000000e-01  1.00000000e-01 
 2.29000000e-05  1.37988934e+00  2.29000000e-05  4.00000000e-01  1.00000000e-01 
 2.30000000e-05  1.38053713e+00  2.30000000e-05  4.00000000e-01  1.00000000e-01 
 2.31000000e-05  1.38118356e+00  2.31000000e-05  4.00000000e-01  1.00000000e-01 
 2.32000000e-05  1.38182865e+00  2.32000000e-05  4.00000000e-01  1.00000000e-01 
 2.33000000e-05  1.38247240e+00  2.33000000e-05  4.00000000e-01  1.00000000e-01 
 2.34000000e-05  1.38311482e+00  2.34000000e-05  4.00000000e-01  1.00000000e-01 
 2.35000000e-05  1.38375592e+00  2.35000000e-05  4.00000000e-01  1.00000000e-01 
 2.36000000e-05  1.38439571e+00  2.36000000e-05  4.00000000e-01  1.00000000e-01 
 2.37000000e-05  1.38503421e+00  2.37000000e-05  4.00000000e-01  1.00000000e-01 
 2.38000000e-05  1.38567141e+00  2.38000000e-05  4.00000000e-01  1.00000000e-01 
 2.39000000e-05  1.38630732e+00  2.39000000e-05  4.00000000e-01  1.00000000e-01 
 2.40000000e-05  1.38694197e+00  2.40000000e-05  4.00000000e-01  1.00000000e-01 
 2.41000000e-05  1.38757534e+00  2.41000000e-05  4.00000000e-01  1.00000000e-01 
 2.42000000e-05  1.38820746e+00  2.42000000e-05  4.00000000e-01  1.00000000e-01 
 2.43000000e-05  1.38883832e+00  2.43000000e-05  4.00000000e-01  1.00000000e-01 
 2.44000000e-05  1.38946794e+00  2.44000000e-05  4.00000000e-01  1.00000000e-01 
 2.45000000e-05  1.39009633e+00  2.45000000e-05  4.00000000e-01  1.00000000e-01 
 2.46000000e-05  1.39072350e+00  2.46000000e-05  4.00000000e-01  1.00000000e-01 
 2.47000000e-05  1.39134944e+00  2.47000000e-05  4.00000000e-01  1.00000000e-01 
 2.48000000e-05  1.39197418e+00  2.48000000e-05  4.00000000e-01  1.00000000e-01 
 2.49000000e-05  1.39259771e+00  2.49000000e-05  4.00000000e-01  1.00000000e-01 
 2.50000000e-05  1.39322004e+00  2.50000000e-05  4.00000000e-01  1.00000000e-01 
