 i-sweep         v(vout)         i(viin)         v(vgate)        v(vmid)        
 0.00000000e+00  8.43832357e-01  0.00000000e+00  0.00000000e+00  1.50000000e+00 
 1.00000000e-07  1.28354426e+00  1.00000000e-07  0.00000000e+00  1.50000000e+00 
 2.00000000e-07  1.31585202e+00  2.00000000e-07  0.00000000e+00  1.50000000e+00 
 3.00000000e-07  1.33468187e+00  3.00000000e-07  0.00000000e+00  1.50000000e+00 
 4.00000000e-07  1.34809714e+00  4.00000000e-07  0.00000000e+00  1.50000000e+00 
 5.00000000e-07  1.35855283e+00  5.00000000e-07  0.00000000e+00  1.50000000e+00 
 6.00000000e-07  1.36718207e+00  6.00000000e-07  0.00000000e+00  1.50000000e+00 
 7.00000000e-07  1.37455799e+00  7.00000000e-07  0.00000000e+00  1.50000000e+00 
 8.00000000e-07  1.38102178e+00  8.00000000e-07  0.00000000e+00  1.50000000e+00 
 9.00000000e-07  1.38679229e+00  9.00000000e-07  0.00000000e+00  1.50000000e+00 
 1.00000000e-06  1.39201797e+00  1.00000000e-06  0.00000000e+00  1.50000000e+00 
 1.10000000e-06  1.39680413e+00  1.10000000e-06  0.00000000e+00  1.50000000e+00 
 1.20000000e-06  1.40124070e+00  1.20000000e-06  0.00000000e+00  1.50000000e+00 
 1.30000000e-06  1.40535634e+00  1.30000000e-06  0.00000000e+00  1.50000000e+00 
 1.40000000e-06  1.40921531e+00  1.40000000e-06  0.00000000e+00  1.50000000e+00 
 1.50000000e-06  1.41285267e+00  1.50000000e-06  0.00000000e+00  1.50000000e+00 
 1.60000000e-06  1.41629676e+00  1.60000000e-06  0.00000000e+00  1.50000000e+00 
 1.70000000e-06  1.41957079e+00  1.70000000e-06  0.00000000e+00  1.50000000e+00 
 1.80000000e-06  1.42269402e+00  1.80000000e-06  0.00000000e+00  1.50000000e+00 
 1.90000000e-06  1.42568258e+00  1.90000000e-06  0.00000000e+00  1.50000000e+00 
 2.00000000e-06  1.42855010e+00  2.00000000e-06  0.00000000e+00  1.50000000e+00 
 2.10000000e-06  1.43130824e+00  2.10000000e-06  0.00000000e+00  1.50000000e+00 
 2.20000000e-06  1.43396700e+00  2.20000000e-06  0.00000000e+00  1.50000000e+00 
 2.30000000e-06  1.43653508e+00  2.30000000e-06  0.00000000e+00  1.50000000e+00 
 2.40000000e-06  1.43902003e+00  2.40000000e-06  0.00000000e+00  1.50000000e+00 
 2.50000000e-06  1.44142850e+00  2.50000000e-06  0.00000000e+00  1.50000000e+00 
 2.60000000e-06  1.44376635e+00  2.60000000e-06  0.00000000e+00  1.50000000e+00 
 2.70000000e-06  1.44603877e+00  2.70000000e-06  0.00000000e+00  1.50000000e+00 
 2.80000000e-06  1.44825040e+00  2.80000000e-06  0.00000000e+00  1.50000000e+00 
 2.90000000e-06  1.45040536e+00  2.90000000e-06  0.00000000e+00  1.50000000e+00 
 3.00000000e-06  1.45250740e+00  3.00000000e-06  0.00000000e+00  1.50000000e+00 
 3.10000000e-06  1.45455986e+00  3.10000000e-06  0.00000000e+00  1.50000000e+00 
 3.20000000e-06  1.45656578e+00  3.20000000e-06  0.00000000e+00  1.50000000e+00 
 3.30000000e-06  1.45852792e+00  3.30000000e-06  0.00000000e+00  1.50000000e+00 
 3.40000000e-06  1.46044879e+00  3.40000000e-06  0.00000000e+00  1.50000000e+00 
 3.50000000e-06  1.46233069e+00  3.50000000e-06  0.00000000e+00  1.50000000e+00 
 3.60000000e-06  1.46417573e+00  3.60000000e-06  0.00000000e+00  1.50000000e+00 
 3.70000000e-06  1.46598582e+00  3.70000000e-06  0.00000000e+00  1.50000000e+00 
 3.80000000e-06  1.46776277e+00  3.80000000e-06  0.00000000e+00  1.50000000e+00 
 3.90000000e-06  1.46950819e+00  3.90000000e-06  0.00000000e+00  1.50000000e+00 
 4.00000000e-06  1.47122362e+00  4.00000000e-06  0.00000000e+00  1.50000000e+00 
 4.10000000e-06  1.47291045e+00  4.10000000e-06  0.00000000e+00  1.50000000e+00 
 4.20000000e-06  1.47457000e+00  4.20000000e-06  0.00000000e+00  1.50000000e+00 
 4.30000000e-06  1.47620347e+00  4.30000000e-06  0.00000000e+00  1.50000000e+00 
 4.40000000e-06  1.47781201e+00  4.40000000e-06  0.00000000e+00  1.50000000e+00 
 4.50000000e-06  1.47939666e+00  4.50000000e-06  0.00000000e+00  1.50000000e+00 
 4.60000000e-06  1.48096816e+00  4.60000000e-06  0.00000000e+00  1.50000000e+00 
 4.70000000e-06  1.48250704e+00  4.70000000e-06  0.00000000e+00  1.50000000e+00 
 4.80000000e-06  1.48402491e+00  4.80000000e-06  0.00000000e+00  1.50000000e+00 
 4.90000000e-06  1.48552258e+00  4.90000000e-06  0.00000000e+00  1.50000000e+00 
 5.00000000e-06  1.48700081e+00  5.00000000e-06  0.00000000e+00  1.50000000e+00 
 5.10000000e-06  1.48846031e+00  5.10000000e-06  0.00000000e+00  1.50000000e+00 
 5.20000000e-06  1.48990175e+00  5.20000000e-06  0.00000000e+00  1.50000000e+00 
 5.30000000e-06  1.49132576e+00  5.30000000e-06  0.00000000e+00  1.50000000e+00 
 5.40000000e-06  1.49273296e+00  5.40000000e-06  0.00000000e+00  1.50000000e+00 
 5.50000000e-06  1.49412390e+00  5.50000000e-06  0.00000000e+00  1.50000000e+00 
 5.60000000e-06  1.49549913e+00  5.60000000e-06  0.00000000e+00  1.50000000e+00 
 5.70000000e-06  1.49685916e+00  5.70000000e-06  0.00000000e+00  1.50000000e+00 
 5.80000000e-06  1.49820448e+00  5.80000000e-06  0.00000000e+00  1.50000000e+00 
 5.90000000e-06  1.49953554e+00  5.90000000e-06  0.00000000e+00  1.50000000e+00 
 6.00000000e-06  1.50085278e+00  6.00000000e-06  0.00000000e+00  1.50000000e+00 
 6.10000000e-06  1.50215664e+00  6.10000000e-06  0.00000000e+00  1.50000000e+00 
 6.20000000e-06  1.50344749e+00  6.20000000e-06  0.00000000e+00  1.50000000e+00 
 6.30000000e-06  1.50472573e+00  6.30000000e-06  0.00000000e+00  1.50000000e+00 
 6.40000000e-06  1.50599171e+00  6.40000000e-06  0.00000000e+00  1.50000000e+00 
 6.50000000e-06  1.50724579e+00  6.50000000e-06  0.00000000e+00  1.50000000e+00 
 6.60000000e-06  1.50848829e+00  6.60000000e-06  0.00000000e+00  1.50000000e+00 
 6.70000000e-06  1.50971952e+00  6.70000000e-06  0.00000000e+00  1.50000000e+00 
 6.80000000e-06  1.51093980e+00  6.80000000e-06  0.00000000e+00  1.50000000e+00 
 6.90000000e-06  1.51214942e+00  6.90000000e-06  0.00000000e+00  1.50000000e+00 
 7.00000000e-06  1.51334864e+00  7.00000000e-06  0.00000000e+00  1.50000000e+00 
 7.10000000e-06  1.51453774e+00  7.10000000e-06  0.00000000e+00  1.50000000e+00 
 7.20000000e-06  1.51571698e+00  7.20000000e-06  0.00000000e+00  1.50000000e+00 
 7.30000000e-06  1.51688659e+00  7.30000000e-06  0.00000000e+00  1.50000000e+00 
 7.40000000e-06  1.51804682e+00  7.40000000e-06  0.00000000e+00  1.50000000e+00 
 7.50000000e-06  1.51919789e+00  7.50000000e-06  0.00000000e+00  1.50000000e+00 
 7.60000000e-06  1.52034002e+00  7.60000000e-06  0.00000000e+00  1.50000000e+00 
 7.70000000e-06  1.52147342e+00  7.70000000e-06  0.00000000e+00  1.50000000e+00 
 7.80000000e-06  1.52259829e+00  7.80000000e-06  0.00000000e+00  1.50000000e+00 
 7.90000000e-06  1.52371483e+00  7.90000000e-06  0.00000000e+00  1.50000000e+00 
 8.00000000e-06  1.52482322e+00  8.00000000e-06  0.00000000e+00  1.50000000e+00 
 8.10000000e-06  1.52592365e+00  8.10000000e-06  0.00000000e+00  1.50000000e+00 
 8.20000000e-06  1.52701628e+00  8.20000000e-06  0.00000000e+00  1.50000000e+00 
 8.30000000e-06  1.52810130e+00  8.30000000e-06  0.00000000e+00  1.50000000e+00 
 8.40000000e-06  1.52917885e+00  8.40000000e-06  0.00000000e+00  1.50000000e+00 
 8.50000000e-06  1.53024911e+00  8.50000000e-06  0.00000000e+00  1.50000000e+00 
 8.60000000e-06  1.53131221e+00  8.60000000e-06  0.00000000e+00  1.50000000e+00 
 8.70000000e-06  1.53236831e+00  8.70000000e-06  0.00000000e+00  1.50000000e+00 
 8.80000000e-06  1.53341754e+00  8.80000000e-06  0.00000000e+00  1.50000000e+00 
 8.90000000e-06  1.53446005e+00  8.90000000e-06  0.00000000e+00  1.50000000e+00 
 9.00000000e-06  1.53549597e+00  9.00000000e-06  0.00000000e+00  1.50000000e+00 
 9.10000000e-06  1.53652543e+00  9.10000000e-06  0.00000000e+00  1.50000000e+00 
 9.20000000e-06  1.53754855e+00  9.20000000e-06  0.00000000e+00  1.50000000e+00 
 9.30000000e-06  1.53856545e+00  9.30000000e-06  0.00000000e+00  1.50000000e+00 
 9.40000000e-06  1.53957625e+00  9.40000000e-06  0.00000000e+00  1.50000000e+00 
 9.50000000e-06  1.54058106e+00  9.50000000e-06  0.00000000e+00  1.50000000e+00 
 9.60000000e-06  1.54157999e+00  9.60000000e-06  0.00000000e+00  1.50000000e+00 
 9.70000000e-06  1.54257315e+00  9.70000000e-06  0.00000000e+00  1.50000000e+00 
 9.80000000e-06  1.54356065e+00  9.80000000e-06  0.00000000e+00  1.50000000e+00 
 9.90000000e-06  1.54454258e+00  9.90000000e-06  0.00000000e+00  1.50000000e+00 
 1.00000000e-05  1.54551905e+00  1.00000000e-05  0.00000000e+00  1.50000000e+00 
 1.01000000e-05  1.54649014e+00  1.01000000e-05  0.00000000e+00  1.50000000e+00 
 1.02000000e-05  1.54745595e+00  1.02000000e-05  0.00000000e+00  1.50000000e+00 
 1.03000000e-05  1.54841657e+00  1.03000000e-05  0.00000000e+00  1.50000000e+00 
 1.04000000e-05  1.54937208e+00  1.04000000e-05  0.00000000e+00  1.50000000e+00 
 1.05000000e-05  1.55032258e+00  1.05000000e-05  0.00000000e+00  1.50000000e+00 
 1.06000000e-05  1.55126814e+00  1.06000000e-05  0.00000000e+00  1.50000000e+00 
 1.07000000e-05  1.55220885e+00  1.07000000e-05  0.00000000e+00  1.50000000e+00 
 1.08000000e-05  1.55314477e+00  1.08000000e-05  0.00000000e+00  1.50000000e+00 
 1.09000000e-05  1.55407600e+00  1.09000000e-05  0.00000000e+00  1.50000000e+00 
 1.10000000e-05  1.55500260e+00  1.10000000e-05  0.00000000e+00  1.50000000e+00 
 1.11000000e-05  1.55592465e+00  1.11000000e-05  0.00000000e+00  1.50000000e+00 
 1.12000000e-05  1.55684221e+00  1.12000000e-05  0.00000000e+00  1.50000000e+00 
 1.13000000e-05  1.55775536e+00  1.13000000e-05  0.00000000e+00  1.50000000e+00 
 1.14000000e-05  1.55866416e+00  1.14000000e-05  0.00000000e+00  1.50000000e+00 
 1.15000000e-05  1.55956868e+00  1.15000000e-05  0.00000000e+00  1.50000000e+00 
 1.16000000e-05  1.56046897e+00  1.16000000e-05  0.00000000e+00  1.50000000e+00 
 1.17000000e-05  1.56136511e+00  1.17000000e-05  0.00000000e+00  1.50000000e+00 
 1.18000000e-05  1.56225716e+00  1.18000000e-05  0.00000000e+00  1.50000000e+00 
 1.19000000e-05  1.56314517e+00  1.19000000e-05  0.00000000e+00  1.50000000e+00 
 1.20000000e-05  1.56402920e+00  1.20000000e-05  0.00000000e+00  1.50000000e+00 
 1.21000000e-05  1.56490931e+00  1.21000000e-05  0.00000000e+00  1.50000000e+00 
 1.22000000e-05  1.56578555e+00  1.22000000e-05  0.00000000e+00  1.50000000e+00 
 1.23000000e-05  1.56665797e+00  1.23000000e-05  0.00000000e+00  1.50000000e+00 
 1.24000000e-05  1.56752664e+00  1.24000000e-05  0.00000000e+00  1.50000000e+00 
 1.25000000e-05  1.56839160e+00  1.25000000e-05  0.00000000e+00  1.50000000e+00 
 1.26000000e-05  1.56925290e+00  1.26000000e-05  0.00000000e+00  1.50000000e+00 
 1.27000000e-05  1.57011059e+00  1.27000000e-05  0.00000000e+00  1.50000000e+00 
 1.28000000e-05  1.57096472e+00  1.28000000e-05  0.00000000e+00  1.50000000e+00 
 1.29000000e-05  1.57181533e+00  1.29000000e-05  0.00000000e+00  1.50000000e+00 
 1.30000000e-05  1.57266247e+00  1.30000000e-05  0.00000000e+00  1.50000000e+00 
 1.31000000e-05  1.57350620e+00  1.31000000e-05  0.00000000e+00  1.50000000e+00 
 1.32000000e-05  1.57434654e+00  1.32000000e-05  0.00000000e+00  1.50000000e+00 
 1.33000000e-05  1.57518355e+00  1.33000000e-05  0.00000000e+00  1.50000000e+00 
 1.34000000e-05  1.57601726e+00  1.34000000e-05  0.00000000e+00  1.50000000e+00 
 1.35000000e-05  1.57684772e+00  1.35000000e-05  0.00000000e+00  1.50000000e+00 
 1.36000000e-05  1.57767497e+00  1.36000000e-05  0.00000000e+00  1.50000000e+00 
 1.37000000e-05  1.57849905e+00  1.37000000e-05  0.00000000e+00  1.50000000e+00 
 1.38000000e-05  1.57931999e+00  1.38000000e-05  0.00000000e+00  1.50000000e+00 
 1.39000000e-05  1.58013784e+00  1.39000000e-05  0.00000000e+00  1.50000000e+00 
 1.40000000e-05  1.58095264e+00  1.40000000e-05  0.00000000e+00  1.50000000e+00 
 1.41000000e-05  1.58176441e+00  1.41000000e-05  0.00000000e+00  1.50000000e+00 
 1.42000000e-05  1.58257319e+00  1.42000000e-05  0.00000000e+00  1.50000000e+00 
 1.43000000e-05  1.58337902e+00  1.43000000e-05  0.00000000e+00  1.50000000e+00 
 1.44000000e-05  1.58418194e+00  1.44000000e-05  0.00000000e+00  1.50000000e+00 
 1.45000000e-05  1.58498198e+00  1.45000000e-05  0.00000000e+00  1.50000000e+00 
 1.46000000e-05  1.58577917e+00  1.46000000e-05  0.00000000e+00  1.50000000e+00 
 1.47000000e-05  1.58657354e+00  1.47000000e-05  0.00000000e+00  1.50000000e+00 
 1.48000000e-05  1.58736513e+00  1.48000000e-05  0.00000000e+00  1.50000000e+00 
 1.49000000e-05  1.58815396e+00  1.49000000e-05  0.00000000e+00  1.50000000e+00 
 1.50000000e-05  1.58894007e+00  1.50000000e-05  0.00000000e+00  1.50000000e+00 
 1.51000000e-05  1.58972349e+00  1.51000000e-05  0.00000000e+00  1.50000000e+00 
 1.52000000e-05  1.59050425e+00  1.52000000e-05  0.00000000e+00  1.50000000e+00 
 1.53000000e-05  1.59128237e+00  1.53000000e-05  0.00000000e+00  1.50000000e+00 
 1.54000000e-05  1.59205789e+00  1.54000000e-05  0.00000000e+00  1.50000000e+00 
 1.55000000e-05  1.59283083e+00  1.55000000e-05  0.00000000e+00  1.50000000e+00 
 1.56000000e-05  1.59360122e+00  1.56000000e-05  0.00000000e+00  1.50000000e+00 
 1.57000000e-05  1.59436909e+00  1.57000000e-05  0.00000000e+00  1.50000000e+00 
 1.58000000e-05  1.59513447e+00  1.58000000e-05  0.00000000e+00  1.50000000e+00 
 1.59000000e-05  1.59589737e+00  1.59000000e-05  0.00000000e+00  1.50000000e+00 
 1.60000000e-05  1.59665783e+00  1.60000000e-05  0.00000000e+00  1.50000000e+00 
 1.61000000e-05  1.59741587e+00  1.61000000e-05  0.00000000e+00  1.50000000e+00 
 1.62000000e-05  1.59817152e+00  1.62000000e-05  0.00000000e+00  1.50000000e+00 
 1.63000000e-05  1.59892479e+00  1.63000000e-05  0.00000000e+00  1.50000000e+00 
 1.64000000e-05  1.59967573e+00  1.64000000e-05  0.00000000e+00  1.50000000e+00 
 1.65000000e-05  1.60042433e+00  1.65000000e-05  0.00000000e+00  1.50000000e+00 
 1.66000000e-05  1.60117064e+00  1.66000000e-05  0.00000000e+00  1.50000000e+00 
 1.67000000e-05  1.60191467e+00  1.67000000e-05  0.00000000e+00  1.50000000e+00 
 1.68000000e-05  1.60265645e+00  1.68000000e-05  0.00000000e+00  1.50000000e+00 
 1.69000000e-05  1.60339600e+00  1.69000000e-05  0.00000000e+00  1.50000000e+00 
 1.70000000e-05  1.60413333e+00  1.70000000e-05  0.00000000e+00  1.50000000e+00 
 1.71000000e-05  1.60486848e+00  1.71000000e-05  0.00000000e+00  1.50000000e+00 
 1.72000000e-05  1.60560146e+00  1.72000000e-05  0.00000000e+00  1.50000000e+00 
 1.73000000e-05  1.60633229e+00  1.73000000e-05  0.00000000e+00  1.50000000e+00 
 1.74000000e-05  1.60706099e+00  1.74000000e-05  0.00000000e+00  1.50000000e+00 
 1.75000000e-05  1.60778759e+00  1.75000000e-05  0.00000000e+00  1.50000000e+00 
 1.76000000e-05  1.60851210e+00  1.76000000e-05  0.00000000e+00  1.50000000e+00 
 1.77000000e-05  1.60923454e+00  1.77000000e-05  0.00000000e+00  1.50000000e+00 
 1.78000000e-05  1.60995493e+00  1.78000000e-05  0.00000000e+00  1.50000000e+00 
 1.79000000e-05  1.61067329e+00  1.79000000e-05  0.00000000e+00  1.50000000e+00 
 1.80000000e-05  1.61138964e+00  1.80000000e-05  0.00000000e+00  1.50000000e+00 
 1.81000000e-05  1.61210399e+00  1.81000000e-05  0.00000000e+00  1.50000000e+00 
 1.82000000e-05  1.61281637e+00  1.82000000e-05  0.00000000e+00  1.50000000e+00 
 1.83000000e-05  1.61352679e+00  1.83000000e-05  0.00000000e+00  1.50000000e+00 
 1.84000000e-05  1.61423527e+00  1.84000000e-05  0.00000000e+00  1.50000000e+00 
 1.85000000e-05  1.61494183e+00  1.85000000e-05  0.00000000e+00  1.50000000e+00 
 1.86000000e-05  1.61564648e+00  1.86000000e-05  0.00000000e+00  1.50000000e+00 
 1.87000000e-05  1.61634958e+00  1.87000000e-05  0.00000000e+00  1.50000000e+00 
 1.88000000e-05  1.61705050e+00  1.88000000e-05  0.00000000e+00  1.50000000e+00 
 1.89000000e-05  1.61774956e+00  1.89000000e-05  0.00000000e+00  1.50000000e+00 
 1.90000000e-05  1.61844678e+00  1.90000000e-05  0.00000000e+00  1.50000000e+00 
 1.91000000e-05  1.61914218e+00  1.91000000e-05  0.00000000e+00  1.50000000e+00 
 1.92000000e-05  1.61983578e+00  1.92000000e-05  0.00000000e+00  1.50000000e+00 
 1.93000000e-05  1.62052758e+00  1.93000000e-05  0.00000000e+00  1.50000000e+00 
 1.94000000e-05  1.62121762e+00  1.94000000e-05  0.00000000e+00  1.50000000e+00 
 1.95000000e-05  1.62190591e+00  1.95000000e-05  0.00000000e+00  1.50000000e+00 
 1.96000000e-05  1.62259246e+00  1.96000000e-05  0.00000000e+00  1.50000000e+00 
 1.97000000e-05  1.62327729e+00  1.97000000e-05  0.00000000e+00  1.50000000e+00 
 1.98000000e-05  1.62396042e+00  1.98000000e-05  0.00000000e+00  1.50000000e+00 
 1.99000000e-05  1.62464186e+00  1.99000000e-05  0.00000000e+00  1.50000000e+00 
 2.00000000e-05  1.62532158e+00  2.00000000e-05  0.00000000e+00  1.50000000e+00 
 2.01000000e-05  1.62599953e+00  2.01000000e-05  0.00000000e+00  1.50000000e+00 
 2.02000000e-05  1.62667581e+00  2.02000000e-05  0.00000000e+00  1.50000000e+00 
 2.03000000e-05  1.62735044e+00  2.03000000e-05  0.00000000e+00  1.50000000e+00 
 2.04000000e-05  1.62802343e+00  2.04000000e-05  0.00000000e+00  1.50000000e+00 
 2.05000000e-05  1.62869479e+00  2.05000000e-05  0.00000000e+00  1.50000000e+00 
 2.06000000e-05  1.62936454e+00  2.06000000e-05  0.00000000e+00  1.50000000e+00 
 2.07000000e-05  1.63003268e+00  2.07000000e-05  0.00000000e+00  1.50000000e+00 
 2.08000000e-05  1.63069923e+00  2.08000000e-05  0.00000000e+00  1.50000000e+00 
 2.09000000e-05  1.63136420e+00  2.09000000e-05  0.00000000e+00  1.50000000e+00 
 2.10000000e-05  1.63202761e+00  2.10000000e-05  0.00000000e+00  1.50000000e+00 
 2.11000000e-05  1.63268946e+00  2.11000000e-05  0.00000000e+00  1.50000000e+00 
 2.12000000e-05  1.63334977e+00  2.12000000e-05  0.00000000e+00  1.50000000e+00 
 2.13000000e-05  1.63400855e+00  2.13000000e-05  0.00000000e+00  1.50000000e+00 
 2.14000000e-05  1.63466580e+00  2.14000000e-05  0.00000000e+00  1.50000000e+00 
 2.15000000e-05  1.63532155e+00  2.15000000e-05  0.00000000e+00  1.50000000e+00 
 2.16000000e-05  1.63597580e+00  2.16000000e-05  0.00000000e+00  1.50000000e+00 
 2.17000000e-05  1.63662857e+00  2.17000000e-05  0.00000000e+00  1.50000000e+00 
 2.18000000e-05  1.63727986e+00  2.18000000e-05  0.00000000e+00  1.50000000e+00 
 2.19000000e-05  1.63792968e+00  2.19000000e-05  0.00000000e+00  1.50000000e+00 
 2.20000000e-05  1.63857805e+00  2.20000000e-05  0.00000000e+00  1.50000000e+00 
 2.21000000e-05  1.63922497e+00  2.21000000e-05  0.00000000e+00  1.50000000e+00 
 2.22000000e-05  1.63987047e+00  2.22000000e-05  0.00000000e+00  1.50000000e+00 
 2.23000000e-05  1.64051453e+00  2.23000000e-05  0.00000000e+00  1.50000000e+00 
 2.24000000e-05  1.64115719e+00  2.24000000e-05  0.00000000e+00  1.50000000e+00 
 2.25000000e-05  1.64179844e+00  2.25000000e-05  0.00000000e+00  1.50000000e+00 
 2.26000000e-05  1.64243830e+00  2.26000000e-05  0.00000000e+00  1.50000000e+00 
 2.27000000e-05  1.64307677e+00  2.27000000e-05  0.00000000e+00  1.50000000e+00 
 2.28000000e-05  1.64371387e+00  2.28000000e-05  0.00000000e+00  1.50000000e+00 
 2.29000000e-05  1.64434961e+00  2.29000000e-05  0.00000000e+00  1.50000000e+00 
 2.30000000e-05  1.64498399e+00  2.30000000e-05  0.00000000e+00  1.50000000e+00 
 2.31000000e-05  1.64561702e+00  2.31000000e-05  0.00000000e+00  1.50000000e+00 
 2.32000000e-05  1.64624872e+00  2.32000000e-05  0.00000000e+00  1.50000000e+00 
 2.33000000e-05  1.64687909e+00  2.33000000e-05  0.00000000e+00  1.50000000e+00 
 2.34000000e-05  1.64750814e+00  2.34000000e-05  0.00000000e+00  1.50000000e+00 
 2.35000000e-05  1.64813589e+00  2.35000000e-05  0.00000000e+00  1.50000000e+00 
 2.36000000e-05  1.64876233e+00  2.36000000e-05  0.00000000e+00  1.50000000e+00 
 2.37000000e-05  1.64938748e+00  2.37000000e-05  0.00000000e+00  1.50000000e+00 
 2.38000000e-05  1.65001135e+00  2.38000000e-05  0.00000000e+00  1.50000000e+00 
 2.39000000e-05  1.65063394e+00  2.39000000e-05  0.00000000e+00  1.50000000e+00 
 2.40000000e-05  1.65125527e+00  2.40000000e-05  0.00000000e+00  1.50000000e+00 
 2.41000000e-05  1.65187533e+00  2.41000000e-05  0.00000000e+00  1.50000000e+00 
 2.42000000e-05  1.65249415e+00  2.42000000e-05  0.00000000e+00  1.50000000e+00 
 2.43000000e-05  1.65311173e+00  2.43000000e-05  0.00000000e+00  1.50000000e+00 
 2.44000000e-05  1.65372807e+00  2.44000000e-05  0.00000000e+00  1.50000000e+00 
 2.45000000e-05  1.65434319e+00  2.45000000e-05  0.00000000e+00  1.50000000e+00 
 2.46000000e-05  1.65495709e+00  2.46000000e-05  0.00000000e+00  1.50000000e+00 
 2.47000000e-05  1.65556978e+00  2.47000000e-05  0.00000000e+00  1.50000000e+00 
 2.48000000e-05  1.65618127e+00  2.48000000e-05  0.00000000e+00  1.50000000e+00 
 2.49000000e-05  1.65679156e+00  2.49000000e-05  0.00000000e+00  1.50000000e+00 
 2.50000000e-05  1.65740067e+00  2.50000000e-05  0.00000000e+00  1.50000000e+00 
