 i-sweep         v(vout)         i(viin)         v(vgate)        v(vmid)        
 0.00000000e+00  7.12930253e-08  0.00000000e+00  1.00000000e+00  0.00000000e+00 
 1.00000000e-07  3.97723378e-03  1.00000000e-07  1.00000000e+00  0.00000000e+00 
 2.00000000e-07  7.99691964e-03  2.00000000e-07  1.00000000e+00  0.00000000e+00 
 3.00000000e-07  1.20605001e-02  3.00000000e-07  1.00000000e+00  0.00000000e+00 
 4.00000000e-07  1.61694221e-02  4.00000000e-07  1.00000000e+00  0.00000000e+00 
 5.00000000e-07  2.03252137e-02  5.00000000e-07  1.00000000e+00  0.00000000e+00 
 6.00000000e-07  2.45049719e-02  6.00000000e-07  1.00000000e+00  0.00000000e+00 
 7.00000000e-07  2.87582804e-02  7.00000000e-07  1.00000000e+00  0.00000000e+00 
 8.00000000e-07  3.30638168e-02  8.00000000e-07  1.00000000e+00  0.00000000e+00 
 9.00000000e-07  3.74232316e-02  9.00000000e-07  1.00000000e+00  0.00000000e+00 
 1.00000000e-06  4.18385626e-02  1.00000000e-06  1.00000000e+00  0.00000000e+00 
 1.10000000e-06  4.63119826e-02  1.10000000e-06  1.00000000e+00  0.00000000e+00 
 1.20000000e-06  5.08458084e-02  1.20000000e-06  1.00000000e+00  0.00000000e+00 
 1.30000000e-06  5.54425144e-02  1.30000000e-06  1.00000000e+00  0.00000000e+00 
 1.40000000e-06  6.01047482e-02  1.40000000e-06  1.00000000e+00  0.00000000e+00 
 1.50000000e-06  6.48353476e-02  1.50000000e-06  1.00000000e+00  0.00000000e+00 
 1.60000000e-06  6.96373605e-02  1.60000000e-06  1.00000000e+00  0.00000000e+00 
 1.70000000e-06  7.45140674e-02  1.70000000e-06  1.00000000e+00  0.00000000e+00 
 1.80000000e-06  7.94690065e-02  1.80000000e-06  1.00000000e+00  0.00000000e+00 
 1.90000000e-06  8.45060030e-02  1.90000000e-06  1.00000000e+00  0.00000000e+00 
 2.00000000e-06  8.96292028e-02  2.00000000e-06  1.00000000e+00  0.00000000e+00 
 2.10000000e-06  9.48431111e-02  2.10000000e-06  1.00000000e+00  0.00000000e+00 
 2.20000000e-06  1.00152637e-01  2.20000000e-06  1.00000000e+00  0.00000000e+00 
 2.30000000e-06  1.05563148e-01  2.30000000e-06  1.00000000e+00  0.00000000e+00 
 2.40000000e-06  1.11080526e-01  2.40000000e-06  1.00000000e+00  0.00000000e+00 
 2.50000000e-06  1.16711247e-01  2.50000000e-06  1.00000000e+00  0.00000000e+00 
 2.60000000e-06  1.22462460e-01  2.60000000e-06  1.00000000e+00  0.00000000e+00 
 2.70000000e-06  1.28342096e-01  2.70000000e-06  1.00000000e+00  0.00000000e+00 
 2.80000000e-06  1.34358984e-01  2.80000000e-06  1.00000000e+00  0.00000000e+00 
 2.90000000e-06  1.40523005e-01  2.90000000e-06  1.00000000e+00  0.00000000e+00 
 3.00000000e-06  1.46845275e-01  3.00000000e-06  1.00000000e+00  0.00000000e+00 
 3.10000000e-06  1.53338363e-01  3.10000000e-06  1.00000000e+00  0.00000000e+00 
 3.20000000e-06  1.60016578e-01  3.20000000e-06  1.00000000e+00  0.00000000e+00 
 3.30000000e-06  1.66896315e-01  3.30000000e-06  1.00000000e+00  0.00000000e+00 
 3.40000000e-06  1.73996504e-01  3.40000000e-06  1.00000000e+00  0.00000000e+00 
 3.50000000e-06  1.81339187e-01  3.50000000e-06  1.00000000e+00  0.00000000e+00 
 3.60000000e-06  1.88950270e-01  3.60000000e-06  1.00000000e+00  0.00000000e+00 
 3.70000000e-06  1.96860530e-01  3.70000000e-06  1.00000000e+00  0.00000000e+00 
 3.80000000e-06  2.05106971e-01  3.80000000e-06  1.00000000e+00  0.00000000e+00 
 3.90000000e-06  2.13734704e-01  3.90000000e-06  1.00000000e+00  0.00000000e+00 
 4.00000000e-06  2.23042757e-01  4.00000000e-06  1.00000000e+00  0.00000000e+00 
 4.10000000e-06  2.32657849e-01  4.10000000e-06  1.00000000e+00  0.00000000e+00 
 4.20000000e-06  2.42885021e-01  4.20000000e-06  1.00000000e+00  0.00000000e+00 
 4.30000000e-06  2.53851289e-01  4.30000000e-06  1.00000000e+00  0.00000000e+00 
 4.40000000e-06  2.65732452e-01  4.40000000e-06  1.00000000e+00  0.00000000e+00 
 4.50000000e-06  2.78782818e-01  4.50000000e-06  1.00000000e+00  0.00000000e+00 
 4.60000000e-06  2.93391890e-01  4.60000000e-06  1.00000000e+00  0.00000000e+00 
 4.70000000e-06  3.10203707e-01  4.70000000e-06  1.00000000e+00  0.00000000e+00 
 4.80000000e-06  3.30403803e-01  4.80000000e-06  1.00000000e+00  0.00000000e+00 
 4.90000000e-06  3.56551682e-01  4.90000000e-06  1.00000000e+00  0.00000000e+00 
 5.00000000e-06  3.96286547e-01  5.00000000e-06  1.00000000e+00  0.00000000e+00 
 5.10000000e-06  4.85169791e-01  5.10000000e-06  1.00000000e+00  0.00000000e+00 
 5.20000000e-06  8.61834973e-01  5.20000000e-06  1.00000000e+00  0.00000000e+00 
 5.30000000e-06  1.00710368e+00  5.30000000e-06  1.00000000e+00  0.00000000e+00 
 5.40000000e-06  1.04272362e+00  5.40000000e-06  1.00000000e+00  0.00000000e+00 
 5.50000000e-06  1.06309162e+00  5.50000000e-06  1.00000000e+00  0.00000000e+00 
 5.60000000e-06  1.07705535e+00  5.60000000e-06  1.00000000e+00  0.00000000e+00 
 5.70000000e-06  1.08797753e+00  5.70000000e-06  1.00000000e+00  0.00000000e+00 
 5.80000000e-06  1.09778441e+00  5.80000000e-06  1.00000000e+00  0.00000000e+00 
 5.90000000e-06  1.10503857e+00  5.90000000e-06  1.00000000e+00  0.00000000e+00 
 6.00000000e-06  1.11161847e+00  6.00000000e-06  1.00000000e+00  0.00000000e+00 
 6.10000000e-06  1.11747257e+00  6.10000000e-06  1.00000000e+00  0.00000000e+00 
 6.20000000e-06  1.12278177e+00  6.20000000e-06  1.00000000e+00  0.00000000e+00 
 6.30000000e-06  1.12764603e+00  6.30000000e-06  1.00000000e+00  0.00000000e+00 
 6.40000000e-06  1.13214304e+00  6.40000000e-06  1.00000000e+00  0.00000000e+00 
 6.50000000e-06  1.13633149e+00  6.50000000e-06  1.00000000e+00  0.00000000e+00 
 6.60000000e-06  1.14025709e+00  6.60000000e-06  1.00000000e+00  0.00000000e+00 
 6.70000000e-06  1.14395605e+00  6.70000000e-06  1.00000000e+00  0.00000000e+00 
 6.80000000e-06  1.14745754e+00  6.80000000e-06  1.00000000e+00  0.00000000e+00 
 6.90000000e-06  1.15078544e+00  6.90000000e-06  1.00000000e+00  0.00000000e+00 
 7.00000000e-06  1.15395946e+00  7.00000000e-06  1.00000000e+00  0.00000000e+00 
 7.10000000e-06  1.15699615e+00  7.10000000e-06  1.00000000e+00  0.00000000e+00 
 7.20000000e-06  1.15990947e+00  7.20000000e-06  1.00000000e+00  0.00000000e+00 
 7.30000000e-06  1.16271132e+00  7.30000000e-06  1.00000000e+00  0.00000000e+00 
 7.40000000e-06  1.16541196e+00  7.40000000e-06  1.00000000e+00  0.00000000e+00 
 7.50000000e-06  1.16802024e+00  7.50000000e-06  1.00000000e+00  0.00000000e+00 
 7.60000000e-06  1.17054391e+00  7.60000000e-06  1.00000000e+00  0.00000000e+00 
 7.70000000e-06  1.17298975e+00  7.70000000e-06  1.00000000e+00  0.00000000e+00 
 7.80000000e-06  1.17536374e+00  7.80000000e-06  1.00000000e+00  0.00000000e+00 
 7.90000000e-06  1.17767118e+00  7.90000000e-06  1.00000000e+00  0.00000000e+00 
 8.00000000e-06  1.17991680e+00  8.00000000e-06  1.00000000e+00  0.00000000e+00 
 8.10000000e-06  1.18210483e+00  8.10000000e-06  1.00000000e+00  0.00000000e+00 
 8.20000000e-06  1.18423905e+00  8.20000000e-06  1.00000000e+00  0.00000000e+00 
 8.30000000e-06  1.18632290e+00  8.30000000e-06  1.00000000e+00  0.00000000e+00 
 8.40000000e-06  1.18835947e+00  8.40000000e-06  1.00000000e+00  0.00000000e+00 
 8.50000000e-06  1.19035158e+00  8.50000000e-06  1.00000000e+00  0.00000000e+00 
 8.60000000e-06  1.19230178e+00  8.60000000e-06  1.00000000e+00  0.00000000e+00 
 8.70000000e-06  1.19421242e+00  8.70000000e-06  1.00000000e+00  0.00000000e+00 
 8.80000000e-06  1.19608563e+00  8.80000000e-06  1.00000000e+00  0.00000000e+00 
 8.90000000e-06  1.19792339e+00  8.90000000e-06  1.00000000e+00  0.00000000e+00 
 9.00000000e-06  1.19972750e+00  9.00000000e-06  1.00000000e+00  0.00000000e+00 
 9.10000000e-06  1.20149964e+00  9.10000000e-06  1.00000000e+00  0.00000000e+00 
 9.20000000e-06  1.20324135e+00  9.20000000e-06  1.00000000e+00  0.00000000e+00 
 9.30000000e-06  1.20495406e+00  9.30000000e-06  1.00000000e+00  0.00000000e+00 
 9.40000000e-06  1.20663910e+00  9.40000000e-06  1.00000000e+00  0.00000000e+00 
 9.50000000e-06  1.20829771e+00  9.50000000e-06  1.00000000e+00  0.00000000e+00 
 9.60000000e-06  1.20993104e+00  9.60000000e-06  1.00000000e+00  0.00000000e+00 
 9.70000000e-06  1.21154015e+00  9.70000000e-06  1.00000000e+00  0.00000000e+00 
 9.80000000e-06  1.21312607e+00  9.80000000e-06  1.00000000e+00  0.00000000e+00 
 9.90000000e-06  1.21468972e+00  9.90000000e-06  1.00000000e+00  0.00000000e+00 
 1.00000000e-05  1.21623200e+00  1.00000000e-05  1.00000000e+00  0.00000000e+00 
 1.01000000e-05  1.21775372e+00  1.01000000e-05  1.00000000e+00  0.00000000e+00 
 1.02000000e-05  1.21925567e+00  1.02000000e-05  1.00000000e+00  0.00000000e+00 
 1.03000000e-05  1.22073857e+00  1.03000000e-05  1.00000000e+00  0.00000000e+00 
 1.04000000e-05  1.22220313e+00  1.04000000e-05  1.00000000e+00  0.00000000e+00 
 1.05000000e-05  1.22365000e+00  1.05000000e-05  1.00000000e+00  0.00000000e+00 
 1.06000000e-05  1.22507978e+00  1.06000000e-05  1.00000000e+00  0.00000000e+00 
 1.07000000e-05  1.22649307e+00  1.07000000e-05  1.00000000e+00  0.00000000e+00 
 1.08000000e-05  1.22789041e+00  1.08000000e-05  1.00000000e+00  0.00000000e+00 
 1.09000000e-05  1.22927233e+00  1.09000000e-05  1.00000000e+00  0.00000000e+00 
 1.10000000e-05  1.23063932e+00  1.10000000e-05  1.00000000e+00  0.00000000e+00 
 1.11000000e-05  1.23199187e+00  1.11000000e-05  1.00000000e+00  0.00000000e+00 
 1.12000000e-05  1.23333041e+00  1.12000000e-05  1.00000000e+00  0.00000000e+00 
 1.13000000e-05  1.23465537e+00  1.13000000e-05  1.00000000e+00  0.00000000e+00 
 1.14000000e-05  1.23596716e+00  1.14000000e-05  1.00000000e+00  0.00000000e+00 
 1.15000000e-05  1.23726616e+00  1.15000000e-05  1.00000000e+00  0.00000000e+00 
 1.16000000e-05  1.23855275e+00  1.16000000e-05  1.00000000e+00  0.00000000e+00 
 1.17000000e-05  1.23982728e+00  1.17000000e-05  1.00000000e+00  0.00000000e+00 
 1.18000000e-05  1.24109009e+00  1.18000000e-05  1.00000000e+00  0.00000000e+00 
 1.19000000e-05  1.24234149e+00  1.19000000e-05  1.00000000e+00  0.00000000e+00 
 1.20000000e-05  1.24358180e+00  1.20000000e-05  1.00000000e+00  0.00000000e+00 
 1.21000000e-05  1.24481130e+00  1.21000000e-05  1.00000000e+00  0.00000000e+00 
 1.22000000e-05  1.24603029e+00  1.22000000e-05  1.00000000e+00  0.00000000e+00 
 1.23000000e-05  1.24723904e+00  1.23000000e-05  1.00000000e+00  0.00000000e+00 
 1.24000000e-05  1.24843780e+00  1.24000000e-05  1.00000000e+00  0.00000000e+00 
 1.25000000e-05  1.24962682e+00  1.25000000e-05  1.00000000e+00  0.00000000e+00 
 1.26000000e-05  1.25080635e+00  1.26000000e-05  1.00000000e+00  0.00000000e+00 
 1.27000000e-05  1.25197661e+00  1.27000000e-05  1.00000000e+00  0.00000000e+00 
 1.28000000e-05  1.25313783e+00  1.28000000e-05  1.00000000e+00  0.00000000e+00 
 1.29000000e-05  1.25429021e+00  1.29000000e-05  1.00000000e+00  0.00000000e+00 
 1.30000000e-05  1.25543397e+00  1.30000000e-05  1.00000000e+00  0.00000000e+00 
 1.31000000e-05  1.25656930e+00  1.31000000e-05  1.00000000e+00  0.00000000e+00 
 1.32000000e-05  1.25769639e+00  1.32000000e-05  1.00000000e+00  0.00000000e+00 
 1.33000000e-05  1.25881542e+00  1.33000000e-05  1.00000000e+00  0.00000000e+00 
 1.34000000e-05  1.25992658e+00  1.34000000e-05  1.00000000e+00  0.00000000e+00 
 1.35000000e-05  1.26103002e+00  1.35000000e-05  1.00000000e+00  0.00000000e+00 
 1.36000000e-05  1.26212593e+00  1.36000000e-05  1.00000000e+00  0.00000000e+00 
 1.37000000e-05  1.26321445e+00  1.37000000e-05  1.00000000e+00  0.00000000e+00 
 1.38000000e-05  1.26429574e+00  1.38000000e-05  1.00000000e+00  0.00000000e+00 
 1.39000000e-05  1.26536995e+00  1.39000000e-05  1.00000000e+00  0.00000000e+00 
 1.40000000e-05  1.26643722e+00  1.40000000e-05  1.00000000e+00  0.00000000e+00 
 1.41000000e-05  1.26749770e+00  1.41000000e-05  1.00000000e+00  0.00000000e+00 
 1.42000000e-05  1.26855150e+00  1.42000000e-05  1.00000000e+00  0.00000000e+00 
 1.43000000e-05  1.26959878e+00  1.43000000e-05  1.00000000e+00  0.00000000e+00 
 1.44000000e-05  1.27063965e+00  1.44000000e-05  1.00000000e+00  0.00000000e+00 
 1.45000000e-05  1.27167423e+00  1.45000000e-05  1.00000000e+00  0.00000000e+00 
 1.46000000e-05  1.27270265e+00  1.46000000e-05  1.00000000e+00  0.00000000e+00 
 1.47000000e-05  1.27372501e+00  1.47000000e-05  1.00000000e+00  0.00000000e+00 
 1.48000000e-05  1.27474144e+00  1.48000000e-05  1.00000000e+00  0.00000000e+00 
 1.49000000e-05  1.27575203e+00  1.49000000e-05  1.00000000e+00  0.00000000e+00 
 1.50000000e-05  1.27675689e+00  1.50000000e-05  1.00000000e+00  0.00000000e+00 
 1.51000000e-05  1.27775613e+00  1.51000000e-05  1.00000000e+00  0.00000000e+00 
 1.52000000e-05  1.27874985e+00  1.52000000e-05  1.00000000e+00  0.00000000e+00 
 1.53000000e-05  1.27973813e+00  1.53000000e-05  1.00000000e+00  0.00000000e+00 
 1.54000000e-05  1.28072108e+00  1.54000000e-05  1.00000000e+00  0.00000000e+00 
 1.55000000e-05  1.28169878e+00  1.55000000e-05  1.00000000e+00  0.00000000e+00 
 1.56000000e-05  1.28267133e+00  1.56000000e-05  1.00000000e+00  0.00000000e+00 
 1.57000000e-05  1.28363880e+00  1.57000000e-05  1.00000000e+00  0.00000000e+00 
 1.58000000e-05  1.28460129e+00  1.58000000e-05  1.00000000e+00  0.00000000e+00 
 1.59000000e-05  1.28555887e+00  1.59000000e-05  1.00000000e+00  0.00000000e+00 
 1.60000000e-05  1.28651162e+00  1.60000000e-05  1.00000000e+00  0.00000000e+00 
 1.61000000e-05  1.28745962e+00  1.61000000e-05  1.00000000e+00  0.00000000e+00 
 1.62000000e-05  1.28840295e+00  1.62000000e-05  1.00000000e+00  0.00000000e+00 
 1.63000000e-05  1.28934168e+00  1.63000000e-05  1.00000000e+00  0.00000000e+00 
 1.64000000e-05  1.29027587e+00  1.64000000e-05  1.00000000e+00  0.00000000e+00 
 1.65000000e-05  1.29120561e+00  1.65000000e-05  1.00000000e+00  0.00000000e+00 
 1.66000000e-05  1.29213095e+00  1.66000000e-05  1.00000000e+00  0.00000000e+00 
 1.67000000e-05  1.29305196e+00  1.67000000e-05  1.00000000e+00  0.00000000e+00 
 1.68000000e-05  1.29396871e+00  1.68000000e-05  1.00000000e+00  0.00000000e+00 
 1.69000000e-05  1.29488127e+00  1.69000000e-05  1.00000000e+00  0.00000000e+00 
 1.70000000e-05  1.29578968e+00  1.70000000e-05  1.00000000e+00  0.00000000e+00 
 1.71000000e-05  1.29669402e+00  1.71000000e-05  1.00000000e+00  0.00000000e+00 
 1.72000000e-05  1.29759433e+00  1.72000000e-05  1.00000000e+00  0.00000000e+00 
 1.73000000e-05  1.29849069e+00  1.73000000e-05  1.00000000e+00  0.00000000e+00 
 1.74000000e-05  1.29938313e+00  1.74000000e-05  1.00000000e+00  0.00000000e+00 
 1.75000000e-05  1.30027173e+00  1.75000000e-05  1.00000000e+00  0.00000000e+00 
 1.76000000e-05  1.30115652e+00  1.76000000e-05  1.00000000e+00  0.00000000e+00 
 1.77000000e-05  1.30203757e+00  1.77000000e-05  1.00000000e+00  0.00000000e+00 
 1.78000000e-05  1.30291492e+00  1.78000000e-05  1.00000000e+00  0.00000000e+00 
 1.79000000e-05  1.30378863e+00  1.79000000e-05  1.00000000e+00  0.00000000e+00 
 1.80000000e-05  1.30465874e+00  1.80000000e-05  1.00000000e+00  0.00000000e+00 
 1.81000000e-05  1.30552529e+00  1.81000000e-05  1.00000000e+00  0.00000000e+00 
 1.82000000e-05  1.30638835e+00  1.82000000e-05  1.00000000e+00  0.00000000e+00 
 1.83000000e-05  1.30724794e+00  1.83000000e-05  1.00000000e+00  0.00000000e+00 
 1.84000000e-05  1.30810413e+00  1.84000000e-05  1.00000000e+00  0.00000000e+00 
 1.85000000e-05  1.30895694e+00  1.85000000e-05  1.00000000e+00  0.00000000e+00 
 1.86000000e-05  1.30980642e+00  1.86000000e-05  1.00000000e+00  0.00000000e+00 
 1.87000000e-05  1.31065262e+00  1.87000000e-05  1.00000000e+00  0.00000000e+00 
 1.88000000e-05  1.31149558e+00  1.88000000e-05  1.00000000e+00  0.00000000e+00 
 1.89000000e-05  1.31233533e+00  1.89000000e-05  1.00000000e+00  0.00000000e+00 
 1.90000000e-05  1.31317191e+00  1.90000000e-05  1.00000000e+00  0.00000000e+00 
 1.91000000e-05  1.31400537e+00  1.91000000e-05  1.00000000e+00  0.00000000e+00 
 1.92000000e-05  1.31483574e+00  1.92000000e-05  1.00000000e+00  0.00000000e+00 
 1.93000000e-05  1.31566306e+00  1.93000000e-05  1.00000000e+00  0.00000000e+00 
 1.94000000e-05  1.31648736e+00  1.94000000e-05  1.00000000e+00  0.00000000e+00 
 1.95000000e-05  1.31730869e+00  1.95000000e-05  1.00000000e+00  0.00000000e+00 
 1.96000000e-05  1.31812706e+00  1.96000000e-05  1.00000000e+00  0.00000000e+00 
 1.97000000e-05  1.31894253e+00  1.97000000e-05  1.00000000e+00  0.00000000e+00 
 1.98000000e-05  1.31975512e+00  1.98000000e-05  1.00000000e+00  0.00000000e+00 
 1.99000000e-05  1.32056486e+00  1.99000000e-05  1.00000000e+00  0.00000000e+00 
 2.00000000e-05  1.32137179e+00  2.00000000e-05  1.00000000e+00  0.00000000e+00 
 2.01000000e-05  1.32217594e+00  2.01000000e-05  1.00000000e+00  0.00000000e+00 
 2.02000000e-05  1.32297734e+00  2.02000000e-05  1.00000000e+00  0.00000000e+00 
 2.03000000e-05  1.32377602e+00  2.03000000e-05  1.00000000e+00  0.00000000e+00 
 2.04000000e-05  1.32457201e+00  2.04000000e-05  1.00000000e+00  0.00000000e+00 
 2.05000000e-05  1.32536534e+00  2.05000000e-05  1.00000000e+00  0.00000000e+00 
 2.06000000e-05  1.32615604e+00  2.06000000e-05  1.00000000e+00  0.00000000e+00 
 2.07000000e-05  1.32694414e+00  2.07000000e-05  1.00000000e+00  0.00000000e+00 
 2.08000000e-05  1.32772966e+00  2.08000000e-05  1.00000000e+00  0.00000000e+00 
 2.09000000e-05  1.32851263e+00  2.09000000e-05  1.00000000e+00  0.00000000e+00 
 2.10000000e-05  1.32929308e+00  2.10000000e-05  1.00000000e+00  0.00000000e+00 
 2.11000000e-05  1.33007104e+00  2.11000000e-05  1.00000000e+00  0.00000000e+00 
 2.12000000e-05  1.33084653e+00  2.12000000e-05  1.00000000e+00  0.00000000e+00 
 2.13000000e-05  1.33161957e+00  2.13000000e-05  1.00000000e+00  0.00000000e+00 
 2.14000000e-05  1.33239020e+00  2.14000000e-05  1.00000000e+00  0.00000000e+00 
 2.15000000e-05  1.33315843e+00  2.15000000e-05  1.00000000e+00  0.00000000e+00 
 2.16000000e-05  1.33392429e+00  2.16000000e-05  1.00000000e+00  0.00000000e+00 
 2.17000000e-05  1.33468781e+00  2.17000000e-05  1.00000000e+00  0.00000000e+00 
 2.18000000e-05  1.33544900e+00  2.18000000e-05  1.00000000e+00  0.00000000e+00 
 2.19000000e-05  1.33620790e+00  2.19000000e-05  1.00000000e+00  0.00000000e+00 
 2.20000000e-05  1.33696452e+00  2.20000000e-05  1.00000000e+00  0.00000000e+00 
 2.21000000e-05  1.33771888e+00  2.21000000e-05  1.00000000e+00  0.00000000e+00 
 2.22000000e-05  1.33847101e+00  2.22000000e-05  1.00000000e+00  0.00000000e+00 
 2.23000000e-05  1.33922093e+00  2.23000000e-05  1.00000000e+00  0.00000000e+00 
 2.24000000e-05  1.33996866e+00  2.24000000e-05  1.00000000e+00  0.00000000e+00 
 2.25000000e-05  1.34071422e+00  2.25000000e-05  1.00000000e+00  0.00000000e+00 
 2.26000000e-05  1.34145764e+00  2.26000000e-05  1.00000000e+00  0.00000000e+00 
 2.27000000e-05  1.34219892e+00  2.27000000e-05  1.00000000e+00  0.00000000e+00 
 2.28000000e-05  1.34293809e+00  2.28000000e-05  1.00000000e+00  0.00000000e+00 
 2.29000000e-05  1.34367518e+00  2.29000000e-05  1.00000000e+00  0.00000000e+00 
 2.30000000e-05  1.34441019e+00  2.30000000e-05  1.00000000e+00  0.00000000e+00 
 2.31000000e-05  1.34514316e+00  2.31000000e-05  1.00000000e+00  0.00000000e+00 
 2.32000000e-05  1.34587409e+00  2.32000000e-05  1.00000000e+00  0.00000000e+00 
 2.33000000e-05  1.34660301e+00  2.33000000e-05  1.00000000e+00  0.00000000e+00 
 2.34000000e-05  1.34732993e+00  2.34000000e-05  1.00000000e+00  0.00000000e+00 
 2.35000000e-05  1.34805488e+00  2.35000000e-05  1.00000000e+00  0.00000000e+00 
 2.36000000e-05  1.34877786e+00  2.36000000e-05  1.00000000e+00  0.00000000e+00 
 2.37000000e-05  1.34949890e+00  2.37000000e-05  1.00000000e+00  0.00000000e+00 
 2.38000000e-05  1.35021802e+00  2.38000000e-05  1.00000000e+00  0.00000000e+00 
 2.39000000e-05  1.35093522e+00  2.39000000e-05  1.00000000e+00  0.00000000e+00 
 2.40000000e-05  1.35165054e+00  2.40000000e-05  1.00000000e+00  0.00000000e+00 
 2.41000000e-05  1.35236397e+00  2.41000000e-05  1.00000000e+00  0.00000000e+00 
 2.42000000e-05  1.35307555e+00  2.42000000e-05  1.00000000e+00  0.00000000e+00 
 2.43000000e-05  1.35378528e+00  2.43000000e-05  1.00000000e+00  0.00000000e+00 
 2.44000000e-05  1.35449319e+00  2.44000000e-05  1.00000000e+00  0.00000000e+00 
 2.45000000e-05  1.35519928e+00  2.45000000e-05  1.00000000e+00  0.00000000e+00 
 2.46000000e-05  1.35590357e+00  2.46000000e-05  1.00000000e+00  0.00000000e+00 
 2.47000000e-05  1.35660608e+00  2.47000000e-05  1.00000000e+00  0.00000000e+00 
 2.48000000e-05  1.35730682e+00  2.48000000e-05  1.00000000e+00  0.00000000e+00 
 2.49000000e-05  1.35800580e+00  2.49000000e-05  1.00000000e+00  0.00000000e+00 
 2.50000000e-05  1.35870305e+00  2.50000000e-05  1.00000000e+00  0.00000000e+00 
 2.51000000e-05  1.35939857e+00  2.51000000e-05  1.00000000e+00  0.00000000e+00 
 2.52000000e-05  1.36009238e+00  2.52000000e-05  1.00000000e+00  0.00000000e+00 
 2.53000000e-05  1.36078449e+00  2.53000000e-05  1.00000000e+00  0.00000000e+00 
 2.54000000e-05  1.36147492e+00  2.54000000e-05  1.00000000e+00  0.00000000e+00 
 2.55000000e-05  1.36216367e+00  2.55000000e-05  1.00000000e+00  0.00000000e+00 
 2.56000000e-05  1.36285077e+00  2.56000000e-05  1.00000000e+00  0.00000000e+00 
 2.57000000e-05  1.36353623e+00  2.57000000e-05  1.00000000e+00  0.00000000e+00 
 2.58000000e-05  1.36422005e+00  2.58000000e-05  1.00000000e+00  0.00000000e+00 
 2.59000000e-05  1.36490225e+00  2.59000000e-05  1.00000000e+00  0.00000000e+00 
 2.60000000e-05  1.36558285e+00  2.60000000e-05  1.00000000e+00  0.00000000e+00 
 2.61000000e-05  1.36626186e+00  2.61000000e-05  1.00000000e+00  0.00000000e+00 
 2.62000000e-05  1.36693928e+00  2.62000000e-05  1.00000000e+00  0.00000000e+00 
 2.63000000e-05  1.36761513e+00  2.63000000e-05  1.00000000e+00  0.00000000e+00 
 2.64000000e-05  1.36828943e+00  2.64000000e-05  1.00000000e+00  0.00000000e+00 
 2.65000000e-05  1.36896217e+00  2.65000000e-05  1.00000000e+00  0.00000000e+00 
 2.66000000e-05  1.36963339e+00  2.66000000e-05  1.00000000e+00  0.00000000e+00 
 2.67000000e-05  1.37030308e+00  2.67000000e-05  1.00000000e+00  0.00000000e+00 
 2.68000000e-05  1.37097126e+00  2.68000000e-05  1.00000000e+00  0.00000000e+00 
 2.69000000e-05  1.37163794e+00  2.69000000e-05  1.00000000e+00  0.00000000e+00 
 2.70000000e-05  1.37230313e+00  2.70000000e-05  1.00000000e+00  0.00000000e+00 
 2.71000000e-05  1.37296684e+00  2.71000000e-05  1.00000000e+00  0.00000000e+00 
 2.72000000e-05  1.37362908e+00  2.72000000e-05  1.00000000e+00  0.00000000e+00 
 2.73000000e-05  1.37428987e+00  2.73000000e-05  1.00000000e+00  0.00000000e+00 
 2.74000000e-05  1.37494921e+00  2.74000000e-05  1.00000000e+00  0.00000000e+00 
 2.75000000e-05  1.37560711e+00  2.75000000e-05  1.00000000e+00  0.00000000e+00 
 2.76000000e-05  1.37626359e+00  2.76000000e-05  1.00000000e+00  0.00000000e+00 
 2.77000000e-05  1.37691865e+00  2.77000000e-05  1.00000000e+00  0.00000000e+00 
 2.78000000e-05  1.37757231e+00  2.78000000e-05  1.00000000e+00  0.00000000e+00 
 2.79000000e-05  1.37822457e+00  2.79000000e-05  1.00000000e+00  0.00000000e+00 
 2.80000000e-05  1.37887544e+00  2.80000000e-05  1.00000000e+00  0.00000000e+00 
 2.81000000e-05  1.37952494e+00  2.81000000e-05  1.00000000e+00  0.00000000e+00 
 2.82000000e-05  1.38017307e+00  2.82000000e-05  1.00000000e+00  0.00000000e+00 
 2.83000000e-05  1.38081984e+00  2.83000000e-05  1.00000000e+00  0.00000000e+00 
 2.84000000e-05  1.38146526e+00  2.84000000e-05  1.00000000e+00  0.00000000e+00 
 2.85000000e-05  1.38210935e+00  2.85000000e-05  1.00000000e+00  0.00000000e+00 
 2.86000000e-05  1.38275210e+00  2.86000000e-05  1.00000000e+00  0.00000000e+00 
 2.87000000e-05  1.38339354e+00  2.87000000e-05  1.00000000e+00  0.00000000e+00 
 2.88000000e-05  1.38403366e+00  2.88000000e-05  1.00000000e+00  0.00000000e+00 
 2.89000000e-05  1.38467248e+00  2.89000000e-05  1.00000000e+00  0.00000000e+00 
 2.90000000e-05  1.38531000e+00  2.90000000e-05  1.00000000e+00  0.00000000e+00 
 2.91000000e-05  1.38594624e+00  2.91000000e-05  1.00000000e+00  0.00000000e+00 
 2.92000000e-05  1.38658120e+00  2.92000000e-05  1.00000000e+00  0.00000000e+00 
 2.93000000e-05  1.38721490e+00  2.93000000e-05  1.00000000e+00  0.00000000e+00 
 2.94000000e-05  1.38784733e+00  2.94000000e-05  1.00000000e+00  0.00000000e+00 
 2.95000000e-05  1.38847851e+00  2.95000000e-05  1.00000000e+00  0.00000000e+00 
 2.96000000e-05  1.38910844e+00  2.96000000e-05  1.00000000e+00  0.00000000e+00 
 2.97000000e-05  1.38973714e+00  2.97000000e-05  1.00000000e+00  0.00000000e+00 
 2.98000000e-05  1.39036461e+00  2.98000000e-05  1.00000000e+00  0.00000000e+00 
 2.99000000e-05  1.39099086e+00  2.99000000e-05  1.00000000e+00  0.00000000e+00 
 3.00000000e-05  1.39161590e+00  3.00000000e-05  1.00000000e+00  0.00000000e+00 
