 i-sweep         v(vout)         i(viin)         v(vgate)        v(vmid)        
 0.00000000e+00  3.00000057e-01  0.00000000e+00  1.30000000e+00  3.00000000e-01 
 1.00000000e-07  3.04729345e-01  1.00000000e-07  1.30000000e+00  3.00000000e-01 
 2.00000000e-07  3.09560543e-01  2.00000000e-07  1.30000000e+00  3.00000000e-01 
 3.00000000e-07  3.14465128e-01  3.00000000e-07  1.30000000e+00  3.00000000e-01 
 4.00000000e-07  3.19446002e-01  4.00000000e-07  1.30000000e+00  3.00000000e-01 
 5.00000000e-07  3.24506771e-01  5.00000000e-07  1.30000000e+00  3.00000000e-01 
 6.00000000e-07  3.29651345e-01  6.00000000e-07  1.30000000e+00  3.00000000e-01 
 7.00000000e-07  3.34883959e-01  7.00000000e-07  1.30000000e+00  3.00000000e-01 
 8.00000000e-07  3.40209218e-01  8.00000000e-07  1.30000000e+00  3.00000000e-01 
 9.00000000e-07  3.45632139e-01  9.00000000e-07  1.30000000e+00  3.00000000e-01 
 1.00000000e-06  3.51158209e-01  1.00000000e-06  1.30000000e+00  3.00000000e-01 
 1.10000000e-06  3.56793442e-01  1.10000000e-06  1.30000000e+00  3.00000000e-01 
 1.20000000e-06  3.62544461e-01  1.20000000e-06  1.30000000e+00  3.00000000e-01 
 1.30000000e-06  3.68418579e-01  1.30000000e-06  1.30000000e+00  3.00000000e-01 
 1.40000000e-06  3.74423911e-01  1.40000000e-06  1.30000000e+00  3.00000000e-01 
 1.50000000e-06  3.80569496e-01  1.50000000e-06  1.30000000e+00  3.00000000e-01 
 1.60000000e-06  3.86865451e-01  1.60000000e-06  1.30000000e+00  3.00000000e-01 
 1.70000000e-06  3.93323163e-01  1.70000000e-06  1.30000000e+00  3.00000000e-01 
 1.80000000e-06  3.99955517e-01  1.80000000e-06  1.30000000e+00  3.00000000e-01 
 1.90000000e-06  4.06777190e-01  1.90000000e-06  1.30000000e+00  3.00000000e-01 
 2.00000000e-06  4.13805009e-01  2.00000000e-06  1.30000000e+00  3.00000000e-01 
 2.10000000e-06  4.21058422e-01  2.10000000e-06  1.30000000e+00  3.00000000e-01 
 2.20000000e-06  4.28560098e-01  2.20000000e-06  1.30000000e+00  3.00000000e-01 
 2.30000000e-06  4.36336715e-01  2.30000000e-06  1.30000000e+00  3.00000000e-01 
 2.40000000e-06  4.44420012e-01  2.40000000e-06  1.30000000e+00  3.00000000e-01 
 2.50000000e-06  4.52848225e-01  2.50000000e-06  1.30000000e+00  3.00000000e-01 
 2.60000000e-06  4.61668073e-01  2.60000000e-06  1.30000000e+00  3.00000000e-01 
 2.70000000e-06  4.70937595e-01  2.70000000e-06  1.30000000e+00  3.00000000e-01 
 2.80000000e-06  4.80730291e-01  2.80000000e-06  1.30000000e+00  3.00000000e-01 
 2.90000000e-06  4.91141414e-01  2.90000000e-06  1.30000000e+00  3.00000000e-01 
 3.00000000e-06  5.02297848e-01  3.00000000e-06  1.30000000e+00  3.00000000e-01 
 3.10000000e-06  5.14923599e-01  3.10000000e-06  1.30000000e+00  3.00000000e-01 
 3.20000000e-06  5.28344645e-01  3.20000000e-06  1.30000000e+00  3.00000000e-01 
 3.30000000e-06  5.43423926e-01  3.30000000e-06  1.30000000e+00  3.00000000e-01 
 3.40000000e-06  5.60892032e-01  3.40000000e-06  1.30000000e+00  3.00000000e-01 
 3.50000000e-06  5.82159249e-01  3.50000000e-06  1.30000000e+00  3.00000000e-01 
 3.60000000e-06  6.10541358e-01  3.60000000e-06  1.30000000e+00  3.00000000e-01 
 3.70000000e-06  6.58218983e-01  3.70000000e-06  1.30000000e+00  3.00000000e-01 
 3.80000000e-06  8.21111256e-01  3.80000000e-06  1.30000000e+00  3.00000000e-01 
 3.90000000e-06  9.98481479e-01  3.90000000e-06  1.30000000e+00  3.00000000e-01 
 4.00000000e-06  1.03843469e+00  4.00000000e-06  1.30000000e+00  3.00000000e-01 
 4.10000000e-06  1.06032310e+00  4.10000000e-06  1.30000000e+00  3.00000000e-01 
 4.20000000e-06  1.07495003e+00  4.20000000e-06  1.30000000e+00  3.00000000e-01 
 4.30000000e-06  1.08629021e+00  4.30000000e-06  1.30000000e+00  3.00000000e-01 
 4.40000000e-06  1.09642934e+00  4.40000000e-06  1.30000000e+00  3.00000000e-01 
 4.50000000e-06  1.10384155e+00  4.50000000e-06  1.30000000e+00  3.00000000e-01 
 4.60000000e-06  1.11056111e+00  4.60000000e-06  1.30000000e+00  3.00000000e-01 
 4.70000000e-06  1.11652046e+00  4.70000000e-06  1.30000000e+00  3.00000000e-01 
 4.80000000e-06  1.12191448e+00  4.80000000e-06  1.30000000e+00  3.00000000e-01 
 4.90000000e-06  1.12684811e+00  4.90000000e-06  1.30000000e+00  3.00000000e-01 
 5.00000000e-06  1.13140293e+00  5.00000000e-06  1.30000000e+00  3.00000000e-01 
 5.10000000e-06  1.13564030e+00  5.10000000e-06  1.30000000e+00  3.00000000e-01 
 5.20000000e-06  1.13960784e+00  5.20000000e-06  1.30000000e+00  3.00000000e-01 
 5.30000000e-06  1.14334315e+00  5.30000000e-06  1.30000000e+00  3.00000000e-01 
 5.40000000e-06  1.14687647e+00  5.40000000e-06  1.30000000e+00  3.00000000e-01 
 5.50000000e-06  1.15023246e+00  5.50000000e-06  1.30000000e+00  3.00000000e-01 
 5.60000000e-06  1.15343148e+00  5.60000000e-06  1.30000000e+00  3.00000000e-01 
 5.70000000e-06  1.15649056e+00  5.70000000e-06  1.30000000e+00  3.00000000e-01 
 5.80000000e-06  1.15942404e+00  5.80000000e-06  1.30000000e+00  3.00000000e-01 
 5.90000000e-06  1.16224417e+00  5.90000000e-06  1.30000000e+00  3.00000000e-01 
 6.00000000e-06  1.16496144e+00  6.00000000e-06  1.30000000e+00  3.00000000e-01 
 6.10000000e-06  1.16758494e+00  6.10000000e-06  1.30000000e+00  3.00000000e-01 
 6.20000000e-06  1.17012258e+00  6.20000000e-06  1.30000000e+00  3.00000000e-01 
 6.30000000e-06  1.17258130e+00  6.30000000e-06  1.30000000e+00  3.00000000e-01 
 6.40000000e-06  1.17496719e+00  6.40000000e-06  1.30000000e+00  3.00000000e-01 
 6.50000000e-06  1.17728568e+00  6.50000000e-06  1.30000000e+00  3.00000000e-01 
 6.60000000e-06  1.17954158e+00  6.60000000e-06  1.30000000e+00  3.00000000e-01 
 6.70000000e-06  1.18173920e+00  6.70000000e-06  1.30000000e+00  3.00000000e-01 
 6.80000000e-06  1.18388239e+00  6.80000000e-06  1.30000000e+00  3.00000000e-01 
 6.90000000e-06  1.18597466e+00  6.90000000e-06  1.30000000e+00  3.00000000e-01 
 7.00000000e-06  1.18801913e+00  7.00000000e-06  1.30000000e+00  3.00000000e-01 
 7.10000000e-06  1.19001868e+00  7.10000000e-06  1.30000000e+00  3.00000000e-01 
 7.20000000e-06  1.19197591e+00  7.20000000e-06  1.30000000e+00  3.00000000e-01 
 7.30000000e-06  1.19389318e+00  7.30000000e-06  1.30000000e+00  3.00000000e-01 
 7.40000000e-06  1.19577268e+00  7.40000000e-06  1.30000000e+00  3.00000000e-01 
 7.50000000e-06  1.19761640e+00  7.50000000e-06  1.30000000e+00  3.00000000e-01 
 7.60000000e-06  1.19942618e+00  7.60000000e-06  1.30000000e+00  3.00000000e-01 
 7.70000000e-06  1.20120370e+00  7.70000000e-06  1.30000000e+00  3.00000000e-01 
 7.80000000e-06  1.20295054e+00  7.80000000e-06  1.30000000e+00  3.00000000e-01 
 7.90000000e-06  1.20466815e+00  7.90000000e-06  1.30000000e+00  3.00000000e-01 
 8.00000000e-06  1.20635787e+00  8.00000000e-06  1.30000000e+00  3.00000000e-01 
 8.10000000e-06  1.20802094e+00  8.10000000e-06  1.30000000e+00  3.00000000e-01 
 8.20000000e-06  1.20965855e+00  8.20000000e-06  1.30000000e+00  3.00000000e-01 
 8.30000000e-06  1.21127176e+00  8.30000000e-06  1.30000000e+00  3.00000000e-01 
 8.40000000e-06  1.21286161e+00  8.40000000e-06  1.30000000e+00  3.00000000e-01 
 8.50000000e-06  1.21442904e+00  8.50000000e-06  1.30000000e+00  3.00000000e-01 
 8.60000000e-06  1.21597494e+00  8.60000000e-06  1.30000000e+00  3.00000000e-01 
 8.70000000e-06  1.21750015e+00  8.70000000e-06  1.30000000e+00  3.00000000e-01 
 8.80000000e-06  1.21900546e+00  8.80000000e-06  1.30000000e+00  3.00000000e-01 
 8.90000000e-06  1.22049161e+00  8.90000000e-06  1.30000000e+00  3.00000000e-01 
 9.00000000e-06  1.22195929e+00  9.00000000e-06  1.30000000e+00  3.00000000e-01 
 9.10000000e-06  1.22340917e+00  9.10000000e-06  1.30000000e+00  3.00000000e-01 
 9.20000000e-06  1.22484186e+00  9.20000000e-06  1.30000000e+00  3.00000000e-01 
 9.30000000e-06  1.22625796e+00  9.30000000e-06  1.30000000e+00  3.00000000e-01 
 9.40000000e-06  1.22765802e+00  9.40000000e-06  1.30000000e+00  3.00000000e-01 
 9.50000000e-06  1.22904258e+00  9.50000000e-06  1.30000000e+00  3.00000000e-01 
 9.60000000e-06  1.23041212e+00  9.60000000e-06  1.30000000e+00  3.00000000e-01 
 9.70000000e-06  1.23176713e+00  9.70000000e-06  1.30000000e+00  3.00000000e-01 
 9.80000000e-06  1.23310807e+00  9.80000000e-06  1.30000000e+00  3.00000000e-01 
 9.90000000e-06  1.23443535e+00  9.90000000e-06  1.30000000e+00  3.00000000e-01 
 1.00000000e-05  1.23574940e+00  1.00000000e-05  1.30000000e+00  3.00000000e-01 
 1.01000000e-05  1.23705059e+00  1.01000000e-05  1.30000000e+00  3.00000000e-01 
 1.02000000e-05  1.23833931e+00  1.02000000e-05  1.30000000e+00  3.00000000e-01 
 1.03000000e-05  1.23961591e+00  1.03000000e-05  1.30000000e+00  3.00000000e-01 
 1.04000000e-05  1.24088072e+00  1.04000000e-05  1.30000000e+00  3.00000000e-01 
 1.05000000e-05  1.24213408e+00  1.05000000e-05  1.30000000e+00  3.00000000e-01 
 1.06000000e-05  1.24337630e+00  1.06000000e-05  1.30000000e+00  3.00000000e-01 
 1.07000000e-05  1.24460766e+00  1.07000000e-05  1.30000000e+00  3.00000000e-01 
 1.08000000e-05  1.24582846e+00  1.08000000e-05  1.30000000e+00  3.00000000e-01 
 1.09000000e-05  1.24703897e+00  1.09000000e-05  1.30000000e+00  3.00000000e-01 
 1.10000000e-05  1.24823945e+00  1.10000000e-05  1.30000000e+00  3.00000000e-01 
 1.11000000e-05  1.24943015e+00  1.11000000e-05  1.30000000e+00  3.00000000e-01 
 1.12000000e-05  1.25061131e+00  1.12000000e-05  1.30000000e+00  3.00000000e-01 
 1.13000000e-05  1.25178317e+00  1.13000000e-05  1.30000000e+00  3.00000000e-01 
 1.14000000e-05  1.25294594e+00  1.14000000e-05  1.30000000e+00  3.00000000e-01 
 1.15000000e-05  1.25409985e+00  1.15000000e-05  1.30000000e+00  3.00000000e-01 
 1.16000000e-05  1.25524510e+00  1.16000000e-05  1.30000000e+00  3.00000000e-01 
 1.17000000e-05  1.25638188e+00  1.17000000e-05  1.30000000e+00  3.00000000e-01 
 1.18000000e-05  1.25751040e+00  1.18000000e-05  1.30000000e+00  3.00000000e-01 
 1.19000000e-05  1.25863082e+00  1.19000000e-05  1.30000000e+00  3.00000000e-01 
 1.20000000e-05  1.25974334e+00  1.20000000e-05  1.30000000e+00  3.00000000e-01 
 1.21000000e-05  1.26084812e+00  1.21000000e-05  1.30000000e+00  3.00000000e-01 
 1.22000000e-05  1.26194533e+00  1.22000000e-05  1.30000000e+00  3.00000000e-01 
 1.23000000e-05  1.26303513e+00  1.23000000e-05  1.30000000e+00  3.00000000e-01 
 1.24000000e-05  1.26411768e+00  1.24000000e-05  1.30000000e+00  3.00000000e-01 
 1.25000000e-05  1.26519311e+00  1.25000000e-05  1.30000000e+00  3.00000000e-01 
 1.26000000e-05  1.26626159e+00  1.26000000e-05  1.30000000e+00  3.00000000e-01 
 1.27000000e-05  1.26732324e+00  1.27000000e-05  1.30000000e+00  3.00000000e-01 
 1.28000000e-05  1.26837820e+00  1.28000000e-05  1.30000000e+00  3.00000000e-01 
 1.29000000e-05  1.26942661e+00  1.29000000e-05  1.30000000e+00  3.00000000e-01 
 1.30000000e-05  1.27046860e+00  1.30000000e-05  1.30000000e+00  3.00000000e-01 
 1.31000000e-05  1.27150427e+00  1.31000000e-05  1.30000000e+00  3.00000000e-01 
 1.32000000e-05  1.27253376e+00  1.32000000e-05  1.30000000e+00  3.00000000e-01 
 1.33000000e-05  1.27355718e+00  1.33000000e-05  1.30000000e+00  3.00000000e-01 
 1.34000000e-05  1.27457463e+00  1.34000000e-05  1.30000000e+00  3.00000000e-01 
 1.35000000e-05  1.27558624e+00  1.35000000e-05  1.30000000e+00  3.00000000e-01 
 1.36000000e-05  1.27659210e+00  1.36000000e-05  1.30000000e+00  3.00000000e-01 
 1.37000000e-05  1.27759233e+00  1.37000000e-05  1.30000000e+00  3.00000000e-01 
 1.38000000e-05  1.27858700e+00  1.38000000e-05  1.30000000e+00  3.00000000e-01 
 1.39000000e-05  1.27957623e+00  1.39000000e-05  1.30000000e+00  3.00000000e-01 
 1.40000000e-05  1.28056011e+00  1.40000000e-05  1.30000000e+00  3.00000000e-01 
 1.41000000e-05  1.28153873e+00  1.41000000e-05  1.30000000e+00  3.00000000e-01 
 1.42000000e-05  1.28251218e+00  1.42000000e-05  1.30000000e+00  3.00000000e-01 
 1.43000000e-05  1.28348053e+00  1.43000000e-05  1.30000000e+00  3.00000000e-01 
 1.44000000e-05  1.28444389e+00  1.44000000e-05  1.30000000e+00  3.00000000e-01 
 1.45000000e-05  1.28540233e+00  1.45000000e-05  1.30000000e+00  3.00000000e-01 
 1.46000000e-05  1.28635593e+00  1.46000000e-05  1.30000000e+00  3.00000000e-01 
 1.47000000e-05  1.28730476e+00  1.47000000e-05  1.30000000e+00  3.00000000e-01 
 1.48000000e-05  1.28824890e+00  1.48000000e-05  1.30000000e+00  3.00000000e-01 
 1.49000000e-05  1.28918844e+00  1.49000000e-05  1.30000000e+00  3.00000000e-01 
 1.50000000e-05  1.29012342e+00  1.50000000e-05  1.30000000e+00  3.00000000e-01 
 1.51000000e-05  1.29105394e+00  1.51000000e-05  1.30000000e+00  3.00000000e-01 
 1.52000000e-05  1.29198005e+00  1.52000000e-05  1.30000000e+00  3.00000000e-01 
 1.53000000e-05  1.29290182e+00  1.53000000e-05  1.30000000e+00  3.00000000e-01 
 1.54000000e-05  1.29381932e+00  1.54000000e-05  1.30000000e+00  3.00000000e-01 
 1.55000000e-05  1.29473261e+00  1.55000000e-05  1.30000000e+00  3.00000000e-01 
 1.56000000e-05  1.29564175e+00  1.56000000e-05  1.30000000e+00  3.00000000e-01 
 1.57000000e-05  1.29654681e+00  1.57000000e-05  1.30000000e+00  3.00000000e-01 
 1.58000000e-05  1.29744783e+00  1.58000000e-05  1.30000000e+00  3.00000000e-01 
 1.59000000e-05  1.29834488e+00  1.59000000e-05  1.30000000e+00  3.00000000e-01 
 1.60000000e-05  1.29923801e+00  1.60000000e-05  1.30000000e+00  3.00000000e-01 
 1.61000000e-05  1.30012728e+00  1.61000000e-05  1.30000000e+00  3.00000000e-01 
 1.62000000e-05  1.30101275e+00  1.62000000e-05  1.30000000e+00  3.00000000e-01 
 1.63000000e-05  1.30189445e+00  1.63000000e-05  1.30000000e+00  3.00000000e-01 
 1.64000000e-05  1.30277246e+00  1.64000000e-05  1.30000000e+00  3.00000000e-01 
 1.65000000e-05  1.30364681e+00  1.65000000e-05  1.30000000e+00  3.00000000e-01 
 1.66000000e-05  1.30451755e+00  1.66000000e-05  1.30000000e+00  3.00000000e-01 
 1.67000000e-05  1.30538473e+00  1.67000000e-05  1.30000000e+00  3.00000000e-01 
 1.68000000e-05  1.30624840e+00  1.68000000e-05  1.30000000e+00  3.00000000e-01 
 1.69000000e-05  1.30710861e+00  1.69000000e-05  1.30000000e+00  3.00000000e-01 
 1.70000000e-05  1.30796539e+00  1.70000000e-05  1.30000000e+00  3.00000000e-01 
 1.71000000e-05  1.30881880e+00  1.71000000e-05  1.30000000e+00  3.00000000e-01 
 1.72000000e-05  1.30966887e+00  1.72000000e-05  1.30000000e+00  3.00000000e-01 
 1.73000000e-05  1.31051565e+00  1.73000000e-05  1.30000000e+00  3.00000000e-01 
 1.74000000e-05  1.31135918e+00  1.74000000e-05  1.30000000e+00  3.00000000e-01 
 1.75000000e-05  1.31219950e+00  1.75000000e-05  1.30000000e+00  3.00000000e-01 
 1.76000000e-05  1.31303664e+00  1.76000000e-05  1.30000000e+00  3.00000000e-01 
 1.77000000e-05  1.31387065e+00  1.77000000e-05  1.30000000e+00  3.00000000e-01 
 1.78000000e-05  1.31470157e+00  1.78000000e-05  1.30000000e+00  3.00000000e-01 
 1.79000000e-05  1.31552943e+00  1.79000000e-05  1.30000000e+00  3.00000000e-01 
 1.80000000e-05  1.31635426e+00  1.80000000e-05  1.30000000e+00  3.00000000e-01 
 1.81000000e-05  1.31717611e+00  1.81000000e-05  1.30000000e+00  3.00000000e-01 
 1.82000000e-05  1.31799501e+00  1.82000000e-05  1.30000000e+00  3.00000000e-01 
 1.83000000e-05  1.31881099e+00  1.83000000e-05  1.30000000e+00  3.00000000e-01 
 1.84000000e-05  1.31962409e+00  1.84000000e-05  1.30000000e+00  3.00000000e-01 
 1.85000000e-05  1.32043434e+00  1.85000000e-05  1.30000000e+00  3.00000000e-01 
 1.86000000e-05  1.32124177e+00  1.86000000e-05  1.30000000e+00  3.00000000e-01 
 1.87000000e-05  1.32204641e+00  1.87000000e-05  1.30000000e+00  3.00000000e-01 
 1.88000000e-05  1.32284830e+00  1.88000000e-05  1.30000000e+00  3.00000000e-01 
 1.89000000e-05  1.32364746e+00  1.89000000e-05  1.30000000e+00  3.00000000e-01 
 1.90000000e-05  1.32444393e+00  1.90000000e-05  1.30000000e+00  3.00000000e-01 
 1.91000000e-05  1.32523773e+00  1.91000000e-05  1.30000000e+00  3.00000000e-01 
 1.92000000e-05  1.32602890e+00  1.92000000e-05  1.30000000e+00  3.00000000e-01 
 1.93000000e-05  1.32681746e+00  1.93000000e-05  1.30000000e+00  3.00000000e-01 
 1.94000000e-05  1.32760344e+00  1.94000000e-05  1.30000000e+00  3.00000000e-01 
 1.95000000e-05  1.32838686e+00  1.95000000e-05  1.30000000e+00  3.00000000e-01 
 1.96000000e-05  1.32916777e+00  1.96000000e-05  1.30000000e+00  3.00000000e-01 
 1.97000000e-05  1.32994617e+00  1.97000000e-05  1.30000000e+00  3.00000000e-01 
 1.98000000e-05  1.33072209e+00  1.98000000e-05  1.30000000e+00  3.00000000e-01 
 1.99000000e-05  1.33149557e+00  1.99000000e-05  1.30000000e+00  3.00000000e-01 
 2.00000000e-05  1.33226663e+00  2.00000000e-05  1.30000000e+00  3.00000000e-01 
 2.01000000e-05  1.33303529e+00  2.01000000e-05  1.30000000e+00  3.00000000e-01 
 2.02000000e-05  1.33380158e+00  2.02000000e-05  1.30000000e+00  3.00000000e-01 
 2.03000000e-05  1.33456551e+00  2.03000000e-05  1.30000000e+00  3.00000000e-01 
 2.04000000e-05  1.33532712e+00  2.04000000e-05  1.30000000e+00  3.00000000e-01 
 2.05000000e-05  1.33608643e+00  2.05000000e-05  1.30000000e+00  3.00000000e-01 
 2.06000000e-05  1.33684345e+00  2.06000000e-05  1.30000000e+00  3.00000000e-01 
 2.07000000e-05  1.33759822e+00  2.07000000e-05  1.30000000e+00  3.00000000e-01 
 2.08000000e-05  1.33835075e+00  2.08000000e-05  1.30000000e+00  3.00000000e-01 
 2.09000000e-05  1.33910106e+00  2.09000000e-05  1.30000000e+00  3.00000000e-01 
 2.10000000e-05  1.33984918e+00  2.10000000e-05  1.30000000e+00  3.00000000e-01 
 2.11000000e-05  1.34059513e+00  2.11000000e-05  1.30000000e+00  3.00000000e-01 
 2.12000000e-05  1.34133893e+00  2.12000000e-05  1.30000000e+00  3.00000000e-01 
 2.13000000e-05  1.34208059e+00  2.13000000e-05  1.30000000e+00  3.00000000e-01 
 2.14000000e-05  1.34282014e+00  2.14000000e-05  1.30000000e+00  3.00000000e-01 
 2.15000000e-05  1.34355760e+00  2.15000000e-05  1.30000000e+00  3.00000000e-01 
 2.16000000e-05  1.34429299e+00  2.16000000e-05  1.30000000e+00  3.00000000e-01 
 2.17000000e-05  1.34502632e+00  2.17000000e-05  1.30000000e+00  3.00000000e-01 
 2.18000000e-05  1.34575762e+00  2.18000000e-05  1.30000000e+00  3.00000000e-01 
 2.19000000e-05  1.34648690e+00  2.19000000e-05  1.30000000e+00  3.00000000e-01 
 2.20000000e-05  1.34721418e+00  2.20000000e-05  1.30000000e+00  3.00000000e-01 
 2.21000000e-05  1.34793948e+00  2.21000000e-05  1.30000000e+00  3.00000000e-01 
 2.22000000e-05  1.34866281e+00  2.22000000e-05  1.30000000e+00  3.00000000e-01 
 2.23000000e-05  1.34938420e+00  2.23000000e-05  1.30000000e+00  3.00000000e-01 
 2.24000000e-05  1.35010367e+00  2.24000000e-05  1.30000000e+00  3.00000000e-01 
 2.25000000e-05  1.35082121e+00  2.25000000e-05  1.30000000e+00  3.00000000e-01 
 2.26000000e-05  1.35153687e+00  2.26000000e-05  1.30000000e+00  3.00000000e-01 
 2.27000000e-05  1.35225064e+00  2.27000000e-05  1.30000000e+00  3.00000000e-01 
 2.28000000e-05  1.35296255e+00  2.28000000e-05  1.30000000e+00  3.00000000e-01 
 2.29000000e-05  1.35367262e+00  2.29000000e-05  1.30000000e+00  3.00000000e-01 
 2.30000000e-05  1.35438085e+00  2.30000000e-05  1.30000000e+00  3.00000000e-01 
 2.31000000e-05  1.35508727e+00  2.31000000e-05  1.30000000e+00  3.00000000e-01 
 2.32000000e-05  1.35579188e+00  2.32000000e-05  1.30000000e+00  3.00000000e-01 
 2.33000000e-05  1.35649471e+00  2.33000000e-05  1.30000000e+00  3.00000000e-01 
 2.34000000e-05  1.35719577e+00  2.34000000e-05  1.30000000e+00  3.00000000e-01 
 2.35000000e-05  1.35789507e+00  2.35000000e-05  1.30000000e+00  3.00000000e-01 
 2.36000000e-05  1.35859263e+00  2.36000000e-05  1.30000000e+00  3.00000000e-01 
 2.37000000e-05  1.35928846e+00  2.37000000e-05  1.30000000e+00  3.00000000e-01 
 2.38000000e-05  1.35998258e+00  2.38000000e-05  1.30000000e+00  3.00000000e-01 
 2.39000000e-05  1.36067500e+00  2.39000000e-05  1.30000000e+00  3.00000000e-01 
 2.40000000e-05  1.36136573e+00  2.40000000e-05  1.30000000e+00  3.00000000e-01 
 2.41000000e-05  1.36205479e+00  2.41000000e-05  1.30000000e+00  3.00000000e-01 
 2.42000000e-05  1.36274218e+00  2.42000000e-05  1.30000000e+00  3.00000000e-01 
 2.43000000e-05  1.36342794e+00  2.43000000e-05  1.30000000e+00  3.00000000e-01 
 2.44000000e-05  1.36411205e+00  2.44000000e-05  1.30000000e+00  3.00000000e-01 
 2.45000000e-05  1.36479455e+00  2.45000000e-05  1.30000000e+00  3.00000000e-01 
 2.46000000e-05  1.36547544e+00  2.46000000e-05  1.30000000e+00  3.00000000e-01 
 2.47000000e-05  1.36615473e+00  2.47000000e-05  1.30000000e+00  3.00000000e-01 
 2.48000000e-05  1.36683244e+00  2.48000000e-05  1.30000000e+00  3.00000000e-01 
 2.49000000e-05  1.36750858e+00  2.49000000e-05  1.30000000e+00  3.00000000e-01 
 2.50000000e-05  1.36818315e+00  2.50000000e-05  1.30000000e+00  3.00000000e-01 
 2.51000000e-05  1.36885618e+00  2.51000000e-05  1.30000000e+00  3.00000000e-01 
 2.52000000e-05  1.36952767e+00  2.52000000e-05  1.30000000e+00  3.00000000e-01 
 2.53000000e-05  1.37019764e+00  2.53000000e-05  1.30000000e+00  3.00000000e-01 
 2.54000000e-05  1.37086609e+00  2.54000000e-05  1.30000000e+00  3.00000000e-01 
 2.55000000e-05  1.37153304e+00  2.55000000e-05  1.30000000e+00  3.00000000e-01 
 2.56000000e-05  1.37219850e+00  2.56000000e-05  1.30000000e+00  3.00000000e-01 
 2.57000000e-05  1.37286248e+00  2.57000000e-05  1.30000000e+00  3.00000000e-01 
 2.58000000e-05  1.37352499e+00  2.58000000e-05  1.30000000e+00  3.00000000e-01 
 2.59000000e-05  1.37418604e+00  2.59000000e-05  1.30000000e+00  3.00000000e-01 
 2.60000000e-05  1.37484565e+00  2.60000000e-05  1.30000000e+00  3.00000000e-01 
 2.61000000e-05  1.37550381e+00  2.61000000e-05  1.30000000e+00  3.00000000e-01 
 2.62000000e-05  1.37616055e+00  2.62000000e-05  1.30000000e+00  3.00000000e-01 
 2.63000000e-05  1.37681586e+00  2.63000000e-05  1.30000000e+00  3.00000000e-01 
 2.64000000e-05  1.37746978e+00  2.64000000e-05  1.30000000e+00  3.00000000e-01 
 2.65000000e-05  1.37812229e+00  2.65000000e-05  1.30000000e+00  3.00000000e-01 
 2.66000000e-05  1.37877341e+00  2.66000000e-05  1.30000000e+00  3.00000000e-01 
 2.67000000e-05  1.37942316e+00  2.67000000e-05  1.30000000e+00  3.00000000e-01 
 2.68000000e-05  1.38007154e+00  2.68000000e-05  1.30000000e+00  3.00000000e-01 
 2.69000000e-05  1.38071856e+00  2.69000000e-05  1.30000000e+00  3.00000000e-01 
 2.70000000e-05  1.38136423e+00  2.70000000e-05  1.30000000e+00  3.00000000e-01 
 2.71000000e-05  1.38200856e+00  2.71000000e-05  1.30000000e+00  3.00000000e-01 
 2.72000000e-05  1.38265155e+00  2.72000000e-05  1.30000000e+00  3.00000000e-01 
 2.73000000e-05  1.38329323e+00  2.73000000e-05  1.30000000e+00  3.00000000e-01 
 2.74000000e-05  1.38393359e+00  2.74000000e-05  1.30000000e+00  3.00000000e-01 
 2.75000000e-05  1.38457265e+00  2.75000000e-05  1.30000000e+00  3.00000000e-01 
 2.76000000e-05  1.38521041e+00  2.76000000e-05  1.30000000e+00  3.00000000e-01 
 2.77000000e-05  1.38584688e+00  2.77000000e-05  1.30000000e+00  3.00000000e-01 
 2.78000000e-05  1.38648207e+00  2.78000000e-05  1.30000000e+00  3.00000000e-01 
 2.79000000e-05  1.38711600e+00  2.79000000e-05  1.30000000e+00  3.00000000e-01 
 2.80000000e-05  1.38774866e+00  2.80000000e-05  1.30000000e+00  3.00000000e-01 
 2.81000000e-05  1.38838007e+00  2.81000000e-05  1.30000000e+00  3.00000000e-01 
 2.82000000e-05  1.38901023e+00  2.82000000e-05  1.30000000e+00  3.00000000e-01 
 2.83000000e-05  1.38963915e+00  2.83000000e-05  1.30000000e+00  3.00000000e-01 
 2.84000000e-05  1.39026685e+00  2.84000000e-05  1.30000000e+00  3.00000000e-01 
 2.85000000e-05  1.39089332e+00  2.85000000e-05  1.30000000e+00  3.00000000e-01 
 2.86000000e-05  1.39151858e+00  2.86000000e-05  1.30000000e+00  3.00000000e-01 
 2.87000000e-05  1.39214263e+00  2.87000000e-05  1.30000000e+00  3.00000000e-01 
 2.88000000e-05  1.39276548e+00  2.88000000e-05  1.30000000e+00  3.00000000e-01 
 2.89000000e-05  1.39338714e+00  2.89000000e-05  1.30000000e+00  3.00000000e-01 
 2.90000000e-05  1.39400762e+00  2.90000000e-05  1.30000000e+00  3.00000000e-01 
 2.91000000e-05  1.39462693e+00  2.91000000e-05  1.30000000e+00  3.00000000e-01 
 2.92000000e-05  1.39524506e+00  2.92000000e-05  1.30000000e+00  3.00000000e-01 
 2.93000000e-05  1.39586203e+00  2.93000000e-05  1.30000000e+00  3.00000000e-01 
 2.94000000e-05  1.39647785e+00  2.94000000e-05  1.30000000e+00  3.00000000e-01 
 2.95000000e-05  1.39709252e+00  2.95000000e-05  1.30000000e+00  3.00000000e-01 
 2.96000000e-05  1.39770605e+00  2.96000000e-05  1.30000000e+00  3.00000000e-01 
 2.97000000e-05  1.39831844e+00  2.97000000e-05  1.30000000e+00  3.00000000e-01 
 2.98000000e-05  1.39892971e+00  2.98000000e-05  1.30000000e+00  3.00000000e-01 
 2.99000000e-05  1.39953986e+00  2.99000000e-05  1.30000000e+00  3.00000000e-01 
 3.00000000e-05  1.40014890e+00  3.00000000e-05  1.30000000e+00  3.00000000e-01 
