 i-sweep         v(vout)         i(viin)         v(vgate)        v(vmid)        
-6.00000000e-06 -5.03590515e-01 -6.00000000e-06  4.00000000e-01  3.00000000e-01 
-5.90000000e-06 -5.00215646e-01 -5.90000000e-06  4.00000000e-01  3.00000000e-01 
-5.80000000e-06 -4.96815501e-01 -5.80000000e-06  4.00000000e-01  3.00000000e-01 
-5.70000000e-06 -4.93389477e-01 -5.70000000e-06  4.00000000e-01  3.00000000e-01 
-5.60000000e-06 -4.89936943e-01 -5.60000000e-06  4.00000000e-01  3.00000000e-01 
-5.50000000e-06 -4.86457235e-01 -5.50000000e-06  4.00000000e-01  3.00000000e-01 
-5.40000000e-06 -4.82949654e-01 -5.40000000e-06  4.00000000e-01  3.00000000e-01 
-5.30000000e-06 -4.79413468e-01 -5.30000000e-06  4.00000000e-01  3.00000000e-01 
-5.20000000e-06 -4.75847907e-01 -5.20000000e-06  4.00000000e-01  3.00000000e-01 
-5.10000000e-06 -4.72252161e-01 -5.10000000e-06  4.00000000e-01  3.00000000e-01 
-5.00000000e-06 -4.68625378e-01 -5.00000000e-06  4.00000000e-01  3.00000000e-01 
-4.90000000e-06 -4.64966665e-01 -4.90000000e-06  4.00000000e-01  3.00000000e-01 
-4.80000000e-06 -4.61275078e-01 -4.80000000e-06  4.00000000e-01  3.00000000e-01 
-4.70000000e-06 -4.57549625e-01 -4.70000000e-06  4.00000000e-01  3.00000000e-01 
-4.60000000e-06 -4.53789259e-01 -4.60000000e-06  4.00000000e-01  3.00000000e-01 
-4.50000000e-06 -4.49992877e-01 -4.50000000e-06  4.00000000e-01  3.00000000e-01 
-4.40000000e-06 -4.46159312e-01 -4.40000000e-06  4.00000000e-01  3.00000000e-01 
-4.30000000e-06 -4.42287330e-01 -4.30000000e-06  4.00000000e-01  3.00000000e-01 
-4.20000000e-06 -4.38375624e-01 -4.20000000e-06  4.00000000e-01  3.00000000e-01 
-4.10000000e-06 -4.34422807e-01 -4.10000000e-06  4.00000000e-01  3.00000000e-01 
-4.00000000e-06 -4.30427408e-01 -4.00000000e-06  4.00000000e-01  3.00000000e-01 
-3.90000000e-06 -4.26387859e-01 -3.90000000e-06  4.00000000e-01  3.00000000e-01 
-3.80000000e-06 -4.22302491e-01 -3.80000000e-06  4.00000000e-01  3.00000000e-01 
-3.70000000e-06 -4.18169520e-01 -3.70000000e-06  4.00000000e-01  3.00000000e-01 
-3.60000000e-06 -4.13987038e-01 -3.60000000e-06  4.00000000e-01  3.00000000e-01 
-3.50000000e-06 -4.09752998e-01 -3.50000000e-06  4.00000000e-01  3.00000000e-01 
-3.40000000e-06 -4.05465200e-01 -3.40000000e-06  4.00000000e-01  3.00000000e-01 
-3.30000000e-06 -4.01121274e-01 -3.30000000e-06  4.00000000e-01  3.00000000e-01 
-3.20000000e-06 -3.96718658e-01 -3.20000000e-06  4.00000000e-01  3.00000000e-01 
-3.10000000e-06 -3.92254577e-01 -3.10000000e-06  4.00000000e-01  3.00000000e-01 
-3.00000000e-06 -3.87726015e-01 -3.00000000e-06  4.00000000e-01  3.00000000e-01 
-2.90000000e-06 -3.83129684e-01 -2.90000000e-06  4.00000000e-01  3.00000000e-01 
-2.80000000e-06 -3.78461989e-01 -2.80000000e-06  4.00000000e-01  3.00000000e-01 
-2.70000000e-06 -3.73718978e-01 -2.70000000e-06  4.00000000e-01  3.00000000e-01 
-2.60000000e-06 -3.68896300e-01 -2.60000000e-06  4.00000000e-01  3.00000000e-01 
-2.50000000e-06 -3.63989138e-01 -2.50000000e-06  4.00000000e-01  3.00000000e-01 
-2.40000000e-06 -3.58992133e-01 -2.40000000e-06  4.00000000e-01  3.00000000e-01 
-2.30000000e-06 -3.53899301e-01 -2.30000000e-06  4.00000000e-01  3.00000000e-01 
-2.20000000e-06 -3.48703918e-01 -2.20000000e-06  4.00000000e-01  3.00000000e-01 
-2.10000000e-06 -3.43398392e-01 -2.10000000e-06  4.00000000e-01  3.00000000e-01 
-2.00000000e-06 -3.37974093e-01 -2.00000000e-06  4.00000000e-01  3.00000000e-01 
-1.90000000e-06 -3.32421148e-01 -1.90000000e-06  4.00000000e-01  3.00000000e-01 
-1.80000000e-06 -3.26728177e-01 -1.80000000e-06  4.00000000e-01  3.00000000e-01 
-1.70000000e-06 -3.20881961e-01 -1.70000000e-06  4.00000000e-01  3.00000000e-01 
-1.60000000e-06 -3.14867003e-01 -1.60000000e-06  4.00000000e-01  3.00000000e-01 
-1.50000000e-06 -3.08664956e-01 -1.50000000e-06  4.00000000e-01  3.00000000e-01 
-1.40000000e-06 -3.02253861e-01 -1.40000000e-06  4.00000000e-01  3.00000000e-01 
-1.30000000e-06 -2.95607098e-01 -1.30000000e-06  4.00000000e-01  3.00000000e-01 
-1.20000000e-06 -2.88691937e-01 -1.20000000e-06  4.00000000e-01  3.00000000e-01 
-1.10000000e-06 -2.81467470e-01 -1.10000000e-06  4.00000000e-01  3.00000000e-01 
-1.00000000e-06 -2.73881566e-01 -1.00000000e-06  4.00000000e-01  3.00000000e-01 
-9.00000000e-07 -2.65866272e-01 -9.00000000e-07  4.00000000e-01  3.00000000e-01 
-8.00000000e-07 -2.57330540e-01 -8.00000000e-07  4.00000000e-01  3.00000000e-01 
-7.00000000e-07 -2.48148192e-01 -7.00000000e-07  4.00000000e-01  3.00000000e-01 
-6.00000000e-07 -2.38136655e-01 -6.00000000e-07  4.00000000e-01  3.00000000e-01 
-5.00000000e-07 -2.27016767e-01 -5.00000000e-07  4.00000000e-01  3.00000000e-01 
-4.00000000e-07 -2.14327558e-01 -4.00000000e-07  4.00000000e-01  3.00000000e-01 
-3.00000000e-07 -1.99218502e-01 -3.00000000e-07  4.00000000e-01  3.00000000e-01 
-2.00000000e-07 -1.79812493e-01 -2.00000000e-07  4.00000000e-01  3.00000000e-01 
-1.00000000e-07 -1.50225650e-01 -1.00000000e-07  4.00000000e-01  3.00000000e-01 
-5.71747239e-21  6.11060133e-01 -5.71747239e-21  4.00000000e-01  3.00000000e-01 
 1.00000000e-07  1.01518040e+00  1.00000000e-07  4.00000000e-01  3.00000000e-01 
 2.00000000e-07  1.04758996e+00  2.00000000e-07  4.00000000e-01  3.00000000e-01 
 3.00000000e-07  1.06647603e+00  3.00000000e-07  4.00000000e-01  3.00000000e-01 
 4.00000000e-07  1.07991820e+00  4.00000000e-07  4.00000000e-01  3.00000000e-01 
 5.00000000e-07  1.09042075e+00  5.00000000e-07  4.00000000e-01  3.00000000e-01 
 6.00000000e-07  1.09908510e+00  6.00000000e-07  4.00000000e-01  3.00000000e-01 
 7.00000000e-07  1.10649208e+00  7.00000000e-07  4.00000000e-01  3.00000000e-01 
 8.00000000e-07  1.11298495e+00  8.00000000e-07  4.00000000e-01  3.00000000e-01 
 9.00000000e-07  1.11878323e+00  9.00000000e-07  4.00000000e-01  3.00000000e-01 
 1.00000000e-06  1.12403573e+00  1.00000000e-06  4.00000000e-01  3.00000000e-01 
 1.10000000e-06  1.12884791e+00  1.10000000e-06  4.00000000e-01  3.00000000e-01 
 1.20000000e-06  1.13329724e+00  1.20000000e-06  4.00000000e-01  3.00000000e-01 
 1.30000000e-06  1.13744229e+00  1.30000000e-06  4.00000000e-01  3.00000000e-01 
 1.40000000e-06  1.14132840e+00  1.40000000e-06  4.00000000e-01  3.00000000e-01 
 1.50000000e-06  1.14499139e+00  1.50000000e-06  4.00000000e-01  3.00000000e-01 
 1.60000000e-06  1.14846007e+00  1.60000000e-06  4.00000000e-01  3.00000000e-01 
 1.70000000e-06  1.15175793e+00  1.70000000e-06  4.00000000e-01  3.00000000e-01 
 1.80000000e-06  1.15490440e+00  1.80000000e-06  4.00000000e-01  3.00000000e-01 
 1.90000000e-06  1.15791574e+00  1.90000000e-06  4.00000000e-01  3.00000000e-01 
 2.00000000e-06  1.16080565e+00  2.00000000e-06  4.00000000e-01  3.00000000e-01 
 2.10000000e-06  1.16358586e+00  2.10000000e-06  4.00000000e-01  3.00000000e-01 
 2.20000000e-06  1.16626641e+00  2.20000000e-06  4.00000000e-01  3.00000000e-01 
 2.30000000e-06  1.16885601e+00  2.30000000e-06  4.00000000e-01  3.00000000e-01 
 2.40000000e-06  1.17136227e+00  2.40000000e-06  4.00000000e-01  3.00000000e-01 
 2.50000000e-06  1.17379182e+00  2.50000000e-06  4.00000000e-01  3.00000000e-01 
 2.60000000e-06  1.17615056e+00  2.60000000e-06  4.00000000e-01  3.00000000e-01 
 2.70000000e-06  1.17844369e+00  2.70000000e-06  4.00000000e-01  3.00000000e-01 
 2.80000000e-06  1.18067585e+00  2.80000000e-06  4.00000000e-01  3.00000000e-01 
 2.90000000e-06  1.18285119e+00  2.90000000e-06  4.00000000e-01  3.00000000e-01 
 3.00000000e-06  1.18497344e+00  3.00000000e-06  4.00000000e-01  3.00000000e-01 
 3.10000000e-06  1.18704597e+00  3.10000000e-06  4.00000000e-01  3.00000000e-01 
 3.20000000e-06  1.18907182e+00  3.20000000e-06  4.00000000e-01  3.00000000e-01 
 3.30000000e-06  1.19105375e+00  3.30000000e-06  4.00000000e-01  3.00000000e-01 
 3.40000000e-06  1.19299430e+00  3.40000000e-06  4.00000000e-01  3.00000000e-01 
 3.50000000e-06  1.19489574e+00  3.50000000e-06  4.00000000e-01  3.00000000e-01 
 3.60000000e-06  1.19676021e+00  3.60000000e-06  4.00000000e-01  3.00000000e-01 
 3.70000000e-06  1.19858962e+00  3.70000000e-06  4.00000000e-01  3.00000000e-01 
 3.80000000e-06  1.20038577e+00  3.80000000e-06  4.00000000e-01  3.00000000e-01 
 3.90000000e-06  1.20215029e+00  3.90000000e-06  4.00000000e-01  3.00000000e-01 
 4.00000000e-06  1.20388472e+00  4.00000000e-06  4.00000000e-01  3.00000000e-01 
 4.10000000e-06  1.20559045e+00  4.10000000e-06  4.00000000e-01  3.00000000e-01 
 4.20000000e-06  1.20726880e+00  4.20000000e-06  4.00000000e-01  3.00000000e-01 
 4.30000000e-06  1.20892099e+00  4.30000000e-06  4.00000000e-01  3.00000000e-01 
 4.40000000e-06  1.21054815e+00  4.40000000e-06  4.00000000e-01  3.00000000e-01 
 4.50000000e-06  1.21215134e+00  4.50000000e-06  4.00000000e-01  3.00000000e-01 
 4.60000000e-06  1.21373156e+00  4.60000000e-06  4.00000000e-01  3.00000000e-01 
 4.70000000e-06  1.21528972e+00  4.70000000e-06  4.00000000e-01  3.00000000e-01 
 4.80000000e-06  1.21682670e+00  4.80000000e-06  4.00000000e-01  3.00000000e-01 
 4.90000000e-06  1.21834332e+00  4.90000000e-06  4.00000000e-01  3.00000000e-01 
 5.00000000e-06  1.21984034e+00  5.00000000e-06  4.00000000e-01  3.00000000e-01 
 5.10000000e-06  1.22131850e+00  5.10000000e-06  4.00000000e-01  3.00000000e-01 
 5.20000000e-06  1.22277846e+00  5.20000000e-06  4.00000000e-01  3.00000000e-01 
 5.30000000e-06  1.22422088e+00  5.30000000e-06  4.00000000e-01  3.00000000e-01 
 5.40000000e-06  1.22564636e+00  5.40000000e-06  4.00000000e-01  3.00000000e-01 
 5.50000000e-06  1.22705548e+00  5.50000000e-06  4.00000000e-01  3.00000000e-01 
 5.60000000e-06  1.22844879e+00  5.60000000e-06  4.00000000e-01  3.00000000e-01 
 5.70000000e-06  1.22982681e+00  5.70000000e-06  4.00000000e-01  3.00000000e-01 
 5.80000000e-06  1.23119001e+00  5.80000000e-06  4.00000000e-01  3.00000000e-01 
 5.90000000e-06  1.23253888e+00  5.90000000e-06  4.00000000e-01  3.00000000e-01 
 6.00000000e-06  1.23387385e+00  6.00000000e-06  4.00000000e-01  3.00000000e-01 
