 i-sweep         v(vout)         i(viin)         v(vgate)        v(vmid)        
 0.00000000e+00  6.00000011e-01  0.00000000e+00  1.70000000e+00  6.00000000e-01 
 1.00000000e-07  6.04337786e-01  1.00000000e-07  1.70000000e+00  6.00000000e-01 
 2.00000000e-07  6.08752302e-01  2.00000000e-07  1.70000000e+00  6.00000000e-01 
 3.00000000e-07  6.13221317e-01  3.00000000e-07  1.70000000e+00  6.00000000e-01 
 4.00000000e-07  6.17746611e-01  4.00000000e-07  1.70000000e+00  6.00000000e-01 
 5.00000000e-07  6.22330303e-01  5.00000000e-07  1.70000000e+00  6.00000000e-01 
 6.00000000e-07  6.26974677e-01  6.00000000e-07  1.70000000e+00  6.00000000e-01 
 7.00000000e-07  6.31682167e-01  7.00000000e-07  1.70000000e+00  6.00000000e-01 
 8.00000000e-07  6.36455376e-01  8.00000000e-07  1.70000000e+00  6.00000000e-01 
 9.00000000e-07  6.41297091e-01  9.00000000e-07  1.70000000e+00  6.00000000e-01 
 1.00000000e-06  6.46210298e-01  1.00000000e-06  1.70000000e+00  6.00000000e-01 
 1.10000000e-06  6.51198207e-01  1.10000000e-06  1.70000000e+00  6.00000000e-01 
 1.20000000e-06  6.56264275e-01  1.20000000e-06  1.70000000e+00  6.00000000e-01 
 1.30000000e-06  6.61412233e-01  1.30000000e-06  1.70000000e+00  6.00000000e-01 
 1.40000000e-06  6.66646115e-01  1.40000000e-06  1.70000000e+00  6.00000000e-01 
 1.50000000e-06  6.71970297e-01  1.50000000e-06  1.70000000e+00  6.00000000e-01 
 1.60000000e-06  6.77389539e-01  1.60000000e-06  1.70000000e+00  6.00000000e-01 
 1.70000000e-06  6.82909027e-01  1.70000000e-06  1.70000000e+00  6.00000000e-01 
 1.80000000e-06  6.88534437e-01  1.80000000e-06  1.70000000e+00  6.00000000e-01 
 1.90000000e-06  6.94271995e-01  1.90000000e-06  1.70000000e+00  6.00000000e-01 
 2.00000000e-06  7.00128559e-01  2.00000000e-06  1.70000000e+00  6.00000000e-01 
 2.10000000e-06  7.06111707e-01  2.10000000e-06  1.70000000e+00  6.00000000e-01 
 2.20000000e-06  7.12229849e-01  2.20000000e-06  1.70000000e+00  6.00000000e-01 
 2.30000000e-06  7.18492357e-01  2.30000000e-06  1.70000000e+00  6.00000000e-01 
 2.40000000e-06  7.24909731e-01  2.40000000e-06  1.70000000e+00  6.00000000e-01 
 2.50000000e-06  7.31493785e-01  2.50000000e-06  1.70000000e+00  6.00000000e-01 
 2.60000000e-06  7.38257897e-01  2.60000000e-06  1.70000000e+00  6.00000000e-01 
 2.70000000e-06  7.45217301e-01  2.70000000e-06  1.70000000e+00  6.00000000e-01 
 2.80000000e-06  7.52389468e-01  2.80000000e-06  1.70000000e+00  6.00000000e-01 
 2.90000000e-06  7.59794583e-01  2.90000000e-06  1.70000000e+00  6.00000000e-01 
 3.00000000e-06  7.67456161e-01  3.00000000e-06  1.70000000e+00  6.00000000e-01 
 3.10000000e-06  7.75401851e-01  3.10000000e-06  1.70000000e+00  6.00000000e-01 
 3.20000000e-06  7.83664508e-01  3.20000000e-06  1.70000000e+00  6.00000000e-01 
 3.30000000e-06  7.92283630e-01  3.30000000e-06  1.70000000e+00  6.00000000e-01 
 3.40000000e-06  8.01307347e-01  3.40000000e-06  1.70000000e+00  6.00000000e-01 
 3.50000000e-06  8.10795220e-01  3.50000000e-06  1.70000000e+00  6.00000000e-01 
 3.60000000e-06  8.20822278e-01  3.60000000e-06  1.70000000e+00  6.00000000e-01 
 3.70000000e-06  8.31485020e-01  3.70000000e-06  1.70000000e+00  6.00000000e-01 
 3.80000000e-06  8.42910623e-01  3.80000000e-06  1.70000000e+00  6.00000000e-01 
 3.90000000e-06  8.55271591e-01  3.90000000e-06  1.70000000e+00  6.00000000e-01 
 4.00000000e-06  8.68810037e-01  4.00000000e-06  1.70000000e+00  6.00000000e-01 
 4.10000000e-06  8.84845209e-01  4.10000000e-06  1.70000000e+00  6.00000000e-01 
 4.20000000e-06  9.02387272e-01  4.20000000e-06  1.70000000e+00  6.00000000e-01 
 4.30000000e-06  9.23136069e-01  4.30000000e-06  1.70000000e+00  6.00000000e-01 
 4.40000000e-06  9.48619731e-01  4.40000000e-06  1.70000000e+00  6.00000000e-01 
 4.50000000e-06  9.80025472e-01  4.50000000e-06  1.70000000e+00  6.00000000e-01 
 4.60000000e-06  1.01302259e+00  4.60000000e-06  1.70000000e+00  6.00000000e-01 
 4.70000000e-06  1.03954826e+00  4.70000000e-06  1.70000000e+00  6.00000000e-01 
 4.80000000e-06  1.05859815e+00  4.80000000e-06  1.70000000e+00  6.00000000e-01 
 4.90000000e-06  1.07283684e+00  4.90000000e-06  1.70000000e+00  6.00000000e-01 
 5.00000000e-06  1.08410112e+00  5.00000000e-06  1.70000000e+00  6.00000000e-01 
 5.10000000e-06  1.09425150e+00  5.10000000e-06  1.70000000e+00  6.00000000e-01 
 5.20000000e-06  1.10179782e+00  5.20000000e-06  1.70000000e+00  6.00000000e-01 
 5.30000000e-06  1.10861839e+00  5.30000000e-06  1.70000000e+00  6.00000000e-01 
 5.40000000e-06  1.11467613e+00  5.40000000e-06  1.70000000e+00  6.00000000e-01 
 5.50000000e-06  1.12015878e+00  5.50000000e-06  1.70000000e+00  6.00000000e-01 
 5.60000000e-06  1.12517224e+00  5.60000000e-06  1.70000000e+00  6.00000000e-01 
 5.70000000e-06  1.12979879e+00  5.70000000e-06  1.70000000e+00  6.00000000e-01 
 5.80000000e-06  1.13410068e+00  5.80000000e-06  1.70000000e+00  6.00000000e-01 
 5.90000000e-06  1.13812642e+00  5.90000000e-06  1.70000000e+00  6.00000000e-01 
 6.00000000e-06  1.14191441e+00  6.00000000e-06  1.70000000e+00  6.00000000e-01 
 6.10000000e-06  1.14549559e+00  6.10000000e-06  1.70000000e+00  6.00000000e-01 
 6.20000000e-06  1.14889522e+00  6.20000000e-06  1.70000000e+00  6.00000000e-01 
 6.30000000e-06  1.15213418e+00  6.30000000e-06  1.70000000e+00  6.00000000e-01 
 6.40000000e-06  1.15522994e+00  6.40000000e-06  1.70000000e+00  6.00000000e-01 
 6.50000000e-06  1.15819724e+00  6.50000000e-06  1.70000000e+00  6.00000000e-01 
 6.60000000e-06  1.16104863e+00  6.60000000e-06  1.70000000e+00  6.00000000e-01 
 6.70000000e-06  1.16379489e+00  6.70000000e-06  1.70000000e+00  6.00000000e-01 
 6.80000000e-06  1.16644536e+00  6.80000000e-06  1.70000000e+00  6.00000000e-01 
 6.90000000e-06  1.16900814e+00  6.90000000e-06  1.70000000e+00  6.00000000e-01 
 7.00000000e-06  1.17149036e+00  7.00000000e-06  1.70000000e+00  6.00000000e-01 
 7.10000000e-06  1.17389829e+00  7.10000000e-06  1.70000000e+00  6.00000000e-01 
 7.20000000e-06  1.17623747e+00  7.20000000e-06  1.70000000e+00  6.00000000e-01 
 7.30000000e-06  1.17851284e+00  7.30000000e-06  1.70000000e+00  6.00000000e-01 
 7.40000000e-06  1.18072882e+00  7.40000000e-06  1.70000000e+00  6.00000000e-01 
 7.50000000e-06  1.18288936e+00  7.50000000e-06  1.70000000e+00  6.00000000e-01 
 7.60000000e-06  1.18499804e+00  7.60000000e-06  1.70000000e+00  6.00000000e-01 
 7.70000000e-06  1.18705808e+00  7.70000000e-06  1.70000000e+00  6.00000000e-01 
 7.80000000e-06  1.18907241e+00  7.80000000e-06  1.70000000e+00  6.00000000e-01 
 7.90000000e-06  1.19104368e+00  7.90000000e-06  1.70000000e+00  6.00000000e-01 
 8.00000000e-06  1.19297434e+00  8.00000000e-06  1.70000000e+00  6.00000000e-01 
 8.10000000e-06  1.19486660e+00  8.10000000e-06  1.70000000e+00  6.00000000e-01 
 8.20000000e-06  1.19672250e+00  8.20000000e-06  1.70000000e+00  6.00000000e-01 
 8.30000000e-06  1.19854392e+00  8.30000000e-06  1.70000000e+00  6.00000000e-01 
 8.40000000e-06  1.20033259e+00  8.40000000e-06  1.70000000e+00  6.00000000e-01 
 8.50000000e-06  1.20209011e+00  8.50000000e-06  1.70000000e+00  6.00000000e-01 
 8.60000000e-06  1.20381795e+00  8.60000000e-06  1.70000000e+00  6.00000000e-01 
 8.70000000e-06  1.20551750e+00  8.70000000e-06  1.70000000e+00  6.00000000e-01 
 8.80000000e-06  1.20719003e+00  8.80000000e-06  1.70000000e+00  6.00000000e-01 
 8.90000000e-06  1.20883672e+00  8.90000000e-06  1.70000000e+00  6.00000000e-01 
 9.00000000e-06  1.21045868e+00  9.00000000e-06  1.70000000e+00  6.00000000e-01 
 9.10000000e-06  1.21205696e+00  9.10000000e-06  1.70000000e+00  6.00000000e-01 
 9.20000000e-06  1.21363252e+00  9.20000000e-06  1.70000000e+00  6.00000000e-01 
 9.30000000e-06  1.21518626e+00  9.30000000e-06  1.70000000e+00  6.00000000e-01 
 9.40000000e-06  1.21671905e+00  9.40000000e-06  1.70000000e+00  6.00000000e-01 
 9.50000000e-06  1.21823168e+00  9.50000000e-06  1.70000000e+00  6.00000000e-01 
 9.60000000e-06  1.21972491e+00  9.60000000e-06  1.70000000e+00  6.00000000e-01 
 9.70000000e-06  1.22119945e+00  9.70000000e-06  1.70000000e+00  6.00000000e-01 
 9.80000000e-06  1.22265596e+00  9.80000000e-06  1.70000000e+00  6.00000000e-01 
 9.90000000e-06  1.22409509e+00  9.90000000e-06  1.70000000e+00  6.00000000e-01 
 1.00000000e-05  1.22551742e+00  1.00000000e-05  1.70000000e+00  6.00000000e-01 
 1.01000000e-05  1.22692354e+00  1.01000000e-05  1.70000000e+00  6.00000000e-01 
 1.02000000e-05  1.22831396e+00  1.02000000e-05  1.70000000e+00  6.00000000e-01 
 1.03000000e-05  1.22968921e+00  1.03000000e-05  1.70000000e+00  6.00000000e-01 
 1.04000000e-05  1.23104977e+00  1.04000000e-05  1.70000000e+00  6.00000000e-01 
 1.05000000e-05  1.23239609e+00  1.05000000e-05  1.70000000e+00  6.00000000e-01 
 1.06000000e-05  1.23372862e+00  1.06000000e-05  1.70000000e+00  6.00000000e-01 
 1.07000000e-05  1.23504777e+00  1.07000000e-05  1.70000000e+00  6.00000000e-01 
 1.08000000e-05  1.23635393e+00  1.08000000e-05  1.70000000e+00  6.00000000e-01 
 1.09000000e-05  1.23764749e+00  1.09000000e-05  1.70000000e+00  6.00000000e-01 
 1.10000000e-05  1.23892880e+00  1.10000000e-05  1.70000000e+00  6.00000000e-01 
 1.11000000e-05  1.24019821e+00  1.11000000e-05  1.70000000e+00  6.00000000e-01 
 1.12000000e-05  1.24145605e+00  1.12000000e-05  1.70000000e+00  6.00000000e-01 
 1.13000000e-05  1.24270264e+00  1.13000000e-05  1.70000000e+00  6.00000000e-01 
 1.14000000e-05  1.24393828e+00  1.14000000e-05  1.70000000e+00  6.00000000e-01 
 1.15000000e-05  1.24516324e+00  1.15000000e-05  1.70000000e+00  6.00000000e-01 
 1.16000000e-05  1.24637782e+00  1.16000000e-05  1.70000000e+00  6.00000000e-01 
 1.17000000e-05  1.24758228e+00  1.17000000e-05  1.70000000e+00  6.00000000e-01 
 1.18000000e-05  1.24877687e+00  1.18000000e-05  1.70000000e+00  6.00000000e-01 
 1.19000000e-05  1.24996184e+00  1.19000000e-05  1.70000000e+00  6.00000000e-01 
 1.20000000e-05  1.25113741e+00  1.20000000e-05  1.70000000e+00  6.00000000e-01 
 1.21000000e-05  1.25230383e+00  1.21000000e-05  1.70000000e+00  6.00000000e-01 
 1.22000000e-05  1.25346130e+00  1.22000000e-05  1.70000000e+00  6.00000000e-01 
 1.23000000e-05  1.25461003e+00  1.23000000e-05  1.70000000e+00  6.00000000e-01 
 1.24000000e-05  1.25575023e+00  1.24000000e-05  1.70000000e+00  6.00000000e-01 
 1.25000000e-05  1.25688209e+00  1.25000000e-05  1.70000000e+00  6.00000000e-01 
 1.26000000e-05  1.25800579e+00  1.26000000e-05  1.70000000e+00  6.00000000e-01 
 1.27000000e-05  1.25912152e+00  1.27000000e-05  1.70000000e+00  6.00000000e-01 
 1.28000000e-05  1.26022945e+00  1.28000000e-05  1.70000000e+00  6.00000000e-01 
 1.29000000e-05  1.26132975e+00  1.29000000e-05  1.70000000e+00  6.00000000e-01 
 1.30000000e-05  1.26242258e+00  1.30000000e-05  1.70000000e+00  6.00000000e-01 
 1.31000000e-05  1.26350809e+00  1.31000000e-05  1.70000000e+00  6.00000000e-01 
 1.32000000e-05  1.26458645e+00  1.32000000e-05  1.70000000e+00  6.00000000e-01 
 1.33000000e-05  1.26565778e+00  1.33000000e-05  1.70000000e+00  6.00000000e-01 
 1.34000000e-05  1.26672225e+00  1.34000000e-05  1.70000000e+00  6.00000000e-01 
 1.35000000e-05  1.26777997e+00  1.35000000e-05  1.70000000e+00  6.00000000e-01 
 1.36000000e-05  1.26883109e+00  1.36000000e-05  1.70000000e+00  6.00000000e-01 
 1.37000000e-05  1.26987574e+00  1.37000000e-05  1.70000000e+00  6.00000000e-01 
 1.38000000e-05  1.27091403e+00  1.38000000e-05  1.70000000e+00  6.00000000e-01 
 1.39000000e-05  1.27194609e+00  1.39000000e-05  1.70000000e+00  6.00000000e-01 
 1.40000000e-05  1.27297204e+00  1.40000000e-05  1.70000000e+00  6.00000000e-01 
 1.41000000e-05  1.27399198e+00  1.41000000e-05  1.70000000e+00  6.00000000e-01 
 1.42000000e-05  1.27500603e+00  1.42000000e-05  1.70000000e+00  6.00000000e-01 
 1.43000000e-05  1.27601430e+00  1.43000000e-05  1.70000000e+00  6.00000000e-01 
 1.44000000e-05  1.27701689e+00  1.44000000e-05  1.70000000e+00  6.00000000e-01 
 1.45000000e-05  1.27801390e+00  1.45000000e-05  1.70000000e+00  6.00000000e-01 
 1.46000000e-05  1.27900542e+00  1.46000000e-05  1.70000000e+00  6.00000000e-01 
 1.47000000e-05  1.27999155e+00  1.47000000e-05  1.70000000e+00  6.00000000e-01 
 1.48000000e-05  1.28097239e+00  1.48000000e-05  1.70000000e+00  6.00000000e-01 
 1.49000000e-05  1.28194802e+00  1.49000000e-05  1.70000000e+00  6.00000000e-01 
 1.50000000e-05  1.28291854e+00  1.50000000e-05  1.70000000e+00  6.00000000e-01 
 1.51000000e-05  1.28388401e+00  1.51000000e-05  1.70000000e+00  6.00000000e-01 
 1.52000000e-05  1.28484454e+00  1.52000000e-05  1.70000000e+00  6.00000000e-01 
 1.53000000e-05  1.28580020e+00  1.53000000e-05  1.70000000e+00  6.00000000e-01 
 1.54000000e-05  1.28675106e+00  1.54000000e-05  1.70000000e+00  6.00000000e-01 
 1.55000000e-05  1.28769720e+00  1.55000000e-05  1.70000000e+00  6.00000000e-01 
 1.56000000e-05  1.28863871e+00  1.56000000e-05  1.70000000e+00  6.00000000e-01 
 1.57000000e-05  1.28957564e+00  1.57000000e-05  1.70000000e+00  6.00000000e-01 
 1.58000000e-05  1.29050807e+00  1.58000000e-05  1.70000000e+00  6.00000000e-01 
 1.59000000e-05  1.29143607e+00  1.59000000e-05  1.70000000e+00  6.00000000e-01 
 1.60000000e-05  1.29235971e+00  1.60000000e-05  1.70000000e+00  6.00000000e-01 
 1.61000000e-05  1.29327905e+00  1.61000000e-05  1.70000000e+00  6.00000000e-01 
 1.62000000e-05  1.29419415e+00  1.62000000e-05  1.70000000e+00  6.00000000e-01 
 1.63000000e-05  1.29510508e+00  1.63000000e-05  1.70000000e+00  6.00000000e-01 
 1.64000000e-05  1.29601190e+00  1.64000000e-05  1.70000000e+00  6.00000000e-01 
 1.65000000e-05  1.29691467e+00  1.65000000e-05  1.70000000e+00  6.00000000e-01 
 1.66000000e-05  1.29781344e+00  1.66000000e-05  1.70000000e+00  6.00000000e-01 
 1.67000000e-05  1.29870827e+00  1.67000000e-05  1.70000000e+00  6.00000000e-01 
 1.68000000e-05  1.29959922e+00  1.68000000e-05  1.70000000e+00  6.00000000e-01 
 1.69000000e-05  1.30048634e+00  1.69000000e-05  1.70000000e+00  6.00000000e-01 
 1.70000000e-05  1.30136968e+00  1.70000000e-05  1.70000000e+00  6.00000000e-01 
 1.71000000e-05  1.30224930e+00  1.71000000e-05  1.70000000e+00  6.00000000e-01 
 1.72000000e-05  1.30312524e+00  1.72000000e-05  1.70000000e+00  6.00000000e-01 
 1.73000000e-05  1.30399756e+00  1.73000000e-05  1.70000000e+00  6.00000000e-01 
 1.74000000e-05  1.30486630e+00  1.74000000e-05  1.70000000e+00  6.00000000e-01 
 1.75000000e-05  1.30573151e+00  1.75000000e-05  1.70000000e+00  6.00000000e-01 
 1.76000000e-05  1.30659323e+00  1.76000000e-05  1.70000000e+00  6.00000000e-01 
 1.77000000e-05  1.30745152e+00  1.77000000e-05  1.70000000e+00  6.00000000e-01 
 1.78000000e-05  1.30830641e+00  1.78000000e-05  1.70000000e+00  6.00000000e-01 
 1.79000000e-05  1.30915795e+00  1.79000000e-05  1.70000000e+00  6.00000000e-01 
 1.80000000e-05  1.31000618e+00  1.80000000e-05  1.70000000e+00  6.00000000e-01 
 1.81000000e-05  1.31085115e+00  1.81000000e-05  1.70000000e+00  6.00000000e-01 
 1.82000000e-05  1.31169288e+00  1.82000000e-05  1.70000000e+00  6.00000000e-01 
 1.83000000e-05  1.31253143e+00  1.83000000e-05  1.70000000e+00  6.00000000e-01 
 1.84000000e-05  1.31336683e+00  1.84000000e-05  1.70000000e+00  6.00000000e-01 
 1.85000000e-05  1.31419912e+00  1.85000000e-05  1.70000000e+00  6.00000000e-01 
 1.86000000e-05  1.31502833e+00  1.86000000e-05  1.70000000e+00  6.00000000e-01 
 1.87000000e-05  1.31585451e+00  1.87000000e-05  1.70000000e+00  6.00000000e-01 
 1.88000000e-05  1.31667769e+00  1.88000000e-05  1.70000000e+00  6.00000000e-01 
 1.89000000e-05  1.31749790e+00  1.89000000e-05  1.70000000e+00  6.00000000e-01 
 1.90000000e-05  1.31831518e+00  1.90000000e-05  1.70000000e+00  6.00000000e-01 
 1.91000000e-05  1.31912956e+00  1.91000000e-05  1.70000000e+00  6.00000000e-01 
 1.92000000e-05  1.31994108e+00  1.92000000e-05  1.70000000e+00  6.00000000e-01 
 1.93000000e-05  1.32074977e+00  1.93000000e-05  1.70000000e+00  6.00000000e-01 
 1.94000000e-05  1.32155566e+00  1.94000000e-05  1.70000000e+00  6.00000000e-01 
 1.95000000e-05  1.32235878e+00  1.95000000e-05  1.70000000e+00  6.00000000e-01 
 1.96000000e-05  1.32315917e+00  1.96000000e-05  1.70000000e+00  6.00000000e-01 
 1.97000000e-05  1.32395685e+00  1.97000000e-05  1.70000000e+00  6.00000000e-01 
 1.98000000e-05  1.32475185e+00  1.98000000e-05  1.70000000e+00  6.00000000e-01 
 1.99000000e-05  1.32554420e+00  1.99000000e-05  1.70000000e+00  6.00000000e-01 
 2.00000000e-05  1.32633393e+00  2.00000000e-05  1.70000000e+00  6.00000000e-01 
 2.01000000e-05  1.32712107e+00  2.01000000e-05  1.70000000e+00  6.00000000e-01 
 2.02000000e-05  1.32790565e+00  2.02000000e-05  1.70000000e+00  6.00000000e-01 
 2.03000000e-05  1.32868769e+00  2.03000000e-05  1.70000000e+00  6.00000000e-01 
 2.04000000e-05  1.32946722e+00  2.04000000e-05  1.70000000e+00  6.00000000e-01 
 2.05000000e-05  1.33024427e+00  2.05000000e-05  1.70000000e+00  6.00000000e-01 
 2.06000000e-05  1.33101886e+00  2.06000000e-05  1.70000000e+00  6.00000000e-01 
 2.07000000e-05  1.33179101e+00  2.07000000e-05  1.70000000e+00  6.00000000e-01 
 2.08000000e-05  1.33256076e+00  2.08000000e-05  1.70000000e+00  6.00000000e-01 
 2.09000000e-05  1.33332812e+00  2.09000000e-05  1.70000000e+00  6.00000000e-01 
 2.10000000e-05  1.33409312e+00  2.10000000e-05  1.70000000e+00  6.00000000e-01 
 2.11000000e-05  1.33485579e+00  2.11000000e-05  1.70000000e+00  6.00000000e-01 
 2.12000000e-05  1.33561615e+00  2.12000000e-05  1.70000000e+00  6.00000000e-01 
 2.13000000e-05  1.33637421e+00  2.13000000e-05  1.70000000e+00  6.00000000e-01 
 2.14000000e-05  1.33713001e+00  2.14000000e-05  1.70000000e+00  6.00000000e-01 
 2.15000000e-05  1.33788356e+00  2.15000000e-05  1.70000000e+00  6.00000000e-01 
 2.16000000e-05  1.33863488e+00  2.16000000e-05  1.70000000e+00  6.00000000e-01 
 2.17000000e-05  1.33938401e+00  2.17000000e-05  1.70000000e+00  6.00000000e-01 
 2.18000000e-05  1.34013095e+00  2.18000000e-05  1.70000000e+00  6.00000000e-01 
 2.19000000e-05  1.34087573e+00  2.19000000e-05  1.70000000e+00  6.00000000e-01 
 2.20000000e-05  1.34161838e+00  2.20000000e-05  1.70000000e+00  6.00000000e-01 
 2.21000000e-05  1.34235890e+00  2.21000000e-05  1.70000000e+00  6.00000000e-01 
 2.22000000e-05  1.34309732e+00  2.22000000e-05  1.70000000e+00  6.00000000e-01 
 2.23000000e-05  1.34383366e+00  2.23000000e-05  1.70000000e+00  6.00000000e-01 
 2.24000000e-05  1.34456793e+00  2.24000000e-05  1.70000000e+00  6.00000000e-01 
 2.25000000e-05  1.34530017e+00  2.25000000e-05  1.70000000e+00  6.00000000e-01 
 2.26000000e-05  1.34603038e+00  2.26000000e-05  1.70000000e+00  6.00000000e-01 
 2.27000000e-05  1.34675858e+00  2.27000000e-05  1.70000000e+00  6.00000000e-01 
 2.28000000e-05  1.34748479e+00  2.28000000e-05  1.70000000e+00  6.00000000e-01 
 2.29000000e-05  1.34820904e+00  2.29000000e-05  1.70000000e+00  6.00000000e-01 
 2.30000000e-05  1.34893133e+00  2.30000000e-05  1.70000000e+00  6.00000000e-01 
 2.31000000e-05  1.34965168e+00  2.31000000e-05  1.70000000e+00  6.00000000e-01 
 2.32000000e-05  1.35037012e+00  2.32000000e-05  1.70000000e+00  6.00000000e-01 
 2.33000000e-05  1.35108665e+00  2.33000000e-05  1.70000000e+00  6.00000000e-01 
 2.34000000e-05  1.35180129e+00  2.34000000e-05  1.70000000e+00  6.00000000e-01 
 2.35000000e-05  1.35251407e+00  2.35000000e-05  1.70000000e+00  6.00000000e-01 
 2.36000000e-05  1.35322499e+00  2.36000000e-05  1.70000000e+00  6.00000000e-01 
 2.37000000e-05  1.35393408e+00  2.37000000e-05  1.70000000e+00  6.00000000e-01 
 2.38000000e-05  1.35464134e+00  2.38000000e-05  1.70000000e+00  6.00000000e-01 
 2.39000000e-05  1.35534679e+00  2.39000000e-05  1.70000000e+00  6.00000000e-01 
 2.40000000e-05  1.35605045e+00  2.40000000e-05  1.70000000e+00  6.00000000e-01 
 2.41000000e-05  1.35675234e+00  2.41000000e-05  1.70000000e+00  6.00000000e-01 
 2.42000000e-05  1.35745246e+00  2.42000000e-05  1.70000000e+00  6.00000000e-01 
 2.43000000e-05  1.35815083e+00  2.43000000e-05  1.70000000e+00  6.00000000e-01 
 2.44000000e-05  1.35884747e+00  2.44000000e-05  1.70000000e+00  6.00000000e-01 
 2.45000000e-05  1.35954239e+00  2.45000000e-05  1.70000000e+00  6.00000000e-01 
 2.46000000e-05  1.36023561e+00  2.46000000e-05  1.70000000e+00  6.00000000e-01 
 2.47000000e-05  1.36092713e+00  2.47000000e-05  1.70000000e+00  6.00000000e-01 
 2.48000000e-05  1.36161697e+00  2.48000000e-05  1.70000000e+00  6.00000000e-01 
 2.49000000e-05  1.36230515e+00  2.49000000e-05  1.70000000e+00  6.00000000e-01 
 2.50000000e-05  1.36299167e+00  2.50000000e-05  1.70000000e+00  6.00000000e-01 
 2.51000000e-05  1.36367656e+00  2.51000000e-05  1.70000000e+00  6.00000000e-01 
 2.52000000e-05  1.36435982e+00  2.52000000e-05  1.70000000e+00  6.00000000e-01 
 2.53000000e-05  1.36504146e+00  2.53000000e-05  1.70000000e+00  6.00000000e-01 
 2.54000000e-05  1.36572151e+00  2.54000000e-05  1.70000000e+00  6.00000000e-01 
 2.55000000e-05  1.36639996e+00  2.55000000e-05  1.70000000e+00  6.00000000e-01 
 2.56000000e-05  1.36707684e+00  2.56000000e-05  1.70000000e+00  6.00000000e-01 
 2.57000000e-05  1.36775215e+00  2.57000000e-05  1.70000000e+00  6.00000000e-01 
 2.58000000e-05  1.36842591e+00  2.58000000e-05  1.70000000e+00  6.00000000e-01 
 2.59000000e-05  1.36909813e+00  2.59000000e-05  1.70000000e+00  6.00000000e-01 
 2.60000000e-05  1.36976882e+00  2.60000000e-05  1.70000000e+00  6.00000000e-01 
 2.61000000e-05  1.37043799e+00  2.61000000e-05  1.70000000e+00  6.00000000e-01 
 2.62000000e-05  1.37110565e+00  2.62000000e-05  1.70000000e+00  6.00000000e-01 
 2.63000000e-05  1.37177182e+00  2.63000000e-05  1.70000000e+00  6.00000000e-01 
 2.64000000e-05  1.37243650e+00  2.64000000e-05  1.70000000e+00  6.00000000e-01 
 2.65000000e-05  1.37309971e+00  2.65000000e-05  1.70000000e+00  6.00000000e-01 
 2.66000000e-05  1.37376145e+00  2.66000000e-05  1.70000000e+00  6.00000000e-01 
 2.67000000e-05  1.37442174e+00  2.67000000e-05  1.70000000e+00  6.00000000e-01 
 2.68000000e-05  1.37508059e+00  2.68000000e-05  1.70000000e+00  6.00000000e-01 
 2.69000000e-05  1.37573800e+00  2.69000000e-05  1.70000000e+00  6.00000000e-01 
 2.70000000e-05  1.37639400e+00  2.70000000e-05  1.70000000e+00  6.00000000e-01 
 2.71000000e-05  1.37704858e+00  2.71000000e-05  1.70000000e+00  6.00000000e-01 
 2.72000000e-05  1.37770176e+00  2.72000000e-05  1.70000000e+00  6.00000000e-01 
 2.73000000e-05  1.37835355e+00  2.73000000e-05  1.70000000e+00  6.00000000e-01 
 2.74000000e-05  1.37900395e+00  2.74000000e-05  1.70000000e+00  6.00000000e-01 
 2.75000000e-05  1.37965299e+00  2.75000000e-05  1.70000000e+00  6.00000000e-01 
 2.76000000e-05  1.38030066e+00  2.76000000e-05  1.70000000e+00  6.00000000e-01 
 2.77000000e-05  1.38094697e+00  2.77000000e-05  1.70000000e+00  6.00000000e-01 
 2.78000000e-05  1.38159194e+00  2.78000000e-05  1.70000000e+00  6.00000000e-01 
 2.79000000e-05  1.38223558e+00  2.79000000e-05  1.70000000e+00  6.00000000e-01 
 2.80000000e-05  1.38287789e+00  2.80000000e-05  1.70000000e+00  6.00000000e-01 
 2.81000000e-05  1.38351888e+00  2.81000000e-05  1.70000000e+00  6.00000000e-01 
 2.82000000e-05  1.38415856e+00  2.82000000e-05  1.70000000e+00  6.00000000e-01 
 2.83000000e-05  1.38479694e+00  2.83000000e-05  1.70000000e+00  6.00000000e-01 
 2.84000000e-05  1.38543404e+00  2.84000000e-05  1.70000000e+00  6.00000000e-01 
 2.85000000e-05  1.38606984e+00  2.85000000e-05  1.70000000e+00  6.00000000e-01 
 2.86000000e-05  1.38670438e+00  2.86000000e-05  1.70000000e+00  6.00000000e-01 
 2.87000000e-05  1.38733765e+00  2.87000000e-05  1.70000000e+00  6.00000000e-01 
 2.88000000e-05  1.38796966e+00  2.88000000e-05  1.70000000e+00  6.00000000e-01 
 2.89000000e-05  1.38860042e+00  2.89000000e-05  1.70000000e+00  6.00000000e-01 
 2.90000000e-05  1.38922994e+00  2.90000000e-05  1.70000000e+00  6.00000000e-01 
 2.91000000e-05  1.38985823e+00  2.91000000e-05  1.70000000e+00  6.00000000e-01 
 2.92000000e-05  1.39048529e+00  2.92000000e-05  1.70000000e+00  6.00000000e-01 
 2.93000000e-05  1.39111114e+00  2.93000000e-05  1.70000000e+00  6.00000000e-01 
 2.94000000e-05  1.39173578e+00  2.94000000e-05  1.70000000e+00  6.00000000e-01 
 2.95000000e-05  1.39235921e+00  2.95000000e-05  1.70000000e+00  6.00000000e-01 
 2.96000000e-05  1.39298145e+00  2.96000000e-05  1.70000000e+00  6.00000000e-01 
 2.97000000e-05  1.39360250e+00  2.97000000e-05  1.70000000e+00  6.00000000e-01 
 2.98000000e-05  1.39422237e+00  2.98000000e-05  1.70000000e+00  6.00000000e-01 
 2.99000000e-05  1.39484107e+00  2.99000000e-05  1.70000000e+00  6.00000000e-01 
 3.00000000e-05  1.39545861e+00  3.00000000e-05  1.70000000e+00  6.00000000e-01 
