 i-sweep         v(vout)         i(viin)         v(vgate)        v(vmid)        
 0.00000000e+00  4.44598131e-04  0.00000000e+00  3.00000000e-01  0.00000000e+00 
 1.00000000e-07  1.01533291e+00  1.00000000e-07  3.00000000e-01  0.00000000e+00 
 2.00000000e-07  1.04760541e+00  2.00000000e-07  3.00000000e-01  0.00000000e+00 
 3.00000000e-07  1.06665612e+00  3.00000000e-07  3.00000000e-01  0.00000000e+00 
 4.00000000e-07  1.07994662e+00  4.00000000e-07  3.00000000e-01  0.00000000e+00 
 5.00000000e-07  1.09042421e+00  5.00000000e-07  3.00000000e-01  0.00000000e+00 
 6.00000000e-07  1.09986641e+00  6.00000000e-07  3.00000000e-01  0.00000000e+00 
 7.00000000e-07  1.10692516e+00  7.00000000e-07  3.00000000e-01  0.00000000e+00 
 8.00000000e-07  1.11333466e+00  8.00000000e-07  3.00000000e-01  0.00000000e+00 
 9.00000000e-07  1.11905566e+00  9.00000000e-07  3.00000000e-01  0.00000000e+00 
 1.00000000e-06  1.12425544e+00  1.00000000e-06  3.00000000e-01  0.00000000e+00 
 1.10000000e-06  1.12902851e+00  1.10000000e-06  3.00000000e-01  0.00000000e+00 
 1.20000000e-06  1.13344823e+00  1.20000000e-06  3.00000000e-01  0.00000000e+00 
 1.30000000e-06  1.13757033e+00  1.30000000e-06  3.00000000e-01  0.00000000e+00 
 1.40000000e-06  1.14143831e+00  1.40000000e-06  3.00000000e-01  0.00000000e+00 
 1.50000000e-06  1.14508673e+00  1.50000000e-06  3.00000000e-01  0.00000000e+00 
 1.60000000e-06  1.14854353e+00  1.60000000e-06  3.00000000e-01  0.00000000e+00 
 1.70000000e-06  1.15183159e+00  1.70000000e-06  3.00000000e-01  0.00000000e+00 
 1.80000000e-06  1.15496988e+00  1.80000000e-06  3.00000000e-01  0.00000000e+00 
 1.90000000e-06  1.15797431e+00  1.90000000e-06  3.00000000e-01  0.00000000e+00 
 2.00000000e-06  1.16085836e+00  2.00000000e-06  3.00000000e-01  0.00000000e+00 
 2.10000000e-06  1.16363352e+00  2.10000000e-06  3.00000000e-01  0.00000000e+00 
 2.20000000e-06  1.16630971e+00  2.20000000e-06  3.00000000e-01  0.00000000e+00 
 2.30000000e-06  1.16889552e+00  2.30000000e-06  3.00000000e-01  0.00000000e+00 
 2.40000000e-06  1.17139845e+00  2.40000000e-06  3.00000000e-01  0.00000000e+00 
 2.50000000e-06  1.17382508e+00  2.50000000e-06  3.00000000e-01  0.00000000e+00 
 2.60000000e-06  1.17618123e+00  2.60000000e-06  3.00000000e-01  0.00000000e+00 
 2.70000000e-06  1.17847206e+00  2.70000000e-06  3.00000000e-01  0.00000000e+00 
 2.80000000e-06  1.18070216e+00  2.80000000e-06  3.00000000e-01  0.00000000e+00 
 2.90000000e-06  1.18287565e+00  2.90000000e-06  3.00000000e-01  0.00000000e+00 
 3.00000000e-06  1.18499624e+00  3.00000000e-06  3.00000000e-01  0.00000000e+00 
 3.10000000e-06  1.18706727e+00  3.10000000e-06  3.00000000e-01  0.00000000e+00 
 3.20000000e-06  1.18909175e+00  3.20000000e-06  3.00000000e-01  0.00000000e+00 
 3.30000000e-06  1.19107245e+00  3.30000000e-06  3.00000000e-01  0.00000000e+00 
 3.40000000e-06  1.19301187e+00  3.40000000e-06  3.00000000e-01  0.00000000e+00 
 3.50000000e-06  1.19491228e+00  3.50000000e-06  3.00000000e-01  0.00000000e+00 
 3.60000000e-06  1.19677580e+00  3.60000000e-06  3.00000000e-01  0.00000000e+00 
 3.70000000e-06  1.19860434e+00  3.70000000e-06  3.00000000e-01  0.00000000e+00 
 3.80000000e-06  1.20039969e+00  3.80000000e-06  3.00000000e-01  0.00000000e+00 
 3.90000000e-06  1.20216347e+00  3.90000000e-06  3.00000000e-01  0.00000000e+00 
 4.00000000e-06  1.20389721e+00  4.00000000e-06  3.00000000e-01  0.00000000e+00 
 4.10000000e-06  1.20560231e+00  4.10000000e-06  3.00000000e-01  0.00000000e+00 
 4.20000000e-06  1.20728008e+00  4.20000000e-06  3.00000000e-01  0.00000000e+00 
 4.30000000e-06  1.20893172e+00  4.30000000e-06  3.00000000e-01  0.00000000e+00 
 4.40000000e-06  1.21055837e+00  4.40000000e-06  3.00000000e-01  0.00000000e+00 
 4.50000000e-06  1.21216108e+00  4.50000000e-06  3.00000000e-01  0.00000000e+00 
 4.60000000e-06  1.21374085e+00  4.60000000e-06  3.00000000e-01  0.00000000e+00 
 4.70000000e-06  1.21529859e+00  4.70000000e-06  3.00000000e-01  0.00000000e+00 
 4.80000000e-06  1.21683518e+00  4.80000000e-06  3.00000000e-01  0.00000000e+00 
 4.90000000e-06  1.21835143e+00  4.90000000e-06  3.00000000e-01  0.00000000e+00 
 5.00000000e-06  1.21984811e+00  5.00000000e-06  3.00000000e-01  0.00000000e+00 
 5.10000000e-06  1.22132594e+00  5.10000000e-06  3.00000000e-01  0.00000000e+00 
 5.20000000e-06  1.22278560e+00  5.20000000e-06  3.00000000e-01  0.00000000e+00 
 5.30000000e-06  1.22422773e+00  5.30000000e-06  3.00000000e-01  0.00000000e+00 
 5.40000000e-06  1.22565294e+00  5.40000000e-06  3.00000000e-01  0.00000000e+00 
 5.50000000e-06  1.22706180e+00  5.50000000e-06  3.00000000e-01  0.00000000e+00 
 5.60000000e-06  1.22845487e+00  5.60000000e-06  3.00000000e-01  0.00000000e+00 
 5.70000000e-06  1.22983265e+00  5.70000000e-06  3.00000000e-01  0.00000000e+00 
 5.80000000e-06  1.23119563e+00  5.80000000e-06  3.00000000e-01  0.00000000e+00 
 5.90000000e-06  1.23254429e+00  5.90000000e-06  3.00000000e-01  0.00000000e+00 
 6.00000000e-06  1.23387906e+00  6.00000000e-06  3.00000000e-01  0.00000000e+00 
 6.10000000e-06  1.23520037e+00  6.10000000e-06  3.00000000e-01  0.00000000e+00 
 6.20000000e-06  1.23650861e+00  6.20000000e-06  3.00000000e-01  0.00000000e+00 
 6.30000000e-06  1.23780417e+00  6.30000000e-06  3.00000000e-01  0.00000000e+00 
 6.40000000e-06  1.23908742e+00  6.40000000e-06  3.00000000e-01  0.00000000e+00 
 6.50000000e-06  1.24035869e+00  6.50000000e-06  3.00000000e-01  0.00000000e+00 
 6.60000000e-06  1.24161833e+00  6.60000000e-06  3.00000000e-01  0.00000000e+00 
 6.70000000e-06  1.24286666e+00  6.70000000e-06  3.00000000e-01  0.00000000e+00 
 6.80000000e-06  1.24410397e+00  6.80000000e-06  3.00000000e-01  0.00000000e+00 
 6.90000000e-06  1.24533056e+00  6.90000000e-06  3.00000000e-01  0.00000000e+00 
 7.00000000e-06  1.24654671e+00  7.00000000e-06  3.00000000e-01  0.00000000e+00 
 7.10000000e-06  1.24775268e+00  7.10000000e-06  3.00000000e-01  0.00000000e+00 
 7.20000000e-06  1.24894875e+00  7.20000000e-06  3.00000000e-01  0.00000000e+00 
 7.30000000e-06  1.25013514e+00  7.30000000e-06  3.00000000e-01  0.00000000e+00 
 7.40000000e-06  1.25131210e+00  7.40000000e-06  3.00000000e-01  0.00000000e+00 
 7.50000000e-06  1.25247985e+00  7.50000000e-06  3.00000000e-01  0.00000000e+00 
 7.60000000e-06  1.25363862e+00  7.60000000e-06  3.00000000e-01  0.00000000e+00 
 7.70000000e-06  1.25478862e+00  7.70000000e-06  3.00000000e-01  0.00000000e+00 
 7.80000000e-06  1.25593004e+00  7.80000000e-06  3.00000000e-01  0.00000000e+00 
 7.90000000e-06  1.25706309e+00  7.90000000e-06  3.00000000e-01  0.00000000e+00 
 8.00000000e-06  1.25818795e+00  8.00000000e-06  3.00000000e-01  0.00000000e+00 
 8.10000000e-06  1.25930481e+00  8.10000000e-06  3.00000000e-01  0.00000000e+00 
 8.20000000e-06  1.26041383e+00  8.20000000e-06  3.00000000e-01  0.00000000e+00 
 8.30000000e-06  1.26151519e+00  8.30000000e-06  3.00000000e-01  0.00000000e+00 
 8.40000000e-06  1.26260906e+00  8.40000000e-06  3.00000000e-01  0.00000000e+00 
 8.50000000e-06  1.26369558e+00  8.50000000e-06  3.00000000e-01  0.00000000e+00 
 8.60000000e-06  1.26477492e+00  8.60000000e-06  3.00000000e-01  0.00000000e+00 
 8.70000000e-06  1.26584721e+00  8.70000000e-06  3.00000000e-01  0.00000000e+00 
 8.80000000e-06  1.26691261e+00  8.80000000e-06  3.00000000e-01  0.00000000e+00 
 8.90000000e-06  1.26797124e+00  8.90000000e-06  3.00000000e-01  0.00000000e+00 
 9.00000000e-06  1.26902325e+00  9.00000000e-06  3.00000000e-01  0.00000000e+00 
 9.10000000e-06  1.27006876e+00  9.10000000e-06  3.00000000e-01  0.00000000e+00 
 9.20000000e-06  1.27110790e+00  9.20000000e-06  3.00000000e-01  0.00000000e+00 
 9.30000000e-06  1.27214078e+00  9.30000000e-06  3.00000000e-01  0.00000000e+00 
 9.40000000e-06  1.27316754e+00  9.40000000e-06  3.00000000e-01  0.00000000e+00 
 9.50000000e-06  1.27418827e+00  9.50000000e-06  3.00000000e-01  0.00000000e+00 
 9.60000000e-06  1.27520309e+00  9.60000000e-06  3.00000000e-01  0.00000000e+00 
 9.70000000e-06  1.27621211e+00  9.70000000e-06  3.00000000e-01  0.00000000e+00 
 9.80000000e-06  1.27721543e+00  9.80000000e-06  3.00000000e-01  0.00000000e+00 
 9.90000000e-06  1.27821315e+00  9.90000000e-06  3.00000000e-01  0.00000000e+00 
 1.00000000e-05  1.27920538e+00  1.00000000e-05  3.00000000e-01  0.00000000e+00 
 1.01000000e-05  1.28019220e+00  1.01000000e-05  3.00000000e-01  0.00000000e+00 
 1.02000000e-05  1.28117371e+00  1.02000000e-05  3.00000000e-01  0.00000000e+00 
 1.03000000e-05  1.28214999e+00  1.03000000e-05  3.00000000e-01  0.00000000e+00 
 1.04000000e-05  1.28312115e+00  1.04000000e-05  3.00000000e-01  0.00000000e+00 
 1.05000000e-05  1.28408726e+00  1.05000000e-05  3.00000000e-01  0.00000000e+00 
 1.06000000e-05  1.28504840e+00  1.06000000e-05  3.00000000e-01  0.00000000e+00 
 1.07000000e-05  1.28600466e+00  1.07000000e-05  3.00000000e-01  0.00000000e+00 
 1.08000000e-05  1.28695612e+00  1.08000000e-05  3.00000000e-01  0.00000000e+00 
 1.09000000e-05  1.28790284e+00  1.09000000e-05  3.00000000e-01  0.00000000e+00 
 1.10000000e-05  1.28884491e+00  1.10000000e-05  3.00000000e-01  0.00000000e+00 
 1.11000000e-05  1.28978240e+00  1.11000000e-05  3.00000000e-01  0.00000000e+00 
 1.12000000e-05  1.29071538e+00  1.12000000e-05  3.00000000e-01  0.00000000e+00 
 1.13000000e-05  1.29164392e+00  1.13000000e-05  3.00000000e-01  0.00000000e+00 
 1.14000000e-05  1.29256808e+00  1.14000000e-05  3.00000000e-01  0.00000000e+00 
 1.15000000e-05  1.29348794e+00  1.15000000e-05  3.00000000e-01  0.00000000e+00 
 1.16000000e-05  1.29440355e+00  1.16000000e-05  3.00000000e-01  0.00000000e+00 
 1.17000000e-05  1.29531497e+00  1.17000000e-05  3.00000000e-01  0.00000000e+00 
 1.18000000e-05  1.29622228e+00  1.18000000e-05  3.00000000e-01  0.00000000e+00 
 1.19000000e-05  1.29712552e+00  1.19000000e-05  3.00000000e-01  0.00000000e+00 
 1.20000000e-05  1.29802476e+00  1.20000000e-05  3.00000000e-01  0.00000000e+00 
 1.21000000e-05  1.29892005e+00  1.21000000e-05  3.00000000e-01  0.00000000e+00 
 1.22000000e-05  1.29981146e+00  1.22000000e-05  3.00000000e-01  0.00000000e+00 
 1.23000000e-05  1.30069902e+00  1.23000000e-05  3.00000000e-01  0.00000000e+00 
 1.24000000e-05  1.30158280e+00  1.24000000e-05  3.00000000e-01  0.00000000e+00 
 1.25000000e-05  1.30246285e+00  1.25000000e-05  3.00000000e-01  0.00000000e+00 
 1.26000000e-05  1.30333921e+00  1.26000000e-05  3.00000000e-01  0.00000000e+00 
 1.27000000e-05  1.30421195e+00  1.27000000e-05  3.00000000e-01  0.00000000e+00 
 1.28000000e-05  1.30508109e+00  1.28000000e-05  3.00000000e-01  0.00000000e+00 
 1.29000000e-05  1.30594670e+00  1.29000000e-05  3.00000000e-01  0.00000000e+00 
 1.30000000e-05  1.30680882e+00  1.30000000e-05  3.00000000e-01  0.00000000e+00 
 1.31000000e-05  1.30766750e+00  1.31000000e-05  3.00000000e-01  0.00000000e+00 
 1.32000000e-05  1.30852277e+00  1.32000000e-05  3.00000000e-01  0.00000000e+00 
 1.33000000e-05  1.30937469e+00  1.33000000e-05  3.00000000e-01  0.00000000e+00 
 1.34000000e-05  1.31022329e+00  1.34000000e-05  3.00000000e-01  0.00000000e+00 
 1.35000000e-05  1.31106861e+00  1.35000000e-05  3.00000000e-01  0.00000000e+00 
 1.36000000e-05  1.31191071e+00  1.36000000e-05  3.00000000e-01  0.00000000e+00 
 1.37000000e-05  1.31274960e+00  1.37000000e-05  3.00000000e-01  0.00000000e+00 
 1.38000000e-05  1.31358535e+00  1.38000000e-05  3.00000000e-01  0.00000000e+00 
 1.39000000e-05  1.31441798e+00  1.39000000e-05  3.00000000e-01  0.00000000e+00 
 1.40000000e-05  1.31524753e+00  1.40000000e-05  3.00000000e-01  0.00000000e+00 
 1.41000000e-05  1.31607404e+00  1.41000000e-05  3.00000000e-01  0.00000000e+00 
 1.42000000e-05  1.31689754e+00  1.42000000e-05  3.00000000e-01  0.00000000e+00 
 1.43000000e-05  1.31771807e+00  1.43000000e-05  3.00000000e-01  0.00000000e+00 
 1.44000000e-05  1.31853567e+00  1.44000000e-05  3.00000000e-01  0.00000000e+00 
 1.45000000e-05  1.31935037e+00  1.45000000e-05  3.00000000e-01  0.00000000e+00 
 1.46000000e-05  1.32016219e+00  1.46000000e-05  3.00000000e-01  0.00000000e+00 
 1.47000000e-05  1.32097118e+00  1.47000000e-05  3.00000000e-01  0.00000000e+00 
 1.48000000e-05  1.32177737e+00  1.48000000e-05  3.00000000e-01  0.00000000e+00 
 1.49000000e-05  1.32258078e+00  1.49000000e-05  3.00000000e-01  0.00000000e+00 
 1.50000000e-05  1.32338146e+00  1.50000000e-05  3.00000000e-01  0.00000000e+00 
 1.51000000e-05  1.32417942e+00  1.51000000e-05  3.00000000e-01  0.00000000e+00 
 1.52000000e-05  1.32497470e+00  1.52000000e-05  3.00000000e-01  0.00000000e+00 
 1.53000000e-05  1.32576733e+00  1.53000000e-05  3.00000000e-01  0.00000000e+00 
 1.54000000e-05  1.32655734e+00  1.54000000e-05  3.00000000e-01  0.00000000e+00 
 1.55000000e-05  1.32734475e+00  1.55000000e-05  3.00000000e-01  0.00000000e+00 
 1.56000000e-05  1.32812959e+00  1.56000000e-05  3.00000000e-01  0.00000000e+00 
 1.57000000e-05  1.32891189e+00  1.57000000e-05  3.00000000e-01  0.00000000e+00 
 1.58000000e-05  1.32969168e+00  1.58000000e-05  3.00000000e-01  0.00000000e+00 
 1.59000000e-05  1.33046898e+00  1.59000000e-05  3.00000000e-01  0.00000000e+00 
 1.60000000e-05  1.33124382e+00  1.60000000e-05  3.00000000e-01  0.00000000e+00 
 1.61000000e-05  1.33201622e+00  1.61000000e-05  3.00000000e-01  0.00000000e+00 
 1.62000000e-05  1.33278621e+00  1.62000000e-05  3.00000000e-01  0.00000000e+00 
 1.63000000e-05  1.33355382e+00  1.63000000e-05  3.00000000e-01  0.00000000e+00 
 1.64000000e-05  1.33431906e+00  1.64000000e-05  3.00000000e-01  0.00000000e+00 
 1.65000000e-05  1.33508196e+00  1.65000000e-05  3.00000000e-01  0.00000000e+00 
 1.66000000e-05  1.33584255e+00  1.66000000e-05  3.00000000e-01  0.00000000e+00 
 1.67000000e-05  1.33660084e+00  1.67000000e-05  3.00000000e-01  0.00000000e+00 
 1.68000000e-05  1.33735686e+00  1.68000000e-05  3.00000000e-01  0.00000000e+00 
 1.69000000e-05  1.33811064e+00  1.69000000e-05  3.00000000e-01  0.00000000e+00 
 1.70000000e-05  1.33886218e+00  1.70000000e-05  3.00000000e-01  0.00000000e+00 
 1.71000000e-05  1.33961153e+00  1.71000000e-05  3.00000000e-01  0.00000000e+00 
 1.72000000e-05  1.34035868e+00  1.72000000e-05  3.00000000e-01  0.00000000e+00 
 1.73000000e-05  1.34110368e+00  1.73000000e-05  3.00000000e-01  0.00000000e+00 
 1.74000000e-05  1.34184653e+00  1.74000000e-05  3.00000000e-01  0.00000000e+00 
 1.75000000e-05  1.34258726e+00  1.75000000e-05  3.00000000e-01  0.00000000e+00 
 1.76000000e-05  1.34332588e+00  1.76000000e-05  3.00000000e-01  0.00000000e+00 
 1.77000000e-05  1.34406242e+00  1.77000000e-05  3.00000000e-01  0.00000000e+00 
 1.78000000e-05  1.34479690e+00  1.78000000e-05  3.00000000e-01  0.00000000e+00 
 1.79000000e-05  1.34552933e+00  1.79000000e-05  3.00000000e-01  0.00000000e+00 
 1.80000000e-05  1.34625973e+00  1.80000000e-05  3.00000000e-01  0.00000000e+00 
 1.81000000e-05  1.34698813e+00  1.81000000e-05  3.00000000e-01  0.00000000e+00 
 1.82000000e-05  1.34771453e+00  1.82000000e-05  3.00000000e-01  0.00000000e+00 
 1.83000000e-05  1.34843896e+00  1.83000000e-05  3.00000000e-01  0.00000000e+00 
 1.84000000e-05  1.34916144e+00  1.84000000e-05  3.00000000e-01  0.00000000e+00 
 1.85000000e-05  1.34988197e+00  1.85000000e-05  3.00000000e-01  0.00000000e+00 
 1.86000000e-05  1.35060059e+00  1.86000000e-05  3.00000000e-01  0.00000000e+00 
 1.87000000e-05  1.35131730e+00  1.87000000e-05  3.00000000e-01  0.00000000e+00 
 1.88000000e-05  1.35203212e+00  1.88000000e-05  3.00000000e-01  0.00000000e+00 
 1.89000000e-05  1.35274507e+00  1.89000000e-05  3.00000000e-01  0.00000000e+00 
 1.90000000e-05  1.35345617e+00  1.90000000e-05  3.00000000e-01  0.00000000e+00 
 1.91000000e-05  1.35416542e+00  1.91000000e-05  3.00000000e-01  0.00000000e+00 
 1.92000000e-05  1.35487285e+00  1.92000000e-05  3.00000000e-01  0.00000000e+00 
 1.93000000e-05  1.35557847e+00  1.93000000e-05  3.00000000e-01  0.00000000e+00 
 1.94000000e-05  1.35628230e+00  1.94000000e-05  3.00000000e-01  0.00000000e+00 
 1.95000000e-05  1.35698435e+00  1.95000000e-05  3.00000000e-01  0.00000000e+00 
 1.96000000e-05  1.35768463e+00  1.96000000e-05  3.00000000e-01  0.00000000e+00 
 1.97000000e-05  1.35838316e+00  1.97000000e-05  3.00000000e-01  0.00000000e+00 
 1.98000000e-05  1.35907996e+00  1.98000000e-05  3.00000000e-01  0.00000000e+00 
 1.99000000e-05  1.35977504e+00  1.99000000e-05  3.00000000e-01  0.00000000e+00 
 2.00000000e-05  1.36046841e+00  2.00000000e-05  3.00000000e-01  0.00000000e+00 
 2.01000000e-05  1.36116008e+00  2.01000000e-05  3.00000000e-01  0.00000000e+00 
 2.02000000e-05  1.36185007e+00  2.02000000e-05  3.00000000e-01  0.00000000e+00 
 2.03000000e-05  1.36253840e+00  2.03000000e-05  3.00000000e-01  0.00000000e+00 
 2.04000000e-05  1.36322507e+00  2.04000000e-05  3.00000000e-01  0.00000000e+00 
 2.05000000e-05  1.36391010e+00  2.05000000e-05  3.00000000e-01  0.00000000e+00 
 2.06000000e-05  1.36459351e+00  2.06000000e-05  3.00000000e-01  0.00000000e+00 
 2.07000000e-05  1.36527530e+00  2.07000000e-05  3.00000000e-01  0.00000000e+00 
 2.08000000e-05  1.36595548e+00  2.08000000e-05  3.00000000e-01  0.00000000e+00 
 2.09000000e-05  1.36663408e+00  2.09000000e-05  3.00000000e-01  0.00000000e+00 
 2.10000000e-05  1.36731109e+00  2.10000000e-05  3.00000000e-01  0.00000000e+00 
 2.11000000e-05  1.36798654e+00  2.11000000e-05  3.00000000e-01  0.00000000e+00 
 2.12000000e-05  1.36866044e+00  2.12000000e-05  3.00000000e-01  0.00000000e+00 
 2.13000000e-05  1.36933279e+00  2.13000000e-05  3.00000000e-01  0.00000000e+00 
 2.14000000e-05  1.37000361e+00  2.14000000e-05  3.00000000e-01  0.00000000e+00 
 2.15000000e-05  1.37067291e+00  2.15000000e-05  3.00000000e-01  0.00000000e+00 
 2.16000000e-05  1.37134071e+00  2.16000000e-05  3.00000000e-01  0.00000000e+00 
 2.17000000e-05  1.37200700e+00  2.17000000e-05  3.00000000e-01  0.00000000e+00 
 2.18000000e-05  1.37267181e+00  2.18000000e-05  3.00000000e-01  0.00000000e+00 
 2.19000000e-05  1.37333514e+00  2.19000000e-05  3.00000000e-01  0.00000000e+00 
 2.20000000e-05  1.37399701e+00  2.20000000e-05  3.00000000e-01  0.00000000e+00 
 2.21000000e-05  1.37465743e+00  2.21000000e-05  3.00000000e-01  0.00000000e+00 
 2.22000000e-05  1.37531640e+00  2.22000000e-05  3.00000000e-01  0.00000000e+00 
 2.23000000e-05  1.37597394e+00  2.23000000e-05  3.00000000e-01  0.00000000e+00 
 2.24000000e-05  1.37663005e+00  2.24000000e-05  3.00000000e-01  0.00000000e+00 
 2.25000000e-05  1.37728475e+00  2.25000000e-05  3.00000000e-01  0.00000000e+00 
 2.26000000e-05  1.37793805e+00  2.26000000e-05  3.00000000e-01  0.00000000e+00 
 2.27000000e-05  1.37858995e+00  2.27000000e-05  3.00000000e-01  0.00000000e+00 
 2.28000000e-05  1.37924047e+00  2.28000000e-05  3.00000000e-01  0.00000000e+00 
 2.29000000e-05  1.37988962e+00  2.29000000e-05  3.00000000e-01  0.00000000e+00 
 2.30000000e-05  1.38053740e+00  2.30000000e-05  3.00000000e-01  0.00000000e+00 
 2.31000000e-05  1.38118383e+00  2.31000000e-05  3.00000000e-01  0.00000000e+00 
 2.32000000e-05  1.38182891e+00  2.32000000e-05  3.00000000e-01  0.00000000e+00 
 2.33000000e-05  1.38247266e+00  2.33000000e-05  3.00000000e-01  0.00000000e+00 
 2.34000000e-05  1.38311508e+00  2.34000000e-05  3.00000000e-01  0.00000000e+00 
 2.35000000e-05  1.38375617e+00  2.35000000e-05  3.00000000e-01  0.00000000e+00 
 2.36000000e-05  1.38439596e+00  2.36000000e-05  3.00000000e-01  0.00000000e+00 
 2.37000000e-05  1.38503445e+00  2.37000000e-05  3.00000000e-01  0.00000000e+00 
 2.38000000e-05  1.38567165e+00  2.38000000e-05  3.00000000e-01  0.00000000e+00 
 2.39000000e-05  1.38630756e+00  2.39000000e-05  3.00000000e-01  0.00000000e+00 
 2.40000000e-05  1.38694220e+00  2.40000000e-05  3.00000000e-01  0.00000000e+00 
 2.41000000e-05  1.38757557e+00  2.41000000e-05  3.00000000e-01  0.00000000e+00 
 2.42000000e-05  1.38820768e+00  2.42000000e-05  3.00000000e-01  0.00000000e+00 
 2.43000000e-05  1.38883855e+00  2.43000000e-05  3.00000000e-01  0.00000000e+00 
 2.44000000e-05  1.38946817e+00  2.44000000e-05  3.00000000e-01  0.00000000e+00 
 2.45000000e-05  1.39009655e+00  2.45000000e-05  3.00000000e-01  0.00000000e+00 
 2.46000000e-05  1.39072371e+00  2.46000000e-05  3.00000000e-01  0.00000000e+00 
 2.47000000e-05  1.39134965e+00  2.47000000e-05  3.00000000e-01  0.00000000e+00 
 2.48000000e-05  1.39197439e+00  2.48000000e-05  3.00000000e-01  0.00000000e+00 
 2.49000000e-05  1.39259791e+00  2.49000000e-05  3.00000000e-01  0.00000000e+00 
 2.50000000e-05  1.39322025e+00  2.50000000e-05  3.00000000e-01  0.00000000e+00 
 2.51000000e-05  1.39384139e+00  2.51000000e-05  3.00000000e-01  0.00000000e+00 
 2.52000000e-05  1.39446136e+00  2.52000000e-05  3.00000000e-01  0.00000000e+00 
 2.53000000e-05  1.39508015e+00  2.53000000e-05  3.00000000e-01  0.00000000e+00 
 2.54000000e-05  1.39569778e+00  2.54000000e-05  3.00000000e-01  0.00000000e+00 
 2.55000000e-05  1.39631424e+00  2.55000000e-05  3.00000000e-01  0.00000000e+00 
 2.56000000e-05  1.39692956e+00  2.56000000e-05  3.00000000e-01  0.00000000e+00 
 2.57000000e-05  1.39754373e+00  2.57000000e-05  3.00000000e-01  0.00000000e+00 
 2.58000000e-05  1.39815677e+00  2.58000000e-05  3.00000000e-01  0.00000000e+00 
 2.59000000e-05  1.39876867e+00  2.59000000e-05  3.00000000e-01  0.00000000e+00 
 2.60000000e-05  1.39937945e+00  2.60000000e-05  3.00000000e-01  0.00000000e+00 
 2.61000000e-05  1.39998912e+00  2.61000000e-05  3.00000000e-01  0.00000000e+00 
 2.62000000e-05  1.40059767e+00  2.62000000e-05  3.00000000e-01  0.00000000e+00 
 2.63000000e-05  1.40120512e+00  2.63000000e-05  3.00000000e-01  0.00000000e+00 
 2.64000000e-05  1.40181147e+00  2.64000000e-05  3.00000000e-01  0.00000000e+00 
 2.65000000e-05  1.40241674e+00  2.65000000e-05  3.00000000e-01  0.00000000e+00 
 2.66000000e-05  1.40302092e+00  2.66000000e-05  3.00000000e-01  0.00000000e+00 
 2.67000000e-05  1.40362402e+00  2.67000000e-05  3.00000000e-01  0.00000000e+00 
 2.68000000e-05  1.40422605e+00  2.68000000e-05  3.00000000e-01  0.00000000e+00 
 2.69000000e-05  1.40482701e+00  2.69000000e-05  3.00000000e-01  0.00000000e+00 
 2.70000000e-05  1.40542692e+00  2.70000000e-05  3.00000000e-01  0.00000000e+00 
 2.71000000e-05  1.40602577e+00  2.71000000e-05  3.00000000e-01  0.00000000e+00 
 2.72000000e-05  1.40662358e+00  2.72000000e-05  3.00000000e-01  0.00000000e+00 
 2.73000000e-05  1.40722035e+00  2.73000000e-05  3.00000000e-01  0.00000000e+00 
 2.74000000e-05  1.40781608e+00  2.74000000e-05  3.00000000e-01  0.00000000e+00 
 2.75000000e-05  1.40841078e+00  2.75000000e-05  3.00000000e-01  0.00000000e+00 
 2.76000000e-05  1.40900446e+00  2.76000000e-05  3.00000000e-01  0.00000000e+00 
 2.77000000e-05  1.40959713e+00  2.77000000e-05  3.00000000e-01  0.00000000e+00 
 2.78000000e-05  1.41018878e+00  2.78000000e-05  3.00000000e-01  0.00000000e+00 
 2.79000000e-05  1.41077943e+00  2.79000000e-05  3.00000000e-01  0.00000000e+00 
 2.80000000e-05  1.41136907e+00  2.80000000e-05  3.00000000e-01  0.00000000e+00 
 2.81000000e-05  1.41195772e+00  2.81000000e-05  3.00000000e-01  0.00000000e+00 
 2.82000000e-05  1.41254538e+00  2.82000000e-05  3.00000000e-01  0.00000000e+00 
 2.83000000e-05  1.41313206e+00  2.83000000e-05  3.00000000e-01  0.00000000e+00 
 2.84000000e-05  1.41371776e+00  2.84000000e-05  3.00000000e-01  0.00000000e+00 
 2.85000000e-05  1.41430249e+00  2.85000000e-05  3.00000000e-01  0.00000000e+00 
 2.86000000e-05  1.41488625e+00  2.86000000e-05  3.00000000e-01  0.00000000e+00 
 2.87000000e-05  1.41546905e+00  2.87000000e-05  3.00000000e-01  0.00000000e+00 
 2.88000000e-05  1.41605089e+00  2.88000000e-05  3.00000000e-01  0.00000000e+00 
 2.89000000e-05  1.41663178e+00  2.89000000e-05  3.00000000e-01  0.00000000e+00 
 2.90000000e-05  1.41721172e+00  2.90000000e-05  3.00000000e-01  0.00000000e+00 
 2.91000000e-05  1.41779072e+00  2.91000000e-05  3.00000000e-01  0.00000000e+00 
 2.92000000e-05  1.41836878e+00  2.92000000e-05  3.00000000e-01  0.00000000e+00 
 2.93000000e-05  1.41894591e+00  2.93000000e-05  3.00000000e-01  0.00000000e+00 
 2.94000000e-05  1.41952212e+00  2.94000000e-05  3.00000000e-01  0.00000000e+00 
 2.95000000e-05  1.42009740e+00  2.95000000e-05  3.00000000e-01  0.00000000e+00 
 2.96000000e-05  1.42067177e+00  2.96000000e-05  3.00000000e-01  0.00000000e+00 
 2.97000000e-05  1.42124522e+00  2.97000000e-05  3.00000000e-01  0.00000000e+00 
 2.98000000e-05  1.42181777e+00  2.98000000e-05  3.00000000e-01  0.00000000e+00 
 2.99000000e-05  1.42238941e+00  2.99000000e-05  3.00000000e-01  0.00000000e+00 
 3.00000000e-05  1.42296016e+00  3.00000000e-05  3.00000000e-01  0.00000000e+00 
