 i-sweep         v(vout)         i(viin)         v(vgate)        v(vmid)        
 0.00000000e+00  9.18950049e-08  0.00000000e+00  9.00000000e-01  0.00000000e+00 
 1.00000000e-07  5.14373566e-03  1.00000000e-07  9.00000000e-01  0.00000000e+00 
 2.00000000e-07  1.03784953e-02  2.00000000e-07  9.00000000e-01  0.00000000e+00 
 3.00000000e-07  1.57093158e-02  3.00000000e-07  9.00000000e-01  0.00000000e+00 
 4.00000000e-07  2.11416047e-02  4.00000000e-07  9.00000000e-01  0.00000000e+00 
 5.00000000e-07  2.66812949e-02  5.00000000e-07  9.00000000e-01  0.00000000e+00 
 6.00000000e-07  3.23349185e-02  6.00000000e-07  9.00000000e-01  0.00000000e+00 
 7.00000000e-07  3.81096951e-02  7.00000000e-07  9.00000000e-01  0.00000000e+00 
 8.00000000e-07  4.40136367e-02  8.00000000e-07  9.00000000e-01  0.00000000e+00 
 9.00000000e-07  5.00556750e-02  9.00000000e-07  9.00000000e-01  0.00000000e+00 
 1.00000000e-06  5.62458154e-02  1.00000000e-06  9.00000000e-01  0.00000000e+00 
 1.10000000e-06  6.25953257e-02  1.10000000e-06  9.00000000e-01  0.00000000e+00 
 1.20000000e-06  6.91169697e-02  1.20000000e-06  9.00000000e-01  0.00000000e+00 
 1.30000000e-06  7.58252996e-02  1.30000000e-06  9.00000000e-01  0.00000000e+00 
 1.40000000e-06  8.27370246e-02  1.40000000e-06  9.00000000e-01  0.00000000e+00 
 1.50000000e-06  8.98714839e-02  1.50000000e-06  9.00000000e-01  0.00000000e+00 
 1.60000000e-06  9.72512599e-02  1.60000000e-06  9.00000000e-01  0.00000000e+00 
 1.70000000e-06  1.04902988e-01  1.70000000e-06  9.00000000e-01  0.00000000e+00 
 1.80000000e-06  1.12858442e-01  1.80000000e-06  9.00000000e-01  0.00000000e+00 
 1.90000000e-06  1.21156024e-01  1.90000000e-06  9.00000000e-01  0.00000000e+00 
 2.00000000e-06  1.29842846e-01  2.00000000e-06  9.00000000e-01  0.00000000e+00 
 2.10000000e-06  1.38977830e-01  2.10000000e-06  9.00000000e-01  0.00000000e+00 
 2.20000000e-06  1.48635881e-01  2.20000000e-06  9.00000000e-01  0.00000000e+00 
 2.30000000e-06  1.58915116e-01  2.30000000e-06  9.00000000e-01  0.00000000e+00 
 2.40000000e-06  1.69947739e-01  2.40000000e-06  9.00000000e-01  0.00000000e+00 
 2.50000000e-06  1.81918938e-01  2.50000000e-06  9.00000000e-01  0.00000000e+00 
 2.60000000e-06  1.95101050e-01  2.60000000e-06  9.00000000e-01  0.00000000e+00 
 2.70000000e-06  2.09921817e-01  2.70000000e-06  9.00000000e-01  0.00000000e+00 
 2.80000000e-06  2.27116844e-01  2.80000000e-06  9.00000000e-01  0.00000000e+00 
 2.90000000e-06  2.48134631e-01  2.90000000e-06  9.00000000e-01  0.00000000e+00 
 3.00000000e-06  2.76538109e-01  3.00000000e-06  9.00000000e-01  0.00000000e+00 
 3.10000000e-06  3.25965123e-01  3.10000000e-06  9.00000000e-01  0.00000000e+00 
 3.20000000e-06  5.57255161e-01  3.20000000e-06  9.00000000e-01  0.00000000e+00 
 3.30000000e-06  9.86741227e-01  3.30000000e-06  9.00000000e-01  0.00000000e+00 
 3.40000000e-06  1.03439827e+00  3.40000000e-06  9.00000000e-01  0.00000000e+00 
 3.50000000e-06  1.05777165e+00  3.50000000e-06  9.00000000e-01  0.00000000e+00 
 3.60000000e-06  1.07335282e+00  3.60000000e-06  9.00000000e-01  0.00000000e+00 
 3.70000000e-06  1.08510538e+00  3.70000000e-06  9.00000000e-01  0.00000000e+00 
 3.80000000e-06  1.09458940e+00  3.80000000e-06  9.00000000e-01  0.00000000e+00 
 3.90000000e-06  1.10257547e+00  3.90000000e-06  9.00000000e-01  0.00000000e+00 
 4.00000000e-06  1.10949942e+00  4.00000000e-06  9.00000000e-01  0.00000000e+00 
 4.10000000e-06  1.11563129e+00  4.10000000e-06  9.00000000e-01  0.00000000e+00 
 4.20000000e-06  1.12114976e+00  4.20000000e-06  9.00000000e-01  0.00000000e+00 
 4.30000000e-06  1.12617910e+00  4.30000000e-06  9.00000000e-01  0.00000000e+00 
 4.40000000e-06  1.13080920e+00  4.40000000e-06  9.00000000e-01  0.00000000e+00 
 4.50000000e-06  1.13510714e+00  4.50000000e-06  9.00000000e-01  0.00000000e+00 
 4.60000000e-06  1.13912432e+00  4.60000000e-06  9.00000000e-01  0.00000000e+00 
 4.70000000e-06  1.14290099e+00  4.70000000e-06  9.00000000e-01  0.00000000e+00 
 4.80000000e-06  1.14646924e+00  4.80000000e-06  9.00000000e-01  0.00000000e+00 
 4.90000000e-06  1.14985508e+00  4.90000000e-06  9.00000000e-01  0.00000000e+00 
 5.00000000e-06  1.15307988e+00  5.00000000e-06  9.00000000e-01  0.00000000e+00 
 5.10000000e-06  1.15616143e+00  5.10000000e-06  9.00000000e-01  0.00000000e+00 
 5.20000000e-06  1.15911466e+00  5.20000000e-06  9.00000000e-01  0.00000000e+00 
 5.30000000e-06  1.16195227e+00  5.30000000e-06  9.00000000e-01  0.00000000e+00 
 5.40000000e-06  1.16468513e+00  5.40000000e-06  9.00000000e-01  0.00000000e+00 
 5.50000000e-06  1.16732261e+00  5.50000000e-06  9.00000000e-01  0.00000000e+00 
 5.60000000e-06  1.16987284e+00  5.60000000e-06  9.00000000e-01  0.00000000e+00 
 5.70000000e-06  1.17234297e+00  5.70000000e-06  9.00000000e-01  0.00000000e+00 
 5.80000000e-06  1.17473925e+00  5.80000000e-06  9.00000000e-01  0.00000000e+00 
 5.90000000e-06  1.17706724e+00  5.90000000e-06  9.00000000e-01  0.00000000e+00 
 6.00000000e-06  1.17933185e+00  6.00000000e-06  9.00000000e-01  0.00000000e+00 
 6.10000000e-06  1.18153748e+00  6.10000000e-06  9.00000000e-01  0.00000000e+00 
 6.20000000e-06  1.18368808e+00  6.20000000e-06  9.00000000e-01  0.00000000e+00 
 6.30000000e-06  1.18578721e+00  6.30000000e-06  9.00000000e-01  0.00000000e+00 
 6.40000000e-06  1.18783806e+00  6.40000000e-06  9.00000000e-01  0.00000000e+00 
 6.50000000e-06  1.18984355e+00  6.50000000e-06  9.00000000e-01  0.00000000e+00 
 6.60000000e-06  1.19180632e+00  6.60000000e-06  9.00000000e-01  0.00000000e+00 
 6.70000000e-06  1.19372879e+00  6.70000000e-06  9.00000000e-01  0.00000000e+00 
 6.80000000e-06  1.19561316e+00  6.80000000e-06  9.00000000e-01  0.00000000e+00 
 6.90000000e-06  1.19746146e+00  6.90000000e-06  9.00000000e-01  0.00000000e+00 
 7.00000000e-06  1.19927554e+00  7.00000000e-06  9.00000000e-01  0.00000000e+00 
 7.10000000e-06  1.20105714e+00  7.10000000e-06  9.00000000e-01  0.00000000e+00 
 7.20000000e-06  1.20280783e+00  7.20000000e-06  9.00000000e-01  0.00000000e+00 
 7.30000000e-06  1.20452907e+00  7.30000000e-06  9.00000000e-01  0.00000000e+00 
 7.40000000e-06  1.20622224e+00  7.40000000e-06  9.00000000e-01  0.00000000e+00 
 7.50000000e-06  1.20788860e+00  7.50000000e-06  9.00000000e-01  0.00000000e+00 
 7.60000000e-06  1.20952932e+00  7.60000000e-06  9.00000000e-01  0.00000000e+00 
 7.70000000e-06  1.21114551e+00  7.70000000e-06  9.00000000e-01  0.00000000e+00 
 7.80000000e-06  1.21273818e+00  7.80000000e-06  9.00000000e-01  0.00000000e+00 
 7.90000000e-06  1.21430832e+00  7.90000000e-06  9.00000000e-01  0.00000000e+00 
 8.00000000e-06  1.21585680e+00  8.00000000e-06  9.00000000e-01  0.00000000e+00 
 8.10000000e-06  1.21738448e+00  8.10000000e-06  9.00000000e-01  0.00000000e+00 
 8.20000000e-06  1.21889215e+00  8.20000000e-06  9.00000000e-01  0.00000000e+00 
 8.30000000e-06  1.22038057e+00  8.30000000e-06  9.00000000e-01  0.00000000e+00 
 8.40000000e-06  1.22185043e+00  8.40000000e-06  9.00000000e-01  0.00000000e+00 
 8.50000000e-06  1.22330239e+00  8.50000000e-06  9.00000000e-01  0.00000000e+00 
 8.60000000e-06  1.22473710e+00  8.60000000e-06  9.00000000e-01  0.00000000e+00 
 8.70000000e-06  1.22615513e+00  8.70000000e-06  9.00000000e-01  0.00000000e+00 
 8.80000000e-06  1.22755705e+00  8.80000000e-06  9.00000000e-01  0.00000000e+00 
 8.90000000e-06  1.22894340e+00  8.90000000e-06  9.00000000e-01  0.00000000e+00 
 9.00000000e-06  1.23031467e+00  9.00000000e-06  9.00000000e-01  0.00000000e+00 
 9.10000000e-06  1.23167135e+00  9.10000000e-06  9.00000000e-01  0.00000000e+00 
 9.20000000e-06  1.23301390e+00  9.20000000e-06  9.00000000e-01  0.00000000e+00 
 9.30000000e-06  1.23434274e+00  9.30000000e-06  9.00000000e-01  0.00000000e+00 
 9.40000000e-06  1.23565829e+00  9.40000000e-06  9.00000000e-01  0.00000000e+00 
 9.50000000e-06  1.23696095e+00  9.50000000e-06  9.00000000e-01  0.00000000e+00 
 9.60000000e-06  1.23825108e+00  9.60000000e-06  9.00000000e-01  0.00000000e+00 
 9.70000000e-06  1.23952904e+00  9.70000000e-06  9.00000000e-01  0.00000000e+00 
 9.80000000e-06  1.24079519e+00  9.80000000e-06  9.00000000e-01  0.00000000e+00 
 9.90000000e-06  1.24204983e+00  9.90000000e-06  9.00000000e-01  0.00000000e+00 
 1.00000000e-05  1.24329329e+00  1.00000000e-05  9.00000000e-01  0.00000000e+00 
 1.01000000e-05  1.24452587e+00  1.01000000e-05  9.00000000e-01  0.00000000e+00 
 1.02000000e-05  1.24574784e+00  1.02000000e-05  9.00000000e-01  0.00000000e+00 
 1.03000000e-05  1.24695950e+00  1.03000000e-05  9.00000000e-01  0.00000000e+00 
 1.04000000e-05  1.24816109e+00  1.04000000e-05  9.00000000e-01  0.00000000e+00 
 1.05000000e-05  1.24935287e+00  1.05000000e-05  9.00000000e-01  0.00000000e+00 
 1.06000000e-05  1.25053508e+00  1.06000000e-05  9.00000000e-01  0.00000000e+00 
 1.07000000e-05  1.25170797e+00  1.07000000e-05  9.00000000e-01  0.00000000e+00 
 1.08000000e-05  1.25287174e+00  1.08000000e-05  9.00000000e-01  0.00000000e+00 
 1.09000000e-05  1.25402662e+00  1.09000000e-05  9.00000000e-01  0.00000000e+00 
 1.10000000e-05  1.25517282e+00  1.10000000e-05  9.00000000e-01  0.00000000e+00 
 1.11000000e-05  1.25631053e+00  1.11000000e-05  9.00000000e-01  0.00000000e+00 
 1.12000000e-05  1.25743994e+00  1.12000000e-05  9.00000000e-01  0.00000000e+00 
 1.13000000e-05  1.25856125e+00  1.13000000e-05  9.00000000e-01  0.00000000e+00 
 1.14000000e-05  1.25967463e+00  1.14000000e-05  9.00000000e-01  0.00000000e+00 
 1.15000000e-05  1.26078025e+00  1.15000000e-05  9.00000000e-01  0.00000000e+00 
 1.16000000e-05  1.26187828e+00  1.16000000e-05  9.00000000e-01  0.00000000e+00 
 1.17000000e-05  1.26296888e+00  1.17000000e-05  9.00000000e-01  0.00000000e+00 
 1.18000000e-05  1.26405221e+00  1.18000000e-05  9.00000000e-01  0.00000000e+00 
 1.19000000e-05  1.26512841e+00  1.19000000e-05  9.00000000e-01  0.00000000e+00 
 1.20000000e-05  1.26619763e+00  1.20000000e-05  9.00000000e-01  0.00000000e+00 
 1.21000000e-05  1.26726002e+00  1.21000000e-05  9.00000000e-01  0.00000000e+00 
 1.22000000e-05  1.26831570e+00  1.22000000e-05  9.00000000e-01  0.00000000e+00 
 1.23000000e-05  1.26936481e+00  1.23000000e-05  9.00000000e-01  0.00000000e+00 
 1.24000000e-05  1.27040748e+00  1.24000000e-05  9.00000000e-01  0.00000000e+00 
 1.25000000e-05  1.27144383e+00  1.25000000e-05  9.00000000e-01  0.00000000e+00 
 1.26000000e-05  1.27247398e+00  1.26000000e-05  9.00000000e-01  0.00000000e+00 
 1.27000000e-05  1.27349804e+00  1.27000000e-05  9.00000000e-01  0.00000000e+00 
 1.28000000e-05  1.27451614e+00  1.28000000e-05  9.00000000e-01  0.00000000e+00 
 1.29000000e-05  1.27552836e+00  1.29000000e-05  9.00000000e-01  0.00000000e+00 
 1.30000000e-05  1.27653484e+00  1.30000000e-05  9.00000000e-01  0.00000000e+00 
 1.31000000e-05  1.27753566e+00  1.31000000e-05  9.00000000e-01  0.00000000e+00 
 1.32000000e-05  1.27853092e+00  1.32000000e-05  9.00000000e-01  0.00000000e+00 
 1.33000000e-05  1.27952073e+00  1.33000000e-05  9.00000000e-01  0.00000000e+00 
 1.34000000e-05  1.28050517e+00  1.34000000e-05  9.00000000e-01  0.00000000e+00 
 1.35000000e-05  1.28148434e+00  1.35000000e-05  9.00000000e-01  0.00000000e+00 
 1.36000000e-05  1.28245833e+00  1.36000000e-05  9.00000000e-01  0.00000000e+00 
 1.37000000e-05  1.28342723e+00  1.37000000e-05  9.00000000e-01  0.00000000e+00 
 1.38000000e-05  1.28439111e+00  1.38000000e-05  9.00000000e-01  0.00000000e+00 
 1.39000000e-05  1.28535006e+00  1.39000000e-05  9.00000000e-01  0.00000000e+00 
 1.40000000e-05  1.28630417e+00  1.40000000e-05  9.00000000e-01  0.00000000e+00 
 1.41000000e-05  1.28725350e+00  1.41000000e-05  9.00000000e-01  0.00000000e+00 
 1.42000000e-05  1.28819814e+00  1.42000000e-05  9.00000000e-01  0.00000000e+00 
 1.43000000e-05  1.28913815e+00  1.43000000e-05  9.00000000e-01  0.00000000e+00 
 1.44000000e-05  1.29007361e+00  1.44000000e-05  9.00000000e-01  0.00000000e+00 
 1.45000000e-05  1.29100459e+00  1.45000000e-05  9.00000000e-01  0.00000000e+00 
 1.46000000e-05  1.29193117e+00  1.46000000e-05  9.00000000e-01  0.00000000e+00 
 1.47000000e-05  1.29285339e+00  1.47000000e-05  9.00000000e-01  0.00000000e+00 
 1.48000000e-05  1.29377133e+00  1.48000000e-05  9.00000000e-01  0.00000000e+00 
 1.49000000e-05  1.29468506e+00  1.49000000e-05  9.00000000e-01  0.00000000e+00 
 1.50000000e-05  1.29559463e+00  1.50000000e-05  9.00000000e-01  0.00000000e+00 
 1.51000000e-05  1.29650011e+00  1.51000000e-05  9.00000000e-01  0.00000000e+00 
 1.52000000e-05  1.29740155e+00  1.52000000e-05  9.00000000e-01  0.00000000e+00 
 1.53000000e-05  1.29829901e+00  1.53000000e-05  9.00000000e-01  0.00000000e+00 
 1.54000000e-05  1.29919255e+00  1.54000000e-05  9.00000000e-01  0.00000000e+00 
 1.55000000e-05  1.30008222e+00  1.55000000e-05  9.00000000e-01  0.00000000e+00 
 1.56000000e-05  1.30096808e+00  1.56000000e-05  9.00000000e-01  0.00000000e+00 
 1.57000000e-05  1.30185017e+00  1.57000000e-05  9.00000000e-01  0.00000000e+00 
 1.58000000e-05  1.30272855e+00  1.58000000e-05  9.00000000e-01  0.00000000e+00 
 1.59000000e-05  1.30360328e+00  1.59000000e-05  9.00000000e-01  0.00000000e+00 
 1.60000000e-05  1.30447439e+00  1.60000000e-05  9.00000000e-01  0.00000000e+00 
 1.61000000e-05  1.30534194e+00  1.61000000e-05  9.00000000e-01  0.00000000e+00 
 1.62000000e-05  1.30620597e+00  1.62000000e-05  9.00000000e-01  0.00000000e+00 
 1.63000000e-05  1.30706653e+00  1.63000000e-05  9.00000000e-01  0.00000000e+00 
 1.64000000e-05  1.30792367e+00  1.64000000e-05  9.00000000e-01  0.00000000e+00 
 1.65000000e-05  1.30877742e+00  1.65000000e-05  9.00000000e-01  0.00000000e+00 
 1.66000000e-05  1.30962784e+00  1.66000000e-05  9.00000000e-01  0.00000000e+00 
 1.67000000e-05  1.31047495e+00  1.67000000e-05  9.00000000e-01  0.00000000e+00 
 1.68000000e-05  1.31131881e+00  1.68000000e-05  9.00000000e-01  0.00000000e+00 
 1.69000000e-05  1.31215946e+00  1.69000000e-05  9.00000000e-01  0.00000000e+00 
 1.70000000e-05  1.31299693e+00  1.70000000e-05  9.00000000e-01  0.00000000e+00 
 1.71000000e-05  1.31383126e+00  1.71000000e-05  9.00000000e-01  0.00000000e+00 
 1.72000000e-05  1.31466249e+00  1.72000000e-05  9.00000000e-01  0.00000000e+00 
 1.73000000e-05  1.31549066e+00  1.73000000e-05  9.00000000e-01  0.00000000e+00 
 1.74000000e-05  1.31631581e+00  1.74000000e-05  9.00000000e-01  0.00000000e+00 
 1.75000000e-05  1.31713796e+00  1.75000000e-05  9.00000000e-01  0.00000000e+00 
 1.76000000e-05  1.31795716e+00  1.76000000e-05  9.00000000e-01  0.00000000e+00 
 1.77000000e-05  1.31877344e+00  1.77000000e-05  9.00000000e-01  0.00000000e+00 
 1.78000000e-05  1.31958683e+00  1.78000000e-05  9.00000000e-01  0.00000000e+00 
 1.79000000e-05  1.32039736e+00  1.79000000e-05  9.00000000e-01  0.00000000e+00 
 1.80000000e-05  1.32120508e+00  1.80000000e-05  9.00000000e-01  0.00000000e+00 
 1.81000000e-05  1.32201000e+00  1.81000000e-05  9.00000000e-01  0.00000000e+00 
 1.82000000e-05  1.32281217e+00  1.82000000e-05  9.00000000e-01  0.00000000e+00 
 1.83000000e-05  1.32361161e+00  1.83000000e-05  9.00000000e-01  0.00000000e+00 
 1.84000000e-05  1.32440835e+00  1.84000000e-05  9.00000000e-01  0.00000000e+00 
 1.85000000e-05  1.32520242e+00  1.85000000e-05  9.00000000e-01  0.00000000e+00 
 1.86000000e-05  1.32599386e+00  1.86000000e-05  9.00000000e-01  0.00000000e+00 
 1.87000000e-05  1.32678268e+00  1.87000000e-05  9.00000000e-01  0.00000000e+00 
 1.88000000e-05  1.32756892e+00  1.88000000e-05  9.00000000e-01  0.00000000e+00 
 1.89000000e-05  1.32835260e+00  1.89000000e-05  9.00000000e-01  0.00000000e+00 
 1.90000000e-05  1.32913376e+00  1.90000000e-05  9.00000000e-01  0.00000000e+00 
 1.91000000e-05  1.32991241e+00  1.91000000e-05  9.00000000e-01  0.00000000e+00 
 1.92000000e-05  1.33068859e+00  1.92000000e-05  9.00000000e-01  0.00000000e+00 
 1.93000000e-05  1.33146231e+00  1.93000000e-05  9.00000000e-01  0.00000000e+00 
 1.94000000e-05  1.33223361e+00  1.94000000e-05  9.00000000e-01  0.00000000e+00 
 1.95000000e-05  1.33300251e+00  1.95000000e-05  9.00000000e-01  0.00000000e+00 
 1.96000000e-05  1.33376904e+00  1.96000000e-05  9.00000000e-01  0.00000000e+00 
 1.97000000e-05  1.33453321e+00  1.97000000e-05  9.00000000e-01  0.00000000e+00 
 1.98000000e-05  1.33529505e+00  1.98000000e-05  9.00000000e-01  0.00000000e+00 
 1.99000000e-05  1.33605459e+00  1.99000000e-05  9.00000000e-01  0.00000000e+00 
 2.00000000e-05  1.33681184e+00  2.00000000e-05  9.00000000e-01  0.00000000e+00 
 2.01000000e-05  1.33756683e+00  2.01000000e-05  9.00000000e-01  0.00000000e+00 
 2.02000000e-05  1.33831959e+00  2.02000000e-05  9.00000000e-01  0.00000000e+00 
 2.03000000e-05  1.33907012e+00  2.03000000e-05  9.00000000e-01  0.00000000e+00 
 2.04000000e-05  1.33981846e+00  2.04000000e-05  9.00000000e-01  0.00000000e+00 
 2.05000000e-05  1.34056463e+00  2.05000000e-05  9.00000000e-01  0.00000000e+00 
 2.06000000e-05  1.34130864e+00  2.06000000e-05  9.00000000e-01  0.00000000e+00 
 2.07000000e-05  1.34205052e+00  2.07000000e-05  9.00000000e-01  0.00000000e+00 
 2.08000000e-05  1.34279028e+00  2.08000000e-05  9.00000000e-01  0.00000000e+00 
 2.09000000e-05  1.34352795e+00  2.09000000e-05  9.00000000e-01  0.00000000e+00 
 2.10000000e-05  1.34426354e+00  2.10000000e-05  9.00000000e-01  0.00000000e+00 
 2.11000000e-05  1.34499708e+00  2.11000000e-05  9.00000000e-01  0.00000000e+00 
 2.12000000e-05  1.34572858e+00  2.12000000e-05  9.00000000e-01  0.00000000e+00 
 2.13000000e-05  1.34645806e+00  2.13000000e-05  9.00000000e-01  0.00000000e+00 
 2.14000000e-05  1.34718554e+00  2.14000000e-05  9.00000000e-01  0.00000000e+00 
 2.15000000e-05  1.34791103e+00  2.15000000e-05  9.00000000e-01  0.00000000e+00 
 2.16000000e-05  1.34863456e+00  2.16000000e-05  9.00000000e-01  0.00000000e+00 
 2.17000000e-05  1.34935615e+00  2.17000000e-05  9.00000000e-01  0.00000000e+00 
 2.18000000e-05  1.35007580e+00  2.18000000e-05  9.00000000e-01  0.00000000e+00 
 2.19000000e-05  1.35079354e+00  2.19000000e-05  9.00000000e-01  0.00000000e+00 
 2.20000000e-05  1.35150938e+00  2.20000000e-05  9.00000000e-01  0.00000000e+00 
 2.21000000e-05  1.35222334e+00  2.21000000e-05  9.00000000e-01  0.00000000e+00 
 2.22000000e-05  1.35293543e+00  2.22000000e-05  9.00000000e-01  0.00000000e+00 
 2.23000000e-05  1.35364568e+00  2.23000000e-05  9.00000000e-01  0.00000000e+00 
 2.24000000e-05  1.35435409e+00  2.24000000e-05  9.00000000e-01  0.00000000e+00 
 2.25000000e-05  1.35506069e+00  2.25000000e-05  9.00000000e-01  0.00000000e+00 
 2.26000000e-05  1.35576548e+00  2.26000000e-05  9.00000000e-01  0.00000000e+00 
 2.27000000e-05  1.35646849e+00  2.27000000e-05  9.00000000e-01  0.00000000e+00 
 2.28000000e-05  1.35716972e+00  2.28000000e-05  9.00000000e-01  0.00000000e+00 
 2.29000000e-05  1.35786920e+00  2.29000000e-05  9.00000000e-01  0.00000000e+00 
 2.30000000e-05  1.35856693e+00  2.30000000e-05  9.00000000e-01  0.00000000e+00 
 2.31000000e-05  1.35926293e+00  2.31000000e-05  9.00000000e-01  0.00000000e+00 
 2.32000000e-05  1.35995722e+00  2.32000000e-05  9.00000000e-01  0.00000000e+00 
 2.33000000e-05  1.36064980e+00  2.33000000e-05  9.00000000e-01  0.00000000e+00 
 2.34000000e-05  1.36134070e+00  2.34000000e-05  9.00000000e-01  0.00000000e+00 
 2.35000000e-05  1.36202992e+00  2.35000000e-05  9.00000000e-01  0.00000000e+00 
 2.36000000e-05  1.36271748e+00  2.36000000e-05  9.00000000e-01  0.00000000e+00 
 2.37000000e-05  1.36340340e+00  2.37000000e-05  9.00000000e-01  0.00000000e+00 
 2.38000000e-05  1.36408768e+00  2.38000000e-05  9.00000000e-01  0.00000000e+00 
 2.39000000e-05  1.36477033e+00  2.39000000e-05  9.00000000e-01  0.00000000e+00 
 2.40000000e-05  1.36545138e+00  2.40000000e-05  9.00000000e-01  0.00000000e+00 
 2.41000000e-05  1.36613083e+00  2.41000000e-05  9.00000000e-01  0.00000000e+00 
 2.42000000e-05  1.36680869e+00  2.42000000e-05  9.00000000e-01  0.00000000e+00 
 2.43000000e-05  1.36748498e+00  2.43000000e-05  9.00000000e-01  0.00000000e+00 
 2.44000000e-05  1.36815971e+00  2.44000000e-05  9.00000000e-01  0.00000000e+00 
 2.45000000e-05  1.36883289e+00  2.45000000e-05  9.00000000e-01  0.00000000e+00 
 2.46000000e-05  1.36950453e+00  2.46000000e-05  9.00000000e-01  0.00000000e+00 
 2.47000000e-05  1.37017465e+00  2.47000000e-05  9.00000000e-01  0.00000000e+00 
 2.48000000e-05  1.37084325e+00  2.48000000e-05  9.00000000e-01  0.00000000e+00 
 2.49000000e-05  1.37151035e+00  2.49000000e-05  9.00000000e-01  0.00000000e+00 
 2.50000000e-05  1.37217595e+00  2.50000000e-05  9.00000000e-01  0.00000000e+00 
