 i-sweep         v(vout)         i(viin)         v(vgate)        v(vmid)        
 0.00000000e+00  3.00000164e-01  0.00000000e+00  1.00000000e+00  3.00000000e-01 
 1.00000000e-07  3.28438840e-01  1.00000000e-07  1.00000000e+00  3.00000000e-01 
 2.00000000e-07  3.81119099e-01  2.00000000e-07  1.00000000e+00  3.00000000e-01 
 3.00000000e-07  9.88786320e-01  3.00000000e-07  1.00000000e+00  3.00000000e-01 
 4.00000000e-07  1.03610687e+00  4.00000000e-07  1.00000000e+00  3.00000000e-01 
 5.00000000e-07  1.05909074e+00  5.00000000e-07  1.00000000e+00  3.00000000e-01 
 6.00000000e-07  1.07443737e+00  6.00000000e-07  1.00000000e+00  3.00000000e-01 
 7.00000000e-07  1.08603731e+00  7.00000000e-07  1.00000000e+00  3.00000000e-01 
 8.00000000e-07  1.09541578e+00  8.00000000e-07  1.00000000e+00  3.00000000e-01 
 9.00000000e-07  1.10332506e+00  9.00000000e-07  1.00000000e+00  3.00000000e-01 
 1.00000000e-06  1.11017854e+00  1.00000000e-06  1.00000000e+00  3.00000000e-01 
 1.10000000e-06  1.11626061e+00  1.10000000e-06  1.00000000e+00  3.00000000e-01 
 1.20000000e-06  1.12174841e+00  1.20000000e-06  1.00000000e+00  3.00000000e-01 
 1.30000000e-06  1.12674014e+00  1.30000000e-06  1.00000000e+00  3.00000000e-01 
 1.40000000e-06  1.13133927e+00  1.40000000e-06  1.00000000e+00  3.00000000e-01 
 1.50000000e-06  1.13561114e+00  1.50000000e-06  1.00000000e+00  3.00000000e-01 
 1.60000000e-06  1.13960597e+00  1.60000000e-06  1.00000000e+00  3.00000000e-01 
 1.70000000e-06  1.14336319e+00  1.70000000e-06  1.00000000e+00  3.00000000e-01 
 1.80000000e-06  1.14691435e+00  1.80000000e-06  1.00000000e+00  3.00000000e-01 
 1.90000000e-06  1.15028501e+00  1.90000000e-06  1.00000000e+00  3.00000000e-01 
 2.00000000e-06  1.15349624e+00  2.00000000e-06  1.00000000e+00  3.00000000e-01 
 2.10000000e-06  1.15656555e+00  2.10000000e-06  1.00000000e+00  3.00000000e-01 
 2.20000000e-06  1.15950770e+00  2.20000000e-06  1.00000000e+00  3.00000000e-01 
 2.30000000e-06  1.16233521e+00  2.30000000e-06  1.00000000e+00  3.00000000e-01 
 2.40000000e-06  1.16505882e+00  2.40000000e-06  1.00000000e+00  3.00000000e-01 
 2.50000000e-06  1.16768779e+00  2.50000000e-06  1.00000000e+00  3.00000000e-01 
 2.60000000e-06  1.17023019e+00  2.60000000e-06  1.00000000e+00  3.00000000e-01 
 2.70000000e-06  1.17269305e+00  2.70000000e-06  1.00000000e+00  3.00000000e-01 
 2.80000000e-06  1.17508259e+00  2.80000000e-06  1.00000000e+00  3.00000000e-01 
 2.90000000e-06  1.17740428e+00  2.90000000e-06  1.00000000e+00  3.00000000e-01 
 3.00000000e-06  1.17966302e+00  3.00000000e-06  1.00000000e+00  3.00000000e-01 
 3.10000000e-06  1.18186316e+00  3.10000000e-06  1.00000000e+00  3.00000000e-01 
 3.20000000e-06  1.18400860e+00  3.20000000e-06  1.00000000e+00  3.00000000e-01 
 3.30000000e-06  1.18610287e+00  3.30000000e-06  1.00000000e+00  3.00000000e-01 
 3.40000000e-06  1.18814915e+00  3.40000000e-06  1.00000000e+00  3.00000000e-01 
 3.50000000e-06  1.19015032e+00  3.50000000e-06  1.00000000e+00  3.00000000e-01 
 3.60000000e-06  1.19210900e+00  3.60000000e-06  1.00000000e+00  3.00000000e-01 
 3.70000000e-06  1.19402760e+00  3.70000000e-06  1.00000000e+00  3.00000000e-01 
 3.80000000e-06  1.19590829e+00  3.80000000e-06  1.00000000e+00  3.00000000e-01 
 3.90000000e-06  1.19775310e+00  3.90000000e-06  1.00000000e+00  3.00000000e-01 
 4.00000000e-06  1.19956386e+00  4.00000000e-06  1.00000000e+00  3.00000000e-01 
 4.10000000e-06  1.20134229e+00  4.10000000e-06  1.00000000e+00  3.00000000e-01 
 4.20000000e-06  1.20308996e+00  4.20000000e-06  1.00000000e+00  3.00000000e-01 
 4.30000000e-06  1.20480832e+00  4.30000000e-06  1.00000000e+00  3.00000000e-01 
 4.40000000e-06  1.20649873e+00  4.40000000e-06  1.00000000e+00  3.00000000e-01 
 4.50000000e-06  1.20816244e+00  4.50000000e-06  1.00000000e+00  3.00000000e-01 
 4.60000000e-06  1.20980063e+00  4.60000000e-06  1.00000000e+00  3.00000000e-01 
 4.70000000e-06  1.21141438e+00  4.70000000e-06  1.00000000e+00  3.00000000e-01 
 4.80000000e-06  1.21300473e+00  4.80000000e-06  1.00000000e+00  3.00000000e-01 
 4.90000000e-06  1.21457262e+00  4.90000000e-06  1.00000000e+00  3.00000000e-01 
 5.00000000e-06  1.21611895e+00  5.00000000e-06  1.00000000e+00  3.00000000e-01 
 5.10000000e-06  1.21764455e+00  5.10000000e-06  1.00000000e+00  3.00000000e-01 
 5.20000000e-06  1.21915023e+00  5.20000000e-06  1.00000000e+00  3.00000000e-01 
 5.30000000e-06  1.22063671e+00  5.30000000e-06  1.00000000e+00  3.00000000e-01 
 5.40000000e-06  1.22210471e+00  5.40000000e-06  1.00000000e+00  3.00000000e-01 
 5.50000000e-06  1.22355488e+00  5.50000000e-06  1.00000000e+00  3.00000000e-01 
 5.60000000e-06  1.22498785e+00  5.60000000e-06  1.00000000e+00  3.00000000e-01 
 5.70000000e-06  1.22640421e+00  5.70000000e-06  1.00000000e+00  3.00000000e-01 
 5.80000000e-06  1.22780451e+00  5.80000000e-06  1.00000000e+00  3.00000000e-01 
 5.90000000e-06  1.22918929e+00  5.90000000e-06  1.00000000e+00  3.00000000e-01 
 6.00000000e-06  1.23055904e+00  6.00000000e-06  1.00000000e+00  3.00000000e-01 
 6.10000000e-06  1.23191425e+00  6.10000000e-06  1.00000000e+00  3.00000000e-01 
 6.20000000e-06  1.23325537e+00  6.20000000e-06  1.00000000e+00  3.00000000e-01 
 6.30000000e-06  1.23458283e+00  6.30000000e-06  1.00000000e+00  3.00000000e-01 
 6.40000000e-06  1.23589703e+00  6.40000000e-06  1.00000000e+00  3.00000000e-01 
 6.50000000e-06  1.23719838e+00  6.50000000e-06  1.00000000e+00  3.00000000e-01 
 6.60000000e-06  1.23848725e+00  6.60000000e-06  1.00000000e+00  3.00000000e-01 
 6.70000000e-06  1.23976398e+00  6.70000000e-06  1.00000000e+00  3.00000000e-01 
 6.80000000e-06  1.24102892e+00  6.80000000e-06  1.00000000e+00  3.00000000e-01 
 6.90000000e-06  1.24228240e+00  6.90000000e-06  1.00000000e+00  3.00000000e-01 
 7.00000000e-06  1.24352473e+00  7.00000000e-06  1.00000000e+00  3.00000000e-01 
 7.10000000e-06  1.24475620e+00  7.10000000e-06  1.00000000e+00  3.00000000e-01 
 7.20000000e-06  1.24597710e+00  7.20000000e-06  1.00000000e+00  3.00000000e-01 
 7.30000000e-06  1.24718771e+00  7.30000000e-06  1.00000000e+00  3.00000000e-01 
 7.40000000e-06  1.24838828e+00  7.40000000e-06  1.00000000e+00  3.00000000e-01 
 7.50000000e-06  1.24957907e+00  7.50000000e-06  1.00000000e+00  3.00000000e-01 
 7.60000000e-06  1.25076031e+00  7.60000000e-06  1.00000000e+00  3.00000000e-01 
 7.70000000e-06  1.25193225e+00  7.70000000e-06  1.00000000e+00  3.00000000e-01 
 7.80000000e-06  1.25309510e+00  7.80000000e-06  1.00000000e+00  3.00000000e-01 
 7.90000000e-06  1.25424908e+00  7.90000000e-06  1.00000000e+00  3.00000000e-01 
 8.00000000e-06  1.25539440e+00  8.00000000e-06  1.00000000e+00  3.00000000e-01 
 8.10000000e-06  1.25653125e+00  8.10000000e-06  1.00000000e+00  3.00000000e-01 
 8.20000000e-06  1.25765982e+00  8.20000000e-06  1.00000000e+00  3.00000000e-01 
 8.30000000e-06  1.25878031e+00  8.30000000e-06  1.00000000e+00  3.00000000e-01 
 8.40000000e-06  1.25989288e+00  8.40000000e-06  1.00000000e+00  3.00000000e-01 
 8.50000000e-06  1.26099772e+00  8.50000000e-06  1.00000000e+00  3.00000000e-01 
 8.60000000e-06  1.26209498e+00  8.60000000e-06  1.00000000e+00  3.00000000e-01 
 8.70000000e-06  1.26318483e+00  8.70000000e-06  1.00000000e+00  3.00000000e-01 
 8.80000000e-06  1.26426742e+00  8.80000000e-06  1.00000000e+00  3.00000000e-01 
 8.90000000e-06  1.26534290e+00  8.90000000e-06  1.00000000e+00  3.00000000e-01 
 9.00000000e-06  1.26641142e+00  9.00000000e-06  1.00000000e+00  3.00000000e-01 
 9.10000000e-06  1.26747311e+00  9.10000000e-06  1.00000000e+00  3.00000000e-01 
 9.20000000e-06  1.26852812e+00  9.20000000e-06  1.00000000e+00  3.00000000e-01 
 9.30000000e-06  1.26957657e+00  9.30000000e-06  1.00000000e+00  3.00000000e-01 
 9.40000000e-06  1.27061859e+00  9.40000000e-06  1.00000000e+00  3.00000000e-01 
 9.50000000e-06  1.27165430e+00  9.50000000e-06  1.00000000e+00  3.00000000e-01 
 9.60000000e-06  1.27268382e+00  9.60000000e-06  1.00000000e+00  3.00000000e-01 
 9.70000000e-06  1.27370727e+00  9.70000000e-06  1.00000000e+00  3.00000000e-01 
 9.80000000e-06  1.27472476e+00  9.80000000e-06  1.00000000e+00  3.00000000e-01 
 9.90000000e-06  1.27573640e+00  9.90000000e-06  1.00000000e+00  3.00000000e-01 
 1.00000000e-05  1.27674230e+00  1.00000000e-05  1.00000000e+00  3.00000000e-01 
 1.01000000e-05  1.27774255e+00  1.01000000e-05  1.00000000e+00  3.00000000e-01 
 1.02000000e-05  1.27873725e+00  1.02000000e-05  1.00000000e+00  3.00000000e-01 
 1.03000000e-05  1.27972651e+00  1.03000000e-05  1.00000000e+00  3.00000000e-01 
 1.04000000e-05  1.28071042e+00  1.04000000e-05  1.00000000e+00  3.00000000e-01 
 1.05000000e-05  1.28168906e+00  1.05000000e-05  1.00000000e+00  3.00000000e-01 
 1.06000000e-05  1.28266253e+00  1.06000000e-05  1.00000000e+00  3.00000000e-01 
 1.07000000e-05  1.28363092e+00  1.07000000e-05  1.00000000e+00  3.00000000e-01 
 1.08000000e-05  1.28459430e+00  1.08000000e-05  1.00000000e+00  3.00000000e-01 
 1.09000000e-05  1.28555276e+00  1.09000000e-05  1.00000000e+00  3.00000000e-01 
 1.10000000e-05  1.28650638e+00  1.10000000e-05  1.00000000e+00  3.00000000e-01 
 1.11000000e-05  1.28745523e+00  1.11000000e-05  1.00000000e+00  3.00000000e-01 
 1.12000000e-05  1.28839940e+00  1.12000000e-05  1.00000000e+00  3.00000000e-01 
 1.13000000e-05  1.28933895e+00  1.13000000e-05  1.00000000e+00  3.00000000e-01 
 1.14000000e-05  1.29027396e+00  1.14000000e-05  1.00000000e+00  3.00000000e-01 
 1.15000000e-05  1.29120450e+00  1.15000000e-05  1.00000000e+00  3.00000000e-01 
 1.16000000e-05  1.29213063e+00  1.16000000e-05  1.00000000e+00  3.00000000e-01 
 1.17000000e-05  1.29305242e+00  1.17000000e-05  1.00000000e+00  3.00000000e-01 
 1.18000000e-05  1.29396994e+00  1.18000000e-05  1.00000000e+00  3.00000000e-01 
 1.19000000e-05  1.29488325e+00  1.19000000e-05  1.00000000e+00  3.00000000e-01 
 1.20000000e-05  1.29579241e+00  1.20000000e-05  1.00000000e+00  3.00000000e-01 
 1.21000000e-05  1.29669748e+00  1.21000000e-05  1.00000000e+00  3.00000000e-01 
 1.22000000e-05  1.29759852e+00  1.22000000e-05  1.00000000e+00  3.00000000e-01 
 1.23000000e-05  1.29849559e+00  1.23000000e-05  1.00000000e+00  3.00000000e-01 
 1.24000000e-05  1.29938874e+00  1.24000000e-05  1.00000000e+00  3.00000000e-01 
 1.25000000e-05  1.30027803e+00  1.25000000e-05  1.00000000e+00  3.00000000e-01 
 1.26000000e-05  1.30116351e+00  1.26000000e-05  1.00000000e+00  3.00000000e-01 
 1.27000000e-05  1.30204523e+00  1.27000000e-05  1.00000000e+00  3.00000000e-01 
 1.28000000e-05  1.30292325e+00  1.28000000e-05  1.00000000e+00  3.00000000e-01 
 1.29000000e-05  1.30379761e+00  1.29000000e-05  1.00000000e+00  3.00000000e-01 
 1.30000000e-05  1.30466837e+00  1.30000000e-05  1.00000000e+00  3.00000000e-01 
 1.31000000e-05  1.30553557e+00  1.31000000e-05  1.00000000e+00  3.00000000e-01 
 1.32000000e-05  1.30639926e+00  1.32000000e-05  1.00000000e+00  3.00000000e-01 
 1.33000000e-05  1.30725948e+00  1.33000000e-05  1.00000000e+00  3.00000000e-01 
 1.34000000e-05  1.30811628e+00  1.34000000e-05  1.00000000e+00  3.00000000e-01 
 1.35000000e-05  1.30896970e+00  1.35000000e-05  1.00000000e+00  3.00000000e-01 
 1.36000000e-05  1.30981979e+00  1.36000000e-05  1.00000000e+00  3.00000000e-01 
 1.37000000e-05  1.31066658e+00  1.37000000e-05  1.00000000e+00  3.00000000e-01 
 1.38000000e-05  1.31151012e+00  1.38000000e-05  1.00000000e+00  3.00000000e-01 
 1.39000000e-05  1.31235045e+00  1.39000000e-05  1.00000000e+00  3.00000000e-01 
 1.40000000e-05  1.31318761e+00  1.40000000e-05  1.00000000e+00  3.00000000e-01 
 1.41000000e-05  1.31402164e+00  1.41000000e-05  1.00000000e+00  3.00000000e-01 
 1.42000000e-05  1.31485257e+00  1.42000000e-05  1.00000000e+00  3.00000000e-01 
 1.43000000e-05  1.31568044e+00  1.43000000e-05  1.00000000e+00  3.00000000e-01 
 1.44000000e-05  1.31650529e+00  1.44000000e-05  1.00000000e+00  3.00000000e-01 
 1.45000000e-05  1.31732715e+00  1.45000000e-05  1.00000000e+00  3.00000000e-01 
 1.46000000e-05  1.31814607e+00  1.46000000e-05  1.00000000e+00  3.00000000e-01 
 1.47000000e-05  1.31896206e+00  1.47000000e-05  1.00000000e+00  3.00000000e-01 
 1.48000000e-05  1.31977517e+00  1.48000000e-05  1.00000000e+00  3.00000000e-01 
 1.49000000e-05  1.32058543e+00  1.49000000e-05  1.00000000e+00  3.00000000e-01 
 1.50000000e-05  1.32139287e+00  1.50000000e-05  1.00000000e+00  3.00000000e-01 
 1.51000000e-05  1.32219753e+00  1.51000000e-05  1.00000000e+00  3.00000000e-01 
 1.52000000e-05  1.32299943e+00  1.52000000e-05  1.00000000e+00  3.00000000e-01 
 1.53000000e-05  1.32379861e+00  1.53000000e-05  1.00000000e+00  3.00000000e-01 
 1.54000000e-05  1.32459509e+00  1.54000000e-05  1.00000000e+00  3.00000000e-01 
 1.55000000e-05  1.32538890e+00  1.55000000e-05  1.00000000e+00  3.00000000e-01 
 1.56000000e-05  1.32618008e+00  1.56000000e-05  1.00000000e+00  3.00000000e-01 
 1.57000000e-05  1.32696865e+00  1.57000000e-05  1.00000000e+00  3.00000000e-01 
 1.58000000e-05  1.32775464e+00  1.58000000e-05  1.00000000e+00  3.00000000e-01 
 1.59000000e-05  1.32853808e+00  1.59000000e-05  1.00000000e+00  3.00000000e-01 
 1.60000000e-05  1.32931899e+00  1.60000000e-05  1.00000000e+00  3.00000000e-01 
 1.61000000e-05  1.33009741e+00  1.61000000e-05  1.00000000e+00  3.00000000e-01 
 1.62000000e-05  1.33087335e+00  1.62000000e-05  1.00000000e+00  3.00000000e-01 
 1.63000000e-05  1.33164684e+00  1.63000000e-05  1.00000000e+00  3.00000000e-01 
 1.64000000e-05  1.33241791e+00  1.64000000e-05  1.00000000e+00  3.00000000e-01 
 1.65000000e-05  1.33318658e+00  1.65000000e-05  1.00000000e+00  3.00000000e-01 
 1.66000000e-05  1.33395288e+00  1.66000000e-05  1.00000000e+00  3.00000000e-01 
 1.67000000e-05  1.33471682e+00  1.67000000e-05  1.00000000e+00  3.00000000e-01 
 1.68000000e-05  1.33547844e+00  1.68000000e-05  1.00000000e+00  3.00000000e-01 
 1.69000000e-05  1.33623776e+00  1.69000000e-05  1.00000000e+00  3.00000000e-01 
 1.70000000e-05  1.33699480e+00  1.70000000e-05  1.00000000e+00  3.00000000e-01 
 1.71000000e-05  1.33774958e+00  1.71000000e-05  1.00000000e+00  3.00000000e-01 
 1.72000000e-05  1.33850212e+00  1.72000000e-05  1.00000000e+00  3.00000000e-01 
 1.73000000e-05  1.33925244e+00  1.73000000e-05  1.00000000e+00  3.00000000e-01 
 1.74000000e-05  1.34000058e+00  1.74000000e-05  1.00000000e+00  3.00000000e-01 
 1.75000000e-05  1.34074654e+00  1.75000000e-05  1.00000000e+00  3.00000000e-01 
 1.76000000e-05  1.34149034e+00  1.76000000e-05  1.00000000e+00  3.00000000e-01 
 1.77000000e-05  1.34223202e+00  1.77000000e-05  1.00000000e+00  3.00000000e-01 
 1.78000000e-05  1.34297158e+00  1.78000000e-05  1.00000000e+00  3.00000000e-01 
 1.79000000e-05  1.34370905e+00  1.79000000e-05  1.00000000e+00  3.00000000e-01 
 1.80000000e-05  1.34444445e+00  1.80000000e-05  1.00000000e+00  3.00000000e-01 
 1.81000000e-05  1.34517779e+00  1.81000000e-05  1.00000000e+00  3.00000000e-01 
 1.82000000e-05  1.34590910e+00  1.82000000e-05  1.00000000e+00  3.00000000e-01 
 1.83000000e-05  1.34663839e+00  1.83000000e-05  1.00000000e+00  3.00000000e-01 
 1.84000000e-05  1.34736568e+00  1.84000000e-05  1.00000000e+00  3.00000000e-01 
 1.85000000e-05  1.34809099e+00  1.85000000e-05  1.00000000e+00  3.00000000e-01 
 1.86000000e-05  1.34881434e+00  1.86000000e-05  1.00000000e+00  3.00000000e-01 
 1.87000000e-05  1.34953574e+00  1.87000000e-05  1.00000000e+00  3.00000000e-01 
 1.88000000e-05  1.35025521e+00  1.88000000e-05  1.00000000e+00  3.00000000e-01 
 1.89000000e-05  1.35097277e+00  1.89000000e-05  1.00000000e+00  3.00000000e-01 
 1.90000000e-05  1.35168844e+00  1.90000000e-05  1.00000000e+00  3.00000000e-01 
 1.91000000e-05  1.35240222e+00  1.91000000e-05  1.00000000e+00  3.00000000e-01 
 1.92000000e-05  1.35311414e+00  1.92000000e-05  1.00000000e+00  3.00000000e-01 
 1.93000000e-05  1.35382422e+00  1.93000000e-05  1.00000000e+00  3.00000000e-01 
 1.94000000e-05  1.35453246e+00  1.94000000e-05  1.00000000e+00  3.00000000e-01 
 1.95000000e-05  1.35523889e+00  1.95000000e-05  1.00000000e+00  3.00000000e-01 
 1.96000000e-05  1.35594351e+00  1.96000000e-05  1.00000000e+00  3.00000000e-01 
 1.97000000e-05  1.35664635e+00  1.97000000e-05  1.00000000e+00  3.00000000e-01 
 1.98000000e-05  1.35734742e+00  1.98000000e-05  1.00000000e+00  3.00000000e-01 
 1.99000000e-05  1.35804673e+00  1.99000000e-05  1.00000000e+00  3.00000000e-01 
 2.00000000e-05  1.35874430e+00  2.00000000e-05  1.00000000e+00  3.00000000e-01 
 2.01000000e-05  1.35944015e+00  2.01000000e-05  1.00000000e+00  3.00000000e-01 
 2.02000000e-05  1.36013427e+00  2.02000000e-05  1.00000000e+00  3.00000000e-01 
 2.03000000e-05  1.36082670e+00  2.03000000e-05  1.00000000e+00  3.00000000e-01 
 2.04000000e-05  1.36151744e+00  2.04000000e-05  1.00000000e+00  3.00000000e-01 
 2.05000000e-05  1.36220651e+00  2.05000000e-05  1.00000000e+00  3.00000000e-01 
 2.06000000e-05  1.36289392e+00  2.06000000e-05  1.00000000e+00  3.00000000e-01 
 2.07000000e-05  1.36357968e+00  2.07000000e-05  1.00000000e+00  3.00000000e-01 
 2.08000000e-05  1.36426381e+00  2.08000000e-05  1.00000000e+00  3.00000000e-01 
 2.09000000e-05  1.36494632e+00  2.09000000e-05  1.00000000e+00  3.00000000e-01 
 2.10000000e-05  1.36562722e+00  2.10000000e-05  1.00000000e+00  3.00000000e-01 
 2.11000000e-05  1.36630652e+00  2.11000000e-05  1.00000000e+00  3.00000000e-01 
 2.12000000e-05  1.36698424e+00  2.12000000e-05  1.00000000e+00  3.00000000e-01 
 2.13000000e-05  1.36766038e+00  2.13000000e-05  1.00000000e+00  3.00000000e-01 
 2.14000000e-05  1.36833497e+00  2.14000000e-05  1.00000000e+00  3.00000000e-01 
 2.15000000e-05  1.36900801e+00  2.15000000e-05  1.00000000e+00  3.00000000e-01 
 2.16000000e-05  1.36967951e+00  2.16000000e-05  1.00000000e+00  3.00000000e-01 
 2.17000000e-05  1.37034949e+00  2.17000000e-05  1.00000000e+00  3.00000000e-01 
 2.18000000e-05  1.37101795e+00  2.18000000e-05  1.00000000e+00  3.00000000e-01 
 2.19000000e-05  1.37168491e+00  2.19000000e-05  1.00000000e+00  3.00000000e-01 
 2.20000000e-05  1.37235038e+00  2.20000000e-05  1.00000000e+00  3.00000000e-01 
 2.21000000e-05  1.37301437e+00  2.21000000e-05  1.00000000e+00  3.00000000e-01 
 2.22000000e-05  1.37367689e+00  2.22000000e-05  1.00000000e+00  3.00000000e-01 
 2.23000000e-05  1.37433795e+00  2.23000000e-05  1.00000000e+00  3.00000000e-01 
 2.24000000e-05  1.37499756e+00  2.24000000e-05  1.00000000e+00  3.00000000e-01 
 2.25000000e-05  1.37565574e+00  2.25000000e-05  1.00000000e+00  3.00000000e-01 
 2.26000000e-05  1.37631248e+00  2.26000000e-05  1.00000000e+00  3.00000000e-01 
 2.27000000e-05  1.37696781e+00  2.27000000e-05  1.00000000e+00  3.00000000e-01 
 2.28000000e-05  1.37762173e+00  2.28000000e-05  1.00000000e+00  3.00000000e-01 
 2.29000000e-05  1.37827426e+00  2.29000000e-05  1.00000000e+00  3.00000000e-01 
 2.30000000e-05  1.37892539e+00  2.30000000e-05  1.00000000e+00  3.00000000e-01 
 2.31000000e-05  1.37957515e+00  2.31000000e-05  1.00000000e+00  3.00000000e-01 
 2.32000000e-05  1.38022354e+00  2.32000000e-05  1.00000000e+00  3.00000000e-01 
 2.33000000e-05  1.38087057e+00  2.33000000e-05  1.00000000e+00  3.00000000e-01 
 2.34000000e-05  1.38151624e+00  2.34000000e-05  1.00000000e+00  3.00000000e-01 
 2.35000000e-05  1.38216058e+00  2.35000000e-05  1.00000000e+00  3.00000000e-01 
 2.36000000e-05  1.38280359e+00  2.36000000e-05  1.00000000e+00  3.00000000e-01 
 2.37000000e-05  1.38344527e+00  2.37000000e-05  1.00000000e+00  3.00000000e-01 
 2.38000000e-05  1.38408564e+00  2.38000000e-05  1.00000000e+00  3.00000000e-01 
 2.39000000e-05  1.38472471e+00  2.39000000e-05  1.00000000e+00  3.00000000e-01 
 2.40000000e-05  1.38536248e+00  2.40000000e-05  1.00000000e+00  3.00000000e-01 
 2.41000000e-05  1.38599896e+00  2.41000000e-05  1.00000000e+00  3.00000000e-01 
 2.42000000e-05  1.38663417e+00  2.42000000e-05  1.00000000e+00  3.00000000e-01 
 2.43000000e-05  1.38726810e+00  2.43000000e-05  1.00000000e+00  3.00000000e-01 
 2.44000000e-05  1.38790077e+00  2.44000000e-05  1.00000000e+00  3.00000000e-01 
 2.45000000e-05  1.38853219e+00  2.45000000e-05  1.00000000e+00  3.00000000e-01 
 2.46000000e-05  1.38916236e+00  2.46000000e-05  1.00000000e+00  3.00000000e-01 
 2.47000000e-05  1.38979129e+00  2.47000000e-05  1.00000000e+00  3.00000000e-01 
 2.48000000e-05  1.39041900e+00  2.48000000e-05  1.00000000e+00  3.00000000e-01 
 2.49000000e-05  1.39104548e+00  2.49000000e-05  1.00000000e+00  3.00000000e-01 
 2.50000000e-05  1.39167075e+00  2.50000000e-05  1.00000000e+00  3.00000000e-01 
