 i-sweep         v(vout)         i(viin)         v(vgate)        v(vmid)        
 0.00000000e+00  2.00000050e-01  0.00000000e+00  1.30000000e+00  2.00000000e-01 
 1.00000000e-07  2.03597655e-01  1.00000000e-07  1.30000000e+00  2.00000000e-01 
 2.00000000e-07  2.07225930e-01  2.00000000e-07  1.30000000e+00  2.00000000e-01 
 3.00000000e-07  2.10885660e-01  3.00000000e-07  1.30000000e+00  2.00000000e-01 
 4.00000000e-07  2.14577665e-01  4.00000000e-07  1.30000000e+00  2.00000000e-01 
 5.00000000e-07  2.18302798e-01  5.00000000e-07  1.30000000e+00  2.00000000e-01 
 6.00000000e-07  2.22061954e-01  6.00000000e-07  1.30000000e+00  2.00000000e-01 
 7.00000000e-07  2.25856067e-01  7.00000000e-07  1.30000000e+00  2.00000000e-01 
 8.00000000e-07  2.29686113e-01  8.00000000e-07  1.30000000e+00  2.00000000e-01 
 9.00000000e-07  2.33553117e-01  9.00000000e-07  1.30000000e+00  2.00000000e-01 
 1.00000000e-06  2.37458152e-01  1.00000000e-06  1.30000000e+00  2.00000000e-01 
 1.10000000e-06  2.41402344e-01  1.10000000e-06  1.30000000e+00  2.00000000e-01 
 1.20000000e-06  2.45386877e-01  1.20000000e-06  1.30000000e+00  2.00000000e-01 
 1.30000000e-06  2.49412993e-01  1.30000000e-06  1.30000000e+00  2.00000000e-01 
 1.40000000e-06  2.53482001e-01  1.40000000e-06  1.30000000e+00  2.00000000e-01 
 1.50000000e-06  2.57595279e-01  1.50000000e-06  1.30000000e+00  2.00000000e-01 
 1.60000000e-06  2.61754282e-01  1.60000000e-06  1.30000000e+00  2.00000000e-01 
 1.70000000e-06  2.65960545e-01  1.70000000e-06  1.30000000e+00  2.00000000e-01 
 1.80000000e-06  2.70215689e-01  1.80000000e-06  1.30000000e+00  2.00000000e-01 
 1.90000000e-06  2.74521432e-01  1.90000000e-06  1.30000000e+00  2.00000000e-01 
 2.00000000e-06  2.78879594e-01  2.00000000e-06  1.30000000e+00  2.00000000e-01 
 2.10000000e-06  2.83292107e-01  2.10000000e-06  1.30000000e+00  2.00000000e-01 
 2.20000000e-06  2.87761024e-01  2.20000000e-06  1.30000000e+00  2.00000000e-01 
 2.30000000e-06  2.92288528e-01  2.30000000e-06  1.30000000e+00  2.00000000e-01 
 2.40000000e-06  2.96876950e-01  2.40000000e-06  1.30000000e+00  2.00000000e-01 
 2.50000000e-06  3.01528776e-01  2.50000000e-06  1.30000000e+00  2.00000000e-01 
 2.60000000e-06  3.06246668e-01  2.60000000e-06  1.30000000e+00  2.00000000e-01 
 2.70000000e-06  3.11033476e-01  2.70000000e-06  1.30000000e+00  2.00000000e-01 
 2.80000000e-06  3.15892262e-01  2.80000000e-06  1.30000000e+00  2.00000000e-01 
 2.90000000e-06  3.20826321e-01  2.90000000e-06  1.30000000e+00  2.00000000e-01 
 3.00000000e-06  3.25839205e-01  3.00000000e-06  1.30000000e+00  2.00000000e-01 
 3.10000000e-06  3.30934753e-01  3.10000000e-06  1.30000000e+00  2.00000000e-01 
 3.20000000e-06  3.36117125e-01  3.20000000e-06  1.30000000e+00  2.00000000e-01 
 3.30000000e-06  3.41390842e-01  3.30000000e-06  1.30000000e+00  2.00000000e-01 
 3.40000000e-06  3.46760826e-01  3.40000000e-06  1.30000000e+00  2.00000000e-01 
 3.50000000e-06  3.52232458e-01  3.50000000e-06  1.30000000e+00  2.00000000e-01 
 3.60000000e-06  3.57811632e-01  3.60000000e-06  1.30000000e+00  2.00000000e-01 
 3.70000000e-06  3.63504837e-01  3.70000000e-06  1.30000000e+00  2.00000000e-01 
 3.80000000e-06  3.69319232e-01  3.80000000e-06  1.30000000e+00  2.00000000e-01 
 3.90000000e-06  3.75262754e-01  3.90000000e-06  1.30000000e+00  2.00000000e-01 
 4.00000000e-06  3.81344238e-01  4.00000000e-06  1.30000000e+00  2.00000000e-01 
 4.10000000e-06  3.87573566e-01  4.10000000e-06  1.30000000e+00  2.00000000e-01 
 4.20000000e-06  3.93961848e-01  4.20000000e-06  1.30000000e+00  2.00000000e-01 
 4.30000000e-06  4.00521642e-01  4.30000000e-06  1.30000000e+00  2.00000000e-01 
 4.40000000e-06  4.07267234e-01  4.40000000e-06  1.30000000e+00  2.00000000e-01 
 4.50000000e-06  4.14214983e-01  4.50000000e-06  1.30000000e+00  2.00000000e-01 
 4.60000000e-06  4.21383767e-01  4.60000000e-06  1.30000000e+00  2.00000000e-01 
 4.70000000e-06  4.28795548e-01  4.70000000e-06  1.30000000e+00  2.00000000e-01 
 4.80000000e-06  4.36476125e-01  4.80000000e-06  1.30000000e+00  2.00000000e-01 
 4.90000000e-06  4.44456119e-01  4.90000000e-06  1.30000000e+00  2.00000000e-01 
 5.00000000e-06  4.52772319e-01  5.00000000e-06  1.30000000e+00  2.00000000e-01 
 5.10000000e-06  4.61469533e-01  5.10000000e-06  1.30000000e+00  2.00000000e-01 
 5.20000000e-06  4.70603219e-01  5.20000000e-06  1.30000000e+00  2.00000000e-01 
 5.30000000e-06  4.80243298e-01  5.30000000e-06  1.30000000e+00  2.00000000e-01 
 5.40000000e-06  4.90479876e-01  5.40000000e-06  1.30000000e+00  2.00000000e-01 
 5.50000000e-06  5.01432180e-01  5.50000000e-06  1.30000000e+00  2.00000000e-01 
 5.60000000e-06  5.13263241e-01  5.60000000e-06  1.30000000e+00  2.00000000e-01 
 5.70000000e-06  5.26205133e-01  5.70000000e-06  1.30000000e+00  2.00000000e-01 
 5.80000000e-06  5.40605096e-01  5.80000000e-06  1.30000000e+00  2.00000000e-01 
 5.90000000e-06  5.57018807e-01  5.90000000e-06  1.30000000e+00  2.00000000e-01 
 6.00000000e-06  5.76422047e-01  6.00000000e-06  1.30000000e+00  2.00000000e-01 
 6.10000000e-06  6.00769704e-01  6.10000000e-06  1.30000000e+00  2.00000000e-01 
 6.20000000e-06  6.34863809e-01  6.20000000e-06  1.30000000e+00  2.00000000e-01 
 6.30000000e-06  6.95268967e-01  6.30000000e-06  1.30000000e+00  2.00000000e-01 
 6.40000000e-06  8.62447384e-01  6.40000000e-06  1.30000000e+00  2.00000000e-01 
 6.50000000e-06  9.97764298e-01  6.50000000e-06  1.30000000e+00  2.00000000e-01 
 6.60000000e-06  1.03750985e+00  6.60000000e-06  1.30000000e+00  2.00000000e-01 
 6.70000000e-06  1.05927575e+00  6.70000000e-06  1.30000000e+00  2.00000000e-01 
 6.80000000e-06  1.07424256e+00  6.80000000e-06  1.30000000e+00  2.00000000e-01 
 6.90000000e-06  1.08568875e+00  6.90000000e-06  1.30000000e+00  2.00000000e-01 
 7.00000000e-06  1.09499540e+00  7.00000000e-06  1.30000000e+00  2.00000000e-01 
 7.10000000e-06  1.10286840e+00  7.10000000e-06  1.30000000e+00  2.00000000e-01 
 7.20000000e-06  1.10971527e+00  7.20000000e-06  1.30000000e+00  2.00000000e-01 
 7.30000000e-06  1.11579192e+00  7.30000000e-06  1.30000000e+00  2.00000000e-01 
 7.40000000e-06  1.12126929e+00  7.40000000e-06  1.30000000e+00  2.00000000e-01 
 7.50000000e-06  1.12626709e+00  7.50000000e-06  1.30000000e+00  2.00000000e-01 
 7.60000000e-06  1.13087238e+00  7.60000000e-06  1.30000000e+00  2.00000000e-01 
 7.70000000e-06  1.13515041e+00  7.70000000e-06  1.30000000e+00  2.00000000e-01 
 7.80000000e-06  1.13915132e+00  7.80000000e-06  1.30000000e+00  2.00000000e-01 
 7.90000000e-06  1.14291451e+00  7.90000000e-06  1.30000000e+00  2.00000000e-01 
 8.00000000e-06  1.14647143e+00  8.00000000e-06  1.30000000e+00  2.00000000e-01 
 8.10000000e-06  1.14984766e+00  8.10000000e-06  1.30000000e+00  2.00000000e-01 
 8.20000000e-06  1.15306422e+00  8.20000000e-06  1.30000000e+00  2.00000000e-01 
 8.30000000e-06  1.15613863e+00  8.30000000e-06  1.30000000e+00  2.00000000e-01 
 8.40000000e-06  1.15908564e+00  8.40000000e-06  1.30000000e+00  2.00000000e-01 
 8.50000000e-06  1.16191780e+00  8.50000000e-06  1.30000000e+00  2.00000000e-01 
 8.60000000e-06  1.16464583e+00  8.60000000e-06  1.30000000e+00  2.00000000e-01 
 8.70000000e-06  1.16727901e+00  8.70000000e-06  1.30000000e+00  2.00000000e-01 
 8.80000000e-06  1.16982542e+00  8.80000000e-06  1.30000000e+00  2.00000000e-01 
 8.90000000e-06  1.17229210e+00  8.90000000e-06  1.30000000e+00  2.00000000e-01 
 9.00000000e-06  1.17468528e+00  9.00000000e-06  1.30000000e+00  2.00000000e-01 
 9.10000000e-06  1.17701045e+00  9.10000000e-06  1.30000000e+00  2.00000000e-01 
 9.20000000e-06  1.17927250e+00  9.20000000e-06  1.30000000e+00  2.00000000e-01 
 9.30000000e-06  1.18147579e+00  9.30000000e-06  1.30000000e+00  2.00000000e-01 
 9.40000000e-06  1.18362426e+00  9.40000000e-06  1.30000000e+00  2.00000000e-01 
 9.50000000e-06  1.18572142e+00  9.50000000e-06  1.30000000e+00  2.00000000e-01 
 9.60000000e-06  1.18777046e+00  9.60000000e-06  1.30000000e+00  2.00000000e-01 
 9.70000000e-06  1.18977427e+00  9.70000000e-06  1.30000000e+00  2.00000000e-01 
 9.80000000e-06  1.19173549e+00  9.80000000e-06  1.30000000e+00  2.00000000e-01 
 9.90000000e-06  1.19365652e+00  9.90000000e-06  1.30000000e+00  2.00000000e-01 
 1.00000000e-05  1.19553955e+00  1.00000000e-05  1.30000000e+00  2.00000000e-01 
 1.01000000e-05  1.19738660e+00  1.01000000e-05  1.30000000e+00  2.00000000e-01 
 1.02000000e-05  1.19919952e+00  1.02000000e-05  1.30000000e+00  2.00000000e-01 
 1.03000000e-05  1.20098002e+00  1.03000000e-05  1.30000000e+00  2.00000000e-01 
 1.04000000e-05  1.20272967e+00  1.04000000e-05  1.30000000e+00  2.00000000e-01 
 1.05000000e-05  1.20444996e+00  1.05000000e-05  1.30000000e+00  2.00000000e-01 
 1.06000000e-05  1.20614221e+00  1.06000000e-05  1.30000000e+00  2.00000000e-01 
 1.07000000e-05  1.20780771e+00  1.07000000e-05  1.30000000e+00  2.00000000e-01 
 1.08000000e-05  1.20944762e+00  1.08000000e-05  1.30000000e+00  2.00000000e-01 
 1.09000000e-05  1.21106304e+00  1.09000000e-05  1.30000000e+00  2.00000000e-01 
 1.10000000e-05  1.21265499e+00  1.10000000e-05  1.30000000e+00  2.00000000e-01 
 1.11000000e-05  1.21422443e+00  1.11000000e-05  1.30000000e+00  2.00000000e-01 
 1.12000000e-05  1.21577226e+00  1.12000000e-05  1.30000000e+00  2.00000000e-01 
 1.13000000e-05  1.21729931e+00  1.13000000e-05  1.30000000e+00  2.00000000e-01 
 1.14000000e-05  1.21880639e+00  1.14000000e-05  1.30000000e+00  2.00000000e-01 
 1.15000000e-05  1.22029424e+00  1.15000000e-05  1.30000000e+00  2.00000000e-01 
 1.16000000e-05  1.22176356e+00  1.16000000e-05  1.30000000e+00  2.00000000e-01 
 1.17000000e-05  1.22321500e+00  1.17000000e-05  1.30000000e+00  2.00000000e-01 
 1.18000000e-05  1.22464921e+00  1.18000000e-05  1.30000000e+00  2.00000000e-01 
 1.19000000e-05  1.22606677e+00  1.19000000e-05  1.30000000e+00  2.00000000e-01 
 1.20000000e-05  1.22746824e+00  1.20000000e-05  1.30000000e+00  2.00000000e-01 
 1.21000000e-05  1.22885415e+00  1.21000000e-05  1.30000000e+00  2.00000000e-01 
 1.22000000e-05  1.23022500e+00  1.22000000e-05  1.30000000e+00  2.00000000e-01 
 1.23000000e-05  1.23158128e+00  1.23000000e-05  1.30000000e+00  2.00000000e-01 
 1.24000000e-05  1.23292344e+00  1.24000000e-05  1.30000000e+00  2.00000000e-01 
 1.25000000e-05  1.23425191e+00  1.25000000e-05  1.30000000e+00  2.00000000e-01 
 1.26000000e-05  1.23556710e+00  1.26000000e-05  1.30000000e+00  2.00000000e-01 
 1.27000000e-05  1.23686941e+00  1.27000000e-05  1.30000000e+00  2.00000000e-01 
 1.28000000e-05  1.23815920e+00  1.28000000e-05  1.30000000e+00  2.00000000e-01 
 1.29000000e-05  1.23943685e+00  1.29000000e-05  1.30000000e+00  2.00000000e-01 
 1.30000000e-05  1.24070268e+00  1.30000000e-05  1.30000000e+00  2.00000000e-01 
 1.31000000e-05  1.24195702e+00  1.31000000e-05  1.30000000e+00  2.00000000e-01 
 1.32000000e-05  1.24320019e+00  1.32000000e-05  1.30000000e+00  2.00000000e-01 
 1.33000000e-05  1.24443248e+00  1.33000000e-05  1.30000000e+00  2.00000000e-01 
 1.34000000e-05  1.24565418e+00  1.34000000e-05  1.30000000e+00  2.00000000e-01 
 1.35000000e-05  1.24686557e+00  1.35000000e-05  1.30000000e+00  2.00000000e-01 
 1.36000000e-05  1.24806690e+00  1.36000000e-05  1.30000000e+00  2.00000000e-01 
 1.37000000e-05  1.24925843e+00  1.37000000e-05  1.30000000e+00  2.00000000e-01 
 1.38000000e-05  1.25044041e+00  1.38000000e-05  1.30000000e+00  2.00000000e-01 
 1.39000000e-05  1.25161305e+00  1.39000000e-05  1.30000000e+00  2.00000000e-01 
 1.40000000e-05  1.25277660e+00  1.40000000e-05  1.30000000e+00  2.00000000e-01 
 1.41000000e-05  1.25393126e+00  1.41000000e-05  1.30000000e+00  2.00000000e-01 
 1.42000000e-05  1.25507724e+00  1.42000000e-05  1.30000000e+00  2.00000000e-01 
 1.43000000e-05  1.25621473e+00  1.43000000e-05  1.30000000e+00  2.00000000e-01 
 1.44000000e-05  1.25734394e+00  1.44000000e-05  1.30000000e+00  2.00000000e-01 
 1.45000000e-05  1.25846505e+00  1.45000000e-05  1.30000000e+00  2.00000000e-01 
 1.46000000e-05  1.25957823e+00  1.46000000e-05  1.30000000e+00  2.00000000e-01 
 1.47000000e-05  1.26068366e+00  1.47000000e-05  1.30000000e+00  2.00000000e-01 
 1.48000000e-05  1.26178151e+00  1.48000000e-05  1.30000000e+00  2.00000000e-01 
 1.49000000e-05  1.26287193e+00  1.49000000e-05  1.30000000e+00  2.00000000e-01 
 1.50000000e-05  1.26395508e+00  1.50000000e-05  1.30000000e+00  2.00000000e-01 
 1.51000000e-05  1.26503111e+00  1.51000000e-05  1.30000000e+00  2.00000000e-01 
 1.52000000e-05  1.26610016e+00  1.52000000e-05  1.30000000e+00  2.00000000e-01 
 1.53000000e-05  1.26716238e+00  1.53000000e-05  1.30000000e+00  2.00000000e-01 
 1.54000000e-05  1.26821790e+00  1.54000000e-05  1.30000000e+00  2.00000000e-01 
 1.55000000e-05  1.26926686e+00  1.55000000e-05  1.30000000e+00  2.00000000e-01 
 1.56000000e-05  1.27030937e+00  1.56000000e-05  1.30000000e+00  2.00000000e-01 
 1.57000000e-05  1.27134557e+00  1.57000000e-05  1.30000000e+00  2.00000000e-01 
 1.58000000e-05  1.27237557e+00  1.58000000e-05  1.30000000e+00  2.00000000e-01 
 1.59000000e-05  1.27339949e+00  1.59000000e-05  1.30000000e+00  2.00000000e-01 
 1.60000000e-05  1.27441744e+00  1.60000000e-05  1.30000000e+00  2.00000000e-01 
 1.61000000e-05  1.27542953e+00  1.61000000e-05  1.30000000e+00  2.00000000e-01 
 1.62000000e-05  1.27643587e+00  1.62000000e-05  1.30000000e+00  2.00000000e-01 
 1.63000000e-05  1.27743655e+00  1.63000000e-05  1.30000000e+00  2.00000000e-01 
 1.64000000e-05  1.27843168e+00  1.64000000e-05  1.30000000e+00  2.00000000e-01 
 1.65000000e-05  1.27942136e+00  1.65000000e-05  1.30000000e+00  2.00000000e-01 
 1.66000000e-05  1.28040568e+00  1.66000000e-05  1.30000000e+00  2.00000000e-01 
 1.67000000e-05  1.28138473e+00  1.67000000e-05  1.30000000e+00  2.00000000e-01 
 1.68000000e-05  1.28235860e+00  1.68000000e-05  1.30000000e+00  2.00000000e-01 
 1.69000000e-05  1.28332737e+00  1.69000000e-05  1.30000000e+00  2.00000000e-01 
 1.70000000e-05  1.28429114e+00  1.70000000e-05  1.30000000e+00  2.00000000e-01 
 1.71000000e-05  1.28524998e+00  1.71000000e-05  1.30000000e+00  2.00000000e-01 
 1.72000000e-05  1.28620397e+00  1.72000000e-05  1.30000000e+00  2.00000000e-01 
 1.73000000e-05  1.28715319e+00  1.73000000e-05  1.30000000e+00  2.00000000e-01 
 1.74000000e-05  1.28809772e+00  1.74000000e-05  1.30000000e+00  2.00000000e-01 
 1.75000000e-05  1.28903762e+00  1.75000000e-05  1.30000000e+00  2.00000000e-01 
 1.76000000e-05  1.28997298e+00  1.76000000e-05  1.30000000e+00  2.00000000e-01 
 1.77000000e-05  1.29090386e+00  1.77000000e-05  1.30000000e+00  2.00000000e-01 
 1.78000000e-05  1.29183033e+00  1.78000000e-05  1.30000000e+00  2.00000000e-01 
 1.79000000e-05  1.29275246e+00  1.79000000e-05  1.30000000e+00  2.00000000e-01 
 1.80000000e-05  1.29367030e+00  1.80000000e-05  1.30000000e+00  2.00000000e-01 
 1.81000000e-05  1.29458393e+00  1.81000000e-05  1.30000000e+00  2.00000000e-01 
 1.82000000e-05  1.29549341e+00  1.82000000e-05  1.30000000e+00  2.00000000e-01 
 1.83000000e-05  1.29639879e+00  1.83000000e-05  1.30000000e+00  2.00000000e-01 
 1.84000000e-05  1.29730014e+00  1.84000000e-05  1.30000000e+00  2.00000000e-01 
 1.85000000e-05  1.29819751e+00  1.85000000e-05  1.30000000e+00  2.00000000e-01 
 1.86000000e-05  1.29909096e+00  1.86000000e-05  1.30000000e+00  2.00000000e-01 
 1.87000000e-05  1.29998054e+00  1.87000000e-05  1.30000000e+00  2.00000000e-01 
 1.88000000e-05  1.30086631e+00  1.88000000e-05  1.30000000e+00  2.00000000e-01 
 1.89000000e-05  1.30174832e+00  1.89000000e-05  1.30000000e+00  2.00000000e-01 
 1.90000000e-05  1.30262662e+00  1.90000000e-05  1.30000000e+00  2.00000000e-01 
 1.91000000e-05  1.30350126e+00  1.91000000e-05  1.30000000e+00  2.00000000e-01 
 1.92000000e-05  1.30437229e+00  1.92000000e-05  1.30000000e+00  2.00000000e-01 
 1.93000000e-05  1.30523976e+00  1.93000000e-05  1.30000000e+00  2.00000000e-01 
 1.94000000e-05  1.30610371e+00  1.94000000e-05  1.30000000e+00  2.00000000e-01 
 1.95000000e-05  1.30696419e+00  1.95000000e-05  1.30000000e+00  2.00000000e-01 
 1.96000000e-05  1.30782125e+00  1.96000000e-05  1.30000000e+00  2.00000000e-01 
 1.97000000e-05  1.30867493e+00  1.97000000e-05  1.30000000e+00  2.00000000e-01 
 1.98000000e-05  1.30952526e+00  1.98000000e-05  1.30000000e+00  2.00000000e-01 
 1.99000000e-05  1.31037231e+00  1.99000000e-05  1.30000000e+00  2.00000000e-01 
 2.00000000e-05  1.31121609e+00  2.00000000e-05  1.30000000e+00  2.00000000e-01 
 2.01000000e-05  1.31205667e+00  2.01000000e-05  1.30000000e+00  2.00000000e-01 
 2.02000000e-05  1.31289406e+00  2.02000000e-05  1.30000000e+00  2.00000000e-01 
 2.03000000e-05  1.31372833e+00  2.03000000e-05  1.30000000e+00  2.00000000e-01 
 2.04000000e-05  1.31455949e+00  2.04000000e-05  1.30000000e+00  2.00000000e-01 
 2.05000000e-05  1.31538759e+00  2.05000000e-05  1.30000000e+00  2.00000000e-01 
 2.06000000e-05  1.31621266e+00  2.06000000e-05  1.30000000e+00  2.00000000e-01 
 2.07000000e-05  1.31703475e+00  2.07000000e-05  1.30000000e+00  2.00000000e-01 
 2.08000000e-05  1.31785388e+00  2.08000000e-05  1.30000000e+00  2.00000000e-01 
 2.09000000e-05  1.31867010e+00  2.09000000e-05  1.30000000e+00  2.00000000e-01 
 2.10000000e-05  1.31948342e+00  2.10000000e-05  1.30000000e+00  2.00000000e-01 
 2.11000000e-05  1.32029390e+00  2.11000000e-05  1.30000000e+00  2.00000000e-01 
 2.12000000e-05  1.32110155e+00  2.12000000e-05  1.30000000e+00  2.00000000e-01 
 2.13000000e-05  1.32190641e+00  2.13000000e-05  1.30000000e+00  2.00000000e-01 
 2.14000000e-05  1.32270852e+00  2.14000000e-05  1.30000000e+00  2.00000000e-01 
 2.15000000e-05  1.32350789e+00  2.15000000e-05  1.30000000e+00  2.00000000e-01 
 2.16000000e-05  1.32430457e+00  2.16000000e-05  1.30000000e+00  2.00000000e-01 
 2.17000000e-05  1.32509859e+00  2.17000000e-05  1.30000000e+00  2.00000000e-01 
 2.18000000e-05  1.32588996e+00  2.18000000e-05  1.30000000e+00  2.00000000e-01 
 2.19000000e-05  1.32667873e+00  2.19000000e-05  1.30000000e+00  2.00000000e-01 
 2.20000000e-05  1.32746491e+00  2.20000000e-05  1.30000000e+00  2.00000000e-01 
 2.21000000e-05  1.32824853e+00  2.21000000e-05  1.30000000e+00  2.00000000e-01 
 2.22000000e-05  1.32902963e+00  2.22000000e-05  1.30000000e+00  2.00000000e-01 
 2.23000000e-05  1.32980823e+00  2.23000000e-05  1.30000000e+00  2.00000000e-01 
 2.24000000e-05  1.33058435e+00  2.24000000e-05  1.30000000e+00  2.00000000e-01 
 2.25000000e-05  1.33135802e+00  2.25000000e-05  1.30000000e+00  2.00000000e-01 
 2.26000000e-05  1.33212927e+00  2.26000000e-05  1.30000000e+00  2.00000000e-01 
 2.27000000e-05  1.33289812e+00  2.27000000e-05  1.30000000e+00  2.00000000e-01 
 2.28000000e-05  1.33366459e+00  2.28000000e-05  1.30000000e+00  2.00000000e-01 
 2.29000000e-05  1.33442871e+00  2.29000000e-05  1.30000000e+00  2.00000000e-01 
 2.30000000e-05  1.33519050e+00  2.30000000e-05  1.30000000e+00  2.00000000e-01 
 2.31000000e-05  1.33594999e+00  2.31000000e-05  1.30000000e+00  2.00000000e-01 
 2.32000000e-05  1.33670719e+00  2.32000000e-05  1.30000000e+00  2.00000000e-01 
 2.33000000e-05  1.33746213e+00  2.33000000e-05  1.30000000e+00  2.00000000e-01 
 2.34000000e-05  1.33821484e+00  2.34000000e-05  1.30000000e+00  2.00000000e-01 
 2.35000000e-05  1.33896532e+00  2.35000000e-05  1.30000000e+00  2.00000000e-01 
 2.36000000e-05  1.33971362e+00  2.36000000e-05  1.30000000e+00  2.00000000e-01 
 2.37000000e-05  1.34045973e+00  2.37000000e-05  1.30000000e+00  2.00000000e-01 
 2.38000000e-05  1.34120370e+00  2.38000000e-05  1.30000000e+00  2.00000000e-01 
 2.39000000e-05  1.34194553e+00  2.39000000e-05  1.30000000e+00  2.00000000e-01 
 2.40000000e-05  1.34268524e+00  2.40000000e-05  1.30000000e+00  2.00000000e-01 
 2.41000000e-05  1.34342287e+00  2.41000000e-05  1.30000000e+00  2.00000000e-01 
 2.42000000e-05  1.34415841e+00  2.42000000e-05  1.30000000e+00  2.00000000e-01 
 2.43000000e-05  1.34489190e+00  2.43000000e-05  1.30000000e+00  2.00000000e-01 
 2.44000000e-05  1.34562336e+00  2.44000000e-05  1.30000000e+00  2.00000000e-01 
 2.45000000e-05  1.34635279e+00  2.45000000e-05  1.30000000e+00  2.00000000e-01 
 2.46000000e-05  1.34708023e+00  2.46000000e-05  1.30000000e+00  2.00000000e-01 
 2.47000000e-05  1.34780568e+00  2.47000000e-05  1.30000000e+00  2.00000000e-01 
 2.48000000e-05  1.34852917e+00  2.48000000e-05  1.30000000e+00  2.00000000e-01 
 2.49000000e-05  1.34925071e+00  2.49000000e-05  1.30000000e+00  2.00000000e-01 
 2.50000000e-05  1.34997032e+00  2.50000000e-05  1.30000000e+00  2.00000000e-01 
