 i-sweep         v(vout)         i(viin)         v(vgate)        v(vmid)        
 0.00000000e+00  1.00000030e-01  0.00000000e+00  1.70000000e+00  1.00000000e-01 
 1.00000000e-07  1.01871481e-01  1.00000000e-07  1.70000000e+00  1.00000000e-01 
 2.00000000e-07  1.03747110e-01  2.00000000e-07  1.70000000e+00  1.00000000e-01 
 3.00000000e-07  1.05624853e-01  3.00000000e-07  1.70000000e+00  1.00000000e-01 
 4.00000000e-07  1.07508859e-01  4.00000000e-07  1.70000000e+00  1.00000000e-01 
 5.00000000e-07  1.09397108e-01  5.00000000e-07  1.70000000e+00  1.00000000e-01 
 6.00000000e-07  1.11289622e-01  6.00000000e-07  1.70000000e+00  1.00000000e-01 
 7.00000000e-07  1.13186431e-01  7.00000000e-07  1.70000000e+00  1.00000000e-01 
 8.00000000e-07  1.15087563e-01  8.00000000e-07  1.70000000e+00  1.00000000e-01 
 9.00000000e-07  1.16993047e-01  9.00000000e-07  1.70000000e+00  1.00000000e-01 
 1.00000000e-06  1.18902912e-01  1.00000000e-06  1.70000000e+00  1.00000000e-01 
 1.10000000e-06  1.20817188e-01  1.10000000e-06  1.70000000e+00  1.00000000e-01 
 1.20000000e-06  1.22735905e-01  1.20000000e-06  1.70000000e+00  1.00000000e-01 
 1.30000000e-06  1.24659093e-01  1.30000000e-06  1.70000000e+00  1.00000000e-01 
 1.40000000e-06  1.26586783e-01  1.40000000e-06  1.70000000e+00  1.00000000e-01 
 1.50000000e-06  1.28519006e-01  1.50000000e-06  1.70000000e+00  1.00000000e-01 
 1.60000000e-06  1.30455793e-01  1.60000000e-06  1.70000000e+00  1.00000000e-01 
 1.70000000e-06  1.32397176e-01  1.70000000e-06  1.70000000e+00  1.00000000e-01 
 1.80000000e-06  1.34343186e-01  1.80000000e-06  1.70000000e+00  1.00000000e-01 
 1.90000000e-06  1.36293858e-01  1.90000000e-06  1.70000000e+00  1.00000000e-01 
 2.00000000e-06  1.38249222e-01  2.00000000e-06  1.70000000e+00  1.00000000e-01 
 2.10000000e-06  1.40209313e-01  2.10000000e-06  1.70000000e+00  1.00000000e-01 
 2.20000000e-06  1.42174164e-01  2.20000000e-06  1.70000000e+00  1.00000000e-01 
 2.30000000e-06  1.44143809e-01  2.30000000e-06  1.70000000e+00  1.00000000e-01 
 2.40000000e-06  1.46118282e-01  2.40000000e-06  1.70000000e+00  1.00000000e-01 
 2.50000000e-06  1.48097619e-01  2.50000000e-06  1.70000000e+00  1.00000000e-01 
 2.60000000e-06  1.50081855e-01  2.60000000e-06  1.70000000e+00  1.00000000e-01 
 2.70000000e-06  1.52071025e-01  2.70000000e-06  1.70000000e+00  1.00000000e-01 
 2.80000000e-06  1.54065165e-01  2.80000000e-06  1.70000000e+00  1.00000000e-01 
 2.90000000e-06  1.56064313e-01  2.90000000e-06  1.70000000e+00  1.00000000e-01 
 3.00000000e-06  1.58068504e-01  3.00000000e-06  1.70000000e+00  1.00000000e-01 
 3.10000000e-06  1.60077777e-01  3.10000000e-06  1.70000000e+00  1.00000000e-01 
 3.20000000e-06  1.62092170e-01  3.20000000e-06  1.70000000e+00  1.00000000e-01 
 3.30000000e-06  1.64111720e-01  3.30000000e-06  1.70000000e+00  1.00000000e-01 
 3.40000000e-06  1.66136467e-01  3.40000000e-06  1.70000000e+00  1.00000000e-01 
 3.50000000e-06  1.68166451e-01  3.50000000e-06  1.70000000e+00  1.00000000e-01 
 3.60000000e-06  1.70201710e-01  3.60000000e-06  1.70000000e+00  1.00000000e-01 
 3.70000000e-06  1.72242286e-01  3.70000000e-06  1.70000000e+00  1.00000000e-01 
 3.80000000e-06  1.74288219e-01  3.80000000e-06  1.70000000e+00  1.00000000e-01 
 3.90000000e-06  1.76339551e-01  3.90000000e-06  1.70000000e+00  1.00000000e-01 
 4.00000000e-06  1.78396324e-01  4.00000000e-06  1.70000000e+00  1.00000000e-01 
 4.10000000e-06  1.80458580e-01  4.10000000e-06  1.70000000e+00  1.00000000e-01 
 4.20000000e-06  1.82526362e-01  4.20000000e-06  1.70000000e+00  1.00000000e-01 
 4.30000000e-06  1.84599715e-01  4.30000000e-06  1.70000000e+00  1.00000000e-01 
 4.40000000e-06  1.86678682e-01  4.40000000e-06  1.70000000e+00  1.00000000e-01 
 4.50000000e-06  1.88763308e-01  4.50000000e-06  1.70000000e+00  1.00000000e-01 
 4.60000000e-06  1.90853638e-01  4.60000000e-06  1.70000000e+00  1.00000000e-01 
 4.70000000e-06  1.92949719e-01  4.70000000e-06  1.70000000e+00  1.00000000e-01 
 4.80000000e-06  1.95051597e-01  4.80000000e-06  1.70000000e+00  1.00000000e-01 
 4.90000000e-06  1.97159320e-01  4.90000000e-06  1.70000000e+00  1.00000000e-01 
 5.00000000e-06  1.99272935e-01  5.00000000e-06  1.70000000e+00  1.00000000e-01 
 5.10000000e-06  2.01392491e-01  5.10000000e-06  1.70000000e+00  1.00000000e-01 
 5.20000000e-06  2.03518037e-01  5.20000000e-06  1.70000000e+00  1.00000000e-01 
 5.30000000e-06  2.05649623e-01  5.30000000e-06  1.70000000e+00  1.00000000e-01 
 5.40000000e-06  2.07787300e-01  5.40000000e-06  1.70000000e+00  1.00000000e-01 
 5.50000000e-06  2.09931119e-01  5.50000000e-06  1.70000000e+00  1.00000000e-01 
 5.60000000e-06  2.12081133e-01  5.60000000e-06  1.70000000e+00  1.00000000e-01 
 5.70000000e-06  2.14237393e-01  5.70000000e-06  1.70000000e+00  1.00000000e-01 
 5.80000000e-06  2.16399954e-01  5.80000000e-06  1.70000000e+00  1.00000000e-01 
 5.90000000e-06  2.18568870e-01  5.90000000e-06  1.70000000e+00  1.00000000e-01 
 6.00000000e-06  2.20744196e-01  6.00000000e-06  1.70000000e+00  1.00000000e-01 
 6.10000000e-06  2.22925988e-01  6.10000000e-06  1.70000000e+00  1.00000000e-01 
 6.20000000e-06  2.25114302e-01  6.20000000e-06  1.70000000e+00  1.00000000e-01 
 6.30000000e-06  2.27309197e-01  6.30000000e-06  1.70000000e+00  1.00000000e-01 
 6.40000000e-06  2.29510730e-01  6.40000000e-06  1.70000000e+00  1.00000000e-01 
 6.50000000e-06  2.31718962e-01  6.50000000e-06  1.70000000e+00  1.00000000e-01 
 6.60000000e-06  2.33933951e-01  6.60000000e-06  1.70000000e+00  1.00000000e-01 
 6.70000000e-06  2.36155760e-01  6.70000000e-06  1.70000000e+00  1.00000000e-01 
 6.80000000e-06  2.38384450e-01  6.80000000e-06  1.70000000e+00  1.00000000e-01 
 6.90000000e-06  2.40620085e-01  6.90000000e-06  1.70000000e+00  1.00000000e-01 
 7.00000000e-06  2.42862727e-01  7.00000000e-06  1.70000000e+00  1.00000000e-01 
 7.10000000e-06  2.45112442e-01  7.10000000e-06  1.70000000e+00  1.00000000e-01 
 7.20000000e-06  2.47369297e-01  7.20000000e-06  1.70000000e+00  1.00000000e-01 
 7.30000000e-06  2.49633357e-01  7.30000000e-06  1.70000000e+00  1.00000000e-01 
 7.40000000e-06  2.51904691e-01  7.40000000e-06  1.70000000e+00  1.00000000e-01 
 7.50000000e-06  2.54183368e-01  7.50000000e-06  1.70000000e+00  1.00000000e-01 
 7.60000000e-06  2.56469458e-01  7.60000000e-06  1.70000000e+00  1.00000000e-01 
 7.70000000e-06  2.58763033e-01  7.70000000e-06  1.70000000e+00  1.00000000e-01 
 7.80000000e-06  2.61064164e-01  7.80000000e-06  1.70000000e+00  1.00000000e-01 
 7.90000000e-06  2.63372926e-01  7.90000000e-06  1.70000000e+00  1.00000000e-01 
 8.00000000e-06  2.65689393e-01  8.00000000e-06  1.70000000e+00  1.00000000e-01 
 8.10000000e-06  2.68013641e-01  8.10000000e-06  1.70000000e+00  1.00000000e-01 
 8.20000000e-06  2.70345749e-01  8.20000000e-06  1.70000000e+00  1.00000000e-01 
 8.30000000e-06  2.72685793e-01  8.30000000e-06  1.70000000e+00  1.00000000e-01 
 8.40000000e-06  2.75033854e-01  8.40000000e-06  1.70000000e+00  1.00000000e-01 
 8.50000000e-06  2.77390014e-01  8.50000000e-06  1.70000000e+00  1.00000000e-01 
 8.60000000e-06  2.79754355e-01  8.60000000e-06  1.70000000e+00  1.00000000e-01 
 8.70000000e-06  2.82126961e-01  8.70000000e-06  1.70000000e+00  1.00000000e-01 
 8.80000000e-06  2.84507918e-01  8.80000000e-06  1.70000000e+00  1.00000000e-01 
 8.90000000e-06  2.86897312e-01  8.90000000e-06  1.70000000e+00  1.00000000e-01 
 9.00000000e-06  2.89295233e-01  9.00000000e-06  1.70000000e+00  1.00000000e-01 
 9.10000000e-06  2.91701769e-01  9.10000000e-06  1.70000000e+00  1.00000000e-01 
 9.20000000e-06  2.94117014e-01  9.20000000e-06  1.70000000e+00  1.00000000e-01 
 9.30000000e-06  2.96541059e-01  9.30000000e-06  1.70000000e+00  1.00000000e-01 
 9.40000000e-06  2.98974001e-01  9.40000000e-06  1.70000000e+00  1.00000000e-01 
 9.50000000e-06  3.01415936e-01  9.50000000e-06  1.70000000e+00  1.00000000e-01 
 9.60000000e-06  3.03866961e-01  9.60000000e-06  1.70000000e+00  1.00000000e-01 
 9.70000000e-06  3.06327179e-01  9.70000000e-06  1.70000000e+00  1.00000000e-01 
 9.80000000e-06  3.08796690e-01  9.80000000e-06  1.70000000e+00  1.00000000e-01 
 9.90000000e-06  3.11275599e-01  9.90000000e-06  1.70000000e+00  1.00000000e-01 
 1.00000000e-05  3.13764011e-01  1.00000000e-05  1.70000000e+00  1.00000000e-01 
 1.01000000e-05  3.16262035e-01  1.01000000e-05  1.70000000e+00  1.00000000e-01 
 1.02000000e-05  3.18769781e-01  1.02000000e-05  1.70000000e+00  1.00000000e-01 
 1.03000000e-05  3.21287361e-01  1.03000000e-05  1.70000000e+00  1.00000000e-01 
 1.04000000e-05  3.23814889e-01  1.04000000e-05  1.70000000e+00  1.00000000e-01 
 1.05000000e-05  3.26352481e-01  1.05000000e-05  1.70000000e+00  1.00000000e-01 
 1.06000000e-05  3.28900258e-01  1.06000000e-05  1.70000000e+00  1.00000000e-01 
 1.07000000e-05  3.31458339e-01  1.07000000e-05  1.70000000e+00  1.00000000e-01 
 1.08000000e-05  3.34026848e-01  1.08000000e-05  1.70000000e+00  1.00000000e-01 
 1.09000000e-05  3.36605913e-01  1.09000000e-05  1.70000000e+00  1.00000000e-01 
 1.10000000e-05  3.39195660e-01  1.10000000e-05  1.70000000e+00  1.00000000e-01 
 1.11000000e-05  3.41796222e-01  1.11000000e-05  1.70000000e+00  1.00000000e-01 
 1.12000000e-05  3.44407733e-01  1.12000000e-05  1.70000000e+00  1.00000000e-01 
 1.13000000e-05  3.47030329e-01  1.13000000e-05  1.70000000e+00  1.00000000e-01 
 1.14000000e-05  3.49664150e-01  1.14000000e-05  1.70000000e+00  1.00000000e-01 
 1.15000000e-05  3.52309339e-01  1.15000000e-05  1.70000000e+00  1.00000000e-01 
 1.16000000e-05  3.54966041e-01  1.16000000e-05  1.70000000e+00  1.00000000e-01 
 1.17000000e-05  3.57634406e-01  1.17000000e-05  1.70000000e+00  1.00000000e-01 
 1.18000000e-05  3.60314585e-01  1.18000000e-05  1.70000000e+00  1.00000000e-01 
 1.19000000e-05  3.63006734e-01  1.19000000e-05  1.70000000e+00  1.00000000e-01 
 1.20000000e-05  3.65711011e-01  1.20000000e-05  1.70000000e+00  1.00000000e-01 
 1.21000000e-05  3.68427579e-01  1.21000000e-05  1.70000000e+00  1.00000000e-01 
 1.22000000e-05  3.71156604e-01  1.22000000e-05  1.70000000e+00  1.00000000e-01 
 1.23000000e-05  3.73898256e-01  1.23000000e-05  1.70000000e+00  1.00000000e-01 
 1.24000000e-05  3.76652708e-01  1.24000000e-05  1.70000000e+00  1.00000000e-01 
 1.25000000e-05  3.79420139e-01  1.25000000e-05  1.70000000e+00  1.00000000e-01 
 1.26000000e-05  3.82200729e-01  1.26000000e-05  1.70000000e+00  1.00000000e-01 
 1.27000000e-05  3.84994665e-01  1.27000000e-05  1.70000000e+00  1.00000000e-01 
 1.28000000e-05  3.87802137e-01  1.28000000e-05  1.70000000e+00  1.00000000e-01 
 1.29000000e-05  3.90623342e-01  1.29000000e-05  1.70000000e+00  1.00000000e-01 
 1.30000000e-05  3.93458478e-01  1.30000000e-05  1.70000000e+00  1.00000000e-01 
 1.31000000e-05  3.96307750e-01  1.31000000e-05  1.70000000e+00  1.00000000e-01 
 1.32000000e-05  3.99171368e-01  1.32000000e-05  1.70000000e+00  1.00000000e-01 
 1.33000000e-05  4.02049547e-01  1.33000000e-05  1.70000000e+00  1.00000000e-01 
 1.34000000e-05  4.04942507e-01  1.34000000e-05  1.70000000e+00  1.00000000e-01 
 1.35000000e-05  4.07850475e-01  1.35000000e-05  1.70000000e+00  1.00000000e-01 
 1.36000000e-05  4.10773682e-01  1.36000000e-05  1.70000000e+00  1.00000000e-01 
 1.37000000e-05  4.13712367e-01  1.37000000e-05  1.70000000e+00  1.00000000e-01 
 1.38000000e-05  4.16666773e-01  1.38000000e-05  1.70000000e+00  1.00000000e-01 
 1.39000000e-05  4.19637151e-01  1.39000000e-05  1.70000000e+00  1.00000000e-01 
 1.40000000e-05  4.22623759e-01  1.40000000e-05  1.70000000e+00  1.00000000e-01 
 1.41000000e-05  4.25626860e-01  1.41000000e-05  1.70000000e+00  1.00000000e-01 
 1.42000000e-05  4.28646727e-01  1.42000000e-05  1.70000000e+00  1.00000000e-01 
 1.43000000e-05  4.31683638e-01  1.43000000e-05  1.70000000e+00  1.00000000e-01 
 1.44000000e-05  4.34737880e-01  1.44000000e-05  1.70000000e+00  1.00000000e-01 
 1.45000000e-05  4.37809749e-01  1.45000000e-05  1.70000000e+00  1.00000000e-01 
 1.46000000e-05  4.40899547e-01  1.46000000e-05  1.70000000e+00  1.00000000e-01 
 1.47000000e-05  4.44007588e-01  1.47000000e-05  1.70000000e+00  1.00000000e-01 
 1.48000000e-05  4.47134192e-01  1.48000000e-05  1.70000000e+00  1.00000000e-01 
 1.49000000e-05  4.50279691e-01  1.49000000e-05  1.70000000e+00  1.00000000e-01 
 1.50000000e-05  4.53444426e-01  1.50000000e-05  1.70000000e+00  1.00000000e-01 
 1.51000000e-05  4.56628748e-01  1.51000000e-05  1.70000000e+00  1.00000000e-01 
 1.52000000e-05  4.59833018e-01  1.52000000e-05  1.70000000e+00  1.00000000e-01 
 1.53000000e-05  4.63057611e-01  1.53000000e-05  1.70000000e+00  1.00000000e-01 
 1.54000000e-05  4.66302912e-01  1.54000000e-05  1.70000000e+00  1.00000000e-01 
 1.55000000e-05  4.69569318e-01  1.55000000e-05  1.70000000e+00  1.00000000e-01 
 1.56000000e-05  4.72857239e-01  1.56000000e-05  1.70000000e+00  1.00000000e-01 
 1.57000000e-05  4.76167100e-01  1.57000000e-05  1.70000000e+00  1.00000000e-01 
 1.58000000e-05  4.79499338e-01  1.58000000e-05  1.70000000e+00  1.00000000e-01 
 1.59000000e-05  4.82854406e-01  1.59000000e-05  1.70000000e+00  1.00000000e-01 
 1.60000000e-05  4.86232771e-01  1.60000000e-05  1.70000000e+00  1.00000000e-01 
 1.61000000e-05  4.89634919e-01  1.61000000e-05  1.70000000e+00  1.00000000e-01 
 1.62000000e-05  4.93061350e-01  1.62000000e-05  1.70000000e+00  1.00000000e-01 
 1.63000000e-05  4.96512583e-01  1.63000000e-05  1.70000000e+00  1.00000000e-01 
 1.64000000e-05  4.99989156e-01  1.64000000e-05  1.70000000e+00  1.00000000e-01 
 1.65000000e-05  5.03491627e-01  1.65000000e-05  1.70000000e+00  1.00000000e-01 
 1.66000000e-05  5.07020574e-01  1.66000000e-05  1.70000000e+00  1.00000000e-01 
 1.67000000e-05  5.10576596e-01  1.67000000e-05  1.70000000e+00  1.00000000e-01 
 1.68000000e-05  5.14160317e-01  1.68000000e-05  1.70000000e+00  1.00000000e-01 
 1.69000000e-05  5.17772383e-01  1.69000000e-05  1.70000000e+00  1.00000000e-01 
 1.70000000e-05  5.21413467e-01  1.70000000e-05  1.70000000e+00  1.00000000e-01 
 1.71000000e-05  5.25084269e-01  1.71000000e-05  1.70000000e+00  1.00000000e-01 
 1.72000000e-05  5.28785517e-01  1.72000000e-05  1.70000000e+00  1.00000000e-01 
 1.73000000e-05  5.32517969e-01  1.73000000e-05  1.70000000e+00  1.00000000e-01 
 1.74000000e-05  5.36282415e-01  1.74000000e-05  1.70000000e+00  1.00000000e-01 
 1.75000000e-05  5.40079679e-01  1.75000000e-05  1.70000000e+00  1.00000000e-01 
 1.76000000e-05  5.43910621e-01  1.76000000e-05  1.70000000e+00  1.00000000e-01 
 1.77000000e-05  5.47776138e-01  1.77000000e-05  1.70000000e+00  1.00000000e-01 
 1.78000000e-05  5.51677170e-01  1.78000000e-05  1.70000000e+00  1.00000000e-01 
 1.79000000e-05  5.55614697e-01  1.79000000e-05  1.70000000e+00  1.00000000e-01 
 1.80000000e-05  5.59589747e-01  1.80000000e-05  1.70000000e+00  1.00000000e-01 
 1.81000000e-05  5.63603396e-01  1.81000000e-05  1.70000000e+00  1.00000000e-01 
 1.82000000e-05  5.67656773e-01  1.82000000e-05  1.70000000e+00  1.00000000e-01 
 1.83000000e-05  5.71751062e-01  1.83000000e-05  1.70000000e+00  1.00000000e-01 
 1.84000000e-05  5.75887508e-01  1.84000000e-05  1.70000000e+00  1.00000000e-01 
 1.85000000e-05  5.80067418e-01  1.85000000e-05  1.70000000e+00  1.00000000e-01 
 1.86000000e-05  5.84292169e-01  1.86000000e-05  1.70000000e+00  1.00000000e-01 
 1.87000000e-05  5.88563213e-01  1.87000000e-05  1.70000000e+00  1.00000000e-01 
 1.88000000e-05  5.92882080e-01  1.88000000e-05  1.70000000e+00  1.00000000e-01 
 1.89000000e-05  5.97250387e-01  1.89000000e-05  1.70000000e+00  1.00000000e-01 
 1.90000000e-05  6.01669841e-01  1.90000000e-05  1.70000000e+00  1.00000000e-01 
 1.91000000e-05  6.06142253e-01  1.91000000e-05  1.70000000e+00  1.00000000e-01 
 1.92000000e-05  6.10669540e-01  1.92000000e-05  1.70000000e+00  1.00000000e-01 
 1.93000000e-05  6.15253736e-01  1.93000000e-05  1.70000000e+00  1.00000000e-01 
 1.94000000e-05  6.19897007e-01  1.94000000e-05  1.70000000e+00  1.00000000e-01 
 1.95000000e-05  6.24601654e-01  1.95000000e-05  1.70000000e+00  1.00000000e-01 
 1.96000000e-05  6.29370133e-01  1.96000000e-05  1.70000000e+00  1.00000000e-01 
 1.97000000e-05  6.34205066e-01  1.97000000e-05  1.70000000e+00  1.00000000e-01 
 1.98000000e-05  6.39109258e-01  1.98000000e-05  1.70000000e+00  1.00000000e-01 
 1.99000000e-05  6.44085716e-01  1.99000000e-05  1.70000000e+00  1.00000000e-01 
 2.00000000e-05  6.49137668e-01  2.00000000e-05  1.70000000e+00  1.00000000e-01 
 2.01000000e-05  6.54268586e-01  2.01000000e-05  1.70000000e+00  1.00000000e-01 
 2.02000000e-05  6.59482214e-01  2.02000000e-05  1.70000000e+00  1.00000000e-01 
 2.03000000e-05  6.64782598e-01  2.03000000e-05  1.70000000e+00  1.00000000e-01 
 2.04000000e-05  6.70174121e-01  2.04000000e-05  1.70000000e+00  1.00000000e-01 
 2.05000000e-05  6.75661541e-01  2.05000000e-05  1.70000000e+00  1.00000000e-01 
 2.06000000e-05  6.81250040e-01  2.06000000e-05  1.70000000e+00  1.00000000e-01 
 2.07000000e-05  6.86945272e-01  2.07000000e-05  1.70000000e+00  1.00000000e-01 
 2.08000000e-05  6.92753433e-01  2.08000000e-05  1.70000000e+00  1.00000000e-01 
 2.09000000e-05  6.98681328e-01  2.09000000e-05  1.70000000e+00  1.00000000e-01 
 2.10000000e-05  7.04736457e-01  2.10000000e-05  1.70000000e+00  1.00000000e-01 
 2.11000000e-05  7.10927122e-01  2.11000000e-05  1.70000000e+00  1.00000000e-01 
 2.12000000e-05  7.17262539e-01  2.12000000e-05  1.70000000e+00  1.00000000e-01 
 2.13000000e-05  7.23752992e-01  2.13000000e-05  1.70000000e+00  1.00000000e-01 
 2.14000000e-05  7.30409999e-01  2.14000000e-05  1.70000000e+00  1.00000000e-01 
 2.15000000e-05  7.37246530e-01  2.15000000e-05  1.70000000e+00  1.00000000e-01 
 2.16000000e-05  7.44277263e-01  2.16000000e-05  1.70000000e+00  1.00000000e-01 
 2.17000000e-05  7.51518901e-01  2.17000000e-05  1.70000000e+00  1.00000000e-01 
 2.18000000e-05  7.58990572e-01  2.18000000e-05  1.70000000e+00  1.00000000e-01 
 2.19000000e-05  7.66714324e-01  2.19000000e-05  1.70000000e+00  1.00000000e-01 
 2.20000000e-05  7.74715750e-01  2.20000000e-05  1.70000000e+00  1.00000000e-01 
 2.21000000e-05  7.83024800e-01  2.21000000e-05  1.70000000e+00  1.00000000e-01 
 2.22000000e-05  7.91676810e-01  2.22000000e-05  1.70000000e+00  1.00000000e-01 
 2.23000000e-05  8.00713865e-01  2.23000000e-05  1.70000000e+00  1.00000000e-01 
 2.24000000e-05  8.10186592e-01  2.24000000e-05  1.70000000e+00  1.00000000e-01 
 2.25000000e-05  8.20156550e-01  2.25000000e-05  1.70000000e+00  1.00000000e-01 
 2.26000000e-05  8.30699467e-01  2.26000000e-05  1.70000000e+00  1.00000000e-01 
 2.27000000e-05  8.41909623e-01  2.27000000e-05  1.70000000e+00  1.00000000e-01 
 2.28000000e-05  8.53905823e-01  2.28000000e-05  1.70000000e+00  1.00000000e-01 
 2.29000000e-05  8.66839410e-01  2.29000000e-05  1.70000000e+00  1.00000000e-01 
 2.30000000e-05  8.80904608e-01  2.30000000e-05  1.70000000e+00  1.00000000e-01 
 2.31000000e-05  8.96350275e-01  2.31000000e-05  1.70000000e+00  1.00000000e-01 
 2.32000000e-05  9.14490705e-01  2.32000000e-05  1.70000000e+00  1.00000000e-01 
 2.33000000e-05  9.33868116e-01  2.33000000e-05  1.70000000e+00  1.00000000e-01 
 2.34000000e-05  9.55486894e-01  2.34000000e-05  1.70000000e+00  1.00000000e-01 
 2.35000000e-05  9.78182305e-01  2.35000000e-05  1.70000000e+00  1.00000000e-01 
 2.36000000e-05  1.00285938e+00  2.36000000e-05  1.70000000e+00  1.00000000e-01 
 2.37000000e-05  1.02487090e+00  2.37000000e-05  1.70000000e+00  1.00000000e-01 
 2.38000000e-05  1.04353329e+00  2.38000000e-05  1.70000000e+00  1.00000000e-01 
 2.39000000e-05  1.05878693e+00  2.39000000e-05  1.70000000e+00  1.00000000e-01 
 2.40000000e-05  1.07128377e+00  2.40000000e-05  1.70000000e+00  1.00000000e-01 
 2.41000000e-05  1.08263566e+00  2.41000000e-05  1.70000000e+00  1.00000000e-01 
 2.42000000e-05  1.09115462e+00  2.42000000e-05  1.70000000e+00  1.00000000e-01 
 2.43000000e-05  1.09878281e+00  2.43000000e-05  1.70000000e+00  1.00000000e-01 
 2.44000000e-05  1.10551766e+00  2.44000000e-05  1.70000000e+00  1.00000000e-01 
 2.45000000e-05  1.11157360e+00  2.45000000e-05  1.70000000e+00  1.00000000e-01 
 2.46000000e-05  1.11707724e+00  2.46000000e-05  1.70000000e+00  1.00000000e-01 
 2.47000000e-05  1.12212701e+00  2.47000000e-05  1.70000000e+00  1.00000000e-01 
 2.48000000e-05  1.12679764e+00  2.48000000e-05  1.70000000e+00  1.00000000e-01 
 2.49000000e-05  1.13114734e+00  2.49000000e-05  1.70000000e+00  1.00000000e-01 
 2.50000000e-05  1.13522211e+00  2.50000000e-05  1.70000000e+00  1.00000000e-01 
 2.51000000e-05  1.13905893e+00  2.51000000e-05  1.70000000e+00  1.00000000e-01 
 2.52000000e-05  1.14268786e+00  2.52000000e-05  1.70000000e+00  1.00000000e-01 
 2.53000000e-05  1.14613368e+00  2.53000000e-05  1.70000000e+00  1.00000000e-01 
 2.54000000e-05  1.14941702e+00  2.54000000e-05  1.70000000e+00  1.00000000e-01 
 2.55000000e-05  1.15255523e+00  2.55000000e-05  1.70000000e+00  1.00000000e-01 
 2.56000000e-05  1.15556301e+00  2.56000000e-05  1.70000000e+00  1.00000000e-01 
 2.57000000e-05  1.15845296e+00  2.57000000e-05  1.70000000e+00  1.00000000e-01 
 2.58000000e-05  1.16123592e+00  2.58000000e-05  1.70000000e+00  1.00000000e-01 
 2.59000000e-05  1.16392130e+00  2.59000000e-05  1.70000000e+00  1.00000000e-01 
 2.60000000e-05  1.16651731e+00  2.60000000e-05  1.70000000e+00  1.00000000e-01 
 2.61000000e-05  1.16903115e+00  2.61000000e-05  1.70000000e+00  1.00000000e-01 
 2.62000000e-05  1.17146919e+00  2.62000000e-05  1.70000000e+00  1.00000000e-01 
 2.63000000e-05  1.17383706e+00  2.63000000e-05  1.70000000e+00  1.00000000e-01 
 2.64000000e-05  1.17613980e+00  2.64000000e-05  1.70000000e+00  1.00000000e-01 
 2.65000000e-05  1.17838190e+00  2.65000000e-05  1.70000000e+00  1.00000000e-01 
 2.66000000e-05  1.18056739e+00  2.66000000e-05  1.70000000e+00  1.00000000e-01 
 2.67000000e-05  1.18269993e+00  2.67000000e-05  1.70000000e+00  1.00000000e-01 
 2.68000000e-05  1.18478280e+00  2.68000000e-05  1.70000000e+00  1.00000000e-01 
 2.69000000e-05  1.18681899e+00  2.69000000e-05  1.70000000e+00  1.00000000e-01 
 2.70000000e-05  1.18881122e+00  2.70000000e-05  1.70000000e+00  1.00000000e-01 
 2.71000000e-05  1.19076199e+00  2.71000000e-05  1.70000000e+00  1.00000000e-01 
 2.72000000e-05  1.19267355e+00  2.72000000e-05  1.70000000e+00  1.00000000e-01 
 2.73000000e-05  1.19454800e+00  2.73000000e-05  1.70000000e+00  1.00000000e-01 
 2.74000000e-05  1.19638727e+00  2.74000000e-05  1.70000000e+00  1.00000000e-01 
 2.75000000e-05  1.19819311e+00  2.75000000e-05  1.70000000e+00  1.00000000e-01 
 2.76000000e-05  1.19996717e+00  2.76000000e-05  1.70000000e+00  1.00000000e-01 
 2.77000000e-05  1.20171096e+00  2.77000000e-05  1.70000000e+00  1.00000000e-01 
 2.78000000e-05  1.20342588e+00  2.78000000e-05  1.70000000e+00  1.00000000e-01 
 2.79000000e-05  1.20511325e+00  2.79000000e-05  1.70000000e+00  1.00000000e-01 
 2.80000000e-05  1.20677428e+00  2.80000000e-05  1.70000000e+00  1.00000000e-01 
 2.81000000e-05  1.20841011e+00  2.81000000e-05  1.70000000e+00  1.00000000e-01 
 2.82000000e-05  1.21002179e+00  2.82000000e-05  1.70000000e+00  1.00000000e-01 
 2.83000000e-05  1.21161032e+00  2.83000000e-05  1.70000000e+00  1.00000000e-01 
 2.84000000e-05  1.21317663e+00  2.84000000e-05  1.70000000e+00  1.00000000e-01 
 2.85000000e-05  1.21472159e+00  2.85000000e-05  1.70000000e+00  1.00000000e-01 
 2.86000000e-05  1.21624602e+00  2.86000000e-05  1.70000000e+00  1.00000000e-01 
 2.87000000e-05  1.21775070e+00  2.87000000e-05  1.70000000e+00  1.00000000e-01 
 2.88000000e-05  1.21923634e+00  2.88000000e-05  1.70000000e+00  1.00000000e-01 
 2.89000000e-05  1.22070365e+00  2.89000000e-05  1.70000000e+00  1.00000000e-01 
 2.90000000e-05  1.22215325e+00  2.90000000e-05  1.70000000e+00  1.00000000e-01 
 2.91000000e-05  1.22358578e+00  2.91000000e-05  1.70000000e+00  1.00000000e-01 
 2.92000000e-05  1.22500179e+00  2.92000000e-05  1.70000000e+00  1.00000000e-01 
 2.93000000e-05  1.22640186e+00  2.93000000e-05  1.70000000e+00  1.00000000e-01 
 2.94000000e-05  1.22778649e+00  2.94000000e-05  1.70000000e+00  1.00000000e-01 
 2.95000000e-05  1.22915618e+00  2.95000000e-05  1.70000000e+00  1.00000000e-01 
 2.96000000e-05  1.23051140e+00  2.96000000e-05  1.70000000e+00  1.00000000e-01 
 2.97000000e-05  1.23185260e+00  2.97000000e-05  1.70000000e+00  1.00000000e-01 
 2.98000000e-05  1.23318020e+00  2.98000000e-05  1.70000000e+00  1.00000000e-01 
 2.99000000e-05  1.23449462e+00  2.99000000e-05  1.70000000e+00  1.00000000e-01 
 3.00000000e-05  1.23579622e+00  3.00000000e-05  1.70000000e+00  1.00000000e-01 
