 i-sweep         v(vout)         i(viin)         v(vgate)        v(vmid)        
-6.00000000e-06  4.62321436e-01 -6.00000000e-06  1.60000000e+00  1.10000000e+00 
-5.90000000e-06  4.65954377e-01 -5.90000000e-06  1.60000000e+00  1.10000000e+00 
-5.80000000e-06  4.69616096e-01 -5.80000000e-06  1.60000000e+00  1.10000000e+00 
-5.70000000e-06  4.73307314e-01 -5.70000000e-06  1.60000000e+00  1.10000000e+00 
-5.60000000e-06  4.77028781e-01 -5.60000000e-06  1.60000000e+00  1.10000000e+00 
-5.50000000e-06  4.80781282e-01 -5.50000000e-06  1.60000000e+00  1.10000000e+00 
-5.40000000e-06  4.84565633e-01 -5.40000000e-06  1.60000000e+00  1.10000000e+00 
-5.30000000e-06  4.88382689e-01 -5.30000000e-06  1.60000000e+00  1.10000000e+00 
-5.20000000e-06  4.92233344e-01 -5.20000000e-06  1.60000000e+00  1.10000000e+00 
-5.10000000e-06  4.96118532e-01 -5.10000000e-06  1.60000000e+00  1.10000000e+00 
-5.00000000e-06  5.00039231e-01 -5.00000000e-06  1.60000000e+00  1.10000000e+00 
-4.90000000e-06  5.03996469e-01 -4.90000000e-06  1.60000000e+00  1.10000000e+00 
-4.80000000e-06  5.07991322e-01 -4.80000000e-06  1.60000000e+00  1.10000000e+00 
-4.70000000e-06  5.12024922e-01 -4.70000000e-06  1.60000000e+00  1.10000000e+00 
-4.60000000e-06  5.16098460e-01 -4.60000000e-06  1.60000000e+00  1.10000000e+00 
-4.50000000e-06  5.20213188e-01 -4.50000000e-06  1.60000000e+00  1.10000000e+00 
-4.40000000e-06  5.24370428e-01 -4.40000000e-06  1.60000000e+00  1.10000000e+00 
-4.30000000e-06  5.28571574e-01 -4.30000000e-06  1.60000000e+00  1.10000000e+00 
-4.20000000e-06  5.32818101e-01 -4.20000000e-06  1.60000000e+00  1.10000000e+00 
-4.10000000e-06  5.37111568e-01 -4.10000000e-06  1.60000000e+00  1.10000000e+00 
-4.00000000e-06  5.41453630e-01 -4.00000000e-06  1.60000000e+00  1.10000000e+00 
-3.90000000e-06  5.45846043e-01 -3.90000000e-06  1.60000000e+00  1.10000000e+00 
-3.80000000e-06  5.50290676e-01 -3.80000000e-06  1.60000000e+00  1.10000000e+00 
-3.70000000e-06  5.54789517e-01 -3.70000000e-06  1.60000000e+00  1.10000000e+00 
-3.60000000e-06  5.59344693e-01 -3.60000000e-06  1.60000000e+00  1.10000000e+00 
-3.50000000e-06  5.63958475e-01 -3.50000000e-06  1.60000000e+00  1.10000000e+00 
-3.40000000e-06  5.68633301e-01 -3.40000000e-06  1.60000000e+00  1.10000000e+00 
-3.30000000e-06  5.73371787e-01 -3.30000000e-06  1.60000000e+00  1.10000000e+00 
-3.20000000e-06  5.78176754e-01 -3.20000000e-06  1.60000000e+00  1.10000000e+00 
-3.10000000e-06  5.83051247e-01 -3.10000000e-06  1.60000000e+00  1.10000000e+00 
-3.00000000e-06  5.87998563e-01 -3.00000000e-06  1.60000000e+00  1.10000000e+00 
-2.90000000e-06  5.93022285e-01 -2.90000000e-06  1.60000000e+00  1.10000000e+00 
-2.80000000e-06  5.98126317e-01 -2.80000000e-06  1.60000000e+00  1.10000000e+00 
-2.70000000e-06  6.03314929e-01 -2.70000000e-06  1.60000000e+00  1.10000000e+00 
-2.60000000e-06  6.08592807e-01 -2.60000000e-06  1.60000000e+00  1.10000000e+00 
-2.50000000e-06  6.13965117e-01 -2.50000000e-06  1.60000000e+00  1.10000000e+00 
-2.40000000e-06  6.19437581e-01 -2.40000000e-06  1.60000000e+00  1.10000000e+00 
-2.30000000e-06  6.25016559e-01 -2.30000000e-06  1.60000000e+00  1.10000000e+00 
-2.20000000e-06  6.30709167e-01 -2.20000000e-06  1.60000000e+00  1.10000000e+00 
-2.10000000e-06  6.36523405e-01 -2.10000000e-06  1.60000000e+00  1.10000000e+00 
-2.00000000e-06  6.42468326e-01 -2.00000000e-06  1.60000000e+00  1.10000000e+00 
-1.90000000e-06  6.48554242e-01 -1.90000000e-06  1.60000000e+00  1.10000000e+00 
-1.80000000e-06  6.54792988e-01 -1.80000000e-06  1.60000000e+00  1.10000000e+00 
-1.70000000e-06  6.61198258e-01 -1.70000000e-06  1.60000000e+00  1.10000000e+00 
-1.60000000e-06  6.67786041e-01 -1.60000000e-06  1.60000000e+00  1.10000000e+00 
-1.50000000e-06  6.74575196e-01 -1.50000000e-06  1.60000000e+00  1.10000000e+00 
-1.40000000e-06  6.81588220e-01 -1.40000000e-06  1.60000000e+00  1.10000000e+00 
-1.30000000e-06  6.88852295e-01 -1.30000000e-06  1.60000000e+00  1.10000000e+00 
-1.20000000e-06  6.96400745e-01 -1.20000000e-06  1.60000000e+00  1.10000000e+00 
-1.10000000e-06  7.04275112e-01 -1.10000000e-06  1.60000000e+00  1.10000000e+00 
-1.00000000e-06  7.12528206e-01 -1.00000000e-06  1.60000000e+00  1.10000000e+00 
-9.00000000e-07  7.21228713e-01 -9.00000000e-07  1.60000000e+00  1.10000000e+00 
-8.00000000e-07  7.30468478e-01 -8.00000000e-07  1.60000000e+00  1.10000000e+00 
-7.00000000e-07  7.40374535e-01 -7.00000000e-07  1.60000000e+00  1.10000000e+00 
-6.00000000e-07  7.51130245e-01 -6.00000000e-07  1.60000000e+00  1.10000000e+00 
-5.00000000e-07  7.63015368e-01 -5.00000000e-07  1.60000000e+00  1.10000000e+00 
-4.00000000e-07  7.76490212e-01 -4.00000000e-07  1.60000000e+00  1.10000000e+00 
-3.00000000e-07  7.92399653e-01 -3.00000000e-07  1.60000000e+00  1.10000000e+00 
-2.00000000e-07  8.12589770e-01 -2.00000000e-07  1.60000000e+00  1.10000000e+00 
-1.00000000e-07  8.42694018e-01 -1.00000000e-07  1.60000000e+00  1.10000000e+00 
-5.71747239e-21  9.29548448e-01 -5.71747239e-21  1.60000000e+00  1.10000000e+00 
 1.00000000e-07  1.03938147e+00  1.00000000e-07  1.60000000e+00  1.10000000e+00 
 2.00000000e-07  1.07167617e+00  2.00000000e-07  1.60000000e+00  1.10000000e+00 
 3.00000000e-07  1.09054485e+00  3.00000000e-07  1.60000000e+00  1.10000000e+00 
 4.00000000e-07  1.10398911e+00  4.00000000e-07  1.60000000e+00  1.10000000e+00 
 5.00000000e-07  1.11448032e+00  5.00000000e-07  1.60000000e+00  1.10000000e+00 
 6.00000000e-07  1.12314187e+00  6.00000000e-07  1.60000000e+00  1.10000000e+00 
 7.00000000e-07  1.13054669e+00  7.00000000e-07  1.60000000e+00  1.10000000e+00 
 8.00000000e-07  1.13704307e+00  8.00000000e-07  1.60000000e+00  1.10000000e+00 
 9.00000000e-07  1.14284441e+00  9.00000000e-07  1.60000000e+00  1.10000000e+00 
 1.00000000e-06  1.14808498e+00  1.00000000e-06  1.60000000e+00  1.10000000e+00 
 1.10000000e-06  1.15290485e+00  1.10000000e-06  1.60000000e+00  1.10000000e+00 
 1.20000000e-06  1.15734112e+00  1.20000000e-06  1.60000000e+00  1.10000000e+00 
 1.30000000e-06  1.16148820e+00  1.30000000e-06  1.60000000e+00  1.10000000e+00 
 1.40000000e-06  1.16537075e+00  1.40000000e-06  1.60000000e+00  1.10000000e+00 
 1.50000000e-06  1.16903081e+00  1.50000000e-06  1.60000000e+00  1.10000000e+00 
 1.60000000e-06  1.17249695e+00  1.60000000e-06  1.60000000e+00  1.10000000e+00 
 1.70000000e-06  1.17579254e+00  1.70000000e-06  1.60000000e+00  1.10000000e+00 
 1.80000000e-06  1.17893690e+00  1.80000000e-06  1.60000000e+00  1.10000000e+00 
 1.90000000e-06  1.18194624e+00  1.90000000e-06  1.60000000e+00  1.10000000e+00 
 2.00000000e-06  1.18484205e+00  2.00000000e-06  1.60000000e+00  1.10000000e+00 
 2.10000000e-06  1.18761268e+00  2.10000000e-06  1.60000000e+00  1.10000000e+00 
 2.20000000e-06  1.19029123e+00  2.20000000e-06  1.60000000e+00  1.10000000e+00 
 2.30000000e-06  1.19288143e+00  2.30000000e-06  1.60000000e+00  1.10000000e+00 
 2.40000000e-06  1.19538345e+00  2.40000000e-06  1.60000000e+00  1.10000000e+00 
 2.50000000e-06  1.19781130e+00  2.50000000e-06  1.60000000e+00  1.10000000e+00 
 2.60000000e-06  1.20016911e+00  2.60000000e-06  1.60000000e+00  1.10000000e+00 
 2.70000000e-06  1.20246582e+00  2.70000000e-06  1.60000000e+00  1.10000000e+00 
 2.80000000e-06  1.20468992e+00  2.80000000e-06  1.60000000e+00  1.10000000e+00 
 2.90000000e-06  1.20686351e+00  2.90000000e-06  1.60000000e+00  1.10000000e+00 
 3.00000000e-06  1.20898423e+00  3.00000000e-06  1.60000000e+00  1.10000000e+00 
 3.10000000e-06  1.21106209e+00  3.10000000e-06  1.60000000e+00  1.10000000e+00 
 3.20000000e-06  1.21307896e+00  3.20000000e-06  1.60000000e+00  1.10000000e+00 
 3.30000000e-06  1.21505942e+00  3.30000000e-06  1.60000000e+00  1.10000000e+00 
 3.40000000e-06  1.21699972e+00  3.40000000e-06  1.60000000e+00  1.10000000e+00 
 3.50000000e-06  1.21890530e+00  3.50000000e-06  1.60000000e+00  1.10000000e+00 
 3.60000000e-06  1.22076054e+00  3.60000000e-06  1.60000000e+00  1.10000000e+00 
 3.70000000e-06  1.22258830e+00  3.70000000e-06  1.60000000e+00  1.10000000e+00 
 3.80000000e-06  1.22438286e+00  3.80000000e-06  1.60000000e+00  1.10000000e+00 
 3.90000000e-06  1.22614605e+00  3.90000000e-06  1.60000000e+00  1.10000000e+00 
 4.00000000e-06  1.22787969e+00  4.00000000e-06  1.60000000e+00  1.10000000e+00 
 4.10000000e-06  1.22958401e+00  4.10000000e-06  1.60000000e+00  1.10000000e+00 
 4.20000000e-06  1.23126110e+00  4.20000000e-06  1.60000000e+00  1.10000000e+00 
 4.30000000e-06  1.23291231e+00  4.30000000e-06  1.60000000e+00  1.10000000e+00 
 4.40000000e-06  1.23453905e+00  4.40000000e-06  1.60000000e+00  1.10000000e+00 
 4.50000000e-06  1.23614303e+00  4.50000000e-06  1.60000000e+00  1.10000000e+00 
 4.60000000e-06  1.23771546e+00  4.60000000e-06  1.60000000e+00  1.10000000e+00 
 4.70000000e-06  1.23927202e+00  4.70000000e-06  1.60000000e+00  1.10000000e+00 
 4.80000000e-06  1.24080746e+00  4.80000000e-06  1.60000000e+00  1.10000000e+00 
 4.90000000e-06  1.24232320e+00  4.90000000e-06  1.60000000e+00  1.10000000e+00 
 5.00000000e-06  1.24381854e+00  5.00000000e-06  1.60000000e+00  1.10000000e+00 
 5.10000000e-06  1.24529503e+00  5.10000000e-06  1.60000000e+00  1.10000000e+00 
 5.20000000e-06  1.24675334e+00  5.20000000e-06  1.60000000e+00  1.10000000e+00 
 5.30000000e-06  1.24819413e+00  5.30000000e-06  1.60000000e+00  1.10000000e+00 
 5.40000000e-06  1.24961799e+00  5.40000000e-06  1.60000000e+00  1.10000000e+00 
 5.50000000e-06  1.25102551e+00  5.50000000e-06  1.60000000e+00  1.10000000e+00 
 5.60000000e-06  1.25241722e+00  5.60000000e-06  1.60000000e+00  1.10000000e+00 
 5.70000000e-06  1.25379365e+00  5.70000000e-06  1.60000000e+00  1.10000000e+00 
 5.80000000e-06  1.25515528e+00  5.80000000e-06  1.60000000e+00  1.10000000e+00 
 5.90000000e-06  1.25650258e+00  5.90000000e-06  1.60000000e+00  1.10000000e+00 
 6.00000000e-06  1.25783600e+00  6.00000000e-06  1.60000000e+00  1.10000000e+00 
