 i-sweep         v(vout)         i(viin)         v(vgate)        v(vmid)        
-6.00000000e-06 -3.42779451e-01 -6.00000000e-06  6.00000000e-01  1.80000000e+00 
-5.90000000e-06 -3.39393019e-01 -5.90000000e-06  6.00000000e-01  1.80000000e+00 
-5.80000000e-06 -3.35980399e-01 -5.80000000e-06  6.00000000e-01  1.80000000e+00 
-5.70000000e-06 -3.32540939e-01 -5.70000000e-06  6.00000000e-01  1.80000000e+00 
-5.60000000e-06 -3.29073961e-01 -5.60000000e-06  6.00000000e-01  1.80000000e+00 
-5.50000000e-06 -3.25578759e-01 -5.50000000e-06  6.00000000e-01  1.80000000e+00 
-5.40000000e-06 -3.22054596e-01 -5.40000000e-06  6.00000000e-01  1.80000000e+00 
-5.30000000e-06 -3.18500702e-01 -5.30000000e-06  6.00000000e-01  1.80000000e+00 
-5.20000000e-06 -3.14916274e-01 -5.20000000e-06  6.00000000e-01  1.80000000e+00 
-5.10000000e-06 -3.11300470e-01 -5.10000000e-06  6.00000000e-01  1.80000000e+00 
-5.00000000e-06 -3.07652412e-01 -5.00000000e-06  6.00000000e-01  1.80000000e+00 
-4.90000000e-06 -3.03971175e-01 -4.90000000e-06  6.00000000e-01  1.80000000e+00 
-4.80000000e-06 -3.00255794e-01 -4.80000000e-06  6.00000000e-01  1.80000000e+00 
-4.70000000e-06 -2.96505250e-01 -4.70000000e-06  6.00000000e-01  1.80000000e+00 
-4.60000000e-06 -2.92718475e-01 -4.60000000e-06  6.00000000e-01  1.80000000e+00 
-4.50000000e-06 -2.88894343e-01 -4.50000000e-06  6.00000000e-01  1.80000000e+00 
-4.40000000e-06 -2.85031666e-01 -4.40000000e-06  6.00000000e-01  1.80000000e+00 
-4.30000000e-06 -2.81129190e-01 -4.30000000e-06  6.00000000e-01  1.80000000e+00 
-4.20000000e-06 -2.77185590e-01 -4.20000000e-06  6.00000000e-01  1.80000000e+00 
-4.10000000e-06 -2.73199459e-01 -4.10000000e-06  6.00000000e-01  1.80000000e+00 
-4.00000000e-06 -2.69169307e-01 -4.00000000e-06  6.00000000e-01  1.80000000e+00 
-3.90000000e-06 -2.65093550e-01 -3.90000000e-06  6.00000000e-01  1.80000000e+00 
-3.80000000e-06 -2.60970498e-01 -3.80000000e-06  6.00000000e-01  1.80000000e+00 
-3.70000000e-06 -2.56798352e-01 -3.70000000e-06  6.00000000e-01  1.80000000e+00 
-3.60000000e-06 -2.52575184e-01 -3.60000000e-06  6.00000000e-01  1.80000000e+00 
-3.50000000e-06 -2.48298930e-01 -3.50000000e-06  6.00000000e-01  1.80000000e+00 
-3.40000000e-06 -2.43967373e-01 -3.40000000e-06  6.00000000e-01  1.80000000e+00 
-3.30000000e-06 -2.39578123e-01 -3.30000000e-06  6.00000000e-01  1.80000000e+00 
-3.20000000e-06 -2.35128600e-01 -3.20000000e-06  6.00000000e-01  1.80000000e+00 
-3.10000000e-06 -2.30616012e-01 -3.10000000e-06  6.00000000e-01  1.80000000e+00 
-3.00000000e-06 -2.26037321e-01 -3.00000000e-06  6.00000000e-01  1.80000000e+00 
-2.90000000e-06 -2.21389223e-01 -2.90000000e-06  6.00000000e-01  1.80000000e+00 
-2.80000000e-06 -2.16668098e-01 -2.80000000e-06  6.00000000e-01  1.80000000e+00 
-2.70000000e-06 -2.11869978e-01 -2.70000000e-06  6.00000000e-01  1.80000000e+00 
-2.60000000e-06 -2.06990487e-01 -2.60000000e-06  6.00000000e-01  1.80000000e+00 
-2.50000000e-06 -2.02024785e-01 -2.50000000e-06  6.00000000e-01  1.80000000e+00 
-2.40000000e-06 -1.96967490e-01 -2.40000000e-06  6.00000000e-01  1.80000000e+00 
-2.30000000e-06 -1.91812591e-01 -2.30000000e-06  6.00000000e-01  1.80000000e+00 
-2.20000000e-06 -1.86553335e-01 -2.20000000e-06  6.00000000e-01  1.80000000e+00 
-2.10000000e-06 -1.81182098e-01 -2.10000000e-06  6.00000000e-01  1.80000000e+00 
-2.00000000e-06 -1.75690215e-01 -2.00000000e-06  6.00000000e-01  1.80000000e+00 
-1.90000000e-06 -1.70067770e-01 -1.90000000e-06  6.00000000e-01  1.80000000e+00 
-1.80000000e-06 -1.64303335e-01 -1.80000000e-06  6.00000000e-01  1.80000000e+00 
-1.70000000e-06 -1.58383631e-01 -1.70000000e-06  6.00000000e-01  1.80000000e+00 
-1.60000000e-06 -1.52293087e-01 -1.60000000e-06  6.00000000e-01  1.80000000e+00 
-1.50000000e-06 -1.46013267e-01 -1.50000000e-06  6.00000000e-01  1.80000000e+00 
-1.40000000e-06 -1.39522089e-01 -1.40000000e-06  6.00000000e-01  1.80000000e+00 
-1.30000000e-06 -1.32792778e-01 -1.30000000e-06  6.00000000e-01  1.80000000e+00 
-1.20000000e-06 -1.25792395e-01 -1.20000000e-06  6.00000000e-01  1.80000000e+00 
-1.10000000e-06 -1.18479741e-01 -1.10000000e-06  6.00000000e-01  1.80000000e+00 
-1.00000000e-06 -1.10802284e-01 -1.00000000e-06  6.00000000e-01  1.80000000e+00 
-9.00000000e-07 -1.02691491e-01 -9.00000000e-07  6.00000000e-01  1.80000000e+00 
-8.00000000e-07 -9.40554599e-02 -8.00000000e-07  6.00000000e-01  1.80000000e+00 
-7.00000000e-07 -8.47666968e-02 -7.00000000e-07  6.00000000e-01  1.80000000e+00 
-6.00000000e-07 -7.46405947e-02 -6.00000000e-07  6.00000000e-01  1.80000000e+00 
-5.00000000e-07 -6.33944575e-02 -5.00000000e-07  6.00000000e-01  1.80000000e+00 
-4.00000000e-07 -5.05609846e-02 -4.00000000e-07  6.00000000e-01  1.80000000e+00 
-3.00000000e-07 -3.52767863e-02 -3.00000000e-07  6.00000000e-01  1.80000000e+00 
-2.00000000e-07 -1.56337490e-02 -2.00000000e-07  6.00000000e-01  1.80000000e+00 
-1.00000000e-07  1.43541308e-02 -1.00000000e-07  6.00000000e-01  1.80000000e+00 
-5.71747239e-21  9.00361649e-01 -5.71747239e-21  6.00000000e-01  1.80000000e+00 
 1.00000000e-07  1.52368396e+00  1.00000000e-07  6.00000000e-01  1.80000000e+00 
 2.00000000e-07  1.55582417e+00  2.00000000e-07  6.00000000e-01  1.80000000e+00 
 3.00000000e-07  1.57456755e+00  3.00000000e-07  6.00000000e-01  1.80000000e+00 
 4.00000000e-07  1.58791536e+00  4.00000000e-07  6.00000000e-01  1.80000000e+00 
 5.00000000e-07  1.59832480e+00  5.00000000e-07  6.00000000e-01  1.80000000e+00 
 6.00000000e-07  1.60691197e+00  6.00000000e-07  6.00000000e-01  1.80000000e+00 
 7.00000000e-07  1.61424955e+00  7.00000000e-07  6.00000000e-01  1.80000000e+00 
 8.00000000e-07  1.62067798e+00  8.00000000e-07  6.00000000e-01  1.80000000e+00 
 9.00000000e-07  1.62641545e+00  9.00000000e-07  6.00000000e-01  1.80000000e+00 
 1.00000000e-06  1.63160994e+00  1.00000000e-06  6.00000000e-01  1.80000000e+00 
 1.10000000e-06  1.63636639e+00  1.10000000e-06  6.00000000e-01  1.80000000e+00 
 1.20000000e-06  1.64076188e+00  1.20000000e-06  6.00000000e-01  1.80000000e+00 
 1.30000000e-06  1.64485469e+00  1.30000000e-06  6.00000000e-01  1.80000000e+00 
 1.40000000e-06  1.64868993e+00  1.40000000e-06  6.00000000e-01  1.80000000e+00 
 1.50000000e-06  1.65230327e+00  1.50000000e-06  6.00000000e-01  1.80000000e+00 
 1.60000000e-06  1.65572336e+00  1.60000000e-06  6.00000000e-01  1.80000000e+00 
 1.70000000e-06  1.65897359e+00  1.70000000e-06  6.00000000e-01  1.80000000e+00 
 1.80000000e-06  1.66207329e+00  1.80000000e-06  6.00000000e-01  1.80000000e+00 
 1.90000000e-06  1.66503862e+00  1.90000000e-06  6.00000000e-01  1.80000000e+00 
 2.00000000e-06  1.66788324e+00  2.00000000e-06  6.00000000e-01  1.80000000e+00 
 2.10000000e-06  1.67061879e+00  2.10000000e-06  6.00000000e-01  1.80000000e+00 
 2.20000000e-06  1.67325529e+00  2.20000000e-06  6.00000000e-01  1.80000000e+00 
 2.30000000e-06  1.67580139e+00  2.30000000e-06  6.00000000e-01  1.80000000e+00 
 2.40000000e-06  1.67826464e+00  2.40000000e-06  6.00000000e-01  1.80000000e+00 
 2.50000000e-06  1.68065168e+00  2.50000000e-06  6.00000000e-01  1.80000000e+00 
 2.60000000e-06  1.68296835e+00  2.60000000e-06  6.00000000e-01  1.80000000e+00 
 2.70000000e-06  1.68521983e+00  2.70000000e-06  6.00000000e-01  1.80000000e+00 
 2.80000000e-06  1.68741073e+00  2.80000000e-06  6.00000000e-01  1.80000000e+00 
 2.90000000e-06  1.68954518e+00  2.90000000e-06  6.00000000e-01  1.80000000e+00 
 3.00000000e-06  1.69162690e+00  3.00000000e-06  6.00000000e-01  1.80000000e+00 
 3.10000000e-06  1.69365922e+00  3.10000000e-06  6.00000000e-01  1.80000000e+00 
 3.20000000e-06  1.69564519e+00  3.20000000e-06  6.00000000e-01  1.80000000e+00 
 3.30000000e-06  1.69758754e+00  3.30000000e-06  6.00000000e-01  1.80000000e+00 
 3.40000000e-06  1.69948879e+00  3.40000000e-06  6.00000000e-01  1.80000000e+00 
 3.50000000e-06  1.70135122e+00  3.50000000e-06  6.00000000e-01  1.80000000e+00 
 3.60000000e-06  1.70317692e+00  3.60000000e-06  6.00000000e-01  1.80000000e+00 
 3.70000000e-06  1.70496783e+00  3.70000000e-06  6.00000000e-01  1.80000000e+00 
 3.80000000e-06  1.70672571e+00  3.80000000e-06  6.00000000e-01  1.80000000e+00 
 3.90000000e-06  1.70845220e+00  3.90000000e-06  6.00000000e-01  1.80000000e+00 
 4.00000000e-06  1.71014881e+00  4.00000000e-06  6.00000000e-01  1.80000000e+00 
 4.10000000e-06  1.71181694e+00  4.10000000e-06  6.00000000e-01  1.80000000e+00 
 4.20000000e-06  1.71345790e+00  4.20000000e-06  6.00000000e-01  1.80000000e+00 
 4.30000000e-06  1.71507290e+00  4.30000000e-06  6.00000000e-01  1.80000000e+00 
 4.40000000e-06  1.71666306e+00  4.40000000e-06  6.00000000e-01  1.80000000e+00 
 4.50000000e-06  1.71822944e+00  4.50000000e-06  6.00000000e-01  1.80000000e+00 
 4.60000000e-06  1.71977302e+00  4.60000000e-06  6.00000000e-01  1.80000000e+00 
 4.70000000e-06  1.72129472e+00  4.70000000e-06  6.00000000e-01  1.80000000e+00 
 4.80000000e-06  1.72279541e+00  4.80000000e-06  6.00000000e-01  1.80000000e+00 
 4.90000000e-06  1.72427590e+00  4.90000000e-06  6.00000000e-01  1.80000000e+00 
 5.00000000e-06  1.72573695e+00  5.00000000e-06  6.00000000e-01  1.80000000e+00 
 5.10000000e-06  1.72717929e+00  5.10000000e-06  6.00000000e-01  1.80000000e+00 
 5.20000000e-06  1.72860359e+00  5.20000000e-06  6.00000000e-01  1.80000000e+00 
 5.30000000e-06  1.73001049e+00  5.30000000e-06  6.00000000e-01  1.80000000e+00 
 5.40000000e-06  1.73140060e+00  5.40000000e-06  6.00000000e-01  1.80000000e+00 
 5.50000000e-06  1.73277449e+00  5.50000000e-06  6.00000000e-01  1.80000000e+00 
 5.60000000e-06  1.73413269e+00  5.60000000e-06  6.00000000e-01  1.80000000e+00 
 5.70000000e-06  1.73547573e+00  5.70000000e-06  6.00000000e-01  1.80000000e+00 
 5.80000000e-06  1.73680410e+00  5.80000000e-06  6.00000000e-01  1.80000000e+00 
 5.90000000e-06  1.73811825e+00  5.90000000e-06  6.00000000e-01  1.80000000e+00 
 6.00000000e-06  1.73941862e+00  6.00000000e-06  6.00000000e-01  1.80000000e+00 
