 i-sweep         v(vout)         i(viin)         v(vgate)        v(vmid)        
-6.00000000e-06 -5.76712326e-01 -6.00000000e-06  3.00000000e-01  1.20000000e+00 
-5.90000000e-06 -5.73412335e-01 -5.90000000e-06  3.00000000e-01  1.20000000e+00 
-5.80000000e-06 -5.70082660e-01 -5.80000000e-06  3.00000000e-01  1.20000000e+00 
-5.70000000e-06 -5.66723171e-01 -5.70000000e-06  3.00000000e-01  1.20000000e+00 
-5.60000000e-06 -5.63333682e-01 -5.60000000e-06  3.00000000e-01  1.20000000e+00 
-5.50000000e-06 -5.59913943e-01 -5.50000000e-06  3.00000000e-01  1.20000000e+00 
-5.40000000e-06 -5.56463647e-01 -5.40000000e-06  3.00000000e-01  1.20000000e+00 
-5.30000000e-06 -5.52982425e-01 -5.30000000e-06  3.00000000e-01  1.20000000e+00 
-5.20000000e-06 -5.49469845e-01 -5.20000000e-06  3.00000000e-01  1.20000000e+00 
-5.10000000e-06 -5.45925415e-01 -5.10000000e-06  3.00000000e-01  1.20000000e+00 
-5.00000000e-06 -5.42348577e-01 -5.00000000e-06  3.00000000e-01  1.20000000e+00 
-4.90000000e-06 -5.38738710e-01 -4.90000000e-06  3.00000000e-01  1.20000000e+00 
-4.80000000e-06 -5.35095124e-01 -4.80000000e-06  3.00000000e-01  1.20000000e+00 
-4.70000000e-06 -5.31417062e-01 -4.70000000e-06  3.00000000e-01  1.20000000e+00 
-4.60000000e-06 -5.27703697e-01 -4.60000000e-06  3.00000000e-01  1.20000000e+00 
-4.50000000e-06 -5.23954126e-01 -4.50000000e-06  3.00000000e-01  1.20000000e+00 
-4.40000000e-06 -5.20167368e-01 -4.40000000e-06  3.00000000e-01  1.20000000e+00 
-4.30000000e-06 -5.16342364e-01 -4.30000000e-06  3.00000000e-01  1.20000000e+00 
-4.20000000e-06 -5.12477966e-01 -4.20000000e-06  3.00000000e-01  1.20000000e+00 
-4.10000000e-06 -5.08572935e-01 -4.10000000e-06  3.00000000e-01  1.20000000e+00 
-4.00000000e-06 -5.04625936e-01 -4.00000000e-06  3.00000000e-01  1.20000000e+00 
-3.90000000e-06 -5.00635529e-01 -3.90000000e-06  3.00000000e-01  1.20000000e+00 
-3.80000000e-06 -4.96600159e-01 -3.80000000e-06  3.00000000e-01  1.20000000e+00 
-3.70000000e-06 -4.92518150e-01 -3.70000000e-06  3.00000000e-01  1.20000000e+00 
-3.60000000e-06 -4.88387694e-01 -3.60000000e-06  3.00000000e-01  1.20000000e+00 
-3.50000000e-06 -4.84206833e-01 -3.50000000e-06  3.00000000e-01  1.20000000e+00 
-3.40000000e-06 -4.79973452e-01 -3.40000000e-06  3.00000000e-01  1.20000000e+00 
-3.30000000e-06 -4.75685256e-01 -3.30000000e-06  3.00000000e-01  1.20000000e+00 
-3.20000000e-06 -4.71339754e-01 -3.20000000e-06  3.00000000e-01  1.20000000e+00 
-3.10000000e-06 -4.66934233e-01 -3.10000000e-06  3.00000000e-01  1.20000000e+00 
-3.00000000e-06 -4.62465734e-01 -3.00000000e-06  3.00000000e-01  1.20000000e+00 
-2.90000000e-06 -4.57931020e-01 -2.90000000e-06  3.00000000e-01  1.20000000e+00 
-2.80000000e-06 -4.53326537e-01 -2.80000000e-06  3.00000000e-01  1.20000000e+00 
-2.70000000e-06 -4.48648375e-01 -2.70000000e-06  3.00000000e-01  1.20000000e+00 
-2.60000000e-06 -4.43892212e-01 -2.60000000e-06  3.00000000e-01  1.20000000e+00 
-2.50000000e-06 -4.39053253e-01 -2.50000000e-06  3.00000000e-01  1.20000000e+00 
-2.40000000e-06 -4.34126156e-01 -2.40000000e-06  3.00000000e-01  1.20000000e+00 
-2.30000000e-06 -4.29104944e-01 -2.30000000e-06  3.00000000e-01  1.20000000e+00 
-2.20000000e-06 -4.23982891e-01 -2.20000000e-06  3.00000000e-01  1.20000000e+00 
-2.10000000e-06 -4.18752391e-01 -2.10000000e-06  3.00000000e-01  1.20000000e+00 
-2.00000000e-06 -4.13404788e-01 -2.00000000e-06  3.00000000e-01  1.20000000e+00 
-1.90000000e-06 -4.07930167e-01 -1.90000000e-06  3.00000000e-01  1.20000000e+00 
-1.80000000e-06 -4.02317092e-01 -1.80000000e-06  3.00000000e-01  1.20000000e+00 
-1.70000000e-06 -3.96552259e-01 -1.70000000e-06  3.00000000e-01  1.20000000e+00 
-1.60000000e-06 -3.90620064e-01 -1.60000000e-06  3.00000000e-01  1.20000000e+00 
-1.50000000e-06 -3.84502020e-01 -1.50000000e-06  3.00000000e-01  1.20000000e+00 
-1.40000000e-06 -3.78175980e-01 -1.40000000e-06  3.00000000e-01  1.20000000e+00 
-1.30000000e-06 -3.71615084e-01 -1.30000000e-06  3.00000000e-01  1.20000000e+00 
-1.20000000e-06 -3.64786284e-01 -1.20000000e-06  3.00000000e-01  1.20000000e+00 
-1.10000000e-06 -3.57648250e-01 -1.10000000e-06  3.00000000e-01  1.20000000e+00 
-1.00000000e-06 -3.50148288e-01 -1.00000000e-06  3.00000000e-01  1.20000000e+00 
-9.00000000e-07 -3.42217669e-01 -9.00000000e-07  3.00000000e-01  1.20000000e+00 
-8.00000000e-07 -3.33764246e-01 -8.00000000e-07  3.00000000e-01  1.20000000e+00 
-7.00000000e-07 -3.24660231e-01 -7.00000000e-07  3.00000000e-01  1.20000000e+00 
-6.00000000e-07 -3.14720643e-01 -6.00000000e-07  3.00000000e-01  1.20000000e+00 
-5.00000000e-07 -3.03662339e-01 -5.00000000e-07  3.00000000e-01  1.20000000e+00 
-4.00000000e-07 -2.91016988e-01 -4.00000000e-07  3.00000000e-01  1.20000000e+00 
-3.00000000e-07 -2.75920227e-01 -3.00000000e-07  3.00000000e-01  1.20000000e+00 
-2.00000000e-07 -2.56460791e-01 -2.00000000e-07  3.00000000e-01  1.20000000e+00 
-1.00000000e-07 -2.26638866e-01 -1.00000000e-07  3.00000000e-01  1.20000000e+00 
-5.71747239e-21  6.65552635e-01 -5.71747239e-21  3.00000000e-01  1.20000000e+00 
 1.00000000e-07  1.07197897e+00  1.00000000e-07  3.00000000e-01  1.20000000e+00 
 2.00000000e-07  1.10437313e+00  2.00000000e-07  3.00000000e-01  1.20000000e+00 
 3.00000000e-07  1.12324951e+00  3.00000000e-07  3.00000000e-01  1.20000000e+00 
 4.00000000e-07  1.13669425e+00  4.00000000e-07  3.00000000e-01  1.20000000e+00 
 5.00000000e-07  1.14718309e+00  5.00000000e-07  3.00000000e-01  1.20000000e+00 
 6.00000000e-07  1.15583996e+00  6.00000000e-07  3.00000000e-01  1.20000000e+00 
 7.00000000e-07  1.16324093e+00  7.00000000e-07  3.00000000e-01  1.20000000e+00 
 8.00000000e-07  1.16972825e+00  8.00000000e-07  3.00000000e-01  1.20000000e+00 
 9.00000000e-07  1.17552120e+00  9.00000000e-07  3.00000000e-01  1.20000000e+00 
 1.00000000e-06  1.18076850e+00  1.00000000e-06  3.00000000e-01  1.20000000e+00 
 1.10000000e-06  1.18558720e+00  1.10000000e-06  3.00000000e-01  1.20000000e+00 
 1.20000000e-06  1.19002676e+00  1.20000000e-06  3.00000000e-01  1.20000000e+00 
 1.30000000e-06  1.19416414e+00  1.30000000e-06  3.00000000e-01  1.20000000e+00 
 1.40000000e-06  1.19804381e+00  1.40000000e-06  3.00000000e-01  1.20000000e+00 
 1.50000000e-06  1.20170107e+00  1.50000000e-06  3.00000000e-01  1.20000000e+00 
 1.60000000e-06  1.20516447e+00  1.60000000e-06  3.00000000e-01  1.20000000e+00 
 1.70000000e-06  1.20845733e+00  1.70000000e-06  3.00000000e-01  1.20000000e+00 
 1.80000000e-06  1.21159899e+00  1.80000000e-06  3.00000000e-01  1.20000000e+00 
 1.90000000e-06  1.21460564e+00  1.90000000e-06  3.00000000e-01  1.20000000e+00 
 2.00000000e-06  1.21749097e+00  2.00000000e-06  3.00000000e-01  1.20000000e+00 
 2.10000000e-06  1.22026666e+00  2.10000000e-06  3.00000000e-01  1.20000000e+00 
 2.20000000e-06  1.22294276e+00  2.20000000e-06  3.00000000e-01  1.20000000e+00 
 2.30000000e-06  1.22552796e+00  2.30000000e-06  3.00000000e-01  1.20000000e+00 
 2.40000000e-06  1.22802986e+00  2.40000000e-06  3.00000000e-01  1.20000000e+00 
 2.50000000e-06  1.23045509e+00  2.50000000e-06  3.00000000e-01  1.20000000e+00 
 2.60000000e-06  1.23280955e+00  2.60000000e-06  3.00000000e-01  1.20000000e+00 
 2.70000000e-06  1.23509843e+00  2.70000000e-06  3.00000000e-01  1.20000000e+00 
 2.80000000e-06  1.23732637e+00  2.80000000e-06  3.00000000e-01  1.20000000e+00 
 2.90000000e-06  1.23949752e+00  2.90000000e-06  3.00000000e-01  1.20000000e+00 
 3.00000000e-06  1.24161561e+00  3.00000000e-06  3.00000000e-01  1.20000000e+00 
 3.10000000e-06  1.24368400e+00  3.10000000e-06  3.00000000e-01  1.20000000e+00 
 3.20000000e-06  1.24570575e+00  3.20000000e-06  3.00000000e-01  1.20000000e+00 
 3.30000000e-06  1.24768360e+00  3.30000000e-06  3.00000000e-01  1.20000000e+00 
 3.40000000e-06  1.24962008e+00  3.40000000e-06  3.00000000e-01  1.20000000e+00 
 3.50000000e-06  1.25151749e+00  3.50000000e-06  3.00000000e-01  1.20000000e+00 
 3.60000000e-06  1.25337794e+00  3.60000000e-06  3.00000000e-01  1.20000000e+00 
 3.70000000e-06  1.25521104e+00  3.70000000e-06  3.00000000e-01  1.20000000e+00 
 3.80000000e-06  1.25700212e+00  3.80000000e-06  3.00000000e-01  1.20000000e+00 
 3.90000000e-06  1.25876177e+00  3.90000000e-06  3.00000000e-01  1.20000000e+00 
 4.00000000e-06  1.26049148e+00  4.00000000e-06  3.00000000e-01  1.20000000e+00 
 4.10000000e-06  1.26219264e+00  4.10000000e-06  3.00000000e-01  1.20000000e+00 
 4.20000000e-06  1.26386652e+00  4.20000000e-06  3.00000000e-01  1.20000000e+00 
 4.30000000e-06  1.26551435e+00  4.30000000e-06  3.00000000e-01  1.20000000e+00 
 4.40000000e-06  1.26713723e+00  4.40000000e-06  3.00000000e-01  1.20000000e+00 
 4.50000000e-06  1.26873622e+00  4.50000000e-06  3.00000000e-01  1.20000000e+00 
 4.60000000e-06  1.27031230e+00  4.60000000e-06  3.00000000e-01  1.20000000e+00 
 4.70000000e-06  1.27186639e+00  4.70000000e-06  3.00000000e-01  1.20000000e+00 
 4.80000000e-06  1.27339935e+00  4.80000000e-06  3.00000000e-01  1.20000000e+00 
 4.90000000e-06  1.27491199e+00  4.90000000e-06  3.00000000e-01  1.20000000e+00 
 5.00000000e-06  1.27640508e+00  5.00000000e-06  3.00000000e-01  1.20000000e+00 
 5.10000000e-06  1.27787933e+00  5.10000000e-06  3.00000000e-01  1.20000000e+00 
 5.20000000e-06  1.27933543e+00  5.20000000e-06  3.00000000e-01  1.20000000e+00 
 5.30000000e-06  1.28077402e+00  5.30000000e-06  3.00000000e-01  1.20000000e+00 
 5.40000000e-06  1.28219570e+00  5.40000000e-06  3.00000000e-01  1.20000000e+00 
 5.50000000e-06  1.28360104e+00  5.50000000e-06  3.00000000e-01  1.20000000e+00 
 5.60000000e-06  1.28499060e+00  5.60000000e-06  3.00000000e-01  1.20000000e+00 
 5.70000000e-06  1.28636488e+00  5.70000000e-06  3.00000000e-01  1.20000000e+00 
 5.80000000e-06  1.28772437e+00  5.80000000e-06  3.00000000e-01  1.20000000e+00 
 5.90000000e-06  1.28906954e+00  5.90000000e-06  3.00000000e-01  1.20000000e+00 
 6.00000000e-06  1.29040084e+00  6.00000000e-06  3.00000000e-01  1.20000000e+00 
