 i-sweep         v(vout)         i(viin)         v(vgate)        v(vmid)        
 0.00000000e+00  8.29273443e-01  0.00000000e+00  1.40000000e+00  1.00000000e+00 
 1.00000000e-07  1.02312585e+00  1.00000000e-07  1.40000000e+00  1.00000000e+00 
 2.00000000e-07  1.05483367e+00  2.00000000e-07  1.40000000e+00  1.00000000e+00 
 3.00000000e-07  1.07388025e+00  3.00000000e-07  1.40000000e+00  1.00000000e+00 
 4.00000000e-07  1.08716566e+00  4.00000000e-07  1.40000000e+00  1.00000000e+00 
 5.00000000e-07  1.09763997e+00  5.00000000e-07  1.40000000e+00  1.00000000e+00 
 6.00000000e-07  1.10707940e+00  6.00000000e-07  1.40000000e+00  1.00000000e+00 
 7.00000000e-07  1.11413647e+00  7.00000000e-07  1.40000000e+00  1.00000000e+00 
 8.00000000e-07  1.12054442e+00  8.00000000e-07  1.40000000e+00  1.00000000e+00 
 9.00000000e-07  1.12626410e+00  9.00000000e-07  1.40000000e+00  1.00000000e+00 
 1.00000000e-06  1.13146271e+00  1.00000000e-06  1.40000000e+00  1.00000000e+00 
 1.10000000e-06  1.13623469e+00  1.10000000e-06  1.40000000e+00  1.00000000e+00 
 1.20000000e-06  1.14065343e+00  1.20000000e-06  1.40000000e+00  1.00000000e+00 
 1.30000000e-06  1.14477460e+00  1.30000000e-06  1.40000000e+00  1.00000000e+00 
 1.40000000e-06  1.14864170e+00  1.40000000e-06  1.40000000e+00  1.00000000e+00 
 1.50000000e-06  1.15228929e+00  1.50000000e-06  1.40000000e+00  1.00000000e+00 
 1.60000000e-06  1.15574530e+00  1.60000000e-06  1.40000000e+00  1.00000000e+00 
 1.70000000e-06  1.15903259e+00  1.70000000e-06  1.40000000e+00  1.00000000e+00 
 1.80000000e-06  1.16217014e+00  1.80000000e-06  1.40000000e+00  1.00000000e+00 
 1.90000000e-06  1.16517385e+00  1.90000000e-06  1.40000000e+00  1.00000000e+00 
 2.00000000e-06  1.16805720e+00  2.00000000e-06  1.40000000e+00  1.00000000e+00 
 2.10000000e-06  1.17083168e+00  2.10000000e-06  1.40000000e+00  1.00000000e+00 
 2.20000000e-06  1.17350721e+00  2.20000000e-06  1.40000000e+00  1.00000000e+00 
 2.30000000e-06  1.17609236e+00  2.30000000e-06  1.40000000e+00  1.00000000e+00 
 2.40000000e-06  1.17859465e+00  2.40000000e-06  1.40000000e+00  1.00000000e+00 
 2.50000000e-06  1.18102066e+00  2.50000000e-06  1.40000000e+00  1.00000000e+00 
 2.60000000e-06  1.18337619e+00  2.60000000e-06  1.40000000e+00  1.00000000e+00 
 2.70000000e-06  1.18566641e+00  2.70000000e-06  1.40000000e+00  1.00000000e+00 
 2.80000000e-06  1.18789591e+00  2.80000000e-06  1.40000000e+00  1.00000000e+00 
 2.90000000e-06  1.19006881e+00  2.90000000e-06  1.40000000e+00  1.00000000e+00 
 3.00000000e-06  1.19218881e+00  3.00000000e-06  1.40000000e+00  1.00000000e+00 
 3.10000000e-06  1.19425926e+00  3.10000000e-06  1.40000000e+00  1.00000000e+00 
 3.20000000e-06  1.19628318e+00  3.20000000e-06  1.40000000e+00  1.00000000e+00 
 3.30000000e-06  1.19826331e+00  3.30000000e-06  1.40000000e+00  1.00000000e+00 
 3.40000000e-06  1.20020217e+00  3.40000000e-06  1.40000000e+00  1.00000000e+00 
 3.50000000e-06  1.20210203e+00  3.50000000e-06  1.40000000e+00  1.00000000e+00 
 3.60000000e-06  1.20396500e+00  3.60000000e-06  1.40000000e+00  1.00000000e+00 
 3.70000000e-06  1.20579300e+00  3.70000000e-06  1.40000000e+00  1.00000000e+00 
 3.80000000e-06  1.20758780e+00  3.80000000e-06  1.40000000e+00  1.00000000e+00 
 3.90000000e-06  1.20935105e+00  3.90000000e-06  1.40000000e+00  1.00000000e+00 
 4.00000000e-06  1.21108426e+00  4.00000000e-06  1.40000000e+00  1.00000000e+00 
 4.10000000e-06  1.21278884e+00  4.10000000e-06  1.40000000e+00  1.00000000e+00 
 4.20000000e-06  1.21446608e+00  4.20000000e-06  1.40000000e+00  1.00000000e+00 
 4.30000000e-06  1.21611720e+00  4.30000000e-06  1.40000000e+00  1.00000000e+00 
 4.40000000e-06  1.21774333e+00  4.40000000e-06  1.40000000e+00  1.00000000e+00 
 4.50000000e-06  1.21934553e+00  4.50000000e-06  1.40000000e+00  1.00000000e+00 
 4.60000000e-06  1.22092479e+00  4.60000000e-06  1.40000000e+00  1.00000000e+00 
 4.70000000e-06  1.22248203e+00  4.70000000e-06  1.40000000e+00  1.00000000e+00 
 4.80000000e-06  1.22401811e+00  4.80000000e-06  1.40000000e+00  1.00000000e+00 
 4.90000000e-06  1.22553386e+00  4.90000000e-06  1.40000000e+00  1.00000000e+00 
 5.00000000e-06  1.22703004e+00  5.00000000e-06  1.40000000e+00  1.00000000e+00 
 5.10000000e-06  1.22850737e+00  5.10000000e-06  1.40000000e+00  1.00000000e+00 
 5.20000000e-06  1.22996654e+00  5.20000000e-06  1.40000000e+00  1.00000000e+00 
 5.30000000e-06  1.23140818e+00  5.30000000e-06  1.40000000e+00  1.00000000e+00 
 5.40000000e-06  1.23283290e+00  5.40000000e-06  1.40000000e+00  1.00000000e+00 
 5.50000000e-06  1.23424128e+00  5.50000000e-06  1.40000000e+00  1.00000000e+00 
 5.60000000e-06  1.23563386e+00  5.60000000e-06  1.40000000e+00  1.00000000e+00 
 5.70000000e-06  1.23701116e+00  5.70000000e-06  1.40000000e+00  1.00000000e+00 
 5.80000000e-06  1.23837366e+00  5.80000000e-06  1.40000000e+00  1.00000000e+00 
 5.90000000e-06  1.23972184e+00  5.90000000e-06  1.40000000e+00  1.00000000e+00 
 6.00000000e-06  1.24105614e+00  6.00000000e-06  1.40000000e+00  1.00000000e+00 
 6.10000000e-06  1.24237697e+00  6.10000000e-06  1.40000000e+00  1.00000000e+00 
 6.20000000e-06  1.24368474e+00  6.20000000e-06  1.40000000e+00  1.00000000e+00 
 6.30000000e-06  1.24497983e+00  6.30000000e-06  1.40000000e+00  1.00000000e+00 
 6.40000000e-06  1.24626261e+00  6.40000000e-06  1.40000000e+00  1.00000000e+00 
 6.50000000e-06  1.24753342e+00  6.50000000e-06  1.40000000e+00  1.00000000e+00 
 6.60000000e-06  1.24879259e+00  6.60000000e-06  1.40000000e+00  1.00000000e+00 
 6.70000000e-06  1.25004045e+00  6.70000000e-06  1.40000000e+00  1.00000000e+00 
 6.80000000e-06  1.25127730e+00  6.80000000e-06  1.40000000e+00  1.00000000e+00 
 6.90000000e-06  1.25250344e+00  6.90000000e-06  1.40000000e+00  1.00000000e+00 
 7.00000000e-06  1.25371913e+00  7.00000000e-06  1.40000000e+00  1.00000000e+00 
 7.10000000e-06  1.25492465e+00  7.10000000e-06  1.40000000e+00  1.00000000e+00 
 7.20000000e-06  1.25612025e+00  7.20000000e-06  1.40000000e+00  1.00000000e+00 
 7.30000000e-06  1.25730619e+00  7.30000000e-06  1.40000000e+00  1.00000000e+00 
 7.40000000e-06  1.25848270e+00  7.40000000e-06  1.40000000e+00  1.00000000e+00 
 7.50000000e-06  1.25965000e+00  7.50000000e-06  1.40000000e+00  1.00000000e+00 
 7.60000000e-06  1.26080832e+00  7.60000000e-06  1.40000000e+00  1.00000000e+00 
 7.70000000e-06  1.26195787e+00  7.70000000e-06  1.40000000e+00  1.00000000e+00 
 7.80000000e-06  1.26309885e+00  7.80000000e-06  1.40000000e+00  1.00000000e+00 
 7.90000000e-06  1.26423145e+00  7.90000000e-06  1.40000000e+00  1.00000000e+00 
 8.00000000e-06  1.26535587e+00  8.00000000e-06  1.40000000e+00  1.00000000e+00 
 8.10000000e-06  1.26647228e+00  8.10000000e-06  1.40000000e+00  1.00000000e+00 
 8.20000000e-06  1.26758087e+00  8.20000000e-06  1.40000000e+00  1.00000000e+00 
 8.30000000e-06  1.26868179e+00  8.30000000e-06  1.40000000e+00  1.00000000e+00 
 8.40000000e-06  1.26977521e+00  8.40000000e-06  1.40000000e+00  1.00000000e+00 
 8.50000000e-06  1.27086130e+00  8.50000000e-06  1.40000000e+00  1.00000000e+00 
 8.60000000e-06  1.27194020e+00  8.60000000e-06  1.40000000e+00  1.00000000e+00 
 8.70000000e-06  1.27301206e+00  8.70000000e-06  1.40000000e+00  1.00000000e+00 
 8.80000000e-06  1.27407702e+00  8.80000000e-06  1.40000000e+00  1.00000000e+00 
 8.90000000e-06  1.27513522e+00  8.90000000e-06  1.40000000e+00  1.00000000e+00 
 9.00000000e-06  1.27618680e+00  9.00000000e-06  1.40000000e+00  1.00000000e+00 
 9.10000000e-06  1.27723188e+00  9.10000000e-06  1.40000000e+00  1.00000000e+00 
 9.20000000e-06  1.27827059e+00  9.20000000e-06  1.40000000e+00  1.00000000e+00 
 9.30000000e-06  1.27930304e+00  9.30000000e-06  1.40000000e+00  1.00000000e+00 
 9.40000000e-06  1.28032937e+00  9.40000000e-06  1.40000000e+00  1.00000000e+00 
 9.50000000e-06  1.28134967e+00  9.50000000e-06  1.40000000e+00  1.00000000e+00 
 9.60000000e-06  1.28236407e+00  9.60000000e-06  1.40000000e+00  1.00000000e+00 
 9.70000000e-06  1.28337266e+00  9.70000000e-06  1.40000000e+00  1.00000000e+00 
 9.80000000e-06  1.28437556e+00  9.80000000e-06  1.40000000e+00  1.00000000e+00 
 9.90000000e-06  1.28537286e+00  9.90000000e-06  1.40000000e+00  1.00000000e+00 
 1.00000000e-05  1.28636466e+00  1.00000000e-05  1.40000000e+00  1.00000000e+00 
 1.01000000e-05  1.28735106e+00  1.01000000e-05  1.40000000e+00  1.00000000e+00 
 1.02000000e-05  1.28833215e+00  1.02000000e-05  1.40000000e+00  1.00000000e+00 
 1.03000000e-05  1.28930802e+00  1.03000000e-05  1.40000000e+00  1.00000000e+00 
 1.04000000e-05  1.29027876e+00  1.04000000e-05  1.40000000e+00  1.00000000e+00 
 1.05000000e-05  1.29124445e+00  1.05000000e-05  1.40000000e+00  1.00000000e+00 
 1.06000000e-05  1.29220518e+00  1.06000000e-05  1.40000000e+00  1.00000000e+00 
 1.07000000e-05  1.29316102e+00  1.07000000e-05  1.40000000e+00  1.00000000e+00 
 1.08000000e-05  1.29411206e+00  1.08000000e-05  1.40000000e+00  1.00000000e+00 
 1.09000000e-05  1.29505837e+00  1.09000000e-05  1.40000000e+00  1.00000000e+00 
 1.10000000e-05  1.29600003e+00  1.10000000e-05  1.40000000e+00  1.00000000e+00 
 1.11000000e-05  1.29693711e+00  1.11000000e-05  1.40000000e+00  1.00000000e+00 
 1.12000000e-05  1.29786968e+00  1.12000000e-05  1.40000000e+00  1.00000000e+00 
 1.13000000e-05  1.29879780e+00  1.13000000e-05  1.40000000e+00  1.00000000e+00 
 1.14000000e-05  1.29972156e+00  1.14000000e-05  1.40000000e+00  1.00000000e+00 
 1.15000000e-05  1.30064100e+00  1.15000000e-05  1.40000000e+00  1.00000000e+00 
 1.16000000e-05  1.30155620e+00  1.16000000e-05  1.40000000e+00  1.00000000e+00 
 1.17000000e-05  1.30246722e+00  1.17000000e-05  1.40000000e+00  1.00000000e+00 
 1.18000000e-05  1.30337412e+00  1.18000000e-05  1.40000000e+00  1.00000000e+00 
 1.19000000e-05  1.30427696e+00  1.19000000e-05  1.40000000e+00  1.00000000e+00 
 1.20000000e-05  1.30517579e+00  1.20000000e-05  1.40000000e+00  1.00000000e+00 
 1.21000000e-05  1.30607068e+00  1.21000000e-05  1.40000000e+00  1.00000000e+00 
 1.22000000e-05  1.30696168e+00  1.22000000e-05  1.40000000e+00  1.00000000e+00 
 1.23000000e-05  1.30784884e+00  1.23000000e-05  1.40000000e+00  1.00000000e+00 
 1.24000000e-05  1.30873222e+00  1.24000000e-05  1.40000000e+00  1.00000000e+00 
 1.25000000e-05  1.30961187e+00  1.25000000e-05  1.40000000e+00  1.00000000e+00 
 1.26000000e-05  1.31048783e+00  1.26000000e-05  1.40000000e+00  1.00000000e+00 
 1.27000000e-05  1.31136016e+00  1.27000000e-05  1.40000000e+00  1.00000000e+00 
 1.28000000e-05  1.31222891e+00  1.28000000e-05  1.40000000e+00  1.00000000e+00 
 1.29000000e-05  1.31309412e+00  1.29000000e-05  1.40000000e+00  1.00000000e+00 
 1.30000000e-05  1.31395585e+00  1.30000000e-05  1.40000000e+00  1.00000000e+00 
 1.31000000e-05  1.31481412e+00  1.31000000e-05  1.40000000e+00  1.00000000e+00 
 1.32000000e-05  1.31566900e+00  1.32000000e-05  1.40000000e+00  1.00000000e+00 
 1.33000000e-05  1.31652052e+00  1.33000000e-05  1.40000000e+00  1.00000000e+00 
 1.34000000e-05  1.31736872e+00  1.34000000e-05  1.40000000e+00  1.00000000e+00 
 1.35000000e-05  1.31821366e+00  1.35000000e-05  1.40000000e+00  1.00000000e+00 
 1.36000000e-05  1.31905535e+00  1.36000000e-05  1.40000000e+00  1.00000000e+00 
 1.37000000e-05  1.31989386e+00  1.37000000e-05  1.40000000e+00  1.00000000e+00 
 1.38000000e-05  1.32072921e+00  1.38000000e-05  1.40000000e+00  1.00000000e+00 
 1.39000000e-05  1.32156145e+00  1.39000000e-05  1.40000000e+00  1.00000000e+00 
 1.40000000e-05  1.32239061e+00  1.40000000e-05  1.40000000e+00  1.00000000e+00 
 1.41000000e-05  1.32321673e+00  1.41000000e-05  1.40000000e+00  1.00000000e+00 
 1.42000000e-05  1.32403984e+00  1.42000000e-05  1.40000000e+00  1.00000000e+00 
 1.43000000e-05  1.32485998e+00  1.43000000e-05  1.40000000e+00  1.00000000e+00 
 1.44000000e-05  1.32567719e+00  1.44000000e-05  1.40000000e+00  1.00000000e+00 
 1.45000000e-05  1.32649150e+00  1.45000000e-05  1.40000000e+00  1.00000000e+00 
 1.46000000e-05  1.32730294e+00  1.46000000e-05  1.40000000e+00  1.00000000e+00 
 1.47000000e-05  1.32811154e+00  1.47000000e-05  1.40000000e+00  1.00000000e+00 
 1.48000000e-05  1.32891734e+00  1.48000000e-05  1.40000000e+00  1.00000000e+00 
 1.49000000e-05  1.32972037e+00  1.49000000e-05  1.40000000e+00  1.00000000e+00 
 1.50000000e-05  1.33052066e+00  1.50000000e-05  1.40000000e+00  1.00000000e+00 
 1.51000000e-05  1.33131823e+00  1.51000000e-05  1.40000000e+00  1.00000000e+00 
 1.52000000e-05  1.33211313e+00  1.52000000e-05  1.40000000e+00  1.00000000e+00 
 1.53000000e-05  1.33290538e+00  1.53000000e-05  1.40000000e+00  1.00000000e+00 
 1.54000000e-05  1.33369500e+00  1.54000000e-05  1.40000000e+00  1.00000000e+00 
 1.55000000e-05  1.33448202e+00  1.55000000e-05  1.40000000e+00  1.00000000e+00 
 1.56000000e-05  1.33526649e+00  1.56000000e-05  1.40000000e+00  1.00000000e+00 
 1.57000000e-05  1.33604841e+00  1.57000000e-05  1.40000000e+00  1.00000000e+00 
 1.58000000e-05  1.33682781e+00  1.58000000e-05  1.40000000e+00  1.00000000e+00 
 1.59000000e-05  1.33760473e+00  1.59000000e-05  1.40000000e+00  1.00000000e+00 
 1.60000000e-05  1.33837919e+00  1.60000000e-05  1.40000000e+00  1.00000000e+00 
 1.61000000e-05  1.33915122e+00  1.61000000e-05  1.40000000e+00  1.00000000e+00 
 1.62000000e-05  1.33992083e+00  1.62000000e-05  1.40000000e+00  1.00000000e+00 
 1.63000000e-05  1.34068805e+00  1.63000000e-05  1.40000000e+00  1.00000000e+00 
 1.64000000e-05  1.34145292e+00  1.64000000e-05  1.40000000e+00  1.00000000e+00 
 1.65000000e-05  1.34221544e+00  1.65000000e-05  1.40000000e+00  1.00000000e+00 
 1.66000000e-05  1.34297565e+00  1.66000000e-05  1.40000000e+00  1.00000000e+00 
 1.67000000e-05  1.34373357e+00  1.67000000e-05  1.40000000e+00  1.00000000e+00 
 1.68000000e-05  1.34448921e+00  1.68000000e-05  1.40000000e+00  1.00000000e+00 
 1.69000000e-05  1.34524261e+00  1.69000000e-05  1.40000000e+00  1.00000000e+00 
 1.70000000e-05  1.34599378e+00  1.70000000e-05  1.40000000e+00  1.00000000e+00 
 1.71000000e-05  1.34674275e+00  1.71000000e-05  1.40000000e+00  1.00000000e+00 
 1.72000000e-05  1.34748953e+00  1.72000000e-05  1.40000000e+00  1.00000000e+00 
 1.73000000e-05  1.34823416e+00  1.73000000e-05  1.40000000e+00  1.00000000e+00 
 1.74000000e-05  1.34897663e+00  1.74000000e-05  1.40000000e+00  1.00000000e+00 
 1.75000000e-05  1.34971699e+00  1.75000000e-05  1.40000000e+00  1.00000000e+00 
 1.76000000e-05  1.35045524e+00  1.76000000e-05  1.40000000e+00  1.00000000e+00 
 1.77000000e-05  1.35119141e+00  1.77000000e-05  1.40000000e+00  1.00000000e+00 
 1.78000000e-05  1.35192551e+00  1.78000000e-05  1.40000000e+00  1.00000000e+00 
 1.79000000e-05  1.35265757e+00  1.79000000e-05  1.40000000e+00  1.00000000e+00 
 1.80000000e-05  1.35338761e+00  1.80000000e-05  1.40000000e+00  1.00000000e+00 
 1.81000000e-05  1.35411563e+00  1.81000000e-05  1.40000000e+00  1.00000000e+00 
 1.82000000e-05  1.35484167e+00  1.82000000e-05  1.40000000e+00  1.00000000e+00 
 1.83000000e-05  1.35556573e+00  1.83000000e-05  1.40000000e+00  1.00000000e+00 
 1.84000000e-05  1.35628783e+00  1.84000000e-05  1.40000000e+00  1.00000000e+00 
 1.85000000e-05  1.35700800e+00  1.85000000e-05  1.40000000e+00  1.00000000e+00 
 1.86000000e-05  1.35772625e+00  1.86000000e-05  1.40000000e+00  1.00000000e+00 
 1.87000000e-05  1.35844259e+00  1.87000000e-05  1.40000000e+00  1.00000000e+00 
 1.88000000e-05  1.35915705e+00  1.88000000e-05  1.40000000e+00  1.00000000e+00 
 1.89000000e-05  1.35986963e+00  1.89000000e-05  1.40000000e+00  1.00000000e+00 
 1.90000000e-05  1.36058036e+00  1.90000000e-05  1.40000000e+00  1.00000000e+00 
 1.91000000e-05  1.36128925e+00  1.91000000e-05  1.40000000e+00  1.00000000e+00 
 1.92000000e-05  1.36199631e+00  1.92000000e-05  1.40000000e+00  1.00000000e+00 
 1.93000000e-05  1.36270157e+00  1.93000000e-05  1.40000000e+00  1.00000000e+00 
 1.94000000e-05  1.36340503e+00  1.94000000e-05  1.40000000e+00  1.00000000e+00 
 1.95000000e-05  1.36410672e+00  1.95000000e-05  1.40000000e+00  1.00000000e+00 
 1.96000000e-05  1.36480663e+00  1.96000000e-05  1.40000000e+00  1.00000000e+00 
 1.97000000e-05  1.36550480e+00  1.97000000e-05  1.40000000e+00  1.00000000e+00 
 1.98000000e-05  1.36620124e+00  1.98000000e-05  1.40000000e+00  1.00000000e+00 
 1.99000000e-05  1.36689595e+00  1.99000000e-05  1.40000000e+00  1.00000000e+00 
 2.00000000e-05  1.36758896e+00  2.00000000e-05  1.40000000e+00  1.00000000e+00 
 2.01000000e-05  1.36828027e+00  2.01000000e-05  1.40000000e+00  1.00000000e+00 
 2.02000000e-05  1.36896990e+00  2.02000000e-05  1.40000000e+00  1.00000000e+00 
 2.03000000e-05  1.36965787e+00  2.03000000e-05  1.40000000e+00  1.00000000e+00 
 2.04000000e-05  1.37034418e+00  2.04000000e-05  1.40000000e+00  1.00000000e+00 
 2.05000000e-05  1.37102885e+00  2.05000000e-05  1.40000000e+00  1.00000000e+00 
 2.06000000e-05  1.37171189e+00  2.06000000e-05  1.40000000e+00  1.00000000e+00 
 2.07000000e-05  1.37239332e+00  2.07000000e-05  1.40000000e+00  1.00000000e+00 
 2.08000000e-05  1.37307315e+00  2.08000000e-05  1.40000000e+00  1.00000000e+00 
 2.09000000e-05  1.37375138e+00  2.09000000e-05  1.40000000e+00  1.00000000e+00 
 2.10000000e-05  1.37442804e+00  2.10000000e-05  1.40000000e+00  1.00000000e+00 
 2.11000000e-05  1.37510313e+00  2.11000000e-05  1.40000000e+00  1.00000000e+00 
 2.12000000e-05  1.37577667e+00  2.12000000e-05  1.40000000e+00  1.00000000e+00 
 2.13000000e-05  1.37644867e+00  2.13000000e-05  1.40000000e+00  1.00000000e+00 
 2.14000000e-05  1.37711913e+00  2.14000000e-05  1.40000000e+00  1.00000000e+00 
 2.15000000e-05  1.37778808e+00  2.15000000e-05  1.40000000e+00  1.00000000e+00 
 2.16000000e-05  1.37845551e+00  2.16000000e-05  1.40000000e+00  1.00000000e+00 
 2.17000000e-05  1.37912145e+00  2.17000000e-05  1.40000000e+00  1.00000000e+00 
 2.18000000e-05  1.37978591e+00  2.18000000e-05  1.40000000e+00  1.00000000e+00 
 2.19000000e-05  1.38044888e+00  2.19000000e-05  1.40000000e+00  1.00000000e+00 
 2.20000000e-05  1.38111040e+00  2.20000000e-05  1.40000000e+00  1.00000000e+00 
 2.21000000e-05  1.38177046e+00  2.21000000e-05  1.40000000e+00  1.00000000e+00 
 2.22000000e-05  1.38242907e+00  2.22000000e-05  1.40000000e+00  1.00000000e+00 
 2.23000000e-05  1.38308626e+00  2.23000000e-05  1.40000000e+00  1.00000000e+00 
 2.24000000e-05  1.38374202e+00  2.24000000e-05  1.40000000e+00  1.00000000e+00 
 2.25000000e-05  1.38439636e+00  2.25000000e-05  1.40000000e+00  1.00000000e+00 
 2.26000000e-05  1.38504931e+00  2.26000000e-05  1.40000000e+00  1.00000000e+00 
 2.27000000e-05  1.38570086e+00  2.27000000e-05  1.40000000e+00  1.00000000e+00 
 2.28000000e-05  1.38635103e+00  2.28000000e-05  1.40000000e+00  1.00000000e+00 
 2.29000000e-05  1.38699982e+00  2.29000000e-05  1.40000000e+00  1.00000000e+00 
 2.30000000e-05  1.38764725e+00  2.30000000e-05  1.40000000e+00  1.00000000e+00 
 2.31000000e-05  1.38829333e+00  2.31000000e-05  1.40000000e+00  1.00000000e+00 
 2.32000000e-05  1.38893806e+00  2.32000000e-05  1.40000000e+00  1.00000000e+00 
 2.33000000e-05  1.38958146e+00  2.33000000e-05  1.40000000e+00  1.00000000e+00 
 2.34000000e-05  1.39022352e+00  2.34000000e-05  1.40000000e+00  1.00000000e+00 
 2.35000000e-05  1.39086427e+00  2.35000000e-05  1.40000000e+00  1.00000000e+00 
 2.36000000e-05  1.39150371e+00  2.36000000e-05  1.40000000e+00  1.00000000e+00 
 2.37000000e-05  1.39214185e+00  2.37000000e-05  1.40000000e+00  1.00000000e+00 
 2.38000000e-05  1.39277870e+00  2.38000000e-05  1.40000000e+00  1.00000000e+00 
 2.39000000e-05  1.39341426e+00  2.39000000e-05  1.40000000e+00  1.00000000e+00 
 2.40000000e-05  1.39404855e+00  2.40000000e-05  1.40000000e+00  1.00000000e+00 
 2.41000000e-05  1.39468157e+00  2.41000000e-05  1.40000000e+00  1.00000000e+00 
 2.42000000e-05  1.39531334e+00  2.42000000e-05  1.40000000e+00  1.00000000e+00 
 2.43000000e-05  1.39594385e+00  2.43000000e-05  1.40000000e+00  1.00000000e+00 
 2.44000000e-05  1.39657313e+00  2.44000000e-05  1.40000000e+00  1.00000000e+00 
 2.45000000e-05  1.39720116e+00  2.45000000e-05  1.40000000e+00  1.00000000e+00 
 2.46000000e-05  1.39782798e+00  2.46000000e-05  1.40000000e+00  1.00000000e+00 
 2.47000000e-05  1.39845357e+00  2.47000000e-05  1.40000000e+00  1.00000000e+00 
 2.48000000e-05  1.39907796e+00  2.48000000e-05  1.40000000e+00  1.00000000e+00 
 2.49000000e-05  1.39970114e+00  2.49000000e-05  1.40000000e+00  1.00000000e+00 
 2.50000000e-05  1.40032313e+00  2.50000000e-05  1.40000000e+00  1.00000000e+00 
 2.51000000e-05  1.40094393e+00  2.51000000e-05  1.40000000e+00  1.00000000e+00 
 2.52000000e-05  1.40156355e+00  2.52000000e-05  1.40000000e+00  1.00000000e+00 
 2.53000000e-05  1.40218199e+00  2.53000000e-05  1.40000000e+00  1.00000000e+00 
 2.54000000e-05  1.40279927e+00  2.54000000e-05  1.40000000e+00  1.00000000e+00 
 2.55000000e-05  1.40341540e+00  2.55000000e-05  1.40000000e+00  1.00000000e+00 
 2.56000000e-05  1.40403037e+00  2.56000000e-05  1.40000000e+00  1.00000000e+00 
 2.57000000e-05  1.40464420e+00  2.57000000e-05  1.40000000e+00  1.00000000e+00 
 2.58000000e-05  1.40525689e+00  2.58000000e-05  1.40000000e+00  1.00000000e+00 
 2.59000000e-05  1.40586845e+00  2.59000000e-05  1.40000000e+00  1.00000000e+00 
 2.60000000e-05  1.40647889e+00  2.60000000e-05  1.40000000e+00  1.00000000e+00 
 2.61000000e-05  1.40708821e+00  2.61000000e-05  1.40000000e+00  1.00000000e+00 
 2.62000000e-05  1.40769642e+00  2.62000000e-05  1.40000000e+00  1.00000000e+00 
 2.63000000e-05  1.40830353e+00  2.63000000e-05  1.40000000e+00  1.00000000e+00 
 2.64000000e-05  1.40890954e+00  2.64000000e-05  1.40000000e+00  1.00000000e+00 
 2.65000000e-05  1.40951446e+00  2.65000000e-05  1.40000000e+00  1.00000000e+00 
 2.66000000e-05  1.41011830e+00  2.66000000e-05  1.40000000e+00  1.00000000e+00 
 2.67000000e-05  1.41072106e+00  2.67000000e-05  1.40000000e+00  1.00000000e+00 
 2.68000000e-05  1.41132275e+00  2.68000000e-05  1.40000000e+00  1.00000000e+00 
 2.69000000e-05  1.41192337e+00  2.69000000e-05  1.40000000e+00  1.00000000e+00 
 2.70000000e-05  1.41252294e+00  2.70000000e-05  1.40000000e+00  1.00000000e+00 
 2.71000000e-05  1.41312145e+00  2.71000000e-05  1.40000000e+00  1.00000000e+00 
 2.72000000e-05  1.41371892e+00  2.72000000e-05  1.40000000e+00  1.00000000e+00 
 2.73000000e-05  1.41431535e+00  2.73000000e-05  1.40000000e+00  1.00000000e+00 
 2.74000000e-05  1.41491074e+00  2.74000000e-05  1.40000000e+00  1.00000000e+00 
 2.75000000e-05  1.41550510e+00  2.75000000e-05  1.40000000e+00  1.00000000e+00 
 2.76000000e-05  1.41609844e+00  2.76000000e-05  1.40000000e+00  1.00000000e+00 
 2.77000000e-05  1.41669077e+00  2.77000000e-05  1.40000000e+00  1.00000000e+00 
 2.78000000e-05  1.41728208e+00  2.78000000e-05  1.40000000e+00  1.00000000e+00 
 2.79000000e-05  1.41787239e+00  2.79000000e-05  1.40000000e+00  1.00000000e+00 
 2.80000000e-05  1.41846170e+00  2.80000000e-05  1.40000000e+00  1.00000000e+00 
 2.81000000e-05  1.41905001e+00  2.81000000e-05  1.40000000e+00  1.00000000e+00 
 2.82000000e-05  1.41963733e+00  2.82000000e-05  1.40000000e+00  1.00000000e+00 
 2.83000000e-05  1.42022368e+00  2.83000000e-05  1.40000000e+00  1.00000000e+00 
 2.84000000e-05  1.42080904e+00  2.84000000e-05  1.40000000e+00  1.00000000e+00 
 2.85000000e-05  1.42139343e+00  2.85000000e-05  1.40000000e+00  1.00000000e+00 
 2.86000000e-05  1.42197685e+00  2.86000000e-05  1.40000000e+00  1.00000000e+00 
 2.87000000e-05  1.42255931e+00  2.87000000e-05  1.40000000e+00  1.00000000e+00 
 2.88000000e-05  1.42314082e+00  2.88000000e-05  1.40000000e+00  1.00000000e+00 
 2.89000000e-05  1.42372137e+00  2.89000000e-05  1.40000000e+00  1.00000000e+00 
 2.90000000e-05  1.42430098e+00  2.90000000e-05  1.40000000e+00  1.00000000e+00 
 2.91000000e-05  1.42487964e+00  2.91000000e-05  1.40000000e+00  1.00000000e+00 
 2.92000000e-05  1.42545737e+00  2.92000000e-05  1.40000000e+00  1.00000000e+00 
 2.93000000e-05  1.42603416e+00  2.93000000e-05  1.40000000e+00  1.00000000e+00 
 2.94000000e-05  1.42661003e+00  2.94000000e-05  1.40000000e+00  1.00000000e+00 
 2.95000000e-05  1.42718498e+00  2.95000000e-05  1.40000000e+00  1.00000000e+00 
 2.96000000e-05  1.42775901e+00  2.96000000e-05  1.40000000e+00  1.00000000e+00 
 2.97000000e-05  1.42833213e+00  2.97000000e-05  1.40000000e+00  1.00000000e+00 
 2.98000000e-05  1.42890435e+00  2.98000000e-05  1.40000000e+00  1.00000000e+00 
 2.99000000e-05  1.42947565e+00  2.99000000e-05  1.40000000e+00  1.00000000e+00 
 3.00000000e-05  1.43004607e+00  3.00000000e-05  1.40000000e+00  1.00000000e+00 
