 i-sweep         v(vout)         i(viin)         v(vgate)        v(vmid)        
 0.00000000e+00  8.43832436e-01  0.00000000e+00  4.00000000e-01  1.50000000e+00 
 1.00000000e-07  1.28354426e+00  1.00000000e-07  4.00000000e-01  1.50000000e+00 
 2.00000000e-07  1.31585204e+00  2.00000000e-07  4.00000000e-01  1.50000000e+00 
 3.00000000e-07  1.33468187e+00  3.00000000e-07  4.00000000e-01  1.50000000e+00 
 4.00000000e-07  1.34809737e+00  4.00000000e-07  4.00000000e-01  1.50000000e+00 
 5.00000000e-07  1.35855290e+00  5.00000000e-07  4.00000000e-01  1.50000000e+00 
 6.00000000e-07  1.36718210e+00  6.00000000e-07  4.00000000e-01  1.50000000e+00 
 7.00000000e-07  1.37455800e+00  7.00000000e-07  4.00000000e-01  1.50000000e+00 
 8.00000000e-07  1.38102179e+00  8.00000000e-07  4.00000000e-01  1.50000000e+00 
 9.00000000e-07  1.38679229e+00  9.00000000e-07  4.00000000e-01  1.50000000e+00 
 1.00000000e-06  1.39201797e+00  1.00000000e-06  4.00000000e-01  1.50000000e+00 
 1.10000000e-06  1.39680413e+00  1.10000000e-06  4.00000000e-01  1.50000000e+00 
 1.20000000e-06  1.40124116e+00  1.20000000e-06  4.00000000e-01  1.50000000e+00 
 1.30000000e-06  1.40535667e+00  1.30000000e-06  4.00000000e-01  1.50000000e+00 
 1.40000000e-06  1.40921555e+00  1.40000000e-06  4.00000000e-01  1.50000000e+00 
 1.50000000e-06  1.41285284e+00  1.50000000e-06  4.00000000e-01  1.50000000e+00 
 1.60000000e-06  1.41629688e+00  1.60000000e-06  4.00000000e-01  1.50000000e+00 
 1.70000000e-06  1.41957089e+00  1.70000000e-06  4.00000000e-01  1.50000000e+00 
 1.80000000e-06  1.42269409e+00  1.80000000e-06  4.00000000e-01  1.50000000e+00 
 1.90000000e-06  1.42568263e+00  1.90000000e-06  4.00000000e-01  1.50000000e+00 
 2.00000000e-06  1.42855014e+00  2.00000000e-06  4.00000000e-01  1.50000000e+00 
 2.10000000e-06  1.43130827e+00  2.10000000e-06  4.00000000e-01  1.50000000e+00 
 2.20000000e-06  1.43396703e+00  2.20000000e-06  4.00000000e-01  1.50000000e+00 
 2.30000000e-06  1.43653510e+00  2.30000000e-06  4.00000000e-01  1.50000000e+00 
 2.40000000e-06  1.43902004e+00  2.40000000e-06  4.00000000e-01  1.50000000e+00 
 2.50000000e-06  1.44142851e+00  2.50000000e-06  4.00000000e-01  1.50000000e+00 
 2.60000000e-06  1.44376636e+00  2.60000000e-06  4.00000000e-01  1.50000000e+00 
 2.70000000e-06  1.44603878e+00  2.70000000e-06  4.00000000e-01  1.50000000e+00 
 2.80000000e-06  1.44825040e+00  2.80000000e-06  4.00000000e-01  1.50000000e+00 
 2.90000000e-06  1.45040537e+00  2.90000000e-06  4.00000000e-01  1.50000000e+00 
 3.00000000e-06  1.45250740e+00  3.00000000e-06  4.00000000e-01  1.50000000e+00 
 3.10000000e-06  1.45455986e+00  3.10000000e-06  4.00000000e-01  1.50000000e+00 
 3.20000000e-06  1.45656578e+00  3.20000000e-06  4.00000000e-01  1.50000000e+00 
 3.30000000e-06  1.45852792e+00  3.30000000e-06  4.00000000e-01  1.50000000e+00 
 3.40000000e-06  1.46044879e+00  3.40000000e-06  4.00000000e-01  1.50000000e+00 
 3.50000000e-06  1.46233069e+00  3.50000000e-06  4.00000000e-01  1.50000000e+00 
 3.60000000e-06  1.46417573e+00  3.60000000e-06  4.00000000e-01  1.50000000e+00 
 3.70000000e-06  1.46598583e+00  3.70000000e-06  4.00000000e-01  1.50000000e+00 
 3.80000000e-06  1.46776277e+00  3.80000000e-06  4.00000000e-01  1.50000000e+00 
 3.90000000e-06  1.46950819e+00  3.90000000e-06  4.00000000e-01  1.50000000e+00 
 4.00000000e-06  1.47122362e+00  4.00000000e-06  4.00000000e-01  1.50000000e+00 
 4.10000000e-06  1.47291045e+00  4.10000000e-06  4.00000000e-01  1.50000000e+00 
 4.20000000e-06  1.47457000e+00  4.20000000e-06  4.00000000e-01  1.50000000e+00 
 4.30000000e-06  1.47620347e+00  4.30000000e-06  4.00000000e-01  1.50000000e+00 
 4.40000000e-06  1.47781201e+00  4.40000000e-06  4.00000000e-01  1.50000000e+00 
 4.50000000e-06  1.47939666e+00  4.50000000e-06  4.00000000e-01  1.50000000e+00 
 4.60000000e-06  1.48095842e+00  4.60000000e-06  4.00000000e-01  1.50000000e+00 
 4.70000000e-06  1.48250821e+00  4.70000000e-06  4.00000000e-01  1.50000000e+00 
 4.80000000e-06  1.48402601e+00  4.80000000e-06  4.00000000e-01  1.50000000e+00 
 4.90000000e-06  1.48552361e+00  4.90000000e-06  4.00000000e-01  1.50000000e+00 
 5.00000000e-06  1.48700177e+00  5.00000000e-06  4.00000000e-01  1.50000000e+00 
 5.10000000e-06  1.48846121e+00  5.10000000e-06  4.00000000e-01  1.50000000e+00 
 5.20000000e-06  1.48990259e+00  5.20000000e-06  4.00000000e-01  1.50000000e+00 
 5.30000000e-06  1.49132655e+00  5.30000000e-06  4.00000000e-01  1.50000000e+00 
 5.40000000e-06  1.49273370e+00  5.40000000e-06  4.00000000e-01  1.50000000e+00 
 5.50000000e-06  1.49412459e+00  5.50000000e-06  4.00000000e-01  1.50000000e+00 
 5.60000000e-06  1.49549978e+00  5.60000000e-06  4.00000000e-01  1.50000000e+00 
 5.70000000e-06  1.49685977e+00  5.70000000e-06  4.00000000e-01  1.50000000e+00 
 5.80000000e-06  1.49820505e+00  5.80000000e-06  4.00000000e-01  1.50000000e+00 
 5.90000000e-06  1.49953608e+00  5.90000000e-06  4.00000000e-01  1.50000000e+00 
 6.00000000e-06  1.50085329e+00  6.00000000e-06  4.00000000e-01  1.50000000e+00 
 6.10000000e-06  1.50215711e+00  6.10000000e-06  4.00000000e-01  1.50000000e+00 
 6.20000000e-06  1.50344794e+00  6.20000000e-06  4.00000000e-01  1.50000000e+00 
 6.30000000e-06  1.50472615e+00  6.30000000e-06  4.00000000e-01  1.50000000e+00 
 6.40000000e-06  1.50599211e+00  6.40000000e-06  4.00000000e-01  1.50000000e+00 
 6.50000000e-06  1.50724616e+00  6.50000000e-06  4.00000000e-01  1.50000000e+00 
 6.60000000e-06  1.50848864e+00  6.60000000e-06  4.00000000e-01  1.50000000e+00 
 6.70000000e-06  1.50971986e+00  6.70000000e-06  4.00000000e-01  1.50000000e+00 
 6.80000000e-06  1.51094012e+00  6.80000000e-06  4.00000000e-01  1.50000000e+00 
 6.90000000e-06  1.51214971e+00  6.90000000e-06  4.00000000e-01  1.50000000e+00 
 7.00000000e-06  1.51334892e+00  7.00000000e-06  4.00000000e-01  1.50000000e+00 
 7.10000000e-06  1.51453801e+00  7.10000000e-06  4.00000000e-01  1.50000000e+00 
 7.20000000e-06  1.51571723e+00  7.20000000e-06  4.00000000e-01  1.50000000e+00 
 7.30000000e-06  1.51688683e+00  7.30000000e-06  4.00000000e-01  1.50000000e+00 
 7.40000000e-06  1.51804704e+00  7.40000000e-06  4.00000000e-01  1.50000000e+00 
 7.50000000e-06  1.51919810e+00  7.50000000e-06  4.00000000e-01  1.50000000e+00 
 7.60000000e-06  1.52034022e+00  7.60000000e-06  4.00000000e-01  1.50000000e+00 
 7.70000000e-06  1.52147361e+00  7.70000000e-06  4.00000000e-01  1.50000000e+00 
 7.80000000e-06  1.52259847e+00  7.80000000e-06  4.00000000e-01  1.50000000e+00 
 7.90000000e-06  1.52371500e+00  7.90000000e-06  4.00000000e-01  1.50000000e+00 
 8.00000000e-06  1.52482338e+00  8.00000000e-06  4.00000000e-01  1.50000000e+00 
 8.10000000e-06  1.52592380e+00  8.10000000e-06  4.00000000e-01  1.50000000e+00 
 8.20000000e-06  1.52701643e+00  8.20000000e-06  4.00000000e-01  1.50000000e+00 
 8.30000000e-06  1.52810144e+00  8.30000000e-06  4.00000000e-01  1.50000000e+00 
 8.40000000e-06  1.52917899e+00  8.40000000e-06  4.00000000e-01  1.50000000e+00 
 8.50000000e-06  1.53024923e+00  8.50000000e-06  4.00000000e-01  1.50000000e+00 
 8.60000000e-06  1.53131233e+00  8.60000000e-06  4.00000000e-01  1.50000000e+00 
 8.70000000e-06  1.53236842e+00  8.70000000e-06  4.00000000e-01  1.50000000e+00 
 8.80000000e-06  1.53341765e+00  8.80000000e-06  4.00000000e-01  1.50000000e+00 
 8.90000000e-06  1.53446016e+00  8.90000000e-06  4.00000000e-01  1.50000000e+00 
 9.00000000e-06  1.53549607e+00  9.00000000e-06  4.00000000e-01  1.50000000e+00 
 9.10000000e-06  1.53652552e+00  9.10000000e-06  4.00000000e-01  1.50000000e+00 
 9.20000000e-06  1.53754863e+00  9.20000000e-06  4.00000000e-01  1.50000000e+00 
 9.30000000e-06  1.53856553e+00  9.30000000e-06  4.00000000e-01  1.50000000e+00 
 9.40000000e-06  1.53957632e+00  9.40000000e-06  4.00000000e-01  1.50000000e+00 
 9.50000000e-06  1.54058113e+00  9.50000000e-06  4.00000000e-01  1.50000000e+00 
 9.60000000e-06  1.54158006e+00  9.60000000e-06  4.00000000e-01  1.50000000e+00 
 9.70000000e-06  1.54257322e+00  9.70000000e-06  4.00000000e-01  1.50000000e+00 
 9.80000000e-06  1.54356072e+00  9.80000000e-06  4.00000000e-01  1.50000000e+00 
 9.90000000e-06  1.54454264e+00  9.90000000e-06  4.00000000e-01  1.50000000e+00 
 1.00000000e-05  1.54551911e+00  1.00000000e-05  4.00000000e-01  1.50000000e+00 
 1.01000000e-05  1.54649019e+00  1.01000000e-05  4.00000000e-01  1.50000000e+00 
 1.02000000e-05  1.54745600e+00  1.02000000e-05  4.00000000e-01  1.50000000e+00 
 1.03000000e-05  1.54841662e+00  1.03000000e-05  4.00000000e-01  1.50000000e+00 
 1.04000000e-05  1.54937213e+00  1.04000000e-05  4.00000000e-01  1.50000000e+00 
 1.05000000e-05  1.55032262e+00  1.05000000e-05  4.00000000e-01  1.50000000e+00 
 1.06000000e-05  1.55126818e+00  1.06000000e-05  4.00000000e-01  1.50000000e+00 
 1.07000000e-05  1.55220889e+00  1.07000000e-05  4.00000000e-01  1.50000000e+00 
 1.08000000e-05  1.55314481e+00  1.08000000e-05  4.00000000e-01  1.50000000e+00 
 1.09000000e-05  1.55407604e+00  1.09000000e-05  4.00000000e-01  1.50000000e+00 
 1.10000000e-05  1.55500264e+00  1.10000000e-05  4.00000000e-01  1.50000000e+00 
 1.11000000e-05  1.55592468e+00  1.11000000e-05  4.00000000e-01  1.50000000e+00 
 1.12000000e-05  1.55684224e+00  1.12000000e-05  4.00000000e-01  1.50000000e+00 
 1.13000000e-05  1.55775539e+00  1.13000000e-05  4.00000000e-01  1.50000000e+00 
 1.14000000e-05  1.55866419e+00  1.14000000e-05  4.00000000e-01  1.50000000e+00 
 1.15000000e-05  1.55956870e+00  1.15000000e-05  4.00000000e-01  1.50000000e+00 
 1.16000000e-05  1.56046900e+00  1.16000000e-05  4.00000000e-01  1.50000000e+00 
 1.17000000e-05  1.56136514e+00  1.17000000e-05  4.00000000e-01  1.50000000e+00 
 1.18000000e-05  1.56225718e+00  1.18000000e-05  4.00000000e-01  1.50000000e+00 
 1.19000000e-05  1.56314519e+00  1.19000000e-05  4.00000000e-01  1.50000000e+00 
 1.20000000e-05  1.56402922e+00  1.20000000e-05  4.00000000e-01  1.50000000e+00 
 1.21000000e-05  1.56490933e+00  1.21000000e-05  4.00000000e-01  1.50000000e+00 
 1.22000000e-05  1.56578557e+00  1.22000000e-05  4.00000000e-01  1.50000000e+00 
 1.23000000e-05  1.56665799e+00  1.23000000e-05  4.00000000e-01  1.50000000e+00 
 1.24000000e-05  1.56752666e+00  1.24000000e-05  4.00000000e-01  1.50000000e+00 
 1.25000000e-05  1.56839162e+00  1.25000000e-05  4.00000000e-01  1.50000000e+00 
 1.26000000e-05  1.56925291e+00  1.26000000e-05  4.00000000e-01  1.50000000e+00 
 1.27000000e-05  1.57011060e+00  1.27000000e-05  4.00000000e-01  1.50000000e+00 
 1.28000000e-05  1.57096473e+00  1.28000000e-05  4.00000000e-01  1.50000000e+00 
 1.29000000e-05  1.57181534e+00  1.29000000e-05  4.00000000e-01  1.50000000e+00 
 1.30000000e-05  1.57266249e+00  1.30000000e-05  4.00000000e-01  1.50000000e+00 
 1.31000000e-05  1.57350621e+00  1.31000000e-05  4.00000000e-01  1.50000000e+00 
 1.32000000e-05  1.57434655e+00  1.32000000e-05  4.00000000e-01  1.50000000e+00 
 1.33000000e-05  1.57518356e+00  1.33000000e-05  4.00000000e-01  1.50000000e+00 
 1.34000000e-05  1.57601727e+00  1.34000000e-05  4.00000000e-01  1.50000000e+00 
 1.35000000e-05  1.57684773e+00  1.35000000e-05  4.00000000e-01  1.50000000e+00 
 1.36000000e-05  1.57767498e+00  1.36000000e-05  4.00000000e-01  1.50000000e+00 
 1.37000000e-05  1.57849906e+00  1.37000000e-05  4.00000000e-01  1.50000000e+00 
 1.38000000e-05  1.57932000e+00  1.38000000e-05  4.00000000e-01  1.50000000e+00 
 1.39000000e-05  1.58013785e+00  1.39000000e-05  4.00000000e-01  1.50000000e+00 
 1.40000000e-05  1.58095264e+00  1.40000000e-05  4.00000000e-01  1.50000000e+00 
 1.41000000e-05  1.58176441e+00  1.41000000e-05  4.00000000e-01  1.50000000e+00 
 1.42000000e-05  1.58257320e+00  1.42000000e-05  4.00000000e-01  1.50000000e+00 
 1.43000000e-05  1.58337903e+00  1.43000000e-05  4.00000000e-01  1.50000000e+00 
 1.44000000e-05  1.58418195e+00  1.44000000e-05  4.00000000e-01  1.50000000e+00 
 1.45000000e-05  1.58498199e+00  1.45000000e-05  4.00000000e-01  1.50000000e+00 
 1.46000000e-05  1.58577917e+00  1.46000000e-05  4.00000000e-01  1.50000000e+00 
 1.47000000e-05  1.58657355e+00  1.47000000e-05  4.00000000e-01  1.50000000e+00 
 1.48000000e-05  1.58736513e+00  1.48000000e-05  4.00000000e-01  1.50000000e+00 
 1.49000000e-05  1.58815397e+00  1.49000000e-05  4.00000000e-01  1.50000000e+00 
 1.50000000e-05  1.58894008e+00  1.50000000e-05  4.00000000e-01  1.50000000e+00 
 1.51000000e-05  1.58972350e+00  1.51000000e-05  4.00000000e-01  1.50000000e+00 
 1.52000000e-05  1.59050425e+00  1.52000000e-05  4.00000000e-01  1.50000000e+00 
 1.53000000e-05  1.59128238e+00  1.53000000e-05  4.00000000e-01  1.50000000e+00 
 1.54000000e-05  1.59205790e+00  1.54000000e-05  4.00000000e-01  1.50000000e+00 
 1.55000000e-05  1.59283084e+00  1.55000000e-05  4.00000000e-01  1.50000000e+00 
 1.56000000e-05  1.59360123e+00  1.56000000e-05  4.00000000e-01  1.50000000e+00 
 1.57000000e-05  1.59436910e+00  1.57000000e-05  4.00000000e-01  1.50000000e+00 
 1.58000000e-05  1.59513447e+00  1.58000000e-05  4.00000000e-01  1.50000000e+00 
 1.59000000e-05  1.59589737e+00  1.59000000e-05  4.00000000e-01  1.50000000e+00 
 1.60000000e-05  1.59665783e+00  1.60000000e-05  4.00000000e-01  1.50000000e+00 
 1.61000000e-05  1.59741587e+00  1.61000000e-05  4.00000000e-01  1.50000000e+00 
 1.62000000e-05  1.59817152e+00  1.62000000e-05  4.00000000e-01  1.50000000e+00 
 1.63000000e-05  1.59892480e+00  1.63000000e-05  4.00000000e-01  1.50000000e+00 
 1.64000000e-05  1.59967573e+00  1.64000000e-05  4.00000000e-01  1.50000000e+00 
 1.65000000e-05  1.60042434e+00  1.65000000e-05  4.00000000e-01  1.50000000e+00 
 1.66000000e-05  1.60117065e+00  1.66000000e-05  4.00000000e-01  1.50000000e+00 
 1.67000000e-05  1.60191468e+00  1.67000000e-05  4.00000000e-01  1.50000000e+00 
 1.68000000e-05  1.60265646e+00  1.68000000e-05  4.00000000e-01  1.50000000e+00 
 1.69000000e-05  1.60339600e+00  1.69000000e-05  4.00000000e-01  1.50000000e+00 
 1.70000000e-05  1.60413334e+00  1.70000000e-05  4.00000000e-01  1.50000000e+00 
 1.71000000e-05  1.60486848e+00  1.71000000e-05  4.00000000e-01  1.50000000e+00 
 1.72000000e-05  1.60560146e+00  1.72000000e-05  4.00000000e-01  1.50000000e+00 
 1.73000000e-05  1.60633229e+00  1.73000000e-05  4.00000000e-01  1.50000000e+00 
 1.74000000e-05  1.60706100e+00  1.74000000e-05  4.00000000e-01  1.50000000e+00 
 1.75000000e-05  1.60778759e+00  1.75000000e-05  4.00000000e-01  1.50000000e+00 
 1.76000000e-05  1.60851210e+00  1.76000000e-05  4.00000000e-01  1.50000000e+00 
 1.77000000e-05  1.60923454e+00  1.77000000e-05  4.00000000e-01  1.50000000e+00 
 1.78000000e-05  1.60995493e+00  1.78000000e-05  4.00000000e-01  1.50000000e+00 
 1.79000000e-05  1.61067329e+00  1.79000000e-05  4.00000000e-01  1.50000000e+00 
 1.80000000e-05  1.61138964e+00  1.80000000e-05  4.00000000e-01  1.50000000e+00 
 1.81000000e-05  1.61210399e+00  1.81000000e-05  4.00000000e-01  1.50000000e+00 
 1.82000000e-05  1.61281637e+00  1.82000000e-05  4.00000000e-01  1.50000000e+00 
 1.83000000e-05  1.61353158e+00  1.83000000e-05  4.00000000e-01  1.50000000e+00 
 1.84000000e-05  1.61424002e+00  1.84000000e-05  4.00000000e-01  1.50000000e+00 
 1.85000000e-05  1.61494654e+00  1.85000000e-05  4.00000000e-01  1.50000000e+00 
 1.86000000e-05  1.61565116e+00  1.86000000e-05  4.00000000e-01  1.50000000e+00 
 1.87000000e-05  1.61635389e+00  1.87000000e-05  4.00000000e-01  1.50000000e+00 
 1.88000000e-05  1.61705476e+00  1.88000000e-05  4.00000000e-01  1.50000000e+00 
 1.89000000e-05  1.61775376e+00  1.89000000e-05  4.00000000e-01  1.50000000e+00 
 1.90000000e-05  1.61845094e+00  1.90000000e-05  4.00000000e-01  1.50000000e+00 
 1.91000000e-05  1.61914629e+00  1.91000000e-05  4.00000000e-01  1.50000000e+00 
 1.92000000e-05  1.61983983e+00  1.92000000e-05  4.00000000e-01  1.50000000e+00 
 1.93000000e-05  1.62053158e+00  1.93000000e-05  4.00000000e-01  1.50000000e+00 
 1.94000000e-05  1.62122156e+00  1.94000000e-05  4.00000000e-01  1.50000000e+00 
 1.95000000e-05  1.62190977e+00  1.95000000e-05  4.00000000e-01  1.50000000e+00 
 1.96000000e-05  1.62259624e+00  1.96000000e-05  4.00000000e-01  1.50000000e+00 
 1.97000000e-05  1.62328097e+00  1.97000000e-05  4.00000000e-01  1.50000000e+00 
 1.98000000e-05  1.62396398e+00  1.98000000e-05  4.00000000e-01  1.50000000e+00 
 1.99000000e-05  1.62464529e+00  1.99000000e-05  4.00000000e-01  1.50000000e+00 
 2.00000000e-05  1.62532035e+00  2.00000000e-05  4.00000000e-01  1.50000000e+00 
 2.01000000e-05  1.62599827e+00  2.01000000e-05  4.00000000e-01  1.50000000e+00 
 2.02000000e-05  1.62667453e+00  2.02000000e-05  4.00000000e-01  1.50000000e+00 
 2.03000000e-05  1.62734914e+00  2.03000000e-05  4.00000000e-01  1.50000000e+00 
 2.04000000e-05  1.62802211e+00  2.04000000e-05  4.00000000e-01  1.50000000e+00 
 2.05000000e-05  1.62869345e+00  2.05000000e-05  4.00000000e-01  1.50000000e+00 
 2.06000000e-05  1.62936317e+00  2.06000000e-05  4.00000000e-01  1.50000000e+00 
 2.07000000e-05  1.63003130e+00  2.07000000e-05  4.00000000e-01  1.50000000e+00 
 2.08000000e-05  1.63069784e+00  2.08000000e-05  4.00000000e-01  1.50000000e+00 
 2.09000000e-05  1.63136280e+00  2.09000000e-05  4.00000000e-01  1.50000000e+00 
 2.10000000e-05  1.63202621e+00  2.10000000e-05  4.00000000e-01  1.50000000e+00 
 2.11000000e-05  1.63268807e+00  2.11000000e-05  4.00000000e-01  1.50000000e+00 
 2.12000000e-05  1.63334839e+00  2.12000000e-05  4.00000000e-01  1.50000000e+00 
 2.13000000e-05  1.63400719e+00  2.13000000e-05  4.00000000e-01  1.50000000e+00 
 2.14000000e-05  1.63466448e+00  2.14000000e-05  4.00000000e-01  1.50000000e+00 
 2.15000000e-05  1.63532028e+00  2.15000000e-05  4.00000000e-01  1.50000000e+00 
 2.16000000e-05  1.63597459e+00  2.16000000e-05  4.00000000e-01  1.50000000e+00 
 2.17000000e-05  1.63662738e+00  2.17000000e-05  4.00000000e-01  1.50000000e+00 
 2.18000000e-05  1.63727867e+00  2.18000000e-05  4.00000000e-01  1.50000000e+00 
 2.19000000e-05  1.63792848e+00  2.19000000e-05  4.00000000e-01  1.50000000e+00 
 2.20000000e-05  1.63857685e+00  2.20000000e-05  4.00000000e-01  1.50000000e+00 
 2.21000000e-05  1.63922377e+00  2.21000000e-05  4.00000000e-01  1.50000000e+00 
 2.22000000e-05  1.63986926e+00  2.22000000e-05  4.00000000e-01  1.50000000e+00 
 2.23000000e-05  1.64051333e+00  2.23000000e-05  4.00000000e-01  1.50000000e+00 
 2.24000000e-05  1.64115598e+00  2.24000000e-05  4.00000000e-01  1.50000000e+00 
 2.25000000e-05  1.64179724e+00  2.25000000e-05  4.00000000e-01  1.50000000e+00 
 2.26000000e-05  1.64243710e+00  2.26000000e-05  4.00000000e-01  1.50000000e+00 
 2.27000000e-05  1.64307558e+00  2.27000000e-05  4.00000000e-01  1.50000000e+00 
 2.28000000e-05  1.64371268e+00  2.28000000e-05  4.00000000e-01  1.50000000e+00 
 2.29000000e-05  1.64434842e+00  2.29000000e-05  4.00000000e-01  1.50000000e+00 
 2.30000000e-05  1.64498281e+00  2.30000000e-05  4.00000000e-01  1.50000000e+00 
 2.31000000e-05  1.64561586e+00  2.31000000e-05  4.00000000e-01  1.50000000e+00 
 2.32000000e-05  1.64624756e+00  2.32000000e-05  4.00000000e-01  1.50000000e+00 
 2.33000000e-05  1.64687795e+00  2.33000000e-05  4.00000000e-01  1.50000000e+00 
 2.34000000e-05  1.64750701e+00  2.34000000e-05  4.00000000e-01  1.50000000e+00 
 2.35000000e-05  1.64813476e+00  2.35000000e-05  4.00000000e-01  1.50000000e+00 
 2.36000000e-05  1.64876122e+00  2.36000000e-05  4.00000000e-01  1.50000000e+00 
 2.37000000e-05  1.64938638e+00  2.37000000e-05  4.00000000e-01  1.50000000e+00 
 2.38000000e-05  1.65001027e+00  2.38000000e-05  4.00000000e-01  1.50000000e+00 
 2.39000000e-05  1.65063287e+00  2.39000000e-05  4.00000000e-01  1.50000000e+00 
 2.40000000e-05  1.65125421e+00  2.40000000e-05  4.00000000e-01  1.50000000e+00 
 2.41000000e-05  1.65187430e+00  2.41000000e-05  4.00000000e-01  1.50000000e+00 
 2.42000000e-05  1.65249313e+00  2.42000000e-05  4.00000000e-01  1.50000000e+00 
 2.43000000e-05  1.65311072e+00  2.43000000e-05  4.00000000e-01  1.50000000e+00 
 2.44000000e-05  1.65372708e+00  2.44000000e-05  4.00000000e-01  1.50000000e+00 
 2.45000000e-05  1.65434222e+00  2.45000000e-05  4.00000000e-01  1.50000000e+00 
 2.46000000e-05  1.65495613e+00  2.46000000e-05  4.00000000e-01  1.50000000e+00 
 2.47000000e-05  1.65556883e+00  2.47000000e-05  4.00000000e-01  1.50000000e+00 
 2.48000000e-05  1.65618033e+00  2.48000000e-05  4.00000000e-01  1.50000000e+00 
 2.49000000e-05  1.65679063e+00  2.49000000e-05  4.00000000e-01  1.50000000e+00 
 2.50000000e-05  1.65739975e+00  2.50000000e-05  4.00000000e-01  1.50000000e+00 
