 i-sweep         v(vout)         i(viin)         v(vgate)        v(vmid)        
-6.00000000e-06 -5.77647941e-01 -6.00000000e-06  3.00000000e-01  9.00000000e-01 
-5.90000000e-06 -5.74346976e-01 -5.90000000e-06  3.00000000e-01  9.00000000e-01 
-5.80000000e-06 -5.71016080e-01 -5.80000000e-06  3.00000000e-01  9.00000000e-01 
-5.70000000e-06 -5.67655140e-01 -5.70000000e-06  3.00000000e-01  9.00000000e-01 
-5.60000000e-06 -5.64263980e-01 -5.60000000e-06  3.00000000e-01  9.00000000e-01 
-5.50000000e-06 -5.60842365e-01 -5.50000000e-06  3.00000000e-01  9.00000000e-01 
-5.40000000e-06 -5.57389999e-01 -5.40000000e-06  3.00000000e-01  9.00000000e-01 
-5.30000000e-06 -5.53906523e-01 -5.30000000e-06  3.00000000e-01  9.00000000e-01 
-5.20000000e-06 -5.50391516e-01 -5.20000000e-06  3.00000000e-01  9.00000000e-01 
-5.10000000e-06 -5.46844494e-01 -5.10000000e-06  3.00000000e-01  9.00000000e-01 
-5.00000000e-06 -5.43264909e-01 -5.00000000e-06  3.00000000e-01  9.00000000e-01 
-4.90000000e-06 -5.39652145e-01 -4.90000000e-06  3.00000000e-01  9.00000000e-01 
-4.80000000e-06 -5.36005523e-01 -4.80000000e-06  3.00000000e-01  9.00000000e-01 
-4.70000000e-06 -5.32324290e-01 -4.70000000e-06  3.00000000e-01  9.00000000e-01 
-4.60000000e-06 -5.28607624e-01 -4.60000000e-06  3.00000000e-01  9.00000000e-01 
-4.50000000e-06 -5.24854627e-01 -4.50000000e-06  3.00000000e-01  9.00000000e-01 
-4.40000000e-06 -5.21064325e-01 -4.40000000e-06  3.00000000e-01  9.00000000e-01 
-4.30000000e-06 -5.17235660e-01 -4.30000000e-06  3.00000000e-01  9.00000000e-01 
-4.20000000e-06 -5.13367489e-01 -4.20000000e-06  3.00000000e-01  9.00000000e-01 
-4.10000000e-06 -5.09458575e-01 -4.10000000e-06  3.00000000e-01  9.00000000e-01 
-4.00000000e-06 -5.05507586e-01 -4.00000000e-06  3.00000000e-01  9.00000000e-01 
-3.90000000e-06 -5.01513082e-01 -3.90000000e-06  3.00000000e-01  9.00000000e-01 
-3.80000000e-06 -4.97473513e-01 -3.80000000e-06  3.00000000e-01  9.00000000e-01 
-3.70000000e-06 -4.93387202e-01 -3.70000000e-06  3.00000000e-01  9.00000000e-01 
-3.60000000e-06 -4.89252342e-01 -3.60000000e-06  3.00000000e-01  9.00000000e-01 
-3.50000000e-06 -4.85066976e-01 -3.50000000e-06  3.00000000e-01  9.00000000e-01 
-3.40000000e-06 -4.80828990e-01 -3.40000000e-06  3.00000000e-01  9.00000000e-01 
-3.30000000e-06 -4.76536089e-01 -3.30000000e-06  3.00000000e-01  9.00000000e-01 
-3.20000000e-06 -4.72185781e-01 -3.20000000e-06  3.00000000e-01  9.00000000e-01 
-3.10000000e-06 -4.67775355e-01 -3.10000000e-06  3.00000000e-01  9.00000000e-01 
-3.00000000e-06 -4.63301851e-01 -3.00000000e-06  3.00000000e-01  9.00000000e-01 
-2.90000000e-06 -4.58762033e-01 -2.90000000e-06  3.00000000e-01  9.00000000e-01 
-2.80000000e-06 -4.54152347e-01 -2.80000000e-06  3.00000000e-01  9.00000000e-01 
-2.70000000e-06 -4.49468883e-01 -2.70000000e-06  3.00000000e-01  9.00000000e-01 
-2.60000000e-06 -4.44707320e-01 -2.60000000e-06  3.00000000e-01  9.00000000e-01 
-2.50000000e-06 -4.39862865e-01 -2.50000000e-06  3.00000000e-01  9.00000000e-01 
-2.40000000e-06 -4.34930179e-01 -2.40000000e-06  3.00000000e-01  9.00000000e-01 
-2.30000000e-06 -4.29903287e-01 -2.30000000e-06  3.00000000e-01  9.00000000e-01 
-2.20000000e-06 -4.24775468e-01 -2.20000000e-06  3.00000000e-01  9.00000000e-01 
-2.10000000e-06 -4.19539120e-01 -2.10000000e-06  3.00000000e-01  9.00000000e-01 
-2.00000000e-06 -4.14185596e-01 -2.00000000e-06  3.00000000e-01  9.00000000e-01 
-1.90000000e-06 -4.08704992e-01 -1.90000000e-06  3.00000000e-01  9.00000000e-01 
-1.80000000e-06 -4.03085882e-01 -1.80000000e-06  3.00000000e-01  9.00000000e-01 
-1.70000000e-06 -3.97314981e-01 -1.70000000e-06  3.00000000e-01  9.00000000e-01 
-1.60000000e-06 -3.91376707e-01 -1.60000000e-06  3.00000000e-01  9.00000000e-01 
-1.50000000e-06 -3.85252601e-01 -1.50000000e-06  3.00000000e-01  9.00000000e-01 
-1.40000000e-06 -3.78920554e-01 -1.40000000e-06  3.00000000e-01  9.00000000e-01 
-1.30000000e-06 -3.72353755e-01 -1.30000000e-06  3.00000000e-01  9.00000000e-01 
-1.20000000e-06 -3.65519224e-01 -1.20000000e-06  3.00000000e-01  9.00000000e-01 
-1.10000000e-06 -3.58375719e-01 -1.10000000e-06  3.00000000e-01  9.00000000e-01 
-1.00000000e-06 -3.50870670e-01 -1.00000000e-06  3.00000000e-01  9.00000000e-01 
-9.00000000e-07 -3.42935519e-01 -9.00000000e-07  3.00000000e-01  9.00000000e-01 
-8.00000000e-07 -3.34478369e-01 -8.00000000e-07  3.00000000e-01  9.00000000e-01 
-7.00000000e-07 -3.25371803e-01 -7.00000000e-07  3.00000000e-01  9.00000000e-01 
-6.00000000e-07 -3.15431422e-01 -6.00000000e-07  3.00000000e-01  9.00000000e-01 
-5.00000000e-07 -3.04375046e-01 -5.00000000e-07  3.00000000e-01  9.00000000e-01 
-4.00000000e-07 -2.91736054e-01 -4.00000000e-07  3.00000000e-01  9.00000000e-01 
-3.00000000e-07 -2.76653570e-01 -3.00000000e-07  3.00000000e-01  9.00000000e-01 
-2.00000000e-07 -2.57224698e-01 -2.00000000e-07  3.00000000e-01  9.00000000e-01 
-1.00000000e-07 -2.27477633e-01 -1.00000000e-07  3.00000000e-01  9.00000000e-01 
-5.71747239e-21  6.14569051e-01 -5.71747239e-21  3.00000000e-01  9.00000000e-01 
 1.00000000e-07  1.01664212e+00  1.00000000e-07  3.00000000e-01  9.00000000e-01 
 2.00000000e-07  1.04905127e+00  2.00000000e-07  3.00000000e-01  9.00000000e-01 
 3.00000000e-07  1.06793717e+00  3.00000000e-07  3.00000000e-01  9.00000000e-01 
 4.00000000e-07  1.08137912e+00  4.00000000e-07  3.00000000e-01  9.00000000e-01 
 5.00000000e-07  1.09188457e+00  5.00000000e-07  3.00000000e-01  9.00000000e-01 
 6.00000000e-07  1.10054646e+00  6.00000000e-07  3.00000000e-01  9.00000000e-01 
 7.00000000e-07  1.10795275e+00  7.00000000e-07  3.00000000e-01  9.00000000e-01 
 8.00000000e-07  1.11444534e+00  8.00000000e-07  3.00000000e-01  9.00000000e-01 
 9.00000000e-07  1.12024344e+00  9.00000000e-07  3.00000000e-01  9.00000000e-01 
 1.00000000e-06  1.12549579e+00  1.00000000e-06  3.00000000e-01  9.00000000e-01 
 1.10000000e-06  1.13030783e+00  1.10000000e-06  3.00000000e-01  9.00000000e-01 
 1.20000000e-06  1.13476454e+00  1.20000000e-06  3.00000000e-01  9.00000000e-01 
 1.30000000e-06  1.13890634e+00  1.30000000e-06  3.00000000e-01  9.00000000e-01 
 1.40000000e-06  1.14279053e+00  1.40000000e-06  3.00000000e-01  9.00000000e-01 
 1.50000000e-06  1.14645236e+00  1.50000000e-06  3.00000000e-01  9.00000000e-01 
 1.60000000e-06  1.14992030e+00  1.60000000e-06  3.00000000e-01  9.00000000e-01 
 1.70000000e-06  1.15321768e+00  1.70000000e-06  3.00000000e-01  9.00000000e-01 
 1.80000000e-06  1.15636382e+00  1.80000000e-06  3.00000000e-01  9.00000000e-01 
 1.90000000e-06  1.15937491e+00  1.90000000e-06  3.00000000e-01  9.00000000e-01 
 2.00000000e-06  1.16226464e+00  2.00000000e-06  3.00000000e-01  9.00000000e-01 
 2.10000000e-06  1.16504468e+00  2.10000000e-06  3.00000000e-01  9.00000000e-01 
 2.20000000e-06  1.16772509e+00  2.20000000e-06  3.00000000e-01  9.00000000e-01 
 2.30000000e-06  1.17031457e+00  2.30000000e-06  3.00000000e-01  9.00000000e-01 
 2.40000000e-06  1.17282070e+00  2.40000000e-06  3.00000000e-01  9.00000000e-01 
 2.50000000e-06  1.17525014e+00  2.50000000e-06  3.00000000e-01  9.00000000e-01 
 2.60000000e-06  1.17760876e+00  2.60000000e-06  3.00000000e-01  9.00000000e-01 
 2.70000000e-06  1.17990178e+00  2.70000000e-06  3.00000000e-01  9.00000000e-01 
 2.80000000e-06  1.18213383e+00  2.80000000e-06  3.00000000e-01  9.00000000e-01 
 2.90000000e-06  1.18430906e+00  2.90000000e-06  3.00000000e-01  9.00000000e-01 
 3.00000000e-06  1.18643120e+00  3.00000000e-06  3.00000000e-01  9.00000000e-01 
 3.10000000e-06  1.18850363e+00  3.10000000e-06  3.00000000e-01  9.00000000e-01 
 3.20000000e-06  1.19052937e+00  3.20000000e-06  3.00000000e-01  9.00000000e-01 
 3.30000000e-06  1.19251120e+00  3.30000000e-06  3.00000000e-01  9.00000000e-01 
 3.40000000e-06  1.19445164e+00  3.40000000e-06  3.00000000e-01  9.00000000e-01 
 3.50000000e-06  1.19635298e+00  3.50000000e-06  3.00000000e-01  9.00000000e-01 
 3.60000000e-06  1.19821734e+00  3.60000000e-06  3.00000000e-01  9.00000000e-01 
 3.70000000e-06  1.20004665e+00  3.70000000e-06  3.00000000e-01  9.00000000e-01 
 3.80000000e-06  1.20184270e+00  3.80000000e-06  3.00000000e-01  9.00000000e-01 
 3.90000000e-06  1.20360712e+00  3.90000000e-06  3.00000000e-01  9.00000000e-01 
 4.00000000e-06  1.20534145e+00  4.00000000e-06  3.00000000e-01  9.00000000e-01 
 4.10000000e-06  1.20704708e+00  4.10000000e-06  3.00000000e-01  9.00000000e-01 
 4.20000000e-06  1.20872533e+00  4.20000000e-06  3.00000000e-01  9.00000000e-01 
 4.30000000e-06  1.21037742e+00  4.30000000e-06  3.00000000e-01  9.00000000e-01 
 4.40000000e-06  1.21200448e+00  4.40000000e-06  3.00000000e-01  9.00000000e-01 
 4.50000000e-06  1.21360758e+00  4.50000000e-06  3.00000000e-01  9.00000000e-01 
 4.60000000e-06  1.21518769e+00  4.60000000e-06  3.00000000e-01  9.00000000e-01 
 4.70000000e-06  1.21674575e+00  4.70000000e-06  3.00000000e-01  9.00000000e-01 
 4.80000000e-06  1.21828264e+00  4.80000000e-06  3.00000000e-01  9.00000000e-01 
 4.90000000e-06  1.21979916e+00  4.90000000e-06  3.00000000e-01  9.00000000e-01 
 5.00000000e-06  1.22129609e+00  5.00000000e-06  3.00000000e-01  9.00000000e-01 
 5.10000000e-06  1.22277414e+00  5.10000000e-06  3.00000000e-01  9.00000000e-01 
 5.20000000e-06  1.22423401e+00  5.20000000e-06  3.00000000e-01  9.00000000e-01 
 5.30000000e-06  1.22567633e+00  5.30000000e-06  3.00000000e-01  9.00000000e-01 
 5.40000000e-06  1.22710172e+00  5.40000000e-06  3.00000000e-01  9.00000000e-01 
 5.50000000e-06  1.22851075e+00  5.50000000e-06  3.00000000e-01  9.00000000e-01 
 5.60000000e-06  1.22990397e+00  5.60000000e-06  3.00000000e-01  9.00000000e-01 
 5.70000000e-06  1.23128188e+00  5.70000000e-06  3.00000000e-01  9.00000000e-01 
 5.80000000e-06  1.23264500e+00  5.80000000e-06  3.00000000e-01  9.00000000e-01 
 5.90000000e-06  1.23399377e+00  5.90000000e-06  3.00000000e-01  9.00000000e-01 
 6.00000000e-06  1.23532864e+00  6.00000000e-06  3.00000000e-01  9.00000000e-01 
