 i-sweep         v(vout)         i(viin)         v(vgate)        v(vmid)        
 0.00000000e+00  1.00059964e-01  0.00000000e+00  5.00000000e-01  1.00000000e-01 
 1.00000000e-07  1.01499446e+00  1.00000000e-07  5.00000000e-01  1.00000000e-01 
 2.00000000e-07  1.04745523e+00  2.00000000e-07  5.00000000e-01  1.00000000e-01 
 3.00000000e-07  1.06655661e+00  3.00000000e-07  5.00000000e-01  1.00000000e-01 
 4.00000000e-07  1.07987011e+00  4.00000000e-07  5.00000000e-01  1.00000000e-01 
 5.00000000e-07  1.09036224e+00  5.00000000e-07  5.00000000e-01  1.00000000e-01 
 6.00000000e-07  1.09981608e+00  6.00000000e-07  5.00000000e-01  1.00000000e-01 
 7.00000000e-07  1.10688053e+00  7.00000000e-07  5.00000000e-01  1.00000000e-01 
 8.00000000e-07  1.11329503e+00  8.00000000e-07  5.00000000e-01  1.00000000e-01 
 9.00000000e-07  1.11901983e+00  9.00000000e-07  5.00000000e-01  1.00000000e-01 
 1.00000000e-06  1.12422270e+00  1.00000000e-06  5.00000000e-01  1.00000000e-01 
 1.10000000e-06  1.12899829e+00  1.10000000e-06  5.00000000e-01  1.00000000e-01 
 1.20000000e-06  1.13342013e+00  1.20000000e-06  5.00000000e-01  1.00000000e-01 
 1.30000000e-06  1.13754403e+00  1.30000000e-06  5.00000000e-01  1.00000000e-01 
 1.40000000e-06  1.14141354e+00  1.40000000e-06  5.00000000e-01  1.00000000e-01 
 1.50000000e-06  1.14506331e+00  1.50000000e-06  5.00000000e-01  1.00000000e-01 
 1.60000000e-06  1.14852129e+00  1.60000000e-06  5.00000000e-01  1.00000000e-01 
 1.70000000e-06  1.15181038e+00  1.70000000e-06  5.00000000e-01  1.00000000e-01 
 1.80000000e-06  1.15494960e+00  1.80000000e-06  5.00000000e-01  1.00000000e-01 
 1.90000000e-06  1.15795486e+00  1.90000000e-06  5.00000000e-01  1.00000000e-01 
 2.00000000e-06  1.16083965e+00  2.00000000e-06  5.00000000e-01  1.00000000e-01 
 2.10000000e-06  1.16361550e+00  2.10000000e-06  5.00000000e-01  1.00000000e-01 
 2.20000000e-06  1.16629231e+00  2.20000000e-06  5.00000000e-01  1.00000000e-01 
 2.30000000e-06  1.16887869e+00  2.30000000e-06  5.00000000e-01  1.00000000e-01 
 2.40000000e-06  1.17138214e+00  2.40000000e-06  5.00000000e-01  1.00000000e-01 
 2.50000000e-06  1.17380925e+00  2.50000000e-06  5.00000000e-01  1.00000000e-01 
 2.60000000e-06  1.17616584e+00  2.60000000e-06  5.00000000e-01  1.00000000e-01 
 2.70000000e-06  1.17845708e+00  2.70000000e-06  5.00000000e-01  1.00000000e-01 
 2.80000000e-06  1.18068757e+00  2.80000000e-06  5.00000000e-01  1.00000000e-01 
 2.90000000e-06  1.18286142e+00  2.90000000e-06  5.00000000e-01  1.00000000e-01 
 3.00000000e-06  1.18498234e+00  3.00000000e-06  5.00000000e-01  1.00000000e-01 
 3.10000000e-06  1.18705369e+00  3.10000000e-06  5.00000000e-01  1.00000000e-01 
 3.20000000e-06  1.18907847e+00  3.20000000e-06  5.00000000e-01  1.00000000e-01 
 3.30000000e-06  1.19105945e+00  3.30000000e-06  5.00000000e-01  1.00000000e-01 
 3.40000000e-06  1.19299912e+00  3.40000000e-06  5.00000000e-01  1.00000000e-01 
 3.50000000e-06  1.19489979e+00  3.50000000e-06  5.00000000e-01  1.00000000e-01 
 3.60000000e-06  1.19676354e+00  3.60000000e-06  5.00000000e-01  1.00000000e-01 
 3.70000000e-06  1.19859231e+00  3.70000000e-06  5.00000000e-01  1.00000000e-01 
 3.80000000e-06  1.20038787e+00  3.80000000e-06  5.00000000e-01  1.00000000e-01 
 3.90000000e-06  1.20215185e+00  3.90000000e-06  5.00000000e-01  1.00000000e-01 
 4.00000000e-06  1.20388579e+00  4.00000000e-06  5.00000000e-01  1.00000000e-01 
 4.10000000e-06  1.20559107e+00  4.10000000e-06  5.00000000e-01  1.00000000e-01 
 4.20000000e-06  1.20726901e+00  4.20000000e-06  5.00000000e-01  1.00000000e-01 
 4.30000000e-06  1.20892082e+00  4.30000000e-06  5.00000000e-01  1.00000000e-01 
 4.40000000e-06  1.21054763e+00  4.40000000e-06  5.00000000e-01  1.00000000e-01 
 4.50000000e-06  1.21215050e+00  4.50000000e-06  5.00000000e-01  1.00000000e-01 
 4.60000000e-06  1.21373041e+00  4.60000000e-06  5.00000000e-01  1.00000000e-01 
 4.70000000e-06  1.21528830e+00  4.70000000e-06  5.00000000e-01  1.00000000e-01 
 4.80000000e-06  1.21682502e+00  4.80000000e-06  5.00000000e-01  1.00000000e-01 
 4.90000000e-06  1.21834141e+00  4.90000000e-06  5.00000000e-01  1.00000000e-01 
 5.00000000e-06  1.21983821e+00  5.00000000e-06  5.00000000e-01  1.00000000e-01 
 5.10000000e-06  1.22131616e+00  5.10000000e-06  5.00000000e-01  1.00000000e-01 
 5.20000000e-06  1.22277593e+00  5.20000000e-06  5.00000000e-01  1.00000000e-01 
 5.30000000e-06  1.22421818e+00  5.30000000e-06  5.00000000e-01  1.00000000e-01 
 5.40000000e-06  1.22564350e+00  5.40000000e-06  5.00000000e-01  1.00000000e-01 
 5.50000000e-06  1.22705247e+00  5.50000000e-06  5.00000000e-01  1.00000000e-01 
 5.60000000e-06  1.22844563e+00  5.60000000e-06  5.00000000e-01  1.00000000e-01 
 5.70000000e-06  1.22982351e+00  5.70000000e-06  5.00000000e-01  1.00000000e-01 
 5.80000000e-06  1.23118659e+00  5.80000000e-06  5.00000000e-01  1.00000000e-01 
 5.90000000e-06  1.23253535e+00  5.90000000e-06  5.00000000e-01  1.00000000e-01 
 6.00000000e-06  1.23387021e+00  6.00000000e-06  5.00000000e-01  1.00000000e-01 
 6.10000000e-06  1.23519160e+00  6.10000000e-06  5.00000000e-01  1.00000000e-01 
 6.20000000e-06  1.23649993e+00  6.20000000e-06  5.00000000e-01  1.00000000e-01 
 6.30000000e-06  1.23779557e+00  6.30000000e-06  5.00000000e-01  1.00000000e-01 
 6.40000000e-06  1.23907889e+00  6.40000000e-06  5.00000000e-01  1.00000000e-01 
 6.50000000e-06  1.24035025e+00  6.50000000e-06  5.00000000e-01  1.00000000e-01 
 6.60000000e-06  1.24160996e+00  6.60000000e-06  5.00000000e-01  1.00000000e-01 
 6.70000000e-06  1.24285836e+00  6.70000000e-06  5.00000000e-01  1.00000000e-01 
 6.80000000e-06  1.24409574e+00  6.80000000e-06  5.00000000e-01  1.00000000e-01 
 6.90000000e-06  1.24532240e+00  6.90000000e-06  5.00000000e-01  1.00000000e-01 
 7.00000000e-06  1.24653862e+00  7.00000000e-06  5.00000000e-01  1.00000000e-01 
 7.10000000e-06  1.24774466e+00  7.10000000e-06  5.00000000e-01  1.00000000e-01 
 7.20000000e-06  1.24894079e+00  7.20000000e-06  5.00000000e-01  1.00000000e-01 
 7.30000000e-06  1.25012724e+00  7.30000000e-06  5.00000000e-01  1.00000000e-01 
 7.40000000e-06  1.25130426e+00  7.40000000e-06  5.00000000e-01  1.00000000e-01 
 7.50000000e-06  1.25247208e+00  7.50000000e-06  5.00000000e-01  1.00000000e-01 
 7.60000000e-06  1.25363090e+00  7.60000000e-06  5.00000000e-01  1.00000000e-01 
 7.70000000e-06  1.25478096e+00  7.70000000e-06  5.00000000e-01  1.00000000e-01 
 7.80000000e-06  1.25592244e+00  7.80000000e-06  5.00000000e-01  1.00000000e-01 
 7.90000000e-06  1.25705554e+00  7.90000000e-06  5.00000000e-01  1.00000000e-01 
 8.00000000e-06  1.25818045e+00  8.00000000e-06  5.00000000e-01  1.00000000e-01 
 8.10000000e-06  1.25929736e+00  8.10000000e-06  5.00000000e-01  1.00000000e-01 
 8.20000000e-06  1.26040644e+00  8.20000000e-06  5.00000000e-01  1.00000000e-01 
 8.30000000e-06  1.26150785e+00  8.30000000e-06  5.00000000e-01  1.00000000e-01 
 8.40000000e-06  1.26260176e+00  8.40000000e-06  5.00000000e-01  1.00000000e-01 
 8.50000000e-06  1.26368833e+00  8.50000000e-06  5.00000000e-01  1.00000000e-01 
 8.60000000e-06  1.26476772e+00  8.60000000e-06  5.00000000e-01  1.00000000e-01 
 8.70000000e-06  1.26584006e+00  8.70000000e-06  5.00000000e-01  1.00000000e-01 
 8.80000000e-06  1.26690550e+00  8.80000000e-06  5.00000000e-01  1.00000000e-01 
 8.90000000e-06  1.26796418e+00  8.90000000e-06  5.00000000e-01  1.00000000e-01 
 9.00000000e-06  1.26901623e+00  9.00000000e-06  5.00000000e-01  1.00000000e-01 
 9.10000000e-06  1.27006178e+00  9.10000000e-06  5.00000000e-01  1.00000000e-01 
 9.20000000e-06  1.27110096e+00  9.20000000e-06  5.00000000e-01  1.00000000e-01 
 9.30000000e-06  1.27213389e+00  9.30000000e-06  5.00000000e-01  1.00000000e-01 
 9.40000000e-06  1.27316068e+00  9.40000000e-06  5.00000000e-01  1.00000000e-01 
 9.50000000e-06  1.27418145e+00  9.50000000e-06  5.00000000e-01  1.00000000e-01 
 9.60000000e-06  1.27519631e+00  9.60000000e-06  5.00000000e-01  1.00000000e-01 
 9.70000000e-06  1.27620536e+00  9.70000000e-06  5.00000000e-01  1.00000000e-01 
 9.80000000e-06  1.27720872e+00  9.80000000e-06  5.00000000e-01  1.00000000e-01 
 9.90000000e-06  1.27820648e+00  9.90000000e-06  5.00000000e-01  1.00000000e-01 
 1.00000000e-05  1.27919874e+00  1.00000000e-05  5.00000000e-01  1.00000000e-01 
 1.01000000e-05  1.28018560e+00  1.01000000e-05  5.00000000e-01  1.00000000e-01 
 1.02000000e-05  1.28116714e+00  1.02000000e-05  5.00000000e-01  1.00000000e-01 
 1.03000000e-05  1.28214346e+00  1.03000000e-05  5.00000000e-01  1.00000000e-01 
 1.04000000e-05  1.28311465e+00  1.04000000e-05  5.00000000e-01  1.00000000e-01 
 1.05000000e-05  1.28408079e+00  1.05000000e-05  5.00000000e-01  1.00000000e-01 
 1.06000000e-05  1.28504197e+00  1.06000000e-05  5.00000000e-01  1.00000000e-01 
 1.07000000e-05  1.28599826e+00  1.07000000e-05  5.00000000e-01  1.00000000e-01 
 1.08000000e-05  1.28694975e+00  1.08000000e-05  5.00000000e-01  1.00000000e-01 
 1.09000000e-05  1.28789650e+00  1.09000000e-05  5.00000000e-01  1.00000000e-01 
 1.10000000e-05  1.28883861e+00  1.10000000e-05  5.00000000e-01  1.00000000e-01 
 1.11000000e-05  1.28977613e+00  1.11000000e-05  5.00000000e-01  1.00000000e-01 
 1.12000000e-05  1.29070913e+00  1.12000000e-05  5.00000000e-01  1.00000000e-01 
 1.13000000e-05  1.29163770e+00  1.13000000e-05  5.00000000e-01  1.00000000e-01 
 1.14000000e-05  1.29256189e+00  1.14000000e-05  5.00000000e-01  1.00000000e-01 
 1.15000000e-05  1.29348177e+00  1.15000000e-05  5.00000000e-01  1.00000000e-01 
 1.16000000e-05  1.29439741e+00  1.16000000e-05  5.00000000e-01  1.00000000e-01 
 1.17000000e-05  1.29530886e+00  1.17000000e-05  5.00000000e-01  1.00000000e-01 
 1.18000000e-05  1.29621620e+00  1.18000000e-05  5.00000000e-01  1.00000000e-01 
 1.19000000e-05  1.29711947e+00  1.19000000e-05  5.00000000e-01  1.00000000e-01 
 1.20000000e-05  1.29801873e+00  1.20000000e-05  5.00000000e-01  1.00000000e-01 
 1.21000000e-05  1.29891405e+00  1.21000000e-05  5.00000000e-01  1.00000000e-01 
 1.22000000e-05  1.29980548e+00  1.22000000e-05  5.00000000e-01  1.00000000e-01 
 1.23000000e-05  1.30069307e+00  1.23000000e-05  5.00000000e-01  1.00000000e-01 
 1.24000000e-05  1.30157687e+00  1.24000000e-05  5.00000000e-01  1.00000000e-01 
 1.25000000e-05  1.30245694e+00  1.25000000e-05  5.00000000e-01  1.00000000e-01 
 1.26000000e-05  1.30333333e+00  1.26000000e-05  5.00000000e-01  1.00000000e-01 
 1.27000000e-05  1.30420609e+00  1.27000000e-05  5.00000000e-01  1.00000000e-01 
 1.28000000e-05  1.30507526e+00  1.28000000e-05  5.00000000e-01  1.00000000e-01 
 1.29000000e-05  1.30594089e+00  1.29000000e-05  5.00000000e-01  1.00000000e-01 
 1.30000000e-05  1.30680304e+00  1.30000000e-05  5.00000000e-01  1.00000000e-01 
 1.31000000e-05  1.30766173e+00  1.31000000e-05  5.00000000e-01  1.00000000e-01 
 1.32000000e-05  1.30851703e+00  1.32000000e-05  5.00000000e-01  1.00000000e-01 
 1.33000000e-05  1.30936897e+00  1.33000000e-05  5.00000000e-01  1.00000000e-01 
 1.34000000e-05  1.31021759e+00  1.34000000e-05  5.00000000e-01  1.00000000e-01 
 1.35000000e-05  1.31106293e+00  1.35000000e-05  5.00000000e-01  1.00000000e-01 
 1.36000000e-05  1.31190505e+00  1.36000000e-05  5.00000000e-01  1.00000000e-01 
 1.37000000e-05  1.31274397e+00  1.37000000e-05  5.00000000e-01  1.00000000e-01 
 1.38000000e-05  1.31357973e+00  1.38000000e-05  5.00000000e-01  1.00000000e-01 
 1.39000000e-05  1.31441238e+00  1.39000000e-05  5.00000000e-01  1.00000000e-01 
 1.40000000e-05  1.31524195e+00  1.40000000e-05  5.00000000e-01  1.00000000e-01 
 1.41000000e-05  1.31606848e+00  1.41000000e-05  5.00000000e-01  1.00000000e-01 
 1.42000000e-05  1.31689201e+00  1.42000000e-05  5.00000000e-01  1.00000000e-01 
 1.43000000e-05  1.31771256e+00  1.43000000e-05  5.00000000e-01  1.00000000e-01 
 1.44000000e-05  1.31853017e+00  1.44000000e-05  5.00000000e-01  1.00000000e-01 
 1.45000000e-05  1.31934489e+00  1.45000000e-05  5.00000000e-01  1.00000000e-01 
 1.46000000e-05  1.32015673e+00  1.46000000e-05  5.00000000e-01  1.00000000e-01 
 1.47000000e-05  1.32096574e+00  1.47000000e-05  5.00000000e-01  1.00000000e-01 
 1.48000000e-05  1.32177195e+00  1.48000000e-05  5.00000000e-01  1.00000000e-01 
 1.49000000e-05  1.32257538e+00  1.49000000e-05  5.00000000e-01  1.00000000e-01 
 1.50000000e-05  1.32337607e+00  1.50000000e-05  5.00000000e-01  1.00000000e-01 
 1.51000000e-05  1.32417405e+00  1.51000000e-05  5.00000000e-01  1.00000000e-01 
 1.52000000e-05  1.32496935e+00  1.52000000e-05  5.00000000e-01  1.00000000e-01 
 1.53000000e-05  1.32576200e+00  1.53000000e-05  5.00000000e-01  1.00000000e-01 
 1.54000000e-05  1.32655202e+00  1.54000000e-05  5.00000000e-01  1.00000000e-01 
 1.55000000e-05  1.32733945e+00  1.55000000e-05  5.00000000e-01  1.00000000e-01 
 1.56000000e-05  1.32812430e+00  1.56000000e-05  5.00000000e-01  1.00000000e-01 
 1.57000000e-05  1.32890662e+00  1.57000000e-05  5.00000000e-01  1.00000000e-01 
 1.58000000e-05  1.32968643e+00  1.58000000e-05  5.00000000e-01  1.00000000e-01 
 1.59000000e-05  1.33046375e+00  1.59000000e-05  5.00000000e-01  1.00000000e-01 
 1.60000000e-05  1.33123860e+00  1.60000000e-05  5.00000000e-01  1.00000000e-01 
 1.61000000e-05  1.33201102e+00  1.61000000e-05  5.00000000e-01  1.00000000e-01 
 1.62000000e-05  1.33278103e+00  1.62000000e-05  5.00000000e-01  1.00000000e-01 
 1.63000000e-05  1.33354865e+00  1.63000000e-05  5.00000000e-01  1.00000000e-01 
 1.64000000e-05  1.33431390e+00  1.64000000e-05  5.00000000e-01  1.00000000e-01 
 1.65000000e-05  1.33507682e+00  1.65000000e-05  5.00000000e-01  1.00000000e-01 
 1.66000000e-05  1.33583742e+00  1.66000000e-05  5.00000000e-01  1.00000000e-01 
 1.67000000e-05  1.33659573e+00  1.67000000e-05  5.00000000e-01  1.00000000e-01 
 1.68000000e-05  1.33735177e+00  1.68000000e-05  5.00000000e-01  1.00000000e-01 
 1.69000000e-05  1.33810556e+00  1.69000000e-05  5.00000000e-01  1.00000000e-01 
 1.70000000e-05  1.33885712e+00  1.70000000e-05  5.00000000e-01  1.00000000e-01 
 1.71000000e-05  1.33960647e+00  1.71000000e-05  5.00000000e-01  1.00000000e-01 
 1.72000000e-05  1.34035365e+00  1.72000000e-05  5.00000000e-01  1.00000000e-01 
 1.73000000e-05  1.34109865e+00  1.73000000e-05  5.00000000e-01  1.00000000e-01 
 1.74000000e-05  1.34184152e+00  1.74000000e-05  5.00000000e-01  1.00000000e-01 
 1.75000000e-05  1.34258226e+00  1.75000000e-05  5.00000000e-01  1.00000000e-01 
 1.76000000e-05  1.34332090e+00  1.76000000e-05  5.00000000e-01  1.00000000e-01 
 1.77000000e-05  1.34405745e+00  1.77000000e-05  5.00000000e-01  1.00000000e-01 
 1.78000000e-05  1.34479194e+00  1.78000000e-05  5.00000000e-01  1.00000000e-01 
 1.79000000e-05  1.34552439e+00  1.79000000e-05  5.00000000e-01  1.00000000e-01 
 1.80000000e-05  1.34625480e+00  1.80000000e-05  5.00000000e-01  1.00000000e-01 
 1.81000000e-05  1.34698321e+00  1.81000000e-05  5.00000000e-01  1.00000000e-01 
 1.82000000e-05  1.34770963e+00  1.82000000e-05  5.00000000e-01  1.00000000e-01 
 1.83000000e-05  1.34843407e+00  1.83000000e-05  5.00000000e-01  1.00000000e-01 
 1.84000000e-05  1.34915656e+00  1.84000000e-05  5.00000000e-01  1.00000000e-01 
 1.85000000e-05  1.34987711e+00  1.85000000e-05  5.00000000e-01  1.00000000e-01 
 1.86000000e-05  1.35059574e+00  1.86000000e-05  5.00000000e-01  1.00000000e-01 
 1.87000000e-05  1.35131246e+00  1.87000000e-05  5.00000000e-01  1.00000000e-01 
 1.88000000e-05  1.35202730e+00  1.88000000e-05  5.00000000e-01  1.00000000e-01 
 1.89000000e-05  1.35274026e+00  1.89000000e-05  5.00000000e-01  1.00000000e-01 
 1.90000000e-05  1.35345137e+00  1.90000000e-05  5.00000000e-01  1.00000000e-01 
 1.91000000e-05  1.35416063e+00  1.91000000e-05  5.00000000e-01  1.00000000e-01 
 1.92000000e-05  1.35486807e+00  1.92000000e-05  5.00000000e-01  1.00000000e-01 
 1.93000000e-05  1.35557371e+00  1.93000000e-05  5.00000000e-01  1.00000000e-01 
 1.94000000e-05  1.35627755e+00  1.94000000e-05  5.00000000e-01  1.00000000e-01 
 1.95000000e-05  1.35697960e+00  1.95000000e-05  5.00000000e-01  1.00000000e-01 
 1.96000000e-05  1.35767990e+00  1.96000000e-05  5.00000000e-01  1.00000000e-01 
 1.97000000e-05  1.35837844e+00  1.97000000e-05  5.00000000e-01  1.00000000e-01 
 1.98000000e-05  1.35907525e+00  1.98000000e-05  5.00000000e-01  1.00000000e-01 
 1.99000000e-05  1.35977034e+00  1.99000000e-05  5.00000000e-01  1.00000000e-01 
 2.00000000e-05  1.36046372e+00  2.00000000e-05  5.00000000e-01  1.00000000e-01 
 2.01000000e-05  1.36115540e+00  2.01000000e-05  5.00000000e-01  1.00000000e-01 
 2.02000000e-05  1.36184541e+00  2.02000000e-05  5.00000000e-01  1.00000000e-01 
 2.03000000e-05  1.36253375e+00  2.03000000e-05  5.00000000e-01  1.00000000e-01 
 2.04000000e-05  1.36322043e+00  2.04000000e-05  5.00000000e-01  1.00000000e-01 
 2.05000000e-05  1.36390547e+00  2.05000000e-05  5.00000000e-01  1.00000000e-01 
 2.06000000e-05  1.36458889e+00  2.06000000e-05  5.00000000e-01  1.00000000e-01 
 2.07000000e-05  1.36527068e+00  2.07000000e-05  5.00000000e-01  1.00000000e-01 
 2.08000000e-05  1.36595088e+00  2.08000000e-05  5.00000000e-01  1.00000000e-01 
 2.09000000e-05  1.36662949e+00  2.09000000e-05  5.00000000e-01  1.00000000e-01 
 2.10000000e-05  1.36730651e+00  2.10000000e-05  5.00000000e-01  1.00000000e-01 
 2.11000000e-05  1.36798197e+00  2.11000000e-05  5.00000000e-01  1.00000000e-01 
 2.12000000e-05  1.36865588e+00  2.12000000e-05  5.00000000e-01  1.00000000e-01 
 2.13000000e-05  1.36932824e+00  2.13000000e-05  5.00000000e-01  1.00000000e-01 
 2.14000000e-05  1.36999907e+00  2.14000000e-05  5.00000000e-01  1.00000000e-01 
 2.15000000e-05  1.37066838e+00  2.15000000e-05  5.00000000e-01  1.00000000e-01 
 2.16000000e-05  1.37133619e+00  2.16000000e-05  5.00000000e-01  1.00000000e-01 
 2.17000000e-05  1.37200249e+00  2.17000000e-05  5.00000000e-01  1.00000000e-01 
 2.18000000e-05  1.37266731e+00  2.18000000e-05  5.00000000e-01  1.00000000e-01 
 2.19000000e-05  1.37333065e+00  2.19000000e-05  5.00000000e-01  1.00000000e-01 
 2.20000000e-05  1.37399253e+00  2.20000000e-05  5.00000000e-01  1.00000000e-01 
 2.21000000e-05  1.37465296e+00  2.21000000e-05  5.00000000e-01  1.00000000e-01 
 2.22000000e-05  1.37531194e+00  2.22000000e-05  5.00000000e-01  1.00000000e-01 
 2.23000000e-05  1.37596948e+00  2.23000000e-05  5.00000000e-01  1.00000000e-01 
 2.24000000e-05  1.37662561e+00  2.24000000e-05  5.00000000e-01  1.00000000e-01 
 2.25000000e-05  1.37728032e+00  2.25000000e-05  5.00000000e-01  1.00000000e-01 
 2.26000000e-05  1.37793362e+00  2.26000000e-05  5.00000000e-01  1.00000000e-01 
 2.27000000e-05  1.37858554e+00  2.27000000e-05  5.00000000e-01  1.00000000e-01 
 2.28000000e-05  1.37923607e+00  2.28000000e-05  5.00000000e-01  1.00000000e-01 
 2.29000000e-05  1.37988522e+00  2.29000000e-05  5.00000000e-01  1.00000000e-01 
 2.30000000e-05  1.38053301e+00  2.30000000e-05  5.00000000e-01  1.00000000e-01 
 2.31000000e-05  1.38117945e+00  2.31000000e-05  5.00000000e-01  1.00000000e-01 
 2.32000000e-05  1.38182454e+00  2.32000000e-05  5.00000000e-01  1.00000000e-01 
 2.33000000e-05  1.38246829e+00  2.33000000e-05  5.00000000e-01  1.00000000e-01 
 2.34000000e-05  1.38311072e+00  2.34000000e-05  5.00000000e-01  1.00000000e-01 
 2.35000000e-05  1.38375183e+00  2.35000000e-05  5.00000000e-01  1.00000000e-01 
 2.36000000e-05  1.38439163e+00  2.36000000e-05  5.00000000e-01  1.00000000e-01 
 2.37000000e-05  1.38503012e+00  2.37000000e-05  5.00000000e-01  1.00000000e-01 
 2.38000000e-05  1.38566733e+00  2.38000000e-05  5.00000000e-01  1.00000000e-01 
 2.39000000e-05  1.38630325e+00  2.39000000e-05  5.00000000e-01  1.00000000e-01 
 2.40000000e-05  1.38693790e+00  2.40000000e-05  5.00000000e-01  1.00000000e-01 
 2.41000000e-05  1.38757128e+00  2.41000000e-05  5.00000000e-01  1.00000000e-01 
 2.42000000e-05  1.38820340e+00  2.42000000e-05  5.00000000e-01  1.00000000e-01 
 2.43000000e-05  1.38883427e+00  2.43000000e-05  5.00000000e-01  1.00000000e-01 
 2.44000000e-05  1.38946390e+00  2.44000000e-05  5.00000000e-01  1.00000000e-01 
 2.45000000e-05  1.39009229e+00  2.45000000e-05  5.00000000e-01  1.00000000e-01 
 2.46000000e-05  1.39071946e+00  2.46000000e-05  5.00000000e-01  1.00000000e-01 
 2.47000000e-05  1.39134541e+00  2.47000000e-05  5.00000000e-01  1.00000000e-01 
 2.48000000e-05  1.39197015e+00  2.48000000e-05  5.00000000e-01  1.00000000e-01 
 2.49000000e-05  1.39259368e+00  2.49000000e-05  5.00000000e-01  1.00000000e-01 
 2.50000000e-05  1.39321602e+00  2.50000000e-05  5.00000000e-01  1.00000000e-01 
 2.51000000e-05  1.39383718e+00  2.51000000e-05  5.00000000e-01  1.00000000e-01 
 2.52000000e-05  1.39445715e+00  2.52000000e-05  5.00000000e-01  1.00000000e-01 
 2.53000000e-05  1.39507595e+00  2.53000000e-05  5.00000000e-01  1.00000000e-01 
 2.54000000e-05  1.39569358e+00  2.54000000e-05  5.00000000e-01  1.00000000e-01 
 2.55000000e-05  1.39631006e+00  2.55000000e-05  5.00000000e-01  1.00000000e-01 
 2.56000000e-05  1.39692538e+00  2.56000000e-05  5.00000000e-01  1.00000000e-01 
 2.57000000e-05  1.39753956e+00  2.57000000e-05  5.00000000e-01  1.00000000e-01 
 2.58000000e-05  1.39815260e+00  2.58000000e-05  5.00000000e-01  1.00000000e-01 
 2.59000000e-05  1.39876451e+00  2.59000000e-05  5.00000000e-01  1.00000000e-01 
 2.60000000e-05  1.39937530e+00  2.60000000e-05  5.00000000e-01  1.00000000e-01 
 2.61000000e-05  1.39998497e+00  2.61000000e-05  5.00000000e-01  1.00000000e-01 
 2.62000000e-05  1.40059354e+00  2.62000000e-05  5.00000000e-01  1.00000000e-01 
 2.63000000e-05  1.40120099e+00  2.63000000e-05  5.00000000e-01  1.00000000e-01 
 2.64000000e-05  1.40180735e+00  2.64000000e-05  5.00000000e-01  1.00000000e-01 
 2.65000000e-05  1.40241262e+00  2.65000000e-05  5.00000000e-01  1.00000000e-01 
 2.66000000e-05  1.40301681e+00  2.66000000e-05  5.00000000e-01  1.00000000e-01 
 2.67000000e-05  1.40361992e+00  2.67000000e-05  5.00000000e-01  1.00000000e-01 
 2.68000000e-05  1.40422196e+00  2.68000000e-05  5.00000000e-01  1.00000000e-01 
 2.69000000e-05  1.40482293e+00  2.69000000e-05  5.00000000e-01  1.00000000e-01 
 2.70000000e-05  1.40542284e+00  2.70000000e-05  5.00000000e-01  1.00000000e-01 
 2.71000000e-05  1.40602170e+00  2.71000000e-05  5.00000000e-01  1.00000000e-01 
 2.72000000e-05  1.40661952e+00  2.72000000e-05  5.00000000e-01  1.00000000e-01 
 2.73000000e-05  1.40721629e+00  2.73000000e-05  5.00000000e-01  1.00000000e-01 
 2.74000000e-05  1.40781203e+00  2.74000000e-05  5.00000000e-01  1.00000000e-01 
 2.75000000e-05  1.40840674e+00  2.75000000e-05  5.00000000e-01  1.00000000e-01 
 2.76000000e-05  1.40900043e+00  2.76000000e-05  5.00000000e-01  1.00000000e-01 
 2.77000000e-05  1.40959310e+00  2.77000000e-05  5.00000000e-01  1.00000000e-01 
 2.78000000e-05  1.41018476e+00  2.78000000e-05  5.00000000e-01  1.00000000e-01 
 2.79000000e-05  1.41077541e+00  2.79000000e-05  5.00000000e-01  1.00000000e-01 
 2.80000000e-05  1.41136506e+00  2.80000000e-05  5.00000000e-01  1.00000000e-01 
 2.81000000e-05  1.41195372e+00  2.81000000e-05  5.00000000e-01  1.00000000e-01 
 2.82000000e-05  1.41254139e+00  2.82000000e-05  5.00000000e-01  1.00000000e-01 
 2.83000000e-05  1.41312807e+00  2.83000000e-05  5.00000000e-01  1.00000000e-01 
 2.84000000e-05  1.41371378e+00  2.84000000e-05  5.00000000e-01  1.00000000e-01 
 2.85000000e-05  1.41429851e+00  2.85000000e-05  5.00000000e-01  1.00000000e-01 
 2.86000000e-05  1.41488228e+00  2.86000000e-05  5.00000000e-01  1.00000000e-01 
 2.87000000e-05  1.41546508e+00  2.87000000e-05  5.00000000e-01  1.00000000e-01 
 2.88000000e-05  1.41604693e+00  2.88000000e-05  5.00000000e-01  1.00000000e-01 
 2.89000000e-05  1.41662782e+00  2.89000000e-05  5.00000000e-01  1.00000000e-01 
 2.90000000e-05  1.41720777e+00  2.90000000e-05  5.00000000e-01  1.00000000e-01 
 2.91000000e-05  1.41778678e+00  2.91000000e-05  5.00000000e-01  1.00000000e-01 
 2.92000000e-05  1.41836485e+00  2.92000000e-05  5.00000000e-01  1.00000000e-01 
 2.93000000e-05  1.41894198e+00  2.93000000e-05  5.00000000e-01  1.00000000e-01 
 2.94000000e-05  1.41951820e+00  2.94000000e-05  5.00000000e-01  1.00000000e-01 
 2.95000000e-05  1.42009348e+00  2.95000000e-05  5.00000000e-01  1.00000000e-01 
 2.96000000e-05  1.42066786e+00  2.96000000e-05  5.00000000e-01  1.00000000e-01 
 2.97000000e-05  1.42124132e+00  2.97000000e-05  5.00000000e-01  1.00000000e-01 
 2.98000000e-05  1.42181387e+00  2.98000000e-05  5.00000000e-01  1.00000000e-01 
 2.99000000e-05  1.42238552e+00  2.99000000e-05  5.00000000e-01  1.00000000e-01 
 3.00000000e-05  1.42295627e+00  3.00000000e-05  5.00000000e-01  1.00000000e-01 
