 i-sweep         v(vout)         i(viin)         v(vgate)        v(vmid)        
-6.00000000e-06 -6.96640416e-01 -6.00000000e-06  1.00000000e-01  5.00000000e-01 
-5.90000000e-06 -6.94980806e-01 -5.90000000e-06  1.00000000e-01  5.00000000e-01 
-5.80000000e-06 -6.93271217e-01 -5.80000000e-06  1.00000000e-01  5.00000000e-01 
-5.70000000e-06 -6.91509529e-01 -5.70000000e-06  1.00000000e-01  5.00000000e-01 
-5.60000000e-06 -6.89693554e-01 -5.60000000e-06  1.00000000e-01  5.00000000e-01 
-5.50000000e-06 -6.87821032e-01 -5.50000000e-06  1.00000000e-01  5.00000000e-01 
-5.40000000e-06 -6.85889642e-01 -5.40000000e-06  1.00000000e-01  5.00000000e-01 
-5.30000000e-06 -6.83897008e-01 -5.30000000e-06  1.00000000e-01  5.00000000e-01 
-5.20000000e-06 -6.81840703e-01 -5.20000000e-06  1.00000000e-01  5.00000000e-01 
-5.10000000e-06 -6.79718265e-01 -5.10000000e-06  1.00000000e-01  5.00000000e-01 
-5.00000000e-06 -6.77527205e-01 -5.00000000e-06  1.00000000e-01  5.00000000e-01 
-4.90000000e-06 -6.75265020e-01 -4.90000000e-06  1.00000000e-01  5.00000000e-01 
-4.80000000e-06 -6.72929209e-01 -4.80000000e-06  1.00000000e-01  5.00000000e-01 
-4.70000000e-06 -6.70517291e-01 -4.70000000e-06  1.00000000e-01  5.00000000e-01 
-4.60000000e-06 -6.68026820e-01 -4.60000000e-06  1.00000000e-01  5.00000000e-01 
-4.50000000e-06 -6.65455406e-01 -4.50000000e-06  1.00000000e-01  5.00000000e-01 
-4.40000000e-06 -6.62800734e-01 -4.40000000e-06  1.00000000e-01  5.00000000e-01 
-4.30000000e-06 -6.60060582e-01 -4.30000000e-06  1.00000000e-01  5.00000000e-01 
-4.20000000e-06 -6.57232838e-01 -4.20000000e-06  1.00000000e-01  5.00000000e-01 
-4.10000000e-06 -6.54315519e-01 -4.10000000e-06  1.00000000e-01  5.00000000e-01 
-4.00000000e-06 -6.51306780e-01 -4.00000000e-06  1.00000000e-01  5.00000000e-01 
-3.90000000e-06 -6.48204926e-01 -3.90000000e-06  1.00000000e-01  5.00000000e-01 
-3.80000000e-06 -6.45008411e-01 -3.80000000e-06  1.00000000e-01  5.00000000e-01 
-3.70000000e-06 -6.41715843e-01 -3.70000000e-06  1.00000000e-01  5.00000000e-01 
-3.60000000e-06 -6.38325968e-01 -3.60000000e-06  1.00000000e-01  5.00000000e-01 
-3.50000000e-06 -6.34837793e-01 -3.50000000e-06  1.00000000e-01  5.00000000e-01 
-3.40000000e-06 -6.31250011e-01 -3.40000000e-06  1.00000000e-01  5.00000000e-01 
-3.30000000e-06 -6.27561808e-01 -3.30000000e-06  1.00000000e-01  5.00000000e-01 
-3.20000000e-06 -6.23772252e-01 -3.20000000e-06  1.00000000e-01  5.00000000e-01 
-3.10000000e-06 -6.19880388e-01 -3.10000000e-06  1.00000000e-01  5.00000000e-01 
-3.00000000e-06 -6.15885186e-01 -3.00000000e-06  1.00000000e-01  5.00000000e-01 
-2.90000000e-06 -6.11785475e-01 -2.90000000e-06  1.00000000e-01  5.00000000e-01 
-2.80000000e-06 -6.07579873e-01 -2.80000000e-06  1.00000000e-01  5.00000000e-01 
-2.70000000e-06 -6.03266713e-01 -2.70000000e-06  1.00000000e-01  5.00000000e-01 
-2.60000000e-06 -5.98843951e-01 -2.60000000e-06  1.00000000e-01  5.00000000e-01 
-2.50000000e-06 -5.94309081e-01 -2.50000000e-06  1.00000000e-01  5.00000000e-01 
-2.40000000e-06 -5.89659023e-01 -2.40000000e-06  1.00000000e-01  5.00000000e-01 
-2.30000000e-06 -5.84890014e-01 -2.30000000e-06  1.00000000e-01  5.00000000e-01 
-2.20000000e-06 -5.79997470e-01 -2.20000000e-06  1.00000000e-01  5.00000000e-01 
-2.10000000e-06 -5.74975833e-01 -2.10000000e-06  1.00000000e-01  5.00000000e-01 
-2.00000000e-06 -5.69818389e-01 -2.00000000e-06  1.00000000e-01  5.00000000e-01 
-1.90000000e-06 -5.64517042e-01 -1.90000000e-06  1.00000000e-01  5.00000000e-01 
-1.80000000e-06 -5.59062043e-01 -1.80000000e-06  1.00000000e-01  5.00000000e-01 
-1.70000000e-06 -5.53441644e-01 -1.70000000e-06  1.00000000e-01  5.00000000e-01 
-1.60000000e-06 -5.47641651e-01 -1.60000000e-06  1.00000000e-01  5.00000000e-01 
-1.50000000e-06 -5.41643959e-01 -1.50000000e-06  1.00000000e-01  5.00000000e-01 
-1.40000000e-06 -5.35428936e-01 -1.40000000e-06  1.00000000e-01  5.00000000e-01 
-1.30000000e-06 -5.28970009e-01 -1.30000000e-06  1.00000000e-01  5.00000000e-01 
-1.20000000e-06 -5.22234880e-01 -1.20000000e-06  1.00000000e-01  5.00000000e-01 
-1.10000000e-06 -5.15182793e-01 -1.10000000e-06  1.00000000e-01  5.00000000e-01 
-1.00000000e-06 -5.07761432e-01 -1.00000000e-06  1.00000000e-01  5.00000000e-01 
-9.00000000e-07 -4.99902236e-01 -9.00000000e-07  1.00000000e-01  5.00000000e-01 
-8.00000000e-07 -4.91513224e-01 -8.00000000e-07  1.00000000e-01  5.00000000e-01 
-7.00000000e-07 -4.82465474e-01 -7.00000000e-07  1.00000000e-01  5.00000000e-01 
-6.00000000e-07 -4.72573964e-01 -6.00000000e-07  1.00000000e-01  5.00000000e-01 
-5.00000000e-07 -4.61554045e-01 -5.00000000e-07  1.00000000e-01  5.00000000e-01 
-4.00000000e-07 -4.48934699e-01 -4.00000000e-07  1.00000000e-01  5.00000000e-01 
-3.00000000e-07 -4.33848069e-01 -3.00000000e-07  1.00000000e-01  5.00000000e-01 
-2.00000000e-07 -4.14375140e-01 -2.00000000e-07  1.00000000e-01  5.00000000e-01 
-1.00000000e-07 -3.84495826e-01 -1.00000000e-07  1.00000000e-01  5.00000000e-01 
-5.71747239e-21  6.13211644e-01 -5.71747239e-21  1.00000000e-01  5.00000000e-01 
 1.00000000e-07  1.01518071e+00  1.00000000e-07  1.00000000e-01  5.00000000e-01 
 2.00000000e-07  1.04759025e+00  2.00000000e-07  1.00000000e-01  5.00000000e-01 
 3.00000000e-07  1.06647962e+00  3.00000000e-07  1.00000000e-01  5.00000000e-01 
 4.00000000e-07  1.07991849e+00  4.00000000e-07  1.00000000e-01  5.00000000e-01 
 5.00000000e-07  1.09042106e+00  5.00000000e-07  1.00000000e-01  5.00000000e-01 
 6.00000000e-07  1.09908546e+00  6.00000000e-07  1.00000000e-01  5.00000000e-01 
 7.00000000e-07  1.10649242e+00  7.00000000e-07  1.00000000e-01  5.00000000e-01 
 8.00000000e-07  1.11298525e+00  8.00000000e-07  1.00000000e-01  5.00000000e-01 
 9.00000000e-07  1.11878351e+00  9.00000000e-07  1.00000000e-01  5.00000000e-01 
 1.00000000e-06  1.12403600e+00  1.00000000e-06  1.00000000e-01  5.00000000e-01 
 1.10000000e-06  1.12884817e+00  1.10000000e-06  1.00000000e-01  5.00000000e-01 
 1.20000000e-06  1.13329750e+00  1.20000000e-06  1.00000000e-01  5.00000000e-01 
 1.30000000e-06  1.13744254e+00  1.30000000e-06  1.00000000e-01  5.00000000e-01 
 1.40000000e-06  1.14132865e+00  1.40000000e-06  1.00000000e-01  5.00000000e-01 
 1.50000000e-06  1.14499164e+00  1.50000000e-06  1.00000000e-01  5.00000000e-01 
 1.60000000e-06  1.14846988e+00  1.60000000e-06  1.00000000e-01  5.00000000e-01 
 1.70000000e-06  1.15176713e+00  1.70000000e-06  1.00000000e-01  5.00000000e-01 
 1.80000000e-06  1.15491318e+00  1.80000000e-06  1.00000000e-01  5.00000000e-01 
 1.90000000e-06  1.15792423e+00  1.90000000e-06  1.00000000e-01  5.00000000e-01 
 2.00000000e-06  1.16081400e+00  2.00000000e-06  1.00000000e-01  5.00000000e-01 
 2.10000000e-06  1.16359421e+00  2.10000000e-06  1.00000000e-01  5.00000000e-01 
 2.20000000e-06  1.16627497e+00  2.20000000e-06  1.00000000e-01  5.00000000e-01 
 2.30000000e-06  1.16886507e+00  2.30000000e-06  1.00000000e-01  5.00000000e-01 
 2.40000000e-06  1.17136254e+00  2.40000000e-06  1.00000000e-01  5.00000000e-01 
 2.50000000e-06  1.17379210e+00  2.50000000e-06  1.00000000e-01  5.00000000e-01 
 2.60000000e-06  1.17615084e+00  2.60000000e-06  1.00000000e-01  5.00000000e-01 
 2.70000000e-06  1.17844398e+00  2.70000000e-06  1.00000000e-01  5.00000000e-01 
 2.80000000e-06  1.18067613e+00  2.80000000e-06  1.00000000e-01  5.00000000e-01 
 2.90000000e-06  1.18285147e+00  2.90000000e-06  1.00000000e-01  5.00000000e-01 
 3.00000000e-06  1.18497372e+00  3.00000000e-06  1.00000000e-01  5.00000000e-01 
 3.10000000e-06  1.18704625e+00  3.10000000e-06  1.00000000e-01  5.00000000e-01 
 3.20000000e-06  1.18907210e+00  3.20000000e-06  1.00000000e-01  5.00000000e-01 
 3.30000000e-06  1.19105403e+00  3.30000000e-06  1.00000000e-01  5.00000000e-01 
 3.40000000e-06  1.19299458e+00  3.40000000e-06  1.00000000e-01  5.00000000e-01 
 3.50000000e-06  1.19489857e+00  3.50000000e-06  1.00000000e-01  5.00000000e-01 
 3.60000000e-06  1.19676184e+00  3.60000000e-06  1.00000000e-01  5.00000000e-01 
 3.70000000e-06  1.19859062e+00  3.70000000e-06  1.00000000e-01  5.00000000e-01 
 3.80000000e-06  1.20038643e+00  3.80000000e-06  1.00000000e-01  5.00000000e-01 
 3.90000000e-06  1.20215078e+00  3.90000000e-06  1.00000000e-01  5.00000000e-01 
 4.00000000e-06  1.20388511e+00  4.00000000e-06  1.00000000e-01  5.00000000e-01 
 4.10000000e-06  1.20559079e+00  4.10000000e-06  1.00000000e-01  5.00000000e-01 
 4.20000000e-06  1.20726912e+00  4.20000000e-06  1.00000000e-01  5.00000000e-01 
 4.30000000e-06  1.20892129e+00  4.30000000e-06  1.00000000e-01  5.00000000e-01 
 4.40000000e-06  1.21054844e+00  4.40000000e-06  1.00000000e-01  5.00000000e-01 
 4.50000000e-06  1.21215163e+00  4.50000000e-06  1.00000000e-01  5.00000000e-01 
 4.60000000e-06  1.21373184e+00  4.60000000e-06  1.00000000e-01  5.00000000e-01 
 4.70000000e-06  1.21529000e+00  4.70000000e-06  1.00000000e-01  5.00000000e-01 
 4.80000000e-06  1.21682698e+00  4.80000000e-06  1.00000000e-01  5.00000000e-01 
 4.90000000e-06  1.21834360e+00  4.90000000e-06  1.00000000e-01  5.00000000e-01 
 5.00000000e-06  1.21984062e+00  5.00000000e-06  1.00000000e-01  5.00000000e-01 
 5.10000000e-06  1.22131877e+00  5.10000000e-06  1.00000000e-01  5.00000000e-01 
 5.20000000e-06  1.22278381e+00  5.20000000e-06  1.00000000e-01  5.00000000e-01 
 5.30000000e-06  1.22422494e+00  5.30000000e-06  1.00000000e-01  5.00000000e-01 
 5.40000000e-06  1.22564946e+00  5.40000000e-06  1.00000000e-01  5.00000000e-01 
 5.50000000e-06  1.22705787e+00  5.50000000e-06  1.00000000e-01  5.00000000e-01 
 5.60000000e-06  1.22845064e+00  5.60000000e-06  1.00000000e-01  5.00000000e-01 
 5.70000000e-06  1.22982825e+00  5.70000000e-06  1.00000000e-01  5.00000000e-01 
 5.80000000e-06  1.23119116e+00  5.80000000e-06  1.00000000e-01  5.00000000e-01 
 5.90000000e-06  1.23253980e+00  5.90000000e-06  1.00000000e-01  5.00000000e-01 
 6.00000000e-06  1.23387461e+00  6.00000000e-06  1.00000000e-01  5.00000000e-01 
