 i-sweep         v(vout)         i(viin)         v(vgate)        v(vmid)        
-6.00000000e-06 -6.45989421e-01 -6.00000000e-06  2.00000000e-01  1.80000000e+00 
-5.90000000e-06 -6.43191673e-01 -5.90000000e-06  2.00000000e-01  1.80000000e+00 
-5.80000000e-06 -6.40335909e-01 -5.80000000e-06  2.00000000e-01  1.80000000e+00 
-5.70000000e-06 -6.37422470e-01 -5.70000000e-06  2.00000000e-01  1.80000000e+00 
-5.60000000e-06 -6.34451773e-01 -5.60000000e-06  2.00000000e-01  1.80000000e+00 
-5.50000000e-06 -6.31424297e-01 -5.50000000e-06  2.00000000e-01  1.80000000e+00 
-5.40000000e-06 -6.28340574e-01 -5.40000000e-06  2.00000000e-01  1.80000000e+00 
-5.30000000e-06 -6.25201166e-01 -5.30000000e-06  2.00000000e-01  1.80000000e+00 
-5.20000000e-06 -6.22006656e-01 -5.20000000e-06  2.00000000e-01  1.80000000e+00 
-5.10000000e-06 -6.18757630e-01 -5.10000000e-06  2.00000000e-01  1.80000000e+00 
-5.00000000e-06 -6.15454661e-01 -5.00000000e-06  2.00000000e-01  1.80000000e+00 
-4.90000000e-06 -6.12098289e-01 -4.90000000e-06  2.00000000e-01  1.80000000e+00 
-4.80000000e-06 -6.08689013e-01 -4.80000000e-06  2.00000000e-01  1.80000000e+00 
-4.70000000e-06 -6.05227272e-01 -4.70000000e-06  2.00000000e-01  1.80000000e+00 
-4.60000000e-06 -6.01713429e-01 -4.60000000e-06  2.00000000e-01  1.80000000e+00 
-4.50000000e-06 -5.98147761e-01 -4.50000000e-06  2.00000000e-01  1.80000000e+00 
-4.40000000e-06 -5.94530448e-01 -4.40000000e-06  2.00000000e-01  1.80000000e+00 
-4.30000000e-06 -5.90861556e-01 -4.30000000e-06  2.00000000e-01  1.80000000e+00 
-4.20000000e-06 -5.87141030e-01 -4.20000000e-06  2.00000000e-01  1.80000000e+00 
-4.10000000e-06 -5.83368680e-01 -4.10000000e-06  2.00000000e-01  1.80000000e+00 
-4.00000000e-06 -5.79544176e-01 -4.00000000e-06  2.00000000e-01  1.80000000e+00 
-3.90000000e-06 -5.75667032e-01 -3.90000000e-06  2.00000000e-01  1.80000000e+00 
-3.80000000e-06 -5.71736601e-01 -3.80000000e-06  2.00000000e-01  1.80000000e+00 
-3.70000000e-06 -5.67752058e-01 -3.70000000e-06  2.00000000e-01  1.80000000e+00 
-3.60000000e-06 -5.63712394e-01 -3.60000000e-06  2.00000000e-01  1.80000000e+00 
-3.50000000e-06 -5.59616403e-01 -3.50000000e-06  2.00000000e-01  1.80000000e+00 
-3.40000000e-06 -5.55462664e-01 -3.40000000e-06  2.00000000e-01  1.80000000e+00 
-3.30000000e-06 -5.51249529e-01 -3.30000000e-06  2.00000000e-01  1.80000000e+00 
-3.20000000e-06 -5.46975104e-01 -3.20000000e-06  2.00000000e-01  1.80000000e+00 
-3.10000000e-06 -5.42637225e-01 -3.10000000e-06  2.00000000e-01  1.80000000e+00 
-3.00000000e-06 -5.38233436e-01 -3.00000000e-06  2.00000000e-01  1.80000000e+00 
-2.90000000e-06 -5.33760960e-01 -2.90000000e-06  2.00000000e-01  1.80000000e+00 
-2.80000000e-06 -5.29216660e-01 -2.80000000e-06  2.00000000e-01  1.80000000e+00 
-2.70000000e-06 -5.24597001e-01 -2.70000000e-06  2.00000000e-01  1.80000000e+00 
-2.60000000e-06 -5.19897999e-01 -2.60000000e-06  2.00000000e-01  1.80000000e+00 
-2.50000000e-06 -5.15115159e-01 -2.50000000e-06  2.00000000e-01  1.80000000e+00 
-2.40000000e-06 -5.10243402e-01 -2.40000000e-06  2.00000000e-01  1.80000000e+00 
-2.30000000e-06 -5.05276981e-01 -2.30000000e-06  2.00000000e-01  1.80000000e+00 
-2.20000000e-06 -5.00209364e-01 -2.20000000e-06  2.00000000e-01  1.80000000e+00 
-2.10000000e-06 -4.95033104e-01 -2.10000000e-06  2.00000000e-01  1.80000000e+00 
-2.00000000e-06 -4.89739674e-01 -2.00000000e-06  2.00000000e-01  1.80000000e+00 
-1.90000000e-06 -4.84319250e-01 -1.90000000e-06  2.00000000e-01  1.80000000e+00 
-1.80000000e-06 -4.78760449e-01 -1.80000000e-06  2.00000000e-01  1.80000000e+00 
-1.70000000e-06 -4.73049989e-01 -1.70000000e-06  2.00000000e-01  1.80000000e+00 
-1.60000000e-06 -4.67172238e-01 -1.60000000e-06  2.00000000e-01  1.80000000e+00 
-1.50000000e-06 -4.61108639e-01 -1.50000000e-06  2.00000000e-01  1.80000000e+00 
-1.40000000e-06 -4.54836917e-01 -1.40000000e-06  2.00000000e-01  1.80000000e+00 
-1.30000000e-06 -4.48330019e-01 -1.30000000e-06  2.00000000e-01  1.80000000e+00 
-1.20000000e-06 -4.41554622e-01 -1.20000000e-06  2.00000000e-01  1.80000000e+00 
-1.10000000e-06 -4.34469015e-01 -1.10000000e-06  2.00000000e-01  1.80000000e+00 
-1.00000000e-06 -4.27019976e-01 -1.00000000e-06  2.00000000e-01  1.80000000e+00 
-9.00000000e-07 -4.19138050e-01 -9.00000000e-07  2.00000000e-01  1.80000000e+00 
-8.00000000e-07 -4.10730071e-01 -8.00000000e-07  2.00000000e-01  1.80000000e+00 
-7.00000000e-07 -4.01666768e-01 -7.00000000e-07  2.00000000e-01  1.80000000e+00 
-6.00000000e-07 -3.91760927e-01 -6.00000000e-07  2.00000000e-01  1.80000000e+00 
-5.00000000e-07 -3.80725794e-01 -5.00000000e-07  2.00000000e-01  1.80000000e+00 
-4.00000000e-07 -3.68087193e-01 -4.00000000e-07  2.00000000e-01  1.80000000e+00 
-3.00000000e-07 -3.52968561e-01 -3.00000000e-07  2.00000000e-01  1.80000000e+00 
-2.00000000e-07 -3.33431116e-01 -2.00000000e-07  2.00000000e-01  1.80000000e+00 
-1.00000000e-07 -3.03385006e-01 -1.00000000e-07  2.00000000e-01  1.80000000e+00 
-5.71747239e-21  9.00361252e-01 -5.71747239e-21  2.00000000e-01  1.80000000e+00 
 1.00000000e-07  1.52368394e+00  1.00000000e-07  2.00000000e-01  1.80000000e+00 
 2.00000000e-07  1.55582395e+00  2.00000000e-07  2.00000000e-01  1.80000000e+00 
 3.00000000e-07  1.57456755e+00  3.00000000e-07  2.00000000e-01  1.80000000e+00 
 4.00000000e-07  1.58791386e+00  4.00000000e-07  2.00000000e-01  1.80000000e+00 
 5.00000000e-07  1.59832444e+00  5.00000000e-07  2.00000000e-01  1.80000000e+00 
 6.00000000e-07  1.60691187e+00  6.00000000e-07  2.00000000e-01  1.80000000e+00 
 7.00000000e-07  1.61424952e+00  7.00000000e-07  2.00000000e-01  1.80000000e+00 
 8.00000000e-07  1.62067798e+00  8.00000000e-07  2.00000000e-01  1.80000000e+00 
 9.00000000e-07  1.62641545e+00  9.00000000e-07  2.00000000e-01  1.80000000e+00 
 1.00000000e-06  1.63160994e+00  1.00000000e-06  2.00000000e-01  1.80000000e+00 
 1.10000000e-06  1.63636639e+00  1.10000000e-06  2.00000000e-01  1.80000000e+00 
 1.20000000e-06  1.64076188e+00  1.20000000e-06  2.00000000e-01  1.80000000e+00 
 1.30000000e-06  1.64485469e+00  1.30000000e-06  2.00000000e-01  1.80000000e+00 
 1.40000000e-06  1.64868993e+00  1.40000000e-06  2.00000000e-01  1.80000000e+00 
 1.50000000e-06  1.65230327e+00  1.50000000e-06  2.00000000e-01  1.80000000e+00 
 1.60000000e-06  1.65572336e+00  1.60000000e-06  2.00000000e-01  1.80000000e+00 
 1.70000000e-06  1.65897359e+00  1.70000000e-06  2.00000000e-01  1.80000000e+00 
 1.80000000e-06  1.66207329e+00  1.80000000e-06  2.00000000e-01  1.80000000e+00 
 1.90000000e-06  1.66503862e+00  1.90000000e-06  2.00000000e-01  1.80000000e+00 
 2.00000000e-06  1.66788324e+00  2.00000000e-06  2.00000000e-01  1.80000000e+00 
 2.10000000e-06  1.67061879e+00  2.10000000e-06  2.00000000e-01  1.80000000e+00 
 2.20000000e-06  1.67325529e+00  2.20000000e-06  2.00000000e-01  1.80000000e+00 
 2.30000000e-06  1.67580139e+00  2.30000000e-06  2.00000000e-01  1.80000000e+00 
 2.40000000e-06  1.67826464e+00  2.40000000e-06  2.00000000e-01  1.80000000e+00 
 2.50000000e-06  1.68065168e+00  2.50000000e-06  2.00000000e-01  1.80000000e+00 
 2.60000000e-06  1.68296835e+00  2.60000000e-06  2.00000000e-01  1.80000000e+00 
 2.70000000e-06  1.68521983e+00  2.70000000e-06  2.00000000e-01  1.80000000e+00 
 2.80000000e-06  1.68741073e+00  2.80000000e-06  2.00000000e-01  1.80000000e+00 
 2.90000000e-06  1.68954518e+00  2.90000000e-06  2.00000000e-01  1.80000000e+00 
 3.00000000e-06  1.69162690e+00  3.00000000e-06  2.00000000e-01  1.80000000e+00 
 3.10000000e-06  1.69365922e+00  3.10000000e-06  2.00000000e-01  1.80000000e+00 
 3.20000000e-06  1.69564519e+00  3.20000000e-06  2.00000000e-01  1.80000000e+00 
 3.30000000e-06  1.69758754e+00  3.30000000e-06  2.00000000e-01  1.80000000e+00 
 3.40000000e-06  1.69948879e+00  3.40000000e-06  2.00000000e-01  1.80000000e+00 
 3.50000000e-06  1.70135122e+00  3.50000000e-06  2.00000000e-01  1.80000000e+00 
 3.60000000e-06  1.70317692e+00  3.60000000e-06  2.00000000e-01  1.80000000e+00 
 3.70000000e-06  1.70496783e+00  3.70000000e-06  2.00000000e-01  1.80000000e+00 
 3.80000000e-06  1.70672571e+00  3.80000000e-06  2.00000000e-01  1.80000000e+00 
 3.90000000e-06  1.70845220e+00  3.90000000e-06  2.00000000e-01  1.80000000e+00 
 4.00000000e-06  1.71014881e+00  4.00000000e-06  2.00000000e-01  1.80000000e+00 
 4.10000000e-06  1.71181694e+00  4.10000000e-06  2.00000000e-01  1.80000000e+00 
 4.20000000e-06  1.71345790e+00  4.20000000e-06  2.00000000e-01  1.80000000e+00 
 4.30000000e-06  1.71507290e+00  4.30000000e-06  2.00000000e-01  1.80000000e+00 
 4.40000000e-06  1.71666306e+00  4.40000000e-06  2.00000000e-01  1.80000000e+00 
 4.50000000e-06  1.71822944e+00  4.50000000e-06  2.00000000e-01  1.80000000e+00 
 4.60000000e-06  1.71977302e+00  4.60000000e-06  2.00000000e-01  1.80000000e+00 
 4.70000000e-06  1.72129472e+00  4.70000000e-06  2.00000000e-01  1.80000000e+00 
 4.80000000e-06  1.72279541e+00  4.80000000e-06  2.00000000e-01  1.80000000e+00 
 4.90000000e-06  1.72427590e+00  4.90000000e-06  2.00000000e-01  1.80000000e+00 
 5.00000000e-06  1.72573695e+00  5.00000000e-06  2.00000000e-01  1.80000000e+00 
 5.10000000e-06  1.72717929e+00  5.10000000e-06  2.00000000e-01  1.80000000e+00 
 5.20000000e-06  1.72860359e+00  5.20000000e-06  2.00000000e-01  1.80000000e+00 
 5.30000000e-06  1.73001049e+00  5.30000000e-06  2.00000000e-01  1.80000000e+00 
 5.40000000e-06  1.73140060e+00  5.40000000e-06  2.00000000e-01  1.80000000e+00 
 5.50000000e-06  1.73277449e+00  5.50000000e-06  2.00000000e-01  1.80000000e+00 
 5.60000000e-06  1.73413269e+00  5.60000000e-06  2.00000000e-01  1.80000000e+00 
 5.70000000e-06  1.73547573e+00  5.70000000e-06  2.00000000e-01  1.80000000e+00 
 5.80000000e-06  1.73680410e+00  5.80000000e-06  2.00000000e-01  1.80000000e+00 
 5.90000000e-06  1.73811825e+00  5.90000000e-06  2.00000000e-01  1.80000000e+00 
 6.00000000e-06  1.73941862e+00  6.00000000e-06  2.00000000e-01  1.80000000e+00 
