 i-sweep         v(vout)         i(viin)         v(vgate)        v(vmid)        
 0.00000000e+00  9.92222415e-01  0.00000000e+00  1.70000000e+00  1.20000000e+00 
 1.00000000e-07  1.07318642e+00  1.00000000e-07  1.70000000e+00  1.20000000e+00 
 2.00000000e-07  1.10452312e+00  2.00000000e-07  1.70000000e+00  1.20000000e+00 
 3.00000000e-07  1.12348479e+00  3.00000000e-07  1.70000000e+00  1.20000000e+00 
 4.00000000e-07  1.13674695e+00  4.00000000e-07  1.70000000e+00  1.20000000e+00 
 5.00000000e-07  1.14720672e+00  5.00000000e-07  1.70000000e+00  1.20000000e+00 
 6.00000000e-07  1.15663467e+00  6.00000000e-07  1.70000000e+00  1.20000000e+00 
 7.00000000e-07  1.16368555e+00  7.00000000e-07  1.70000000e+00  1.20000000e+00 
 8.00000000e-07  1.17008736e+00  8.00000000e-07  1.70000000e+00  1.20000000e+00 
 9.00000000e-07  1.17580157e+00  9.00000000e-07  1.70000000e+00  1.20000000e+00 
 1.00000000e-06  1.18099507e+00  1.00000000e-06  1.70000000e+00  1.20000000e+00 
 1.10000000e-06  1.18576222e+00  1.10000000e-06  1.70000000e+00  1.20000000e+00 
 1.20000000e-06  1.19017630e+00  1.20000000e-06  1.70000000e+00  1.20000000e+00 
 1.30000000e-06  1.19429298e+00  1.30000000e-06  1.70000000e+00  1.20000000e+00 
 1.40000000e-06  1.19815570e+00  1.40000000e-06  1.70000000e+00  1.20000000e+00 
 1.50000000e-06  1.20179902e+00  1.50000000e-06  1.70000000e+00  1.20000000e+00 
 1.60000000e-06  1.20525083e+00  1.60000000e-06  1.70000000e+00  1.20000000e+00 
 1.70000000e-06  1.20853399e+00  1.70000000e-06  1.70000000e+00  1.20000000e+00 
 1.80000000e-06  1.21166746e+00  1.80000000e-06  1.70000000e+00  1.20000000e+00 
 1.90000000e-06  1.21466716e+00  1.90000000e-06  1.70000000e+00  1.20000000e+00 
 2.00000000e-06  1.21754654e+00  2.00000000e-06  1.70000000e+00  1.20000000e+00 
 2.10000000e-06  1.22031710e+00  2.10000000e-06  1.70000000e+00  1.20000000e+00 
 2.20000000e-06  1.22298874e+00  2.20000000e-06  1.70000000e+00  1.20000000e+00 
 2.30000000e-06  1.22557006e+00  2.30000000e-06  1.70000000e+00  1.20000000e+00 
 2.40000000e-06  1.22806854e+00  2.40000000e-06  1.70000000e+00  1.20000000e+00 
 2.50000000e-06  1.23049077e+00  2.50000000e-06  1.70000000e+00  1.20000000e+00 
 2.60000000e-06  1.23284256e+00  2.60000000e-06  1.70000000e+00  1.20000000e+00 
 2.70000000e-06  1.23512906e+00  2.70000000e-06  1.70000000e+00  1.20000000e+00 
 2.80000000e-06  1.23735488e+00  2.80000000e-06  1.70000000e+00  1.20000000e+00 
 2.90000000e-06  1.23952413e+00  2.90000000e-06  1.70000000e+00  1.20000000e+00 
 3.00000000e-06  1.24164050e+00  3.00000000e-06  1.70000000e+00  1.20000000e+00 
 3.10000000e-06  1.24370734e+00  3.10000000e-06  1.70000000e+00  1.20000000e+00 
 3.20000000e-06  1.24572767e+00  3.20000000e-06  1.70000000e+00  1.20000000e+00 
 3.30000000e-06  1.24770424e+00  3.30000000e-06  1.70000000e+00  1.20000000e+00 
 3.40000000e-06  1.24963955e+00  3.40000000e-06  1.70000000e+00  1.20000000e+00 
 3.50000000e-06  1.25153589e+00  3.50000000e-06  1.70000000e+00  1.20000000e+00 
 3.60000000e-06  1.25339536e+00  3.60000000e-06  1.70000000e+00  1.20000000e+00 
 3.70000000e-06  1.25521987e+00  3.70000000e-06  1.70000000e+00  1.20000000e+00 
 3.80000000e-06  1.25701121e+00  3.80000000e-06  1.70000000e+00  1.20000000e+00 
 3.90000000e-06  1.25877102e+00  3.90000000e-06  1.70000000e+00  1.20000000e+00 
 4.00000000e-06  1.26050080e+00  4.00000000e-06  1.70000000e+00  1.20000000e+00 
 4.10000000e-06  1.26220195e+00  4.10000000e-06  1.70000000e+00  1.20000000e+00 
 4.20000000e-06  1.26387580e+00  4.20000000e-06  1.70000000e+00  1.20000000e+00 
 4.30000000e-06  1.26552354e+00  4.30000000e-06  1.70000000e+00  1.20000000e+00 
 4.40000000e-06  1.26714630e+00  4.40000000e-06  1.70000000e+00  1.20000000e+00 
 4.50000000e-06  1.26874515e+00  4.50000000e-06  1.70000000e+00  1.20000000e+00 
 4.60000000e-06  1.27032107e+00  4.60000000e-06  1.70000000e+00  1.20000000e+00 
 4.70000000e-06  1.27187498e+00  4.70000000e-06  1.70000000e+00  1.20000000e+00 
 4.80000000e-06  1.27340776e+00  4.80000000e-06  1.70000000e+00  1.20000000e+00 
 4.90000000e-06  1.27492021e+00  4.90000000e-06  1.70000000e+00  1.20000000e+00 
 5.00000000e-06  1.27641311e+00  5.00000000e-06  1.70000000e+00  1.20000000e+00 
 5.10000000e-06  1.27788717e+00  5.10000000e-06  1.70000000e+00  1.20000000e+00 
 5.20000000e-06  1.27934307e+00  5.20000000e-06  1.70000000e+00  1.20000000e+00 
 5.30000000e-06  1.28078146e+00  5.30000000e-06  1.70000000e+00  1.20000000e+00 
 5.40000000e-06  1.28220295e+00  5.40000000e-06  1.70000000e+00  1.20000000e+00 
 5.50000000e-06  1.28360810e+00  5.50000000e-06  1.70000000e+00  1.20000000e+00 
 5.60000000e-06  1.28499747e+00  5.60000000e-06  1.70000000e+00  1.20000000e+00 
 5.70000000e-06  1.28637157e+00  5.70000000e-06  1.70000000e+00  1.20000000e+00 
 5.80000000e-06  1.28773089e+00  5.80000000e-06  1.70000000e+00  1.20000000e+00 
 5.90000000e-06  1.28907589e+00  5.90000000e-06  1.70000000e+00  1.20000000e+00 
 6.00000000e-06  1.29040701e+00  6.00000000e-06  1.70000000e+00  1.20000000e+00 
 6.10000000e-06  1.29172469e+00  6.10000000e-06  1.70000000e+00  1.20000000e+00 
 6.20000000e-06  1.29302931e+00  6.20000000e-06  1.70000000e+00  1.20000000e+00 
 6.30000000e-06  1.29432126e+00  6.30000000e-06  1.70000000e+00  1.20000000e+00 
 6.40000000e-06  1.29560090e+00  6.40000000e-06  1.70000000e+00  1.20000000e+00 
 6.50000000e-06  1.29686859e+00  6.50000000e-06  1.70000000e+00  1.20000000e+00 
 6.60000000e-06  1.29812466e+00  6.60000000e-06  1.70000000e+00  1.20000000e+00 
 6.70000000e-06  1.29936942e+00  6.70000000e-06  1.70000000e+00  1.20000000e+00 
 6.80000000e-06  1.30060318e+00  6.80000000e-06  1.70000000e+00  1.20000000e+00 
 6.90000000e-06  1.30182622e+00  6.90000000e-06  1.70000000e+00  1.20000000e+00 
 7.00000000e-06  1.30303884e+00  7.00000000e-06  1.70000000e+00  1.20000000e+00 
 7.10000000e-06  1.30424129e+00  7.10000000e-06  1.70000000e+00  1.20000000e+00 
 7.20000000e-06  1.30543384e+00  7.20000000e-06  1.70000000e+00  1.20000000e+00 
 7.30000000e-06  1.30661673e+00  7.30000000e-06  1.70000000e+00  1.20000000e+00 
 7.40000000e-06  1.30779019e+00  7.40000000e-06  1.70000000e+00  1.20000000e+00 
 7.50000000e-06  1.30895447e+00  7.50000000e-06  1.70000000e+00  1.20000000e+00 
 7.60000000e-06  1.31010976e+00  7.60000000e-06  1.70000000e+00  1.20000000e+00 
 7.70000000e-06  1.31125629e+00  7.70000000e-06  1.70000000e+00  1.20000000e+00 
 7.80000000e-06  1.31239426e+00  7.80000000e-06  1.70000000e+00  1.20000000e+00 
 7.90000000e-06  1.31352386e+00  7.90000000e-06  1.70000000e+00  1.20000000e+00 
 8.00000000e-06  1.31464528e+00  8.00000000e-06  1.70000000e+00  1.20000000e+00 
 8.10000000e-06  1.31575871e+00  8.10000000e-06  1.70000000e+00  1.20000000e+00 
 8.20000000e-06  1.31686431e+00  8.20000000e-06  1.70000000e+00  1.20000000e+00 
 8.30000000e-06  1.31796226e+00  8.30000000e-06  1.70000000e+00  1.20000000e+00 
 8.40000000e-06  1.31905272e+00  8.40000000e-06  1.70000000e+00  1.20000000e+00 
 8.50000000e-06  1.32013584e+00  8.50000000e-06  1.70000000e+00  1.20000000e+00 
 8.60000000e-06  1.32121179e+00  8.60000000e-06  1.70000000e+00  1.20000000e+00 
 8.70000000e-06  1.32228071e+00  8.70000000e-06  1.70000000e+00  1.20000000e+00 
 8.80000000e-06  1.32334273e+00  8.80000000e-06  1.70000000e+00  1.20000000e+00 
 8.90000000e-06  1.32439800e+00  8.90000000e-06  1.70000000e+00  1.20000000e+00 
 9.00000000e-06  1.32544665e+00  9.00000000e-06  1.70000000e+00  1.20000000e+00 
 9.10000000e-06  1.32648881e+00  9.10000000e-06  1.70000000e+00  1.20000000e+00 
 9.20000000e-06  1.32752460e+00  9.20000000e-06  1.70000000e+00  1.20000000e+00 
 9.30000000e-06  1.32855415e+00  9.30000000e-06  1.70000000e+00  1.20000000e+00 
 9.40000000e-06  1.32957758e+00  9.40000000e-06  1.70000000e+00  1.20000000e+00 
 9.50000000e-06  1.33059499e+00  9.50000000e-06  1.70000000e+00  1.20000000e+00 
 9.60000000e-06  1.33160649e+00  9.60000000e-06  1.70000000e+00  1.20000000e+00 
 9.70000000e-06  1.33261221e+00  9.70000000e-06  1.70000000e+00  1.20000000e+00 
 9.80000000e-06  1.33361223e+00  9.80000000e-06  1.70000000e+00  1.20000000e+00 
 9.90000000e-06  1.33460666e+00  9.90000000e-06  1.70000000e+00  1.20000000e+00 
 1.00000000e-05  1.33559559e+00  1.00000000e-05  1.70000000e+00  1.20000000e+00 
 1.01000000e-05  1.33657914e+00  1.01000000e-05  1.70000000e+00  1.20000000e+00 
 1.02000000e-05  1.33755737e+00  1.02000000e-05  1.70000000e+00  1.20000000e+00 
 1.03000000e-05  1.33853039e+00  1.03000000e-05  1.70000000e+00  1.20000000e+00 
 1.04000000e-05  1.33949829e+00  1.04000000e-05  1.70000000e+00  1.20000000e+00 
 1.05000000e-05  1.34046115e+00  1.05000000e-05  1.70000000e+00  1.20000000e+00 
 1.06000000e-05  1.34141904e+00  1.06000000e-05  1.70000000e+00  1.20000000e+00 
 1.07000000e-05  1.34237206e+00  1.07000000e-05  1.70000000e+00  1.20000000e+00 
 1.08000000e-05  1.34332028e+00  1.08000000e-05  1.70000000e+00  1.20000000e+00 
 1.09000000e-05  1.34426378e+00  1.09000000e-05  1.70000000e+00  1.20000000e+00 
 1.10000000e-05  1.34520262e+00  1.10000000e-05  1.70000000e+00  1.20000000e+00 
 1.11000000e-05  1.34613690e+00  1.11000000e-05  1.70000000e+00  1.20000000e+00 
 1.12000000e-05  1.34706666e+00  1.12000000e-05  1.70000000e+00  1.20000000e+00 
 1.13000000e-05  1.34799200e+00  1.13000000e-05  1.70000000e+00  1.20000000e+00 
 1.14000000e-05  1.34891296e+00  1.14000000e-05  1.70000000e+00  1.20000000e+00 
 1.15000000e-05  1.34982962e+00  1.15000000e-05  1.70000000e+00  1.20000000e+00 
 1.16000000e-05  1.35074204e+00  1.16000000e-05  1.70000000e+00  1.20000000e+00 
 1.17000000e-05  1.35165029e+00  1.17000000e-05  1.70000000e+00  1.20000000e+00 
 1.18000000e-05  1.35255441e+00  1.18000000e-05  1.70000000e+00  1.20000000e+00 
 1.19000000e-05  1.35345449e+00  1.19000000e-05  1.70000000e+00  1.20000000e+00 
 1.20000000e-05  1.35435056e+00  1.20000000e-05  1.70000000e+00  1.20000000e+00 
 1.21000000e-05  1.35524269e+00  1.21000000e-05  1.70000000e+00  1.20000000e+00 
 1.22000000e-05  1.35613094e+00  1.22000000e-05  1.70000000e+00  1.20000000e+00 
 1.23000000e-05  1.35701535e+00  1.23000000e-05  1.70000000e+00  1.20000000e+00 
 1.24000000e-05  1.35789599e+00  1.24000000e-05  1.70000000e+00  1.20000000e+00 
 1.25000000e-05  1.35877290e+00  1.25000000e-05  1.70000000e+00  1.20000000e+00 
 1.26000000e-05  1.35964613e+00  1.26000000e-05  1.70000000e+00  1.20000000e+00 
 1.27000000e-05  1.36051573e+00  1.27000000e-05  1.70000000e+00  1.20000000e+00 
 1.28000000e-05  1.36138176e+00  1.28000000e-05  1.70000000e+00  1.20000000e+00 
 1.29000000e-05  1.36224425e+00  1.29000000e-05  1.70000000e+00  1.20000000e+00 
 1.30000000e-05  1.36310325e+00  1.30000000e-05  1.70000000e+00  1.20000000e+00 
 1.31000000e-05  1.36395882e+00  1.31000000e-05  1.70000000e+00  1.20000000e+00 
 1.32000000e-05  1.36481099e+00  1.32000000e-05  1.70000000e+00  1.20000000e+00 
 1.33000000e-05  1.36565980e+00  1.33000000e-05  1.70000000e+00  1.20000000e+00 
 1.34000000e-05  1.36650531e+00  1.34000000e-05  1.70000000e+00  1.20000000e+00 
 1.35000000e-05  1.36734754e+00  1.35000000e-05  1.70000000e+00  1.20000000e+00 
 1.36000000e-05  1.36818655e+00  1.36000000e-05  1.70000000e+00  1.20000000e+00 
 1.37000000e-05  1.36902237e+00  1.37000000e-05  1.70000000e+00  1.20000000e+00 
 1.38000000e-05  1.36985504e+00  1.38000000e-05  1.70000000e+00  1.20000000e+00 
 1.39000000e-05  1.37068460e+00  1.39000000e-05  1.70000000e+00  1.20000000e+00 
 1.40000000e-05  1.37151108e+00  1.40000000e-05  1.70000000e+00  1.20000000e+00 
 1.41000000e-05  1.37233453e+00  1.41000000e-05  1.70000000e+00  1.20000000e+00 
 1.42000000e-05  1.37315497e+00  1.42000000e-05  1.70000000e+00  1.20000000e+00 
 1.43000000e-05  1.37397245e+00  1.43000000e-05  1.70000000e+00  1.20000000e+00 
 1.44000000e-05  1.37478700e+00  1.44000000e-05  1.70000000e+00  1.20000000e+00 
 1.45000000e-05  1.37559865e+00  1.45000000e-05  1.70000000e+00  1.20000000e+00 
 1.46000000e-05  1.37640743e+00  1.46000000e-05  1.70000000e+00  1.20000000e+00 
 1.47000000e-05  1.37721339e+00  1.47000000e-05  1.70000000e+00  1.20000000e+00 
 1.48000000e-05  1.37801654e+00  1.48000000e-05  1.70000000e+00  1.20000000e+00 
 1.49000000e-05  1.37881693e+00  1.49000000e-05  1.70000000e+00  1.20000000e+00 
 1.50000000e-05  1.37961458e+00  1.50000000e-05  1.70000000e+00  1.20000000e+00 
 1.51000000e-05  1.38040952e+00  1.51000000e-05  1.70000000e+00  1.20000000e+00 
 1.52000000e-05  1.38120179e+00  1.52000000e-05  1.70000000e+00  1.20000000e+00 
 1.53000000e-05  1.38199141e+00  1.53000000e-05  1.70000000e+00  1.20000000e+00 
 1.54000000e-05  1.38277841e+00  1.54000000e-05  1.70000000e+00  1.20000000e+00 
 1.55000000e-05  1.38356281e+00  1.55000000e-05  1.70000000e+00  1.20000000e+00 
 1.56000000e-05  1.38434466e+00  1.56000000e-05  1.70000000e+00  1.20000000e+00 
 1.57000000e-05  1.38512396e+00  1.57000000e-05  1.70000000e+00  1.20000000e+00 
 1.58000000e-05  1.38590076e+00  1.58000000e-05  1.70000000e+00  1.20000000e+00 
 1.59000000e-05  1.38667507e+00  1.59000000e-05  1.70000000e+00  1.20000000e+00 
 1.60000000e-05  1.38744693e+00  1.60000000e-05  1.70000000e+00  1.20000000e+00 
 1.61000000e-05  1.38821635e+00  1.61000000e-05  1.70000000e+00  1.20000000e+00 
 1.62000000e-05  1.38898337e+00  1.62000000e-05  1.70000000e+00  1.20000000e+00 
 1.63000000e-05  1.38974800e+00  1.63000000e-05  1.70000000e+00  1.20000000e+00 
 1.64000000e-05  1.39051027e+00  1.64000000e-05  1.70000000e+00  1.20000000e+00 
 1.65000000e-05  1.39127021e+00  1.65000000e-05  1.70000000e+00  1.20000000e+00 
 1.66000000e-05  1.39202784e+00  1.66000000e-05  1.70000000e+00  1.20000000e+00 
 1.67000000e-05  1.39278317e+00  1.67000000e-05  1.70000000e+00  1.20000000e+00 
 1.68000000e-05  1.39353624e+00  1.68000000e-05  1.70000000e+00  1.20000000e+00 
 1.69000000e-05  1.39428707e+00  1.69000000e-05  1.70000000e+00  1.20000000e+00 
 1.70000000e-05  1.39503567e+00  1.70000000e-05  1.70000000e+00  1.20000000e+00 
 1.71000000e-05  1.39578207e+00  1.71000000e-05  1.70000000e+00  1.20000000e+00 
 1.72000000e-05  1.39652628e+00  1.72000000e-05  1.70000000e+00  1.20000000e+00 
 1.73000000e-05  1.39726834e+00  1.73000000e-05  1.70000000e+00  1.20000000e+00 
 1.74000000e-05  1.39800826e+00  1.74000000e-05  1.70000000e+00  1.20000000e+00 
 1.75000000e-05  1.39874606e+00  1.75000000e-05  1.70000000e+00  1.20000000e+00 
 1.76000000e-05  1.39948176e+00  1.76000000e-05  1.70000000e+00  1.20000000e+00 
 1.77000000e-05  1.40021538e+00  1.77000000e-05  1.70000000e+00  1.20000000e+00 
 1.78000000e-05  1.40094693e+00  1.78000000e-05  1.70000000e+00  1.20000000e+00 
 1.79000000e-05  1.40167645e+00  1.79000000e-05  1.70000000e+00  1.20000000e+00 
 1.80000000e-05  1.40240394e+00  1.80000000e-05  1.70000000e+00  1.20000000e+00 
 1.81000000e-05  1.40312943e+00  1.81000000e-05  1.70000000e+00  1.20000000e+00 
 1.82000000e-05  1.40385293e+00  1.82000000e-05  1.70000000e+00  1.20000000e+00 
 1.83000000e-05  1.40457445e+00  1.83000000e-05  1.70000000e+00  1.20000000e+00 
 1.84000000e-05  1.40529403e+00  1.84000000e-05  1.70000000e+00  1.20000000e+00 
 1.85000000e-05  1.40601167e+00  1.85000000e-05  1.70000000e+00  1.20000000e+00 
 1.86000000e-05  1.40672739e+00  1.86000000e-05  1.70000000e+00  1.20000000e+00 
 1.87000000e-05  1.40744122e+00  1.87000000e-05  1.70000000e+00  1.20000000e+00 
 1.88000000e-05  1.40815315e+00  1.88000000e-05  1.70000000e+00  1.20000000e+00 
 1.89000000e-05  1.40886322e+00  1.89000000e-05  1.70000000e+00  1.20000000e+00 
 1.90000000e-05  1.40957143e+00  1.90000000e-05  1.70000000e+00  1.20000000e+00 
 1.91000000e-05  1.41027781e+00  1.91000000e-05  1.70000000e+00  1.20000000e+00 
 1.92000000e-05  1.41098237e+00  1.92000000e-05  1.70000000e+00  1.20000000e+00 
 1.93000000e-05  1.41168512e+00  1.93000000e-05  1.70000000e+00  1.20000000e+00 
 1.94000000e-05  1.41238608e+00  1.94000000e-05  1.70000000e+00  1.20000000e+00 
 1.95000000e-05  1.41308526e+00  1.95000000e-05  1.70000000e+00  1.20000000e+00 
 1.96000000e-05  1.41378268e+00  1.96000000e-05  1.70000000e+00  1.20000000e+00 
 1.97000000e-05  1.41447836e+00  1.97000000e-05  1.70000000e+00  1.20000000e+00 
 1.98000000e-05  1.41517230e+00  1.98000000e-05  1.70000000e+00  1.20000000e+00 
 1.99000000e-05  1.41586452e+00  1.99000000e-05  1.70000000e+00  1.20000000e+00 
 2.00000000e-05  1.41655504e+00  2.00000000e-05  1.70000000e+00  1.20000000e+00 
 2.01000000e-05  1.41724387e+00  2.01000000e-05  1.70000000e+00  1.20000000e+00 
 2.02000000e-05  1.41793101e+00  2.02000000e-05  1.70000000e+00  1.20000000e+00 
 2.03000000e-05  1.41861650e+00  2.03000000e-05  1.70000000e+00  1.20000000e+00 
 2.04000000e-05  1.41930033e+00  2.04000000e-05  1.70000000e+00  1.20000000e+00 
 2.05000000e-05  1.41998253e+00  2.05000000e-05  1.70000000e+00  1.20000000e+00 
 2.06000000e-05  1.42066310e+00  2.06000000e-05  1.70000000e+00  1.20000000e+00 
 2.07000000e-05  1.42134206e+00  2.07000000e-05  1.70000000e+00  1.20000000e+00 
 2.08000000e-05  1.42201942e+00  2.08000000e-05  1.70000000e+00  1.20000000e+00 
 2.09000000e-05  1.42269519e+00  2.09000000e-05  1.70000000e+00  1.20000000e+00 
 2.10000000e-05  1.42336938e+00  2.10000000e-05  1.70000000e+00  1.20000000e+00 
 2.11000000e-05  1.42404201e+00  2.11000000e-05  1.70000000e+00  1.20000000e+00 
 2.12000000e-05  1.42471309e+00  2.12000000e-05  1.70000000e+00  1.20000000e+00 
 2.13000000e-05  1.42538263e+00  2.13000000e-05  1.70000000e+00  1.20000000e+00 
 2.14000000e-05  1.42605064e+00  2.14000000e-05  1.70000000e+00  1.20000000e+00 
 2.15000000e-05  1.42671713e+00  2.15000000e-05  1.70000000e+00  1.20000000e+00 
 2.16000000e-05  1.42738212e+00  2.16000000e-05  1.70000000e+00  1.20000000e+00 
 2.17000000e-05  1.42804561e+00  2.17000000e-05  1.70000000e+00  1.20000000e+00 
 2.18000000e-05  1.42870762e+00  2.18000000e-05  1.70000000e+00  1.20000000e+00 
 2.19000000e-05  1.42936815e+00  2.19000000e-05  1.70000000e+00  1.20000000e+00 
 2.20000000e-05  1.43002723e+00  2.20000000e-05  1.70000000e+00  1.20000000e+00 
 2.21000000e-05  1.43068485e+00  2.21000000e-05  1.70000000e+00  1.20000000e+00 
 2.22000000e-05  1.43134103e+00  2.22000000e-05  1.70000000e+00  1.20000000e+00 
 2.23000000e-05  1.43199578e+00  2.23000000e-05  1.70000000e+00  1.20000000e+00 
 2.24000000e-05  1.43264911e+00  2.24000000e-05  1.70000000e+00  1.20000000e+00 
 2.25000000e-05  1.43330102e+00  2.25000000e-05  1.70000000e+00  1.20000000e+00 
 2.26000000e-05  1.43395154e+00  2.26000000e-05  1.70000000e+00  1.20000000e+00 
 2.27000000e-05  1.43460067e+00  2.27000000e-05  1.70000000e+00  1.20000000e+00 
 2.28000000e-05  1.43524841e+00  2.28000000e-05  1.70000000e+00  1.20000000e+00 
 2.29000000e-05  1.43589479e+00  2.29000000e-05  1.70000000e+00  1.20000000e+00 
 2.30000000e-05  1.43653980e+00  2.30000000e-05  1.70000000e+00  1.20000000e+00 
 2.31000000e-05  1.43718346e+00  2.31000000e-05  1.70000000e+00  1.20000000e+00 
 2.32000000e-05  1.43782577e+00  2.32000000e-05  1.70000000e+00  1.20000000e+00 
 2.33000000e-05  1.43846675e+00  2.33000000e-05  1.70000000e+00  1.20000000e+00 
 2.34000000e-05  1.43910641e+00  2.34000000e-05  1.70000000e+00  1.20000000e+00 
 2.35000000e-05  1.43974475e+00  2.35000000e-05  1.70000000e+00  1.20000000e+00 
 2.36000000e-05  1.44038178e+00  2.36000000e-05  1.70000000e+00  1.20000000e+00 
 2.37000000e-05  1.44101751e+00  2.37000000e-05  1.70000000e+00  1.20000000e+00 
 2.38000000e-05  1.44165196e+00  2.38000000e-05  1.70000000e+00  1.20000000e+00 
 2.39000000e-05  1.44228512e+00  2.39000000e-05  1.70000000e+00  1.20000000e+00 
 2.40000000e-05  1.44291701e+00  2.40000000e-05  1.70000000e+00  1.20000000e+00 
 2.41000000e-05  1.44354764e+00  2.41000000e-05  1.70000000e+00  1.20000000e+00 
 2.42000000e-05  1.44417701e+00  2.42000000e-05  1.70000000e+00  1.20000000e+00 
 2.43000000e-05  1.44480513e+00  2.43000000e-05  1.70000000e+00  1.20000000e+00 
 2.44000000e-05  1.44543201e+00  2.44000000e-05  1.70000000e+00  1.20000000e+00 
 2.45000000e-05  1.44605766e+00  2.45000000e-05  1.70000000e+00  1.20000000e+00 
 2.46000000e-05  1.44668208e+00  2.46000000e-05  1.70000000e+00  1.20000000e+00 
 2.47000000e-05  1.44730529e+00  2.47000000e-05  1.70000000e+00  1.20000000e+00 
 2.48000000e-05  1.44792729e+00  2.48000000e-05  1.70000000e+00  1.20000000e+00 
 2.49000000e-05  1.44854809e+00  2.49000000e-05  1.70000000e+00  1.20000000e+00 
 2.50000000e-05  1.44916770e+00  2.50000000e-05  1.70000000e+00  1.20000000e+00 
 2.51000000e-05  1.44978612e+00  2.51000000e-05  1.70000000e+00  1.20000000e+00 
 2.52000000e-05  1.45040337e+00  2.52000000e-05  1.70000000e+00  1.20000000e+00 
 2.53000000e-05  1.45101944e+00  2.53000000e-05  1.70000000e+00  1.20000000e+00 
 2.54000000e-05  1.45163435e+00  2.54000000e-05  1.70000000e+00  1.20000000e+00 
 2.55000000e-05  1.45224810e+00  2.55000000e-05  1.70000000e+00  1.20000000e+00 
 2.56000000e-05  1.45286070e+00  2.56000000e-05  1.70000000e+00  1.20000000e+00 
 2.57000000e-05  1.45347216e+00  2.57000000e-05  1.70000000e+00  1.20000000e+00 
 2.58000000e-05  1.45408249e+00  2.58000000e-05  1.70000000e+00  1.20000000e+00 
 2.59000000e-05  1.45469169e+00  2.59000000e-05  1.70000000e+00  1.20000000e+00 
 2.60000000e-05  1.45529976e+00  2.60000000e-05  1.70000000e+00  1.20000000e+00 
 2.61000000e-05  1.45590672e+00  2.61000000e-05  1.70000000e+00  1.20000000e+00 
 2.62000000e-05  1.45651257e+00  2.62000000e-05  1.70000000e+00  1.20000000e+00 
 2.63000000e-05  1.45711733e+00  2.63000000e-05  1.70000000e+00  1.20000000e+00 
 2.64000000e-05  1.45772098e+00  2.64000000e-05  1.70000000e+00  1.20000000e+00 
 2.65000000e-05  1.45832355e+00  2.65000000e-05  1.70000000e+00  1.20000000e+00 
 2.66000000e-05  1.45892503e+00  2.66000000e-05  1.70000000e+00  1.20000000e+00 
 2.67000000e-05  1.45952545e+00  2.67000000e-05  1.70000000e+00  1.20000000e+00 
 2.68000000e-05  1.46012479e+00  2.68000000e-05  1.70000000e+00  1.20000000e+00 
 2.69000000e-05  1.46072306e+00  2.69000000e-05  1.70000000e+00  1.20000000e+00 
 2.70000000e-05  1.46132028e+00  2.70000000e-05  1.70000000e+00  1.20000000e+00 
 2.71000000e-05  1.46191645e+00  2.71000000e-05  1.70000000e+00  1.20000000e+00 
 2.72000000e-05  1.46251158e+00  2.72000000e-05  1.70000000e+00  1.20000000e+00 
 2.73000000e-05  1.46310567e+00  2.73000000e-05  1.70000000e+00  1.20000000e+00 
 2.74000000e-05  1.46369872e+00  2.74000000e-05  1.70000000e+00  1.20000000e+00 
 2.75000000e-05  1.46429075e+00  2.75000000e-05  1.70000000e+00  1.20000000e+00 
 2.76000000e-05  1.46488175e+00  2.76000000e-05  1.70000000e+00  1.20000000e+00 
 2.77000000e-05  1.46547174e+00  2.77000000e-05  1.70000000e+00  1.20000000e+00 
 2.78000000e-05  1.46606072e+00  2.78000000e-05  1.70000000e+00  1.20000000e+00 
 2.79000000e-05  1.46664870e+00  2.79000000e-05  1.70000000e+00  1.20000000e+00 
 2.80000000e-05  1.46723568e+00  2.80000000e-05  1.70000000e+00  1.20000000e+00 
 2.81000000e-05  1.46782166e+00  2.81000000e-05  1.70000000e+00  1.20000000e+00 
 2.82000000e-05  1.46840666e+00  2.82000000e-05  1.70000000e+00  1.20000000e+00 
 2.83000000e-05  1.46899068e+00  2.83000000e-05  1.70000000e+00  1.20000000e+00 
 2.84000000e-05  1.46957372e+00  2.84000000e-05  1.70000000e+00  1.20000000e+00 
 2.85000000e-05  1.47015579e+00  2.85000000e-05  1.70000000e+00  1.20000000e+00 
 2.86000000e-05  1.47073689e+00  2.86000000e-05  1.70000000e+00  1.20000000e+00 
 2.87000000e-05  1.47131703e+00  2.87000000e-05  1.70000000e+00  1.20000000e+00 
 2.88000000e-05  1.47189622e+00  2.88000000e-05  1.70000000e+00  1.20000000e+00 
 2.89000000e-05  1.47247446e+00  2.89000000e-05  1.70000000e+00  1.20000000e+00 
 2.90000000e-05  1.47305175e+00  2.90000000e-05  1.70000000e+00  1.20000000e+00 
 2.91000000e-05  1.47362810e+00  2.91000000e-05  1.70000000e+00  1.20000000e+00 
 2.92000000e-05  1.47420352e+00  2.92000000e-05  1.70000000e+00  1.20000000e+00 
 2.93000000e-05  1.47477800e+00  2.93000000e-05  1.70000000e+00  1.20000000e+00 
 2.94000000e-05  1.47535156e+00  2.94000000e-05  1.70000000e+00  1.20000000e+00 
 2.95000000e-05  1.47592421e+00  2.95000000e-05  1.70000000e+00  1.20000000e+00 
 2.96000000e-05  1.47649593e+00  2.96000000e-05  1.70000000e+00  1.20000000e+00 
 2.97000000e-05  1.47706675e+00  2.97000000e-05  1.70000000e+00  1.20000000e+00 
 2.98000000e-05  1.47763666e+00  2.98000000e-05  1.70000000e+00  1.20000000e+00 
 2.99000000e-05  1.47820566e+00  2.99000000e-05  1.70000000e+00  1.20000000e+00 
 3.00000000e-05  1.47877378e+00  3.00000000e-05  1.70000000e+00  1.20000000e+00 
