 i-sweep         v(vout)         i(viin)         v(vgate)        v(vmid)        
-6.00000000e-06  4.66054601e-01 -6.00000000e-06  1.60000000e+00  1.70000000e+00 
-5.90000000e-06  4.69668173e-01 -5.90000000e-06  1.60000000e+00  1.70000000e+00 
-5.80000000e-06  4.73310311e-01 -5.80000000e-06  1.60000000e+00  1.70000000e+00 
-5.70000000e-06  4.76981729e-01 -5.70000000e-06  1.60000000e+00  1.70000000e+00 
-5.60000000e-06  4.80683172e-01 -5.60000000e-06  1.60000000e+00  1.70000000e+00 
-5.50000000e-06  4.84415415e-01 -5.50000000e-06  1.60000000e+00  1.70000000e+00 
-5.40000000e-06  4.88179270e-01 -5.40000000e-06  1.60000000e+00  1.70000000e+00 
-5.30000000e-06  4.91975583e-01 -5.30000000e-06  1.60000000e+00  1.70000000e+00 
-5.20000000e-06  4.95805240e-01 -5.20000000e-06  1.60000000e+00  1.70000000e+00 
-5.10000000e-06  4.99669167e-01 -5.10000000e-06  1.60000000e+00  1.70000000e+00 
-5.00000000e-06  5.03568334e-01 -5.00000000e-06  1.60000000e+00  1.70000000e+00 
-4.90000000e-06  5.07503758e-01 -4.90000000e-06  1.60000000e+00  1.70000000e+00 
-4.80000000e-06  5.11476508e-01 -4.80000000e-06  1.60000000e+00  1.70000000e+00 
-4.70000000e-06  5.15487706e-01 -4.70000000e-06  1.60000000e+00  1.70000000e+00 
-4.60000000e-06  5.19538531e-01 -4.60000000e-06  1.60000000e+00  1.70000000e+00 
-4.50000000e-06  5.23630225e-01 -4.50000000e-06  1.60000000e+00  1.70000000e+00 
-4.40000000e-06  5.27764098e-01 -4.40000000e-06  1.60000000e+00  1.70000000e+00 
-4.30000000e-06  5.31941533e-01 -4.30000000e-06  1.60000000e+00  1.70000000e+00 
-4.20000000e-06  5.36163992e-01 -4.20000000e-06  1.60000000e+00  1.70000000e+00 
-4.10000000e-06  5.40433021e-01 -4.10000000e-06  1.60000000e+00  1.70000000e+00 
-4.00000000e-06  5.44750262e-01 -4.00000000e-06  1.60000000e+00  1.70000000e+00 
-3.90000000e-06  5.49117456e-01 -3.90000000e-06  1.60000000e+00  1.70000000e+00 
-3.80000000e-06  5.53536455e-01 -3.80000000e-06  1.60000000e+00  1.70000000e+00 
-3.70000000e-06  5.58009235e-01 -3.70000000e-06  1.60000000e+00  1.70000000e+00 
-3.60000000e-06  5.62537904e-01 -3.60000000e-06  1.60000000e+00  1.70000000e+00 
-3.50000000e-06  5.67124717e-01 -3.50000000e-06  1.60000000e+00  1.70000000e+00 
-3.40000000e-06  5.71772093e-01 -3.40000000e-06  1.60000000e+00  1.70000000e+00 
-3.30000000e-06  5.76482630e-01 -3.30000000e-06  1.60000000e+00  1.70000000e+00 
-3.20000000e-06  5.81259130e-01 -3.20000000e-06  1.60000000e+00  1.70000000e+00 
-3.10000000e-06  5.86104616e-01 -3.10000000e-06  1.60000000e+00  1.70000000e+00 
-3.00000000e-06  5.91022366e-01 -3.00000000e-06  1.60000000e+00  1.70000000e+00 
-2.90000000e-06  5.96015940e-01 -2.90000000e-06  1.60000000e+00  1.70000000e+00 
-2.80000000e-06  6.01089220e-01 -2.80000000e-06  1.60000000e+00  1.70000000e+00 
-2.70000000e-06  6.06246453e-01 -2.70000000e-06  1.60000000e+00  1.70000000e+00 
-2.60000000e-06  6.11492302e-01 -2.60000000e-06  1.60000000e+00  1.70000000e+00 
-2.50000000e-06  6.16831911e-01 -2.50000000e-06  1.60000000e+00  1.70000000e+00 
-2.40000000e-06  6.22270974e-01 -2.40000000e-06  1.60000000e+00  1.70000000e+00 
-2.30000000e-06  6.27815831e-01 -2.30000000e-06  1.60000000e+00  1.70000000e+00 
-2.20000000e-06  6.33473574e-01 -2.20000000e-06  1.60000000e+00  1.70000000e+00 
-2.10000000e-06  6.39252182e-01 -2.10000000e-06  1.60000000e+00  1.70000000e+00 
-2.00000000e-06  6.45160687e-01 -2.00000000e-06  1.60000000e+00  1.70000000e+00 
-1.90000000e-06  6.51209384e-01 -1.90000000e-06  1.60000000e+00  1.70000000e+00 
-1.80000000e-06  6.57410095e-01 -1.80000000e-06  1.60000000e+00  1.70000000e+00 
-1.70000000e-06  6.63776506e-01 -1.70000000e-06  1.60000000e+00  1.70000000e+00 
-1.60000000e-06  6.70324608e-01 -1.60000000e-06  1.60000000e+00  1.70000000e+00 
-1.50000000e-06  6.77073270e-01 -1.50000000e-06  1.60000000e+00  1.70000000e+00 
-1.40000000e-06  6.84045019e-01 -1.40000000e-06  1.60000000e+00  1.70000000e+00 
-1.30000000e-06  6.91267086e-01 -1.30000000e-06  1.60000000e+00  1.70000000e+00 
-1.20000000e-06  6.98772880e-01 -1.20000000e-06  1.60000000e+00  1.70000000e+00 
-1.10000000e-06  7.06604074e-01 -1.10000000e-06  1.60000000e+00  1.70000000e+00 
-1.00000000e-06  7.14813684e-01 -1.00000000e-06  1.60000000e+00  1.70000000e+00 
-9.00000000e-07  7.23470715e-01 -9.00000000e-07  1.60000000e+00  1.70000000e+00 
-8.00000000e-07  7.32667517e-01 -8.00000000e-07  1.60000000e+00  1.70000000e+00 
-7.00000000e-07  7.42531955e-01 -7.00000000e-07  1.60000000e+00  1.70000000e+00 
-6.00000000e-07  7.53248813e-01 -6.00000000e-07  1.60000000e+00  1.70000000e+00 
-5.00000000e-07  7.65100490e-01 -5.00000000e-07  1.60000000e+00  1.70000000e+00 
-4.00000000e-07  7.78552753e-01 -4.00000000e-07  1.60000000e+00  1.70000000e+00 
-3.00000000e-07  7.94463844e-01 -3.00000000e-07  1.60000000e+00  1.70000000e+00 
-2.00000000e-07  8.14722977e-01 -2.00000000e-07  1.60000000e+00  1.70000000e+00 
-1.00000000e-07  8.45238690e-01 -1.00000000e-07  1.60000000e+00  1.70000000e+00 
-5.71747239e-21  1.12930806e+00 -5.71747239e-21  1.60000000e+00  1.70000000e+00 
 1.00000000e-07  1.44384445e+00  1.00000000e-07  1.60000000e+00  1.70000000e+00 
 2.00000000e-07  1.47606619e+00  2.00000000e-07  1.60000000e+00  1.70000000e+00 
 3.00000000e-07  1.49482619e+00  3.00000000e-07  1.60000000e+00  1.70000000e+00 
 4.00000000e-07  1.50818785e+00  4.00000000e-07  1.60000000e+00  1.70000000e+00 
 5.00000000e-07  1.51865049e+00  5.00000000e-07  1.60000000e+00  1.70000000e+00 
 6.00000000e-07  1.52723720e+00  6.00000000e-07  1.60000000e+00  1.70000000e+00 
 7.00000000e-07  1.53458389e+00  7.00000000e-07  1.60000000e+00  1.70000000e+00 
 8.00000000e-07  1.54102370e+00  8.00000000e-07  1.60000000e+00  1.70000000e+00 
 9.00000000e-07  1.54677272e+00  9.00000000e-07  1.60000000e+00  1.70000000e+00 
 1.00000000e-06  1.55197841e+00  1.00000000e-06  1.60000000e+00  1.70000000e+00 
 1.10000000e-06  1.55674559e+00  1.10000000e-06  1.60000000e+00  1.70000000e+00 
 1.20000000e-06  1.56115137e+00  1.20000000e-06  1.60000000e+00  1.70000000e+00 
 1.30000000e-06  1.56525407e+00  1.30000000e-06  1.60000000e+00  1.70000000e+00 
 1.40000000e-06  1.56909887e+00  1.40000000e-06  1.60000000e+00  1.70000000e+00 
 1.50000000e-06  1.57272145e+00  1.50000000e-06  1.60000000e+00  1.70000000e+00 
 1.60000000e-06  1.57615053e+00  1.60000000e-06  1.60000000e+00  1.70000000e+00 
 1.70000000e-06  1.57940950e+00  1.70000000e-06  1.60000000e+00  1.70000000e+00 
 1.80000000e-06  1.58251774e+00  1.80000000e-06  1.60000000e+00  1.70000000e+00 
 1.90000000e-06  1.58549143e+00  1.90000000e-06  1.60000000e+00  1.70000000e+00 
 2.00000000e-06  1.58834424e+00  2.00000000e-06  1.60000000e+00  1.70000000e+00 
 2.10000000e-06  1.59108784e+00  2.10000000e-06  1.60000000e+00  1.70000000e+00 
 2.20000000e-06  1.59373223e+00  2.20000000e-06  1.60000000e+00  1.70000000e+00 
 2.30000000e-06  1.59628611e+00  2.30000000e-06  1.60000000e+00  1.70000000e+00 
 2.40000000e-06  1.59875702e+00  2.40000000e-06  1.60000000e+00  1.70000000e+00 
 2.50000000e-06  1.60115162e+00  2.50000000e-06  1.60000000e+00  1.70000000e+00 
 2.60000000e-06  1.60347574e+00  2.60000000e-06  1.60000000e+00  1.70000000e+00 
 2.70000000e-06  1.60573457e+00  2.70000000e-06  1.60000000e+00  1.70000000e+00 
 2.80000000e-06  1.60793275e+00  2.80000000e-06  1.60000000e+00  1.70000000e+00 
 2.90000000e-06  1.61007440e+00  2.90000000e-06  1.60000000e+00  1.70000000e+00 
 3.00000000e-06  1.61216323e+00  3.00000000e-06  1.60000000e+00  1.70000000e+00 
 3.10000000e-06  1.61420261e+00  3.10000000e-06  1.60000000e+00  1.70000000e+00 
 3.20000000e-06  1.61619555e+00  3.20000000e-06  1.60000000e+00  1.70000000e+00 
 3.30000000e-06  1.61814482e+00  3.30000000e-06  1.60000000e+00  1.70000000e+00 
 3.40000000e-06  1.62005292e+00  3.40000000e-06  1.60000000e+00  1.70000000e+00 
 3.50000000e-06  1.62192215e+00  3.50000000e-06  1.60000000e+00  1.70000000e+00 
 3.60000000e-06  1.62375460e+00  3.60000000e-06  1.60000000e+00  1.70000000e+00 
 3.70000000e-06  1.62555220e+00  3.70000000e-06  1.60000000e+00  1.70000000e+00 
 3.80000000e-06  1.62731673e+00  3.80000000e-06  1.60000000e+00  1.70000000e+00 
 3.90000000e-06  1.62904982e+00  3.90000000e-06  1.60000000e+00  1.70000000e+00 
 4.00000000e-06  1.63075298e+00  4.00000000e-06  1.60000000e+00  1.70000000e+00 
 4.10000000e-06  1.63242763e+00  4.10000000e-06  1.60000000e+00  1.70000000e+00 
 4.20000000e-06  1.63407506e+00  4.20000000e-06  1.60000000e+00  1.70000000e+00 
 4.30000000e-06  1.63569649e+00  4.30000000e-06  1.60000000e+00  1.70000000e+00 
 4.40000000e-06  1.63729304e+00  4.40000000e-06  1.60000000e+00  1.70000000e+00 
 4.50000000e-06  1.63886577e+00  4.50000000e-06  1.60000000e+00  1.70000000e+00 
 4.60000000e-06  1.64041567e+00  4.60000000e-06  1.60000000e+00  1.70000000e+00 
 4.70000000e-06  1.64194366e+00  4.70000000e-06  1.60000000e+00  1.70000000e+00 
 4.80000000e-06  1.64345061e+00  4.80000000e-06  1.60000000e+00  1.70000000e+00 
 4.90000000e-06  1.64493732e+00  4.90000000e-06  1.60000000e+00  1.70000000e+00 
 5.00000000e-06  1.64640457e+00  5.00000000e-06  1.60000000e+00  1.70000000e+00 
 5.10000000e-06  1.64785307e+00  5.10000000e-06  1.60000000e+00  1.70000000e+00 
 5.20000000e-06  1.64928351e+00  5.20000000e-06  1.60000000e+00  1.70000000e+00 
 5.30000000e-06  1.65069651e+00  5.30000000e-06  1.60000000e+00  1.70000000e+00 
 5.40000000e-06  1.65209270e+00  5.40000000e-06  1.60000000e+00  1.70000000e+00 
 5.50000000e-06  1.65347264e+00  5.50000000e-06  1.60000000e+00  1.70000000e+00 
 5.60000000e-06  1.65483688e+00  5.60000000e-06  1.60000000e+00  1.70000000e+00 
 5.70000000e-06  1.65618592e+00  5.70000000e-06  1.60000000e+00  1.70000000e+00 
 5.80000000e-06  1.65752027e+00  5.80000000e-06  1.60000000e+00  1.70000000e+00 
 5.90000000e-06  1.65884037e+00  5.90000000e-06  1.60000000e+00  1.70000000e+00 
 6.00000000e-06  1.66014668e+00  6.00000000e-06  1.60000000e+00  1.70000000e+00 
