 i-sweep         v(vout)         i(viin)         v(vgate)        v(vmid)        
 0.00000000e+00  5.89313290e-01  0.00000000e+00  6.00000000e-01  4.00000000e-01 
 1.00000000e-07  1.01548796e+00  1.00000000e-07  6.00000000e-01  4.00000000e-01 
 2.00000000e-07  1.04763113e+00  2.00000000e-07  6.00000000e-01  4.00000000e-01 
 3.00000000e-07  1.06667392e+00  3.00000000e-07  6.00000000e-01  4.00000000e-01 
 4.00000000e-07  1.07996027e+00  4.00000000e-07  6.00000000e-01  4.00000000e-01 
 5.00000000e-07  1.09043527e+00  5.00000000e-07  6.00000000e-01  4.00000000e-01 
 6.00000000e-07  1.09987540e+00  6.00000000e-07  6.00000000e-01  4.00000000e-01 
 7.00000000e-07  1.10693314e+00  7.00000000e-07  6.00000000e-01  4.00000000e-01 
 8.00000000e-07  1.11334174e+00  8.00000000e-07  6.00000000e-01  4.00000000e-01 
 9.00000000e-07  1.11906206e+00  9.00000000e-07  6.00000000e-01  4.00000000e-01 
 1.00000000e-06  1.12426130e+00  1.00000000e-06  6.00000000e-01  4.00000000e-01 
 1.10000000e-06  1.12903391e+00  1.10000000e-06  6.00000000e-01  4.00000000e-01 
 1.20000000e-06  1.13345326e+00  1.20000000e-06  6.00000000e-01  4.00000000e-01 
 1.30000000e-06  1.13757504e+00  1.30000000e-06  6.00000000e-01  4.00000000e-01 
 1.40000000e-06  1.14144274e+00  1.40000000e-06  6.00000000e-01  4.00000000e-01 
 1.50000000e-06  1.14509093e+00  1.50000000e-06  6.00000000e-01  4.00000000e-01 
 1.60000000e-06  1.14854752e+00  1.60000000e-06  6.00000000e-01  4.00000000e-01 
 1.70000000e-06  1.15183539e+00  1.70000000e-06  6.00000000e-01  4.00000000e-01 
 1.80000000e-06  1.15497351e+00  1.80000000e-06  6.00000000e-01  4.00000000e-01 
 1.90000000e-06  1.15797780e+00  1.90000000e-06  6.00000000e-01  4.00000000e-01 
 2.00000000e-06  1.16086171e+00  2.00000000e-06  6.00000000e-01  4.00000000e-01 
 2.10000000e-06  1.16363675e+00  2.10000000e-06  6.00000000e-01  4.00000000e-01 
 2.20000000e-06  1.16631283e+00  2.20000000e-06  6.00000000e-01  4.00000000e-01 
 2.30000000e-06  1.16889854e+00  2.30000000e-06  6.00000000e-01  4.00000000e-01 
 2.40000000e-06  1.17140137e+00  2.40000000e-06  6.00000000e-01  4.00000000e-01 
 2.50000000e-06  1.17382792e+00  2.50000000e-06  6.00000000e-01  4.00000000e-01 
 2.60000000e-06  1.17618399e+00  2.60000000e-06  6.00000000e-01  4.00000000e-01 
 2.70000000e-06  1.17847474e+00  2.70000000e-06  6.00000000e-01  4.00000000e-01 
 2.80000000e-06  1.18070477e+00  2.80000000e-06  6.00000000e-01  4.00000000e-01 
 2.90000000e-06  1.18287820e+00  2.90000000e-06  6.00000000e-01  4.00000000e-01 
 3.00000000e-06  1.18499873e+00  3.00000000e-06  6.00000000e-01  4.00000000e-01 
 3.10000000e-06  1.18706970e+00  3.10000000e-06  6.00000000e-01  4.00000000e-01 
 3.20000000e-06  1.18909414e+00  3.20000000e-06  6.00000000e-01  4.00000000e-01 
 3.30000000e-06  1.19107479e+00  3.30000000e-06  6.00000000e-01  4.00000000e-01 
 3.40000000e-06  1.19301415e+00  3.40000000e-06  6.00000000e-01  4.00000000e-01 
 3.50000000e-06  1.19491453e+00  3.50000000e-06  6.00000000e-01  4.00000000e-01 
 3.60000000e-06  1.19677800e+00  3.60000000e-06  6.00000000e-01  4.00000000e-01 
 3.70000000e-06  1.19860650e+00  3.70000000e-06  6.00000000e-01  4.00000000e-01 
 3.80000000e-06  1.20040181e+00  3.80000000e-06  6.00000000e-01  4.00000000e-01 
 3.90000000e-06  1.20216556e+00  3.90000000e-06  6.00000000e-01  4.00000000e-01 
 4.00000000e-06  1.20389927e+00  4.00000000e-06  6.00000000e-01  4.00000000e-01 
 4.10000000e-06  1.20560433e+00  4.10000000e-06  6.00000000e-01  4.00000000e-01 
 4.20000000e-06  1.20728207e+00  4.20000000e-06  6.00000000e-01  4.00000000e-01 
 4.30000000e-06  1.20893368e+00  4.30000000e-06  6.00000000e-01  4.00000000e-01 
 4.40000000e-06  1.21056030e+00  4.40000000e-06  6.00000000e-01  4.00000000e-01 
 4.50000000e-06  1.21216298e+00  4.50000000e-06  6.00000000e-01  4.00000000e-01 
 4.60000000e-06  1.21374273e+00  4.60000000e-06  6.00000000e-01  4.00000000e-01 
 4.70000000e-06  1.21530044e+00  4.70000000e-06  6.00000000e-01  4.00000000e-01 
 4.80000000e-06  1.21683701e+00  4.80000000e-06  6.00000000e-01  4.00000000e-01 
 4.90000000e-06  1.21835324e+00  4.90000000e-06  6.00000000e-01  4.00000000e-01 
 5.00000000e-06  1.21984989e+00  5.00000000e-06  6.00000000e-01  4.00000000e-01 
 5.10000000e-06  1.22132770e+00  5.10000000e-06  6.00000000e-01  4.00000000e-01 
 5.20000000e-06  1.22278734e+00  5.20000000e-06  6.00000000e-01  4.00000000e-01 
 5.30000000e-06  1.22422945e+00  5.30000000e-06  6.00000000e-01  4.00000000e-01 
 5.40000000e-06  1.22565464e+00  5.40000000e-06  6.00000000e-01  4.00000000e-01 
 5.50000000e-06  1.22706348e+00  5.50000000e-06  6.00000000e-01  4.00000000e-01 
 5.60000000e-06  1.22845653e+00  5.60000000e-06  6.00000000e-01  4.00000000e-01 
 5.70000000e-06  1.22983429e+00  5.70000000e-06  6.00000000e-01  4.00000000e-01 
 5.80000000e-06  1.23119726e+00  5.80000000e-06  6.00000000e-01  4.00000000e-01 
 5.90000000e-06  1.23254590e+00  5.90000000e-06  6.00000000e-01  4.00000000e-01 
 6.00000000e-06  1.23388066e+00  6.00000000e-06  6.00000000e-01  4.00000000e-01 
 6.10000000e-06  1.23520195e+00  6.10000000e-06  6.00000000e-01  4.00000000e-01 
 6.20000000e-06  1.23651018e+00  6.20000000e-06  6.00000000e-01  4.00000000e-01 
 6.30000000e-06  1.23780572e+00  6.30000000e-06  6.00000000e-01  4.00000000e-01 
 6.40000000e-06  1.23908895e+00  6.40000000e-06  6.00000000e-01  4.00000000e-01 
 6.50000000e-06  1.24036021e+00  6.50000000e-06  6.00000000e-01  4.00000000e-01 
 6.60000000e-06  1.24161984e+00  6.60000000e-06  6.00000000e-01  4.00000000e-01 
 6.70000000e-06  1.24286815e+00  6.70000000e-06  6.00000000e-01  4.00000000e-01 
 6.80000000e-06  1.24410545e+00  6.80000000e-06  6.00000000e-01  4.00000000e-01 
 6.90000000e-06  1.24533203e+00  6.90000000e-06  6.00000000e-01  4.00000000e-01 
 7.00000000e-06  1.24654817e+00  7.00000000e-06  6.00000000e-01  4.00000000e-01 
 7.10000000e-06  1.24775413e+00  7.10000000e-06  6.00000000e-01  4.00000000e-01 
 7.20000000e-06  1.24895018e+00  7.20000000e-06  6.00000000e-01  4.00000000e-01 
 7.30000000e-06  1.25013656e+00  7.30000000e-06  6.00000000e-01  4.00000000e-01 
 7.40000000e-06  1.25131351e+00  7.40000000e-06  6.00000000e-01  4.00000000e-01 
 7.50000000e-06  1.25248125e+00  7.50000000e-06  6.00000000e-01  4.00000000e-01 
 7.60000000e-06  1.25364001e+00  7.60000000e-06  6.00000000e-01  4.00000000e-01 
 7.70000000e-06  1.25479000e+00  7.70000000e-06  6.00000000e-01  4.00000000e-01 
 7.80000000e-06  1.25593141e+00  7.80000000e-06  6.00000000e-01  4.00000000e-01 
 7.90000000e-06  1.25706445e+00  7.90000000e-06  6.00000000e-01  4.00000000e-01 
 8.00000000e-06  1.25818930e+00  8.00000000e-06  6.00000000e-01  4.00000000e-01 
 8.10000000e-06  1.25930615e+00  8.10000000e-06  6.00000000e-01  4.00000000e-01 
 8.20000000e-06  1.26041516e+00  8.20000000e-06  6.00000000e-01  4.00000000e-01 
 8.30000000e-06  1.26151652e+00  8.30000000e-06  6.00000000e-01  4.00000000e-01 
 8.40000000e-06  1.26261037e+00  8.40000000e-06  6.00000000e-01  4.00000000e-01 
 8.50000000e-06  1.26369689e+00  8.50000000e-06  6.00000000e-01  4.00000000e-01 
 8.60000000e-06  1.26477622e+00  8.60000000e-06  6.00000000e-01  4.00000000e-01 
 8.70000000e-06  1.26584850e+00  8.70000000e-06  6.00000000e-01  4.00000000e-01 
 8.80000000e-06  1.26691389e+00  8.80000000e-06  6.00000000e-01  4.00000000e-01 
 8.90000000e-06  1.26797252e+00  8.90000000e-06  6.00000000e-01  4.00000000e-01 
 9.00000000e-06  1.26902452e+00  9.00000000e-06  6.00000000e-01  4.00000000e-01 
 9.10000000e-06  1.27007002e+00  9.10000000e-06  6.00000000e-01  4.00000000e-01 
 9.20000000e-06  1.27110915e+00  9.20000000e-06  6.00000000e-01  4.00000000e-01 
 9.30000000e-06  1.27214203e+00  9.30000000e-06  6.00000000e-01  4.00000000e-01 
 9.40000000e-06  1.27316877e+00  9.40000000e-06  6.00000000e-01  4.00000000e-01 
 9.50000000e-06  1.27418950e+00  9.50000000e-06  6.00000000e-01  4.00000000e-01 
 9.60000000e-06  1.27520431e+00  9.60000000e-06  6.00000000e-01  4.00000000e-01 
 9.70000000e-06  1.27621333e+00  9.70000000e-06  6.00000000e-01  4.00000000e-01 
 9.80000000e-06  1.27721664e+00  9.80000000e-06  6.00000000e-01  4.00000000e-01 
 9.90000000e-06  1.27821436e+00  9.90000000e-06  6.00000000e-01  4.00000000e-01 
 1.00000000e-05  1.27920657e+00  1.00000000e-05  6.00000000e-01  4.00000000e-01 
 1.01000000e-05  1.28019339e+00  1.01000000e-05  6.00000000e-01  4.00000000e-01 
 1.02000000e-05  1.28117489e+00  1.02000000e-05  6.00000000e-01  4.00000000e-01 
 1.03000000e-05  1.28215118e+00  1.03000000e-05  6.00000000e-01  4.00000000e-01 
 1.04000000e-05  1.28312233e+00  1.04000000e-05  6.00000000e-01  4.00000000e-01 
 1.05000000e-05  1.28408843e+00  1.05000000e-05  6.00000000e-01  4.00000000e-01 
 1.06000000e-05  1.28504957e+00  1.06000000e-05  6.00000000e-01  4.00000000e-01 
 1.07000000e-05  1.28600582e+00  1.07000000e-05  6.00000000e-01  4.00000000e-01 
 1.08000000e-05  1.28695727e+00  1.08000000e-05  6.00000000e-01  4.00000000e-01 
 1.09000000e-05  1.28790399e+00  1.09000000e-05  6.00000000e-01  4.00000000e-01 
 1.10000000e-05  1.28884605e+00  1.10000000e-05  6.00000000e-01  4.00000000e-01 
 1.11000000e-05  1.28978354e+00  1.11000000e-05  6.00000000e-01  4.00000000e-01 
 1.12000000e-05  1.29071651e+00  1.12000000e-05  6.00000000e-01  4.00000000e-01 
 1.13000000e-05  1.29164504e+00  1.13000000e-05  6.00000000e-01  4.00000000e-01 
 1.14000000e-05  1.29256920e+00  1.14000000e-05  6.00000000e-01  4.00000000e-01 
 1.15000000e-05  1.29348905e+00  1.15000000e-05  6.00000000e-01  4.00000000e-01 
 1.16000000e-05  1.29440466e+00  1.16000000e-05  6.00000000e-01  4.00000000e-01 
 1.17000000e-05  1.29531608e+00  1.17000000e-05  6.00000000e-01  4.00000000e-01 
 1.18000000e-05  1.29622338e+00  1.18000000e-05  6.00000000e-01  4.00000000e-01 
 1.19000000e-05  1.29712662e+00  1.19000000e-05  6.00000000e-01  4.00000000e-01 
 1.20000000e-05  1.29802585e+00  1.20000000e-05  6.00000000e-01  4.00000000e-01 
 1.21000000e-05  1.29892114e+00  1.21000000e-05  6.00000000e-01  4.00000000e-01 
 1.22000000e-05  1.29981254e+00  1.22000000e-05  6.00000000e-01  4.00000000e-01 
 1.23000000e-05  1.30070010e+00  1.23000000e-05  6.00000000e-01  4.00000000e-01 
 1.24000000e-05  1.30158387e+00  1.24000000e-05  6.00000000e-01  4.00000000e-01 
 1.25000000e-05  1.30246392e+00  1.25000000e-05  6.00000000e-01  4.00000000e-01 
 1.26000000e-05  1.30334028e+00  1.26000000e-05  6.00000000e-01  4.00000000e-01 
 1.27000000e-05  1.30421301e+00  1.27000000e-05  6.00000000e-01  4.00000000e-01 
 1.28000000e-05  1.30508215e+00  1.28000000e-05  6.00000000e-01  4.00000000e-01 
 1.29000000e-05  1.30594776e+00  1.29000000e-05  6.00000000e-01  4.00000000e-01 
 1.30000000e-05  1.30680987e+00  1.30000000e-05  6.00000000e-01  4.00000000e-01 
 1.31000000e-05  1.30766854e+00  1.31000000e-05  6.00000000e-01  4.00000000e-01 
 1.32000000e-05  1.30852381e+00  1.32000000e-05  6.00000000e-01  4.00000000e-01 
 1.33000000e-05  1.30937572e+00  1.33000000e-05  6.00000000e-01  4.00000000e-01 
 1.34000000e-05  1.31022432e+00  1.34000000e-05  6.00000000e-01  4.00000000e-01 
 1.35000000e-05  1.31106964e+00  1.35000000e-05  6.00000000e-01  4.00000000e-01 
 1.36000000e-05  1.31191173e+00  1.36000000e-05  6.00000000e-01  4.00000000e-01 
 1.37000000e-05  1.31275063e+00  1.37000000e-05  6.00000000e-01  4.00000000e-01 
 1.38000000e-05  1.31358637e+00  1.38000000e-05  6.00000000e-01  4.00000000e-01 
 1.39000000e-05  1.31441899e+00  1.39000000e-05  6.00000000e-01  4.00000000e-01 
 1.40000000e-05  1.31524854e+00  1.40000000e-05  6.00000000e-01  4.00000000e-01 
 1.41000000e-05  1.31607504e+00  1.41000000e-05  6.00000000e-01  4.00000000e-01 
 1.42000000e-05  1.31689854e+00  1.42000000e-05  6.00000000e-01  4.00000000e-01 
 1.43000000e-05  1.31771907e+00  1.43000000e-05  6.00000000e-01  4.00000000e-01 
 1.44000000e-05  1.31853667e+00  1.44000000e-05  6.00000000e-01  4.00000000e-01 
 1.45000000e-05  1.31935136e+00  1.45000000e-05  6.00000000e-01  4.00000000e-01 
 1.46000000e-05  1.32016318e+00  1.46000000e-05  6.00000000e-01  4.00000000e-01 
 1.47000000e-05  1.32097217e+00  1.47000000e-05  6.00000000e-01  4.00000000e-01 
 1.48000000e-05  1.32177835e+00  1.48000000e-05  6.00000000e-01  4.00000000e-01 
 1.49000000e-05  1.32258176e+00  1.49000000e-05  6.00000000e-01  4.00000000e-01 
 1.50000000e-05  1.32338243e+00  1.50000000e-05  6.00000000e-01  4.00000000e-01 
 1.51000000e-05  1.32418039e+00  1.51000000e-05  6.00000000e-01  4.00000000e-01 
 1.52000000e-05  1.32497567e+00  1.52000000e-05  6.00000000e-01  4.00000000e-01 
 1.53000000e-05  1.32576830e+00  1.53000000e-05  6.00000000e-01  4.00000000e-01 
 1.54000000e-05  1.32655830e+00  1.54000000e-05  6.00000000e-01  4.00000000e-01 
 1.55000000e-05  1.32734571e+00  1.55000000e-05  6.00000000e-01  4.00000000e-01 
 1.56000000e-05  1.32813055e+00  1.56000000e-05  6.00000000e-01  4.00000000e-01 
 1.57000000e-05  1.32891285e+00  1.57000000e-05  6.00000000e-01  4.00000000e-01 
 1.58000000e-05  1.32969263e+00  1.58000000e-05  6.00000000e-01  4.00000000e-01 
 1.59000000e-05  1.33046993e+00  1.59000000e-05  6.00000000e-01  4.00000000e-01 
 1.60000000e-05  1.33124477e+00  1.60000000e-05  6.00000000e-01  4.00000000e-01 
 1.61000000e-05  1.33201717e+00  1.61000000e-05  6.00000000e-01  4.00000000e-01 
 1.62000000e-05  1.33278715e+00  1.62000000e-05  6.00000000e-01  4.00000000e-01 
 1.63000000e-05  1.33355476e+00  1.63000000e-05  6.00000000e-01  4.00000000e-01 
 1.64000000e-05  1.33431999e+00  1.64000000e-05  6.00000000e-01  4.00000000e-01 
 1.65000000e-05  1.33508289e+00  1.65000000e-05  6.00000000e-01  4.00000000e-01 
 1.66000000e-05  1.33584348e+00  1.66000000e-05  6.00000000e-01  4.00000000e-01 
 1.67000000e-05  1.33660177e+00  1.67000000e-05  6.00000000e-01  4.00000000e-01 
 1.68000000e-05  1.33735779e+00  1.68000000e-05  6.00000000e-01  4.00000000e-01 
 1.69000000e-05  1.33811156e+00  1.69000000e-05  6.00000000e-01  4.00000000e-01 
 1.70000000e-05  1.33886310e+00  1.70000000e-05  6.00000000e-01  4.00000000e-01 
 1.71000000e-05  1.33961244e+00  1.71000000e-05  6.00000000e-01  4.00000000e-01 
 1.72000000e-05  1.34035960e+00  1.72000000e-05  6.00000000e-01  4.00000000e-01 
 1.73000000e-05  1.34110459e+00  1.73000000e-05  6.00000000e-01  4.00000000e-01 
 1.74000000e-05  1.34184744e+00  1.74000000e-05  6.00000000e-01  4.00000000e-01 
 1.75000000e-05  1.34258816e+00  1.75000000e-05  6.00000000e-01  4.00000000e-01 
 1.76000000e-05  1.34332679e+00  1.76000000e-05  6.00000000e-01  4.00000000e-01 
 1.77000000e-05  1.34406332e+00  1.77000000e-05  6.00000000e-01  4.00000000e-01 
 1.78000000e-05  1.34479780e+00  1.78000000e-05  6.00000000e-01  4.00000000e-01 
 1.79000000e-05  1.34553023e+00  1.79000000e-05  6.00000000e-01  4.00000000e-01 
 1.80000000e-05  1.34626063e+00  1.80000000e-05  6.00000000e-01  4.00000000e-01 
 1.81000000e-05  1.34698902e+00  1.81000000e-05  6.00000000e-01  4.00000000e-01 
 1.82000000e-05  1.34771542e+00  1.82000000e-05  6.00000000e-01  4.00000000e-01 
 1.83000000e-05  1.34843985e+00  1.83000000e-05  6.00000000e-01  4.00000000e-01 
 1.84000000e-05  1.34916232e+00  1.84000000e-05  6.00000000e-01  4.00000000e-01 
 1.85000000e-05  1.34988286e+00  1.85000000e-05  6.00000000e-01  4.00000000e-01 
 1.86000000e-05  1.35060147e+00  1.86000000e-05  6.00000000e-01  4.00000000e-01 
 1.87000000e-05  1.35131818e+00  1.87000000e-05  6.00000000e-01  4.00000000e-01 
 1.88000000e-05  1.35203300e+00  1.88000000e-05  6.00000000e-01  4.00000000e-01 
 1.89000000e-05  1.35274595e+00  1.89000000e-05  6.00000000e-01  4.00000000e-01 
 1.90000000e-05  1.35345704e+00  1.90000000e-05  6.00000000e-01  4.00000000e-01 
 1.91000000e-05  1.35416629e+00  1.91000000e-05  6.00000000e-01  4.00000000e-01 
 1.92000000e-05  1.35487372e+00  1.92000000e-05  6.00000000e-01  4.00000000e-01 
 1.93000000e-05  1.35557934e+00  1.93000000e-05  6.00000000e-01  4.00000000e-01 
 1.94000000e-05  1.35628316e+00  1.94000000e-05  6.00000000e-01  4.00000000e-01 
 1.95000000e-05  1.35698521e+00  1.95000000e-05  6.00000000e-01  4.00000000e-01 
 1.96000000e-05  1.35768549e+00  1.96000000e-05  6.00000000e-01  4.00000000e-01 
 1.97000000e-05  1.35838402e+00  1.97000000e-05  6.00000000e-01  4.00000000e-01 
 1.98000000e-05  1.35908082e+00  1.98000000e-05  6.00000000e-01  4.00000000e-01 
 1.99000000e-05  1.35977589e+00  1.99000000e-05  6.00000000e-01  4.00000000e-01 
 2.00000000e-05  1.36046926e+00  2.00000000e-05  6.00000000e-01  4.00000000e-01 
 2.01000000e-05  1.36116093e+00  2.01000000e-05  6.00000000e-01  4.00000000e-01 
 2.02000000e-05  1.36185092e+00  2.02000000e-05  6.00000000e-01  4.00000000e-01 
 2.03000000e-05  1.36253925e+00  2.03000000e-05  6.00000000e-01  4.00000000e-01 
 2.04000000e-05  1.36322592e+00  2.04000000e-05  6.00000000e-01  4.00000000e-01 
 2.05000000e-05  1.36391095e+00  2.05000000e-05  6.00000000e-01  4.00000000e-01 
 2.06000000e-05  1.36459435e+00  2.06000000e-05  6.00000000e-01  4.00000000e-01 
 2.07000000e-05  1.36527613e+00  2.07000000e-05  6.00000000e-01  4.00000000e-01 
 2.08000000e-05  1.36595632e+00  2.08000000e-05  6.00000000e-01  4.00000000e-01 
 2.09000000e-05  1.36663491e+00  2.09000000e-05  6.00000000e-01  4.00000000e-01 
 2.10000000e-05  1.36731193e+00  2.10000000e-05  6.00000000e-01  4.00000000e-01 
 2.11000000e-05  1.36798737e+00  2.11000000e-05  6.00000000e-01  4.00000000e-01 
 2.12000000e-05  1.36866127e+00  2.12000000e-05  6.00000000e-01  4.00000000e-01 
 2.13000000e-05  1.36933362e+00  2.13000000e-05  6.00000000e-01  4.00000000e-01 
 2.14000000e-05  1.37000444e+00  2.14000000e-05  6.00000000e-01  4.00000000e-01 
 2.15000000e-05  1.37067374e+00  2.15000000e-05  6.00000000e-01  4.00000000e-01 
 2.16000000e-05  1.37134153e+00  2.16000000e-05  6.00000000e-01  4.00000000e-01 
 2.17000000e-05  1.37200782e+00  2.17000000e-05  6.00000000e-01  4.00000000e-01 
 2.18000000e-05  1.37267263e+00  2.18000000e-05  6.00000000e-01  4.00000000e-01 
 2.19000000e-05  1.37333596e+00  2.19000000e-05  6.00000000e-01  4.00000000e-01 
 2.20000000e-05  1.37399783e+00  2.20000000e-05  6.00000000e-01  4.00000000e-01 
 2.21000000e-05  1.37465824e+00  2.21000000e-05  6.00000000e-01  4.00000000e-01 
 2.22000000e-05  1.37531721e+00  2.22000000e-05  6.00000000e-01  4.00000000e-01 
 2.23000000e-05  1.37597475e+00  2.23000000e-05  6.00000000e-01  4.00000000e-01 
 2.24000000e-05  1.37663086e+00  2.24000000e-05  6.00000000e-01  4.00000000e-01 
 2.25000000e-05  1.37728556e+00  2.25000000e-05  6.00000000e-01  4.00000000e-01 
 2.26000000e-05  1.37793885e+00  2.26000000e-05  6.00000000e-01  4.00000000e-01 
 2.27000000e-05  1.37859076e+00  2.27000000e-05  6.00000000e-01  4.00000000e-01 
 2.28000000e-05  1.37924128e+00  2.28000000e-05  6.00000000e-01  4.00000000e-01 
 2.29000000e-05  1.37989042e+00  2.29000000e-05  6.00000000e-01  4.00000000e-01 
 2.30000000e-05  1.38053820e+00  2.30000000e-05  6.00000000e-01  4.00000000e-01 
 2.31000000e-05  1.38118463e+00  2.31000000e-05  6.00000000e-01  4.00000000e-01 
 2.32000000e-05  1.38182971e+00  2.32000000e-05  6.00000000e-01  4.00000000e-01 
 2.33000000e-05  1.38247345e+00  2.33000000e-05  6.00000000e-01  4.00000000e-01 
 2.34000000e-05  1.38311587e+00  2.34000000e-05  6.00000000e-01  4.00000000e-01 
 2.35000000e-05  1.38375697e+00  2.35000000e-05  6.00000000e-01  4.00000000e-01 
 2.36000000e-05  1.38439675e+00  2.36000000e-05  6.00000000e-01  4.00000000e-01 
 2.37000000e-05  1.38503524e+00  2.37000000e-05  6.00000000e-01  4.00000000e-01 
 2.38000000e-05  1.38567244e+00  2.38000000e-05  6.00000000e-01  4.00000000e-01 
 2.39000000e-05  1.38630835e+00  2.39000000e-05  6.00000000e-01  4.00000000e-01 
 2.40000000e-05  1.38694298e+00  2.40000000e-05  6.00000000e-01  4.00000000e-01 
 2.41000000e-05  1.38757635e+00  2.41000000e-05  6.00000000e-01  4.00000000e-01 
 2.42000000e-05  1.38820846e+00  2.42000000e-05  6.00000000e-01  4.00000000e-01 
 2.43000000e-05  1.38883933e+00  2.43000000e-05  6.00000000e-01  4.00000000e-01 
 2.44000000e-05  1.38946894e+00  2.44000000e-05  6.00000000e-01  4.00000000e-01 
 2.45000000e-05  1.39009733e+00  2.45000000e-05  6.00000000e-01  4.00000000e-01 
 2.46000000e-05  1.39072449e+00  2.46000000e-05  6.00000000e-01  4.00000000e-01 
 2.47000000e-05  1.39135043e+00  2.47000000e-05  6.00000000e-01  4.00000000e-01 
 2.48000000e-05  1.39197516e+00  2.48000000e-05  6.00000000e-01  4.00000000e-01 
 2.49000000e-05  1.39259868e+00  2.49000000e-05  6.00000000e-01  4.00000000e-01 
 2.50000000e-05  1.39322102e+00  2.50000000e-05  6.00000000e-01  4.00000000e-01 
 2.51000000e-05  1.39384216e+00  2.51000000e-05  6.00000000e-01  4.00000000e-01 
 2.52000000e-05  1.39446212e+00  2.52000000e-05  6.00000000e-01  4.00000000e-01 
 2.53000000e-05  1.39508091e+00  2.53000000e-05  6.00000000e-01  4.00000000e-01 
 2.54000000e-05  1.39569854e+00  2.54000000e-05  6.00000000e-01  4.00000000e-01 
 2.55000000e-05  1.39631500e+00  2.55000000e-05  6.00000000e-01  4.00000000e-01 
 2.56000000e-05  1.39693032e+00  2.56000000e-05  6.00000000e-01  4.00000000e-01 
 2.57000000e-05  1.39754449e+00  2.57000000e-05  6.00000000e-01  4.00000000e-01 
 2.58000000e-05  1.39815752e+00  2.58000000e-05  6.00000000e-01  4.00000000e-01 
 2.59000000e-05  1.39876943e+00  2.59000000e-05  6.00000000e-01  4.00000000e-01 
 2.60000000e-05  1.39938021e+00  2.60000000e-05  6.00000000e-01  4.00000000e-01 
 2.61000000e-05  1.39998987e+00  2.61000000e-05  6.00000000e-01  4.00000000e-01 
 2.62000000e-05  1.40059842e+00  2.62000000e-05  6.00000000e-01  4.00000000e-01 
 2.63000000e-05  1.40120587e+00  2.63000000e-05  6.00000000e-01  4.00000000e-01 
 2.64000000e-05  1.40181222e+00  2.64000000e-05  6.00000000e-01  4.00000000e-01 
 2.65000000e-05  1.40241749e+00  2.65000000e-05  6.00000000e-01  4.00000000e-01 
 2.66000000e-05  1.40302166e+00  2.66000000e-05  6.00000000e-01  4.00000000e-01 
 2.67000000e-05  1.40362476e+00  2.67000000e-05  6.00000000e-01  4.00000000e-01 
 2.68000000e-05  1.40422679e+00  2.68000000e-05  6.00000000e-01  4.00000000e-01 
 2.69000000e-05  1.40482776e+00  2.69000000e-05  6.00000000e-01  4.00000000e-01 
 2.70000000e-05  1.40542766e+00  2.70000000e-05  6.00000000e-01  4.00000000e-01 
 2.71000000e-05  1.40602652e+00  2.71000000e-05  6.00000000e-01  4.00000000e-01 
 2.72000000e-05  1.40662432e+00  2.72000000e-05  6.00000000e-01  4.00000000e-01 
 2.73000000e-05  1.40722109e+00  2.73000000e-05  6.00000000e-01  4.00000000e-01 
 2.74000000e-05  1.40781682e+00  2.74000000e-05  6.00000000e-01  4.00000000e-01 
 2.75000000e-05  1.40841152e+00  2.75000000e-05  6.00000000e-01  4.00000000e-01 
 2.76000000e-05  1.40900520e+00  2.76000000e-05  6.00000000e-01  4.00000000e-01 
 2.77000000e-05  1.40959786e+00  2.77000000e-05  6.00000000e-01  4.00000000e-01 
 2.78000000e-05  1.41018951e+00  2.78000000e-05  6.00000000e-01  4.00000000e-01 
 2.79000000e-05  1.41078016e+00  2.79000000e-05  6.00000000e-01  4.00000000e-01 
 2.80000000e-05  1.41136980e+00  2.80000000e-05  6.00000000e-01  4.00000000e-01 
 2.81000000e-05  1.41195845e+00  2.81000000e-05  6.00000000e-01  4.00000000e-01 
 2.82000000e-05  1.41254611e+00  2.82000000e-05  6.00000000e-01  4.00000000e-01 
 2.83000000e-05  1.41313279e+00  2.83000000e-05  6.00000000e-01  4.00000000e-01 
 2.84000000e-05  1.41371849e+00  2.84000000e-05  6.00000000e-01  4.00000000e-01 
 2.85000000e-05  1.41430322e+00  2.85000000e-05  6.00000000e-01  4.00000000e-01 
 2.86000000e-05  1.41488697e+00  2.86000000e-05  6.00000000e-01  4.00000000e-01 
 2.87000000e-05  1.41546977e+00  2.87000000e-05  6.00000000e-01  4.00000000e-01 
 2.88000000e-05  1.41605161e+00  2.88000000e-05  6.00000000e-01  4.00000000e-01 
 2.89000000e-05  1.41663250e+00  2.89000000e-05  6.00000000e-01  4.00000000e-01 
 2.90000000e-05  1.41721244e+00  2.90000000e-05  6.00000000e-01  4.00000000e-01 
 2.91000000e-05  1.41779144e+00  2.91000000e-05  6.00000000e-01  4.00000000e-01 
 2.92000000e-05  1.41836950e+00  2.92000000e-05  6.00000000e-01  4.00000000e-01 
 2.93000000e-05  1.41894663e+00  2.93000000e-05  6.00000000e-01  4.00000000e-01 
 2.94000000e-05  1.41952283e+00  2.94000000e-05  6.00000000e-01  4.00000000e-01 
 2.95000000e-05  1.42009812e+00  2.95000000e-05  6.00000000e-01  4.00000000e-01 
 2.96000000e-05  1.42067248e+00  2.96000000e-05  6.00000000e-01  4.00000000e-01 
 2.97000000e-05  1.42124593e+00  2.97000000e-05  6.00000000e-01  4.00000000e-01 
 2.98000000e-05  1.42181848e+00  2.98000000e-05  6.00000000e-01  4.00000000e-01 
 2.99000000e-05  1.42239012e+00  2.99000000e-05  6.00000000e-01  4.00000000e-01 
 3.00000000e-05  1.42296086e+00  3.00000000e-05  6.00000000e-01  4.00000000e-01 
