 i-sweep         v(vout)         i(viin)         v(vgate)        v(vmid)        
 0.00000000e+00  2.33734717e-07  0.00000000e+00  7.00000000e-01  0.00000000e+00 
 1.00000000e-07  1.36347100e-02  1.00000000e-07  7.00000000e-01  0.00000000e+00 
 2.00000000e-07  2.89196150e-02  2.00000000e-07  7.00000000e-01  0.00000000e+00 
 3.00000000e-07  4.66244658e-02  3.00000000e-07  7.00000000e-01  0.00000000e+00 
 4.00000000e-07  6.83672437e-02  4.00000000e-07  7.00000000e-01  0.00000000e+00 
 5.00000000e-07  9.88990091e-02  5.00000000e-07  7.00000000e-01  0.00000000e+00 
 6.00000000e-07  1.85721194e-01  6.00000000e-07  7.00000000e-01  0.00000000e+00 
 7.00000000e-07  9.92031935e-01  7.00000000e-07  7.00000000e-01  0.00000000e+00 
 8.00000000e-07  1.03717108e+00  8.00000000e-07  7.00000000e-01  0.00000000e+00 
 9.00000000e-07  1.05969821e+00  9.00000000e-07  7.00000000e-01  0.00000000e+00 
 1.00000000e-06  1.07485532e+00  1.00000000e-06  7.00000000e-01  0.00000000e+00 
 1.10000000e-06  1.08635233e+00  1.10000000e-06  7.00000000e-01  0.00000000e+00 
 1.20000000e-06  1.09566507e+00  1.20000000e-06  7.00000000e-01  0.00000000e+00 
 1.30000000e-06  1.10352806e+00  1.30000000e-06  7.00000000e-01  0.00000000e+00 
 1.40000000e-06  1.11035913e+00  1.40000000e-06  7.00000000e-01  0.00000000e+00 
 1.50000000e-06  1.11641831e+00  1.50000000e-06  7.00000000e-01  0.00000000e+00 
 1.60000000e-06  1.12187825e+00  1.60000000e-06  7.00000000e-01  0.00000000e+00 
 1.70000000e-06  1.12685941e+00  1.70000000e-06  7.00000000e-01  0.00000000e+00 
 1.80000000e-06  1.13144910e+00  1.80000000e-06  7.00000000e-01  0.00000000e+00 
 1.90000000e-06  1.13571265e+00  1.90000000e-06  7.00000000e-01  0.00000000e+00 
 2.00000000e-06  1.13970017e+00  2.00000000e-06  7.00000000e-01  0.00000000e+00 
 2.10000000e-06  1.14345098e+00  2.10000000e-06  7.00000000e-01  0.00000000e+00 
 2.20000000e-06  1.14699648e+00  2.20000000e-06  7.00000000e-01  0.00000000e+00 
 2.30000000e-06  1.15036213e+00  2.30000000e-06  7.00000000e-01  0.00000000e+00 
 2.40000000e-06  1.15356889e+00  2.40000000e-06  7.00000000e-01  0.00000000e+00 
 2.50000000e-06  1.15663420e+00  2.50000000e-06  7.00000000e-01  0.00000000e+00 
 2.60000000e-06  1.15957275e+00  2.60000000e-06  7.00000000e-01  0.00000000e+00 
 2.70000000e-06  1.16239701e+00  2.70000000e-06  7.00000000e-01  0.00000000e+00 
 2.80000000e-06  1.16511767e+00  2.80000000e-06  7.00000000e-01  0.00000000e+00 
 2.90000000e-06  1.16774395e+00  2.90000000e-06  7.00000000e-01  0.00000000e+00 
 3.00000000e-06  1.17028387e+00  3.00000000e-06  7.00000000e-01  0.00000000e+00 
 3.10000000e-06  1.17274447e+00  3.10000000e-06  7.00000000e-01  0.00000000e+00 
 3.20000000e-06  1.17513192e+00  3.20000000e-06  7.00000000e-01  0.00000000e+00 
 3.30000000e-06  1.17745168e+00  3.30000000e-06  7.00000000e-01  0.00000000e+00 
 3.40000000e-06  1.17970862e+00  3.40000000e-06  7.00000000e-01  0.00000000e+00 
 3.50000000e-06  1.18190708e+00  3.50000000e-06  7.00000000e-01  0.00000000e+00 
 3.60000000e-06  1.18405097e+00  3.60000000e-06  7.00000000e-01  0.00000000e+00 
 3.70000000e-06  1.18614378e+00  3.70000000e-06  7.00000000e-01  0.00000000e+00 
 3.80000000e-06  1.18818869e+00  3.80000000e-06  7.00000000e-01  0.00000000e+00 
 3.90000000e-06  1.19018857e+00  3.90000000e-06  7.00000000e-01  0.00000000e+00 
 4.00000000e-06  1.19214605e+00  4.00000000e-06  7.00000000e-01  0.00000000e+00 
 4.10000000e-06  1.19406350e+00  4.10000000e-06  7.00000000e-01  0.00000000e+00 
 4.20000000e-06  1.19594312e+00  4.20000000e-06  7.00000000e-01  0.00000000e+00 
 4.30000000e-06  1.19778690e+00  4.30000000e-06  7.00000000e-01  0.00000000e+00 
 4.40000000e-06  1.19959670e+00  4.40000000e-06  7.00000000e-01  0.00000000e+00 
 4.50000000e-06  1.20137421e+00  4.50000000e-06  7.00000000e-01  0.00000000e+00 
 4.60000000e-06  1.20312100e+00  4.60000000e-06  7.00000000e-01  0.00000000e+00 
 4.70000000e-06  1.20483853e+00  4.70000000e-06  7.00000000e-01  0.00000000e+00 
 4.80000000e-06  1.20652814e+00  4.80000000e-06  7.00000000e-01  0.00000000e+00 
 4.90000000e-06  1.20819110e+00  4.90000000e-06  7.00000000e-01  0.00000000e+00 
 5.00000000e-06  1.20982856e+00  5.00000000e-06  7.00000000e-01  0.00000000e+00 
 5.10000000e-06  1.21144163e+00  5.10000000e-06  7.00000000e-01  0.00000000e+00 
 5.20000000e-06  1.21303131e+00  5.20000000e-06  7.00000000e-01  0.00000000e+00 
 5.30000000e-06  1.21459856e+00  5.30000000e-06  7.00000000e-01  0.00000000e+00 
 5.40000000e-06  1.21614428e+00  5.40000000e-06  7.00000000e-01  0.00000000e+00 
 5.50000000e-06  1.21766930e+00  5.50000000e-06  7.00000000e-01  0.00000000e+00 
 5.60000000e-06  1.21917441e+00  5.60000000e-06  7.00000000e-01  0.00000000e+00 
 5.70000000e-06  1.22066035e+00  5.70000000e-06  7.00000000e-01  0.00000000e+00 
 5.80000000e-06  1.22212782e+00  5.80000000e-06  7.00000000e-01  0.00000000e+00 
 5.90000000e-06  1.22357749e+00  5.90000000e-06  7.00000000e-01  0.00000000e+00 
 6.00000000e-06  1.22500997e+00  6.00000000e-06  7.00000000e-01  0.00000000e+00 
 6.10000000e-06  1.22642585e+00  6.10000000e-06  7.00000000e-01  0.00000000e+00 
 6.20000000e-06  1.22782570e+00  6.20000000e-06  7.00000000e-01  0.00000000e+00 
 6.30000000e-06  1.22921004e+00  6.30000000e-06  7.00000000e-01  0.00000000e+00 
 6.40000000e-06  1.23057936e+00  6.40000000e-06  7.00000000e-01  0.00000000e+00 
 6.50000000e-06  1.23193416e+00  6.50000000e-06  7.00000000e-01  0.00000000e+00 
 6.60000000e-06  1.23327488e+00  6.60000000e-06  7.00000000e-01  0.00000000e+00 
 6.70000000e-06  1.23460195e+00  6.70000000e-06  7.00000000e-01  0.00000000e+00 
 6.80000000e-06  1.23591578e+00  6.80000000e-06  7.00000000e-01  0.00000000e+00 
 6.90000000e-06  1.23721676e+00  6.90000000e-06  7.00000000e-01  0.00000000e+00 
 7.00000000e-06  1.23850527e+00  7.00000000e-06  7.00000000e-01  0.00000000e+00 
 7.10000000e-06  1.23978166e+00  7.10000000e-06  7.00000000e-01  0.00000000e+00 
 7.20000000e-06  1.24104627e+00  7.20000000e-06  7.00000000e-01  0.00000000e+00 
 7.30000000e-06  1.24229942e+00  7.30000000e-06  7.00000000e-01  0.00000000e+00 
 7.40000000e-06  1.24354143e+00  7.40000000e-06  7.00000000e-01  0.00000000e+00 
 7.50000000e-06  1.24477260e+00  7.50000000e-06  7.00000000e-01  0.00000000e+00 
 7.60000000e-06  1.24599320e+00  7.60000000e-06  7.00000000e-01  0.00000000e+00 
 7.70000000e-06  1.24720351e+00  7.70000000e-06  7.00000000e-01  0.00000000e+00 
 7.80000000e-06  1.24840379e+00  7.80000000e-06  7.00000000e-01  0.00000000e+00 
 7.90000000e-06  1.24959430e+00  7.90000000e-06  7.00000000e-01  0.00000000e+00 
 8.00000000e-06  1.25077528e+00  8.00000000e-06  7.00000000e-01  0.00000000e+00 
 8.10000000e-06  1.25194695e+00  8.10000000e-06  7.00000000e-01  0.00000000e+00 
 8.20000000e-06  1.25310954e+00  8.20000000e-06  7.00000000e-01  0.00000000e+00 
 8.30000000e-06  1.25426326e+00  8.30000000e-06  7.00000000e-01  0.00000000e+00 
 8.40000000e-06  1.25540833e+00  8.40000000e-06  7.00000000e-01  0.00000000e+00 
 8.50000000e-06  1.25654494e+00  8.50000000e-06  7.00000000e-01  0.00000000e+00 
 8.60000000e-06  1.25767327e+00  8.60000000e-06  7.00000000e-01  0.00000000e+00 
 8.70000000e-06  1.25879353e+00  8.70000000e-06  7.00000000e-01  0.00000000e+00 
 8.80000000e-06  1.25990588e+00  8.80000000e-06  7.00000000e-01  0.00000000e+00 
 8.90000000e-06  1.26101049e+00  8.90000000e-06  7.00000000e-01  0.00000000e+00 
 9.00000000e-06  1.26210753e+00  9.00000000e-06  7.00000000e-01  0.00000000e+00 
 9.10000000e-06  1.26319717e+00  9.10000000e-06  7.00000000e-01  0.00000000e+00 
 9.20000000e-06  1.26427955e+00  9.20000000e-06  7.00000000e-01  0.00000000e+00 
 9.30000000e-06  1.26535483e+00  9.30000000e-06  7.00000000e-01  0.00000000e+00 
 9.40000000e-06  1.26642315e+00  9.40000000e-06  7.00000000e-01  0.00000000e+00 
 9.50000000e-06  1.26748464e+00  9.50000000e-06  7.00000000e-01  0.00000000e+00 
 9.60000000e-06  1.26853946e+00  9.60000000e-06  7.00000000e-01  0.00000000e+00 
 9.70000000e-06  1.26958772e+00  9.70000000e-06  7.00000000e-01  0.00000000e+00 
 9.80000000e-06  1.27062955e+00  9.80000000e-06  7.00000000e-01  0.00000000e+00 
 9.90000000e-06  1.27166508e+00  9.90000000e-06  7.00000000e-01  0.00000000e+00 
 1.00000000e-05  1.27269442e+00  1.00000000e-05  7.00000000e-01  0.00000000e+00 
 1.01000000e-05  1.27371770e+00  1.01000000e-05  7.00000000e-01  0.00000000e+00 
 1.02000000e-05  1.27473502e+00  1.02000000e-05  7.00000000e-01  0.00000000e+00 
 1.03000000e-05  1.27574649e+00  1.03000000e-05  7.00000000e-01  0.00000000e+00 
 1.04000000e-05  1.27675221e+00  1.04000000e-05  7.00000000e-01  0.00000000e+00 
 1.05000000e-05  1.27775230e+00  1.05000000e-05  7.00000000e-01  0.00000000e+00 
 1.06000000e-05  1.27874685e+00  1.06000000e-05  7.00000000e-01  0.00000000e+00 
 1.07000000e-05  1.27973595e+00  1.07000000e-05  7.00000000e-01  0.00000000e+00 
 1.08000000e-05  1.28071970e+00  1.08000000e-05  7.00000000e-01  0.00000000e+00 
 1.09000000e-05  1.28169819e+00  1.09000000e-05  7.00000000e-01  0.00000000e+00 
 1.10000000e-05  1.28267151e+00  1.10000000e-05  7.00000000e-01  0.00000000e+00 
 1.11000000e-05  1.28363974e+00  1.11000000e-05  7.00000000e-01  0.00000000e+00 
 1.12000000e-05  1.28460298e+00  1.12000000e-05  7.00000000e-01  0.00000000e+00 
 1.13000000e-05  1.28556129e+00  1.13000000e-05  7.00000000e-01  0.00000000e+00 
 1.14000000e-05  1.28651477e+00  1.14000000e-05  7.00000000e-01  0.00000000e+00 
 1.15000000e-05  1.28746349e+00  1.15000000e-05  7.00000000e-01  0.00000000e+00 
 1.16000000e-05  1.28840752e+00  1.16000000e-05  7.00000000e-01  0.00000000e+00 
 1.17000000e-05  1.28934694e+00  1.17000000e-05  7.00000000e-01  0.00000000e+00 
 1.18000000e-05  1.29028181e+00  1.18000000e-05  7.00000000e-01  0.00000000e+00 
 1.19000000e-05  1.29121222e+00  1.19000000e-05  7.00000000e-01  0.00000000e+00 
 1.20000000e-05  1.29213822e+00  1.20000000e-05  7.00000000e-01  0.00000000e+00 
 1.21000000e-05  1.29305989e+00  1.21000000e-05  7.00000000e-01  0.00000000e+00 
 1.22000000e-05  1.29397728e+00  1.22000000e-05  7.00000000e-01  0.00000000e+00 
 1.23000000e-05  1.29489046e+00  1.23000000e-05  7.00000000e-01  0.00000000e+00 
 1.24000000e-05  1.29579950e+00  1.24000000e-05  7.00000000e-01  0.00000000e+00 
 1.25000000e-05  1.29670445e+00  1.25000000e-05  7.00000000e-01  0.00000000e+00 
 1.26000000e-05  1.29760537e+00  1.26000000e-05  7.00000000e-01  0.00000000e+00 
 1.27000000e-05  1.29850232e+00  1.27000000e-05  7.00000000e-01  0.00000000e+00 
 1.28000000e-05  1.29939536e+00  1.28000000e-05  7.00000000e-01  0.00000000e+00 
 1.29000000e-05  1.30028453e+00  1.29000000e-05  7.00000000e-01  0.00000000e+00 
 1.30000000e-05  1.30116990e+00  1.30000000e-05  7.00000000e-01  0.00000000e+00 
 1.31000000e-05  1.30205151e+00  1.31000000e-05  7.00000000e-01  0.00000000e+00 
 1.32000000e-05  1.30292942e+00  1.32000000e-05  7.00000000e-01  0.00000000e+00 
 1.33000000e-05  1.30380368e+00  1.33000000e-05  7.00000000e-01  0.00000000e+00 
 1.34000000e-05  1.30467433e+00  1.34000000e-05  7.00000000e-01  0.00000000e+00 
 1.35000000e-05  1.30554142e+00  1.35000000e-05  7.00000000e-01  0.00000000e+00 
 1.36000000e-05  1.30640500e+00  1.36000000e-05  7.00000000e-01  0.00000000e+00 
 1.37000000e-05  1.30726512e+00  1.37000000e-05  7.00000000e-01  0.00000000e+00 
 1.38000000e-05  1.30812182e+00  1.38000000e-05  7.00000000e-01  0.00000000e+00 
 1.39000000e-05  1.30897514e+00  1.39000000e-05  7.00000000e-01  0.00000000e+00 
 1.40000000e-05  1.30982512e+00  1.40000000e-05  7.00000000e-01  0.00000000e+00 
 1.41000000e-05  1.31067182e+00  1.41000000e-05  7.00000000e-01  0.00000000e+00 
 1.42000000e-05  1.31151527e+00  1.42000000e-05  7.00000000e-01  0.00000000e+00 
 1.43000000e-05  1.31235550e+00  1.43000000e-05  7.00000000e-01  0.00000000e+00 
 1.44000000e-05  1.31319257e+00  1.44000000e-05  7.00000000e-01  0.00000000e+00 
 1.45000000e-05  1.31402650e+00  1.45000000e-05  7.00000000e-01  0.00000000e+00 
 1.46000000e-05  1.31485733e+00  1.46000000e-05  7.00000000e-01  0.00000000e+00 
 1.47000000e-05  1.31568511e+00  1.47000000e-05  7.00000000e-01  0.00000000e+00 
 1.48000000e-05  1.31650987e+00  1.48000000e-05  7.00000000e-01  0.00000000e+00 
 1.49000000e-05  1.31733165e+00  1.49000000e-05  7.00000000e-01  0.00000000e+00 
 1.50000000e-05  1.31815047e+00  1.50000000e-05  7.00000000e-01  0.00000000e+00 
 1.51000000e-05  1.31896638e+00  1.51000000e-05  7.00000000e-01  0.00000000e+00 
 1.52000000e-05  1.31977940e+00  1.52000000e-05  7.00000000e-01  0.00000000e+00 
 1.53000000e-05  1.32058958e+00  1.53000000e-05  7.00000000e-01  0.00000000e+00 
 1.54000000e-05  1.32139693e+00  1.54000000e-05  7.00000000e-01  0.00000000e+00 
 1.55000000e-05  1.32220151e+00  1.55000000e-05  7.00000000e-01  0.00000000e+00 
 1.56000000e-05  1.32300332e+00  1.56000000e-05  7.00000000e-01  0.00000000e+00 
 1.57000000e-05  1.32380242e+00  1.57000000e-05  7.00000000e-01  0.00000000e+00 
 1.58000000e-05  1.32459881e+00  1.58000000e-05  7.00000000e-01  0.00000000e+00 
 1.59000000e-05  1.32539255e+00  1.59000000e-05  7.00000000e-01  0.00000000e+00 
 1.60000000e-05  1.32618365e+00  1.60000000e-05  7.00000000e-01  0.00000000e+00 
 1.61000000e-05  1.32697214e+00  1.61000000e-05  7.00000000e-01  0.00000000e+00 
 1.62000000e-05  1.32775805e+00  1.62000000e-05  7.00000000e-01  0.00000000e+00 
 1.63000000e-05  1.32854141e+00  1.63000000e-05  7.00000000e-01  0.00000000e+00 
 1.64000000e-05  1.32932225e+00  1.64000000e-05  7.00000000e-01  0.00000000e+00 
 1.65000000e-05  1.33010059e+00  1.65000000e-05  7.00000000e-01  0.00000000e+00 
 1.66000000e-05  1.33087645e+00  1.66000000e-05  7.00000000e-01  0.00000000e+00 
 1.67000000e-05  1.33164987e+00  1.67000000e-05  7.00000000e-01  0.00000000e+00 
 1.68000000e-05  1.33242086e+00  1.68000000e-05  7.00000000e-01  0.00000000e+00 
 1.69000000e-05  1.33318946e+00  1.69000000e-05  7.00000000e-01  0.00000000e+00 
 1.70000000e-05  1.33395569e+00  1.70000000e-05  7.00000000e-01  0.00000000e+00 
 1.71000000e-05  1.33471956e+00  1.71000000e-05  7.00000000e-01  0.00000000e+00 
 1.72000000e-05  1.33548111e+00  1.72000000e-05  7.00000000e-01  0.00000000e+00 
 1.73000000e-05  1.33624036e+00  1.73000000e-05  7.00000000e-01  0.00000000e+00 
 1.74000000e-05  1.33699733e+00  1.74000000e-05  7.00000000e-01  0.00000000e+00 
 1.75000000e-05  1.33775203e+00  1.75000000e-05  7.00000000e-01  0.00000000e+00 
 1.76000000e-05  1.33850451e+00  1.76000000e-05  7.00000000e-01  0.00000000e+00 
 1.77000000e-05  1.33925477e+00  1.77000000e-05  7.00000000e-01  0.00000000e+00 
 1.78000000e-05  1.34000283e+00  1.78000000e-05  7.00000000e-01  0.00000000e+00 
 1.79000000e-05  1.34074872e+00  1.79000000e-05  7.00000000e-01  0.00000000e+00 
 1.80000000e-05  1.34149246e+00  1.80000000e-05  7.00000000e-01  0.00000000e+00 
 1.81000000e-05  1.34223407e+00  1.81000000e-05  7.00000000e-01  0.00000000e+00 
 1.82000000e-05  1.34297357e+00  1.82000000e-05  7.00000000e-01  0.00000000e+00 
 1.83000000e-05  1.34371098e+00  1.83000000e-05  7.00000000e-01  0.00000000e+00 
 1.84000000e-05  1.34444631e+00  1.84000000e-05  7.00000000e-01  0.00000000e+00 
 1.85000000e-05  1.34517959e+00  1.85000000e-05  7.00000000e-01  0.00000000e+00 
 1.86000000e-05  1.34591084e+00  1.86000000e-05  7.00000000e-01  0.00000000e+00 
 1.87000000e-05  1.34664006e+00  1.87000000e-05  7.00000000e-01  0.00000000e+00 
 1.88000000e-05  1.34736729e+00  1.88000000e-05  7.00000000e-01  0.00000000e+00 
 1.89000000e-05  1.34809254e+00  1.89000000e-05  7.00000000e-01  0.00000000e+00 
 1.90000000e-05  1.34881583e+00  1.90000000e-05  7.00000000e-01  0.00000000e+00 
 1.91000000e-05  1.34953717e+00  1.91000000e-05  7.00000000e-01  0.00000000e+00 
 1.92000000e-05  1.35025658e+00  1.92000000e-05  7.00000000e-01  0.00000000e+00 
 1.93000000e-05  1.35097408e+00  1.93000000e-05  7.00000000e-01  0.00000000e+00 
 1.94000000e-05  1.35168969e+00  1.94000000e-05  7.00000000e-01  0.00000000e+00 
 1.95000000e-05  1.35240341e+00  1.95000000e-05  7.00000000e-01  0.00000000e+00 
 1.96000000e-05  1.35311528e+00  1.96000000e-05  7.00000000e-01  0.00000000e+00 
 1.97000000e-05  1.35382529e+00  1.97000000e-05  7.00000000e-01  0.00000000e+00 
 1.98000000e-05  1.35453348e+00  1.98000000e-05  7.00000000e-01  0.00000000e+00 
 1.99000000e-05  1.35523985e+00  1.99000000e-05  7.00000000e-01  0.00000000e+00 
 2.00000000e-05  1.35594442e+00  2.00000000e-05  7.00000000e-01  0.00000000e+00 
 2.01000000e-05  1.35664720e+00  2.01000000e-05  7.00000000e-01  0.00000000e+00 
 2.02000000e-05  1.35734822e+00  2.02000000e-05  7.00000000e-01  0.00000000e+00 
 2.03000000e-05  1.35804747e+00  2.03000000e-05  7.00000000e-01  0.00000000e+00 
 2.04000000e-05  1.35874499e+00  2.04000000e-05  7.00000000e-01  0.00000000e+00 
 2.05000000e-05  1.35944078e+00  2.05000000e-05  7.00000000e-01  0.00000000e+00 
 2.06000000e-05  1.36013485e+00  2.06000000e-05  7.00000000e-01  0.00000000e+00 
 2.07000000e-05  1.36082723e+00  2.07000000e-05  7.00000000e-01  0.00000000e+00 
 2.08000000e-05  1.36151792e+00  2.08000000e-05  7.00000000e-01  0.00000000e+00 
 2.09000000e-05  1.36220693e+00  2.09000000e-05  7.00000000e-01  0.00000000e+00 
 2.10000000e-05  1.36289429e+00  2.10000000e-05  7.00000000e-01  0.00000000e+00 
 2.11000000e-05  1.36358000e+00  2.11000000e-05  7.00000000e-01  0.00000000e+00 
 2.12000000e-05  1.36426408e+00  2.12000000e-05  7.00000000e-01  0.00000000e+00 
 2.13000000e-05  1.36494653e+00  2.13000000e-05  7.00000000e-01  0.00000000e+00 
 2.14000000e-05  1.36562738e+00  2.14000000e-05  7.00000000e-01  0.00000000e+00 
 2.15000000e-05  1.36630663e+00  2.15000000e-05  7.00000000e-01  0.00000000e+00 
 2.16000000e-05  1.36698430e+00  2.16000000e-05  7.00000000e-01  0.00000000e+00 
 2.17000000e-05  1.36766040e+00  2.17000000e-05  7.00000000e-01  0.00000000e+00 
 2.18000000e-05  1.36833493e+00  2.18000000e-05  7.00000000e-01  0.00000000e+00 
 2.19000000e-05  1.36900792e+00  2.19000000e-05  7.00000000e-01  0.00000000e+00 
 2.20000000e-05  1.36967938e+00  2.20000000e-05  7.00000000e-01  0.00000000e+00 
 2.21000000e-05  1.37034931e+00  2.21000000e-05  7.00000000e-01  0.00000000e+00 
 2.22000000e-05  1.37101772e+00  2.22000000e-05  7.00000000e-01  0.00000000e+00 
 2.23000000e-05  1.37168463e+00  2.23000000e-05  7.00000000e-01  0.00000000e+00 
 2.24000000e-05  1.37235006e+00  2.24000000e-05  7.00000000e-01  0.00000000e+00 
 2.25000000e-05  1.37301400e+00  2.25000000e-05  7.00000000e-01  0.00000000e+00 
 2.26000000e-05  1.37367647e+00  2.26000000e-05  7.00000000e-01  0.00000000e+00 
 2.27000000e-05  1.37433749e+00  2.27000000e-05  7.00000000e-01  0.00000000e+00 
 2.28000000e-05  1.37499705e+00  2.28000000e-05  7.00000000e-01  0.00000000e+00 
 2.29000000e-05  1.37565518e+00  2.29000000e-05  7.00000000e-01  0.00000000e+00 
 2.30000000e-05  1.37631188e+00  2.30000000e-05  7.00000000e-01  0.00000000e+00 
 2.31000000e-05  1.37696716e+00  2.31000000e-05  7.00000000e-01  0.00000000e+00 
 2.32000000e-05  1.37762104e+00  2.32000000e-05  7.00000000e-01  0.00000000e+00 
 2.33000000e-05  1.37827352e+00  2.33000000e-05  7.00000000e-01  0.00000000e+00 
 2.34000000e-05  1.37892461e+00  2.34000000e-05  7.00000000e-01  0.00000000e+00 
 2.35000000e-05  1.37957432e+00  2.35000000e-05  7.00000000e-01  0.00000000e+00 
 2.36000000e-05  1.38022267e+00  2.36000000e-05  7.00000000e-01  0.00000000e+00 
 2.37000000e-05  1.38086965e+00  2.37000000e-05  7.00000000e-01  0.00000000e+00 
 2.38000000e-05  1.38151529e+00  2.38000000e-05  7.00000000e-01  0.00000000e+00 
 2.39000000e-05  1.38215958e+00  2.39000000e-05  7.00000000e-01  0.00000000e+00 
 2.40000000e-05  1.38280255e+00  2.40000000e-05  7.00000000e-01  0.00000000e+00 
 2.41000000e-05  1.38344419e+00  2.41000000e-05  7.00000000e-01  0.00000000e+00 
 2.42000000e-05  1.38408452e+00  2.42000000e-05  7.00000000e-01  0.00000000e+00 
 2.43000000e-05  1.38472354e+00  2.43000000e-05  7.00000000e-01  0.00000000e+00 
 2.44000000e-05  1.38536127e+00  2.44000000e-05  7.00000000e-01  0.00000000e+00 
 2.45000000e-05  1.38599771e+00  2.45000000e-05  7.00000000e-01  0.00000000e+00 
 2.46000000e-05  1.38663287e+00  2.46000000e-05  7.00000000e-01  0.00000000e+00 
 2.47000000e-05  1.38726677e+00  2.47000000e-05  7.00000000e-01  0.00000000e+00 
 2.48000000e-05  1.38789940e+00  2.48000000e-05  7.00000000e-01  0.00000000e+00 
 2.49000000e-05  1.38853077e+00  2.49000000e-05  7.00000000e-01  0.00000000e+00 
 2.50000000e-05  1.38916090e+00  2.50000000e-05  7.00000000e-01  0.00000000e+00 
