 i-sweep         v(vout)         i(viin)         v(vgate)        v(vmid)        
-6.00000000e-06 -1.05722759e-01 -6.00000000e-06  9.00000000e-01  1.70000000e+00 
-5.90000000e-06 -1.02266261e-01 -5.90000000e-06  9.00000000e-01  1.70000000e+00 
-5.80000000e-06 -9.87824185e-02 -5.80000000e-06  9.00000000e-01  1.70000000e+00 
-5.70000000e-06 -9.52705461e-02 -5.70000000e-06  9.00000000e-01  1.70000000e+00 
-5.60000000e-06 -9.17299439e-02 -5.60000000e-06  9.00000000e-01  1.70000000e+00 
-5.50000000e-06 -8.81598816e-02 -5.50000000e-06  9.00000000e-01  1.70000000e+00 
-5.40000000e-06 -8.45595974e-02 -5.40000000e-06  9.00000000e-01  1.70000000e+00 
-5.30000000e-06 -8.09282955e-02 -5.30000000e-06  9.00000000e-01  1.70000000e+00 
-5.20000000e-06 -7.72651444e-02 -5.20000000e-06  9.00000000e-01  1.70000000e+00 
-5.10000000e-06 -7.35692740e-02 -5.10000000e-06  9.00000000e-01  1.70000000e+00 
-5.00000000e-06 -6.98397733e-02 -5.00000000e-06  9.00000000e-01  1.70000000e+00 
-4.90000000e-06 -6.60756872e-02 -4.90000000e-06  9.00000000e-01  1.70000000e+00 
-4.80000000e-06 -6.22760137e-02 -4.80000000e-06  9.00000000e-01  1.70000000e+00 
-4.70000000e-06 -5.84397002e-02 -4.70000000e-06  9.00000000e-01  1.70000000e+00 
-4.60000000e-06 -5.45656393e-02 -4.60000000e-06  9.00000000e-01  1.70000000e+00 
-4.50000000e-06 -5.06526654e-02 -4.50000000e-06  9.00000000e-01  1.70000000e+00 
-4.40000000e-06 -4.66995492e-02 -4.40000000e-06  9.00000000e-01  1.70000000e+00 
-4.30000000e-06 -4.27049928e-02 -4.30000000e-06  9.00000000e-01  1.70000000e+00 
-4.20000000e-06 -3.86676241e-02 -4.20000000e-06  9.00000000e-01  1.70000000e+00 
-4.10000000e-06 -3.45859898e-02 -4.10000000e-06  9.00000000e-01  1.70000000e+00 
-4.00000000e-06 -3.04585489e-02 -4.00000000e-06  9.00000000e-01  1.70000000e+00 
-3.90000000e-06 -2.62836636e-02 -3.90000000e-06  9.00000000e-01  1.70000000e+00 
-3.80000000e-06 -2.20595913e-02 -3.80000000e-06  9.00000000e-01  1.70000000e+00 
-3.70000000e-06 -1.77844732e-02 -3.70000000e-06  9.00000000e-01  1.70000000e+00 
-3.60000000e-06 -1.34563234e-02 -3.60000000e-06  9.00000000e-01  1.70000000e+00 
-3.50000000e-06 -9.07301493e-03 -3.50000000e-06  9.00000000e-01  1.70000000e+00 
-3.40000000e-06 -4.63226512e-03 -3.40000000e-06  9.00000000e-01  1.70000000e+00 
-3.30000000e-06 -1.31617777e-04 -3.30000000e-06  9.00000000e-01  1.70000000e+00 
-3.20000000e-06  4.43157668e-03 -3.20000000e-06  9.00000000e-01  1.70000000e+00 
-3.10000000e-06  9.06018449e-03 -3.10000000e-06  9.00000000e-01  1.70000000e+00 
-3.00000000e-06  1.37573154e-02 -3.00000000e-06  9.00000000e-01  1.70000000e+00 
-2.90000000e-06  1.85263541e-02 -2.90000000e-06  9.00000000e-01  1.70000000e+00 
-2.80000000e-06  2.33709972e-02 -2.80000000e-06  9.00000000e-01  1.70000000e+00 
-2.70000000e-06  2.82952962e-02 -2.70000000e-06  9.00000000e-01  1.70000000e+00 
-2.60000000e-06  3.33037098e-02 -2.60000000e-06  9.00000000e-01  1.70000000e+00 
-2.50000000e-06  3.84011646e-02 -2.50000000e-06  9.00000000e-01  1.70000000e+00 
-2.40000000e-06  4.35931295e-02 -2.40000000e-06  9.00000000e-01  1.70000000e+00 
-2.30000000e-06  4.88857046e-02 -2.30000000e-06  9.00000000e-01  1.70000000e+00 
-2.20000000e-06  5.42857306e-02 -2.20000000e-06  9.00000000e-01  1.70000000e+00 
-2.10000000e-06  5.98009224e-02 -2.10000000e-06  9.00000000e-01  1.70000000e+00 
-2.00000000e-06  6.54400352e-02 -2.00000000e-06  9.00000000e-01  1.70000000e+00 
-1.90000000e-06  7.12130725e-02 -1.90000000e-06  9.00000000e-01  1.70000000e+00 
-1.80000000e-06  7.71315493e-02 -1.80000000e-06  9.00000000e-01  1.70000000e+00 
-1.70000000e-06  8.32088294e-02 -1.70000000e-06  9.00000000e-01  1.70000000e+00 
-1.60000000e-06  8.94605625e-02 -1.60000000e-06  9.00000000e-01  1.70000000e+00 
-1.50000000e-06  9.59052611e-02 -1.50000000e-06  9.00000000e-01  1.70000000e+00 
-1.40000000e-06  1.02565071e-01 -1.40000000e-06  9.00000000e-01  1.70000000e+00 
-1.30000000e-06  1.09466822e-01 -1.30000000e-06  9.00000000e-01  1.70000000e+00 
-1.20000000e-06  1.16643495e-01 -1.20000000e-06  9.00000000e-01  1.70000000e+00 
-1.10000000e-06  1.24136306e-01 -1.10000000e-06  9.00000000e-01  1.70000000e+00 
-1.00000000e-06  1.31997777e-01 -1.00000000e-06  9.00000000e-01  1.70000000e+00 
-9.00000000e-07  1.40296382e-01 -9.00000000e-07  9.00000000e-01  1.70000000e+00 
-8.00000000e-07  1.49123897e-01 -8.00000000e-07  9.00000000e-01  1.70000000e+00 
-7.00000000e-07  1.58607569e-01 -7.00000000e-07  9.00000000e-01  1.70000000e+00 
-6.00000000e-07  1.68931548e-01 -6.00000000e-07  9.00000000e-01  1.70000000e+00 
-5.00000000e-07  1.80377667e-01 -5.00000000e-07  9.00000000e-01  1.70000000e+00 
-4.00000000e-07  1.93411484e-01 -4.00000000e-07  9.00000000e-01  1.70000000e+00 
-3.00000000e-07  2.08892462e-01 -3.00000000e-07  9.00000000e-01  1.70000000e+00 
-2.00000000e-07  2.28717979e-01 -2.00000000e-07  9.00000000e-01  1.70000000e+00 
-1.00000000e-07  2.58832224e-01 -1.00000000e-07  9.00000000e-01  1.70000000e+00 
-5.71747239e-21  8.99618090e-01 -5.71747239e-21  9.00000000e-01  1.70000000e+00 
 1.00000000e-07  1.44384372e+00  1.00000000e-07  9.00000000e-01  1.70000000e+00 
 2.00000000e-07  1.47606206e+00  2.00000000e-07  9.00000000e-01  1.70000000e+00 
 3.00000000e-07  1.49482588e+00  3.00000000e-07  9.00000000e-01  1.70000000e+00 
 4.00000000e-07  1.50818783e+00  4.00000000e-07  9.00000000e-01  1.70000000e+00 
 5.00000000e-07  1.51864485e+00  5.00000000e-07  9.00000000e-01  1.70000000e+00 
 6.00000000e-07  1.52723516e+00  6.00000000e-07  9.00000000e-01  1.70000000e+00 
 7.00000000e-07  1.53458313e+00  7.00000000e-07  9.00000000e-01  1.70000000e+00 
 8.00000000e-07  1.54102340e+00  8.00000000e-07  9.00000000e-01  1.70000000e+00 
 9.00000000e-07  1.54677260e+00  9.00000000e-07  9.00000000e-01  1.70000000e+00 
 1.00000000e-06  1.55197836e+00  1.00000000e-06  9.00000000e-01  1.70000000e+00 
 1.10000000e-06  1.55674557e+00  1.10000000e-06  9.00000000e-01  1.70000000e+00 
 1.20000000e-06  1.56115136e+00  1.20000000e-06  9.00000000e-01  1.70000000e+00 
 1.30000000e-06  1.56525407e+00  1.30000000e-06  9.00000000e-01  1.70000000e+00 
 1.40000000e-06  1.56909887e+00  1.40000000e-06  9.00000000e-01  1.70000000e+00 
 1.50000000e-06  1.57272145e+00  1.50000000e-06  9.00000000e-01  1.70000000e+00 
 1.60000000e-06  1.57615052e+00  1.60000000e-06  9.00000000e-01  1.70000000e+00 
 1.70000000e-06  1.57940950e+00  1.70000000e-06  9.00000000e-01  1.70000000e+00 
 1.80000000e-06  1.58251774e+00  1.80000000e-06  9.00000000e-01  1.70000000e+00 
 1.90000000e-06  1.58549143e+00  1.90000000e-06  9.00000000e-01  1.70000000e+00 
 2.00000000e-06  1.58834424e+00  2.00000000e-06  9.00000000e-01  1.70000000e+00 
 2.10000000e-06  1.59108784e+00  2.10000000e-06  9.00000000e-01  1.70000000e+00 
 2.20000000e-06  1.59373223e+00  2.20000000e-06  9.00000000e-01  1.70000000e+00 
 2.30000000e-06  1.59628611e+00  2.30000000e-06  9.00000000e-01  1.70000000e+00 
 2.40000000e-06  1.59875702e+00  2.40000000e-06  9.00000000e-01  1.70000000e+00 
 2.50000000e-06  1.60115162e+00  2.50000000e-06  9.00000000e-01  1.70000000e+00 
 2.60000000e-06  1.60347574e+00  2.60000000e-06  9.00000000e-01  1.70000000e+00 
 2.70000000e-06  1.60573457e+00  2.70000000e-06  9.00000000e-01  1.70000000e+00 
 2.80000000e-06  1.60793275e+00  2.80000000e-06  9.00000000e-01  1.70000000e+00 
 2.90000000e-06  1.61007440e+00  2.90000000e-06  9.00000000e-01  1.70000000e+00 
 3.00000000e-06  1.61216323e+00  3.00000000e-06  9.00000000e-01  1.70000000e+00 
 3.10000000e-06  1.61420261e+00  3.10000000e-06  9.00000000e-01  1.70000000e+00 
 3.20000000e-06  1.61619555e+00  3.20000000e-06  9.00000000e-01  1.70000000e+00 
 3.30000000e-06  1.61814482e+00  3.30000000e-06  9.00000000e-01  1.70000000e+00 
 3.40000000e-06  1.62005292e+00  3.40000000e-06  9.00000000e-01  1.70000000e+00 
 3.50000000e-06  1.62192215e+00  3.50000000e-06  9.00000000e-01  1.70000000e+00 
 3.60000000e-06  1.62375460e+00  3.60000000e-06  9.00000000e-01  1.70000000e+00 
 3.70000000e-06  1.62555220e+00  3.70000000e-06  9.00000000e-01  1.70000000e+00 
 3.80000000e-06  1.62731673e+00  3.80000000e-06  9.00000000e-01  1.70000000e+00 
 3.90000000e-06  1.62904982e+00  3.90000000e-06  9.00000000e-01  1.70000000e+00 
 4.00000000e-06  1.63075298e+00  4.00000000e-06  9.00000000e-01  1.70000000e+00 
 4.10000000e-06  1.63242763e+00  4.10000000e-06  9.00000000e-01  1.70000000e+00 
 4.20000000e-06  1.63407506e+00  4.20000000e-06  9.00000000e-01  1.70000000e+00 
 4.30000000e-06  1.63569649e+00  4.30000000e-06  9.00000000e-01  1.70000000e+00 
 4.40000000e-06  1.63729304e+00  4.40000000e-06  9.00000000e-01  1.70000000e+00 
 4.50000000e-06  1.63886577e+00  4.50000000e-06  9.00000000e-01  1.70000000e+00 
 4.60000000e-06  1.64041567e+00  4.60000000e-06  9.00000000e-01  1.70000000e+00 
 4.70000000e-06  1.64194366e+00  4.70000000e-06  9.00000000e-01  1.70000000e+00 
 4.80000000e-06  1.64345061e+00  4.80000000e-06  9.00000000e-01  1.70000000e+00 
 4.90000000e-06  1.64493732e+00  4.90000000e-06  9.00000000e-01  1.70000000e+00 
 5.00000000e-06  1.64640457e+00  5.00000000e-06  9.00000000e-01  1.70000000e+00 
 5.10000000e-06  1.64785307e+00  5.10000000e-06  9.00000000e-01  1.70000000e+00 
 5.20000000e-06  1.64928351e+00  5.20000000e-06  9.00000000e-01  1.70000000e+00 
 5.30000000e-06  1.65069651e+00  5.30000000e-06  9.00000000e-01  1.70000000e+00 
 5.40000000e-06  1.65209270e+00  5.40000000e-06  9.00000000e-01  1.70000000e+00 
 5.50000000e-06  1.65347264e+00  5.50000000e-06  9.00000000e-01  1.70000000e+00 
 5.60000000e-06  1.65483688e+00  5.60000000e-06  9.00000000e-01  1.70000000e+00 
 5.70000000e-06  1.65618592e+00  5.70000000e-06  9.00000000e-01  1.70000000e+00 
 5.80000000e-06  1.65752027e+00  5.80000000e-06  9.00000000e-01  1.70000000e+00 
 5.90000000e-06  1.65884037e+00  5.90000000e-06  9.00000000e-01  1.70000000e+00 
 6.00000000e-06  1.66014668e+00  6.00000000e-06  9.00000000e-01  1.70000000e+00 
