 i-sweep         v(vout)         i(viin)         v(vgate)        v(vmid)        
-6.00000000e-06  2.18380989e-01 -6.00000000e-06  1.30000000e+00  1.70000000e+00 
-5.90000000e-06  2.21929938e-01 -5.90000000e-06  1.30000000e+00  1.70000000e+00 
-5.80000000e-06  2.25507038e-01 -5.80000000e-06  1.30000000e+00  1.70000000e+00 
-5.70000000e-06  2.29112987e-01 -5.70000000e-06  1.30000000e+00  1.70000000e+00 
-5.60000000e-06  2.32748513e-01 -5.60000000e-06  1.30000000e+00  1.70000000e+00 
-5.50000000e-06  2.36414375e-01 -5.50000000e-06  1.30000000e+00  1.70000000e+00 
-5.40000000e-06  2.40111365e-01 -5.40000000e-06  1.30000000e+00  1.70000000e+00 
-5.30000000e-06  2.43840310e-01 -5.30000000e-06  1.30000000e+00  1.70000000e+00 
-5.20000000e-06  2.47602076e-01 -5.20000000e-06  1.30000000e+00  1.70000000e+00 
-5.10000000e-06  2.51397567e-01 -5.10000000e-06  1.30000000e+00  1.70000000e+00 
-5.00000000e-06  2.55227731e-01 -5.00000000e-06  1.30000000e+00  1.70000000e+00 
-4.90000000e-06  2.59093562e-01 -4.90000000e-06  1.30000000e+00  1.70000000e+00 
-4.80000000e-06  2.62996103e-01 -4.80000000e-06  1.30000000e+00  1.70000000e+00 
-4.70000000e-06  2.66936449e-01 -4.70000000e-06  1.30000000e+00  1.70000000e+00 
-4.60000000e-06  2.70915751e-01 -4.60000000e-06  1.30000000e+00  1.70000000e+00 
-4.50000000e-06  2.74935224e-01 -4.50000000e-06  1.30000000e+00  1.70000000e+00 
-4.40000000e-06  2.78996146e-01 -4.40000000e-06  1.30000000e+00  1.70000000e+00 
-4.30000000e-06  2.83099867e-01 -4.30000000e-06  1.30000000e+00  1.70000000e+00 
-4.20000000e-06  2.87247814e-01 -4.20000000e-06  1.30000000e+00  1.70000000e+00 
-4.10000000e-06  2.91441498e-01 -4.10000000e-06  1.30000000e+00  1.70000000e+00 
-4.00000000e-06  2.95682521e-01 -4.00000000e-06  1.30000000e+00  1.70000000e+00 
-3.90000000e-06  2.99972584e-01 -3.90000000e-06  1.30000000e+00  1.70000000e+00 
-3.80000000e-06  3.04313497e-01 -3.80000000e-06  1.30000000e+00  1.70000000e+00 
-3.70000000e-06  3.08707190e-01 -3.70000000e-06  1.30000000e+00  1.70000000e+00 
-3.60000000e-06  3.13155723e-01 -3.60000000e-06  1.30000000e+00  1.70000000e+00 
-3.50000000e-06  3.17661301e-01 -3.50000000e-06  1.30000000e+00  1.70000000e+00 
-3.40000000e-06  3.22226287e-01 -3.40000000e-06  1.30000000e+00  1.70000000e+00 
-3.30000000e-06  3.26853226e-01 -3.30000000e-06  1.30000000e+00  1.70000000e+00 
-3.20000000e-06  3.31544856e-01 -3.20000000e-06  1.30000000e+00  1.70000000e+00 
-3.10000000e-06  3.36304140e-01 -3.10000000e-06  1.30000000e+00  1.70000000e+00 
-3.00000000e-06  3.41134287e-01 -3.00000000e-06  1.30000000e+00  1.70000000e+00 
-2.90000000e-06  3.46038786e-01 -2.90000000e-06  1.30000000e+00  1.70000000e+00 
-2.80000000e-06  3.51021444e-01 -2.80000000e-06  1.30000000e+00  1.70000000e+00 
-2.70000000e-06  3.56086427e-01 -2.70000000e-06  1.30000000e+00  1.70000000e+00 
-2.60000000e-06  3.61238316e-01 -2.60000000e-06  1.30000000e+00  1.70000000e+00 
-2.50000000e-06  3.66482164e-01 -2.50000000e-06  1.30000000e+00  1.70000000e+00 
-2.40000000e-06  3.71823571e-01 -2.40000000e-06  1.30000000e+00  1.70000000e+00 
-2.30000000e-06  3.77268777e-01 -2.30000000e-06  1.30000000e+00  1.70000000e+00 
-2.20000000e-06  3.82824768e-01 -2.20000000e-06  1.30000000e+00  1.70000000e+00 
-2.10000000e-06  3.88499409e-01 -2.10000000e-06  1.30000000e+00  1.70000000e+00 
-2.00000000e-06  3.94301615e-01 -2.00000000e-06  1.30000000e+00  1.70000000e+00 
-1.90000000e-06  4.00241553e-01 -1.90000000e-06  1.30000000e+00  1.70000000e+00 
-1.80000000e-06  4.06330913e-01 -1.80000000e-06  1.30000000e+00  1.70000000e+00 
-1.70000000e-06  4.12583237e-01 -1.70000000e-06  1.30000000e+00  1.70000000e+00 
-1.60000000e-06  4.19014364e-01 -1.60000000e-06  1.30000000e+00  1.70000000e+00 
-1.50000000e-06  4.25643003e-01 -1.50000000e-06  1.30000000e+00  1.70000000e+00 
-1.40000000e-06  4.32491505e-01 -1.40000000e-06  1.30000000e+00  1.70000000e+00 
-1.30000000e-06  4.39586916e-01 -1.30000000e-06  1.30000000e+00  1.70000000e+00 
-1.20000000e-06  4.46962442e-01 -1.20000000e-06  1.30000000e+00  1.70000000e+00 
-1.10000000e-06  4.54659541e-01 -1.10000000e-06  1.30000000e+00  1.70000000e+00 
-1.00000000e-06  4.62730340e-01 -1.00000000e-06  1.30000000e+00  1.70000000e+00 
-9.00000000e-07  4.71244819e-01 -9.00000000e-07  1.30000000e+00  1.70000000e+00 
-8.00000000e-07  4.80294376e-01 -8.00000000e-07  1.30000000e+00  1.70000000e+00 
-7.00000000e-07  4.90007543e-01 -7.00000000e-07  1.30000000e+00  1.70000000e+00 
-6.00000000e-07  5.00566995e-01 -6.00000000e-07  1.30000000e+00  1.70000000e+00 
-5.00000000e-07  5.12255569e-01 -5.00000000e-07  1.30000000e+00  1.70000000e+00 
-4.00000000e-07  5.25538723e-01 -4.00000000e-07  1.30000000e+00  1.70000000e+00 
-3.00000000e-07  5.41274837e-01 -3.00000000e-07  1.30000000e+00  1.70000000e+00 
-2.00000000e-07  5.61356370e-01 -2.00000000e-07  1.30000000e+00  1.70000000e+00 
-1.00000000e-07  5.91701823e-01 -1.00000000e-07  1.30000000e+00  1.70000000e+00 
-5.71747239e-21  9.91859126e-01 -5.71747239e-21  1.30000000e+00  1.70000000e+00 
 1.00000000e-07  1.44384411e+00  1.00000000e-07  1.30000000e+00  1.70000000e+00 
 2.00000000e-07  1.47606429e+00  2.00000000e-07  1.30000000e+00  1.70000000e+00 
 3.00000000e-07  1.49482604e+00  3.00000000e-07  1.30000000e+00  1.70000000e+00 
 4.00000000e-07  1.50818784e+00  4.00000000e-07  1.30000000e+00  1.70000000e+00 
 5.00000000e-07  1.51864790e+00  5.00000000e-07  1.30000000e+00  1.70000000e+00 
 6.00000000e-07  1.52723625e+00  6.00000000e-07  1.30000000e+00  1.70000000e+00 
 7.00000000e-07  1.53458353e+00  7.00000000e-07  1.30000000e+00  1.70000000e+00 
 8.00000000e-07  1.54102356e+00  8.00000000e-07  1.30000000e+00  1.70000000e+00 
 9.00000000e-07  1.54677266e+00  9.00000000e-07  1.30000000e+00  1.70000000e+00 
 1.00000000e-06  1.55197839e+00  1.00000000e-06  1.30000000e+00  1.70000000e+00 
 1.10000000e-06  1.55674558e+00  1.10000000e-06  1.30000000e+00  1.70000000e+00 
 1.20000000e-06  1.56115137e+00  1.20000000e-06  1.30000000e+00  1.70000000e+00 
 1.30000000e-06  1.56525407e+00  1.30000000e-06  1.30000000e+00  1.70000000e+00 
 1.40000000e-06  1.56909887e+00  1.40000000e-06  1.30000000e+00  1.70000000e+00 
 1.50000000e-06  1.57272145e+00  1.50000000e-06  1.30000000e+00  1.70000000e+00 
 1.60000000e-06  1.57615053e+00  1.60000000e-06  1.30000000e+00  1.70000000e+00 
 1.70000000e-06  1.57940950e+00  1.70000000e-06  1.30000000e+00  1.70000000e+00 
 1.80000000e-06  1.58251774e+00  1.80000000e-06  1.30000000e+00  1.70000000e+00 
 1.90000000e-06  1.58549143e+00  1.90000000e-06  1.30000000e+00  1.70000000e+00 
 2.00000000e-06  1.58834424e+00  2.00000000e-06  1.30000000e+00  1.70000000e+00 
 2.10000000e-06  1.59108784e+00  2.10000000e-06  1.30000000e+00  1.70000000e+00 
 2.20000000e-06  1.59373223e+00  2.20000000e-06  1.30000000e+00  1.70000000e+00 
 2.30000000e-06  1.59628611e+00  2.30000000e-06  1.30000000e+00  1.70000000e+00 
 2.40000000e-06  1.59875702e+00  2.40000000e-06  1.30000000e+00  1.70000000e+00 
 2.50000000e-06  1.60115162e+00  2.50000000e-06  1.30000000e+00  1.70000000e+00 
 2.60000000e-06  1.60347574e+00  2.60000000e-06  1.30000000e+00  1.70000000e+00 
 2.70000000e-06  1.60573457e+00  2.70000000e-06  1.30000000e+00  1.70000000e+00 
 2.80000000e-06  1.60793275e+00  2.80000000e-06  1.30000000e+00  1.70000000e+00 
 2.90000000e-06  1.61007440e+00  2.90000000e-06  1.30000000e+00  1.70000000e+00 
 3.00000000e-06  1.61216323e+00  3.00000000e-06  1.30000000e+00  1.70000000e+00 
 3.10000000e-06  1.61420261e+00  3.10000000e-06  1.30000000e+00  1.70000000e+00 
 3.20000000e-06  1.61619555e+00  3.20000000e-06  1.30000000e+00  1.70000000e+00 
 3.30000000e-06  1.61814482e+00  3.30000000e-06  1.30000000e+00  1.70000000e+00 
 3.40000000e-06  1.62005292e+00  3.40000000e-06  1.30000000e+00  1.70000000e+00 
 3.50000000e-06  1.62192215e+00  3.50000000e-06  1.30000000e+00  1.70000000e+00 
 3.60000000e-06  1.62375460e+00  3.60000000e-06  1.30000000e+00  1.70000000e+00 
 3.70000000e-06  1.62555220e+00  3.70000000e-06  1.30000000e+00  1.70000000e+00 
 3.80000000e-06  1.62731673e+00  3.80000000e-06  1.30000000e+00  1.70000000e+00 
 3.90000000e-06  1.62904982e+00  3.90000000e-06  1.30000000e+00  1.70000000e+00 
 4.00000000e-06  1.63075298e+00  4.00000000e-06  1.30000000e+00  1.70000000e+00 
 4.10000000e-06  1.63242763e+00  4.10000000e-06  1.30000000e+00  1.70000000e+00 
 4.20000000e-06  1.63407506e+00  4.20000000e-06  1.30000000e+00  1.70000000e+00 
 4.30000000e-06  1.63569649e+00  4.30000000e-06  1.30000000e+00  1.70000000e+00 
 4.40000000e-06  1.63729304e+00  4.40000000e-06  1.30000000e+00  1.70000000e+00 
 4.50000000e-06  1.63886577e+00  4.50000000e-06  1.30000000e+00  1.70000000e+00 
 4.60000000e-06  1.64041567e+00  4.60000000e-06  1.30000000e+00  1.70000000e+00 
 4.70000000e-06  1.64194366e+00  4.70000000e-06  1.30000000e+00  1.70000000e+00 
 4.80000000e-06  1.64345061e+00  4.80000000e-06  1.30000000e+00  1.70000000e+00 
 4.90000000e-06  1.64493732e+00  4.90000000e-06  1.30000000e+00  1.70000000e+00 
 5.00000000e-06  1.64640457e+00  5.00000000e-06  1.30000000e+00  1.70000000e+00 
 5.10000000e-06  1.64785307e+00  5.10000000e-06  1.30000000e+00  1.70000000e+00 
 5.20000000e-06  1.64928351e+00  5.20000000e-06  1.30000000e+00  1.70000000e+00 
 5.30000000e-06  1.65069651e+00  5.30000000e-06  1.30000000e+00  1.70000000e+00 
 5.40000000e-06  1.65209270e+00  5.40000000e-06  1.30000000e+00  1.70000000e+00 
 5.50000000e-06  1.65347264e+00  5.50000000e-06  1.30000000e+00  1.70000000e+00 
 5.60000000e-06  1.65483688e+00  5.60000000e-06  1.30000000e+00  1.70000000e+00 
 5.70000000e-06  1.65618592e+00  5.70000000e-06  1.30000000e+00  1.70000000e+00 
 5.80000000e-06  1.65752027e+00  5.80000000e-06  1.30000000e+00  1.70000000e+00 
 5.90000000e-06  1.65884037e+00  5.90000000e-06  1.30000000e+00  1.70000000e+00 
 6.00000000e-06  1.66014668e+00  6.00000000e-06  1.30000000e+00  1.70000000e+00 
