 i-sweep         v(vout)         i(viin)         v(vgate)        v(vmid)        
 0.00000000e+00  3.00000078e-01  0.00000000e+00  1.20000000e+00  3.00000000e-01 
 1.00000000e-07  3.06472119e-01  1.00000000e-07  1.20000000e+00  3.00000000e-01 
 2.00000000e-07  3.13199481e-01  2.00000000e-07  1.20000000e+00  3.00000000e-01 
 3.00000000e-07  3.20122628e-01  3.00000000e-07  1.20000000e+00  3.00000000e-01 
 4.00000000e-07  3.27257077e-01  4.00000000e-07  1.20000000e+00  3.00000000e-01 
 5.00000000e-07  3.34622976e-01  5.00000000e-07  1.20000000e+00  3.00000000e-01 
 6.00000000e-07  3.42243928e-01  6.00000000e-07  1.20000000e+00  3.00000000e-01 
 7.00000000e-07  3.50147797e-01  7.00000000e-07  1.20000000e+00  3.00000000e-01 
 8.00000000e-07  3.58367852e-01  8.00000000e-07  1.20000000e+00  3.00000000e-01 
 9.00000000e-07  3.66944341e-01  9.00000000e-07  1.20000000e+00  3.00000000e-01 
 1.00000000e-06  3.75926695e-01  1.00000000e-06  1.20000000e+00  3.00000000e-01 
 1.10000000e-06  3.85376707e-01  1.10000000e-06  1.20000000e+00  3.00000000e-01 
 1.20000000e-06  3.95373243e-01  1.20000000e-06  1.20000000e+00  3.00000000e-01 
 1.30000000e-06  4.06019517e-01  1.30000000e-06  1.20000000e+00  3.00000000e-01 
 1.40000000e-06  4.17917758e-01  1.40000000e-06  1.20000000e+00  3.00000000e-01 
 1.50000000e-06  4.30467577e-01  1.50000000e-06  1.20000000e+00  3.00000000e-01 
 1.60000000e-06  4.44359776e-01  1.60000000e-06  1.20000000e+00  3.00000000e-01 
 1.70000000e-06  4.60110079e-01  1.70000000e-06  1.20000000e+00  3.00000000e-01 
 1.80000000e-06  4.78652233e-01  1.80000000e-06  1.20000000e+00  3.00000000e-01 
 1.90000000e-06  5.01989376e-01  1.90000000e-06  1.20000000e+00  3.00000000e-01 
 2.00000000e-06  5.35908192e-01  2.00000000e-06  1.20000000e+00  3.00000000e-01 
 2.10000000e-06  6.24626772e-01  2.10000000e-06  1.20000000e+00  3.00000000e-01 
 2.20000000e-06  9.77086645e-01  2.20000000e-06  1.20000000e+00  3.00000000e-01 
 2.30000000e-06  1.03111457e+00  2.30000000e-06  1.20000000e+00  3.00000000e-01 
 2.40000000e-06  1.05640308e+00  2.40000000e-06  1.20000000e+00  3.00000000e-01 
 2.50000000e-06  1.07204183e+00  2.50000000e-06  1.20000000e+00  3.00000000e-01 
 2.60000000e-06  1.08405074e+00  2.60000000e-06  1.20000000e+00  3.00000000e-01 
 2.70000000e-06  1.09470757e+00  2.70000000e-06  1.20000000e+00  3.00000000e-01 
 2.80000000e-06  1.10234305e+00  2.80000000e-06  1.20000000e+00  3.00000000e-01 
 2.90000000e-06  1.10926419e+00  2.90000000e-06  1.20000000e+00  3.00000000e-01 
 3.00000000e-06  1.11537111e+00  3.00000000e-06  1.20000000e+00  3.00000000e-01 
 3.10000000e-06  1.12088253e+00  3.10000000e-06  1.20000000e+00  3.00000000e-01 
 3.20000000e-06  1.12591083e+00  3.20000000e-06  1.20000000e+00  3.00000000e-01 
 3.30000000e-06  1.13054366e+00  3.30000000e-06  1.20000000e+00  3.00000000e-01 
 3.40000000e-06  1.13484637e+00  3.40000000e-06  1.20000000e+00  3.00000000e-01 
 3.50000000e-06  1.13886940e+00  3.50000000e-06  1.20000000e+00  3.00000000e-01 
 3.60000000e-06  1.14265243e+00  3.60000000e-06  1.20000000e+00  3.00000000e-01 
 3.70000000e-06  1.14622722e+00  3.70000000e-06  1.20000000e+00  3.00000000e-01 
 3.80000000e-06  1.14961958e+00  3.80000000e-06  1.20000000e+00  3.00000000e-01 
 3.90000000e-06  1.15285075e+00  3.90000000e-06  1.20000000e+00  3.00000000e-01 
 4.00000000e-06  1.15593846e+00  4.00000000e-06  1.20000000e+00  3.00000000e-01 
 4.10000000e-06  1.15889761e+00  4.10000000e-06  1.20000000e+00  3.00000000e-01 
 4.20000000e-06  1.16174088e+00  4.20000000e-06  1.20000000e+00  3.00000000e-01 
 4.30000000e-06  1.16447912e+00  4.30000000e-06  1.20000000e+00  3.00000000e-01 
 4.40000000e-06  1.16712172e+00  4.40000000e-06  1.20000000e+00  3.00000000e-01 
 4.50000000e-06  1.16967683e+00  4.50000000e-06  1.20000000e+00  3.00000000e-01 
 4.60000000e-06  1.17215158e+00  4.60000000e-06  1.20000000e+00  3.00000000e-01 
 4.70000000e-06  1.17455226e+00  4.70000000e-06  1.20000000e+00  3.00000000e-01 
 4.80000000e-06  1.17688442e+00  4.80000000e-06  1.20000000e+00  3.00000000e-01 
 4.90000000e-06  1.17915301e+00  4.90000000e-06  1.20000000e+00  3.00000000e-01 
 5.00000000e-06  1.18136242e+00  5.00000000e-06  1.20000000e+00  3.00000000e-01 
 5.10000000e-06  1.18351663e+00  5.10000000e-06  1.20000000e+00  3.00000000e-01 
 5.20000000e-06  1.18561919e+00  5.20000000e-06  1.20000000e+00  3.00000000e-01 
 5.30000000e-06  1.18767331e+00  5.30000000e-06  1.20000000e+00  3.00000000e-01 
 5.40000000e-06  1.18968193e+00  5.40000000e-06  1.20000000e+00  3.00000000e-01 
 5.50000000e-06  1.19164769e+00  5.50000000e-06  1.20000000e+00  3.00000000e-01 
 5.60000000e-06  1.19357301e+00  5.60000000e-06  1.20000000e+00  3.00000000e-01 
 5.70000000e-06  1.19546012e+00  5.70000000e-06  1.20000000e+00  3.00000000e-01 
 5.80000000e-06  1.19731104e+00  5.80000000e-06  1.20000000e+00  3.00000000e-01 
 5.90000000e-06  1.19912764e+00  5.90000000e-06  1.20000000e+00  3.00000000e-01 
 6.00000000e-06  1.20091165e+00  6.00000000e-06  1.20000000e+00  3.00000000e-01 
 6.10000000e-06  1.20266465e+00  6.10000000e-06  1.20000000e+00  3.00000000e-01 
 6.20000000e-06  1.20438813e+00  6.20000000e-06  1.20000000e+00  3.00000000e-01 
 6.30000000e-06  1.20608344e+00  6.30000000e-06  1.20000000e+00  3.00000000e-01 
 6.40000000e-06  1.20775186e+00  6.40000000e-06  1.20000000e+00  3.00000000e-01 
 6.50000000e-06  1.20939457e+00  6.50000000e-06  1.20000000e+00  3.00000000e-01 
 6.60000000e-06  1.21101268e+00  6.60000000e-06  1.20000000e+00  3.00000000e-01 
 6.70000000e-06  1.21260721e+00  6.70000000e-06  1.20000000e+00  3.00000000e-01 
 6.80000000e-06  1.21417913e+00  6.80000000e-06  1.20000000e+00  3.00000000e-01 
 6.90000000e-06  1.21572934e+00  6.90000000e-06  1.20000000e+00  3.00000000e-01 
 7.00000000e-06  1.21725869e+00  7.00000000e-06  1.20000000e+00  3.00000000e-01 
 7.10000000e-06  1.21876798e+00  7.10000000e-06  1.20000000e+00  3.00000000e-01 
 7.20000000e-06  1.22025795e+00  7.20000000e-06  1.20000000e+00  3.00000000e-01 
 7.30000000e-06  1.22172933e+00  7.30000000e-06  1.20000000e+00  3.00000000e-01 
 7.40000000e-06  1.22318276e+00  7.40000000e-06  1.20000000e+00  3.00000000e-01 
 7.50000000e-06  1.22461889e+00  7.50000000e-06  1.20000000e+00  3.00000000e-01 
 7.60000000e-06  1.22603830e+00  7.60000000e-06  1.20000000e+00  3.00000000e-01 
 7.70000000e-06  1.22744157e+00  7.70000000e-06  1.20000000e+00  3.00000000e-01 
 7.80000000e-06  1.22882921e+00  7.80000000e-06  1.20000000e+00  3.00000000e-01 
 7.90000000e-06  1.23020175e+00  7.90000000e-06  1.20000000e+00  3.00000000e-01 
 8.00000000e-06  1.23155967e+00  8.00000000e-06  1.20000000e+00  3.00000000e-01 
 8.10000000e-06  1.23290341e+00  8.10000000e-06  1.20000000e+00  3.00000000e-01 
 8.20000000e-06  1.23423342e+00  8.20000000e-06  1.20000000e+00  3.00000000e-01 
 8.30000000e-06  1.23555010e+00  8.30000000e-06  1.20000000e+00  3.00000000e-01 
 8.40000000e-06  1.23685386e+00  8.40000000e-06  1.20000000e+00  3.00000000e-01 
 8.50000000e-06  1.23814507e+00  8.50000000e-06  1.20000000e+00  3.00000000e-01 
 8.60000000e-06  1.23942408e+00  8.60000000e-06  1.20000000e+00  3.00000000e-01 
 8.70000000e-06  1.24069124e+00  8.70000000e-06  1.20000000e+00  3.00000000e-01 
 8.80000000e-06  1.24194689e+00  8.80000000e-06  1.20000000e+00  3.00000000e-01 
 8.90000000e-06  1.24319132e+00  8.90000000e-06  1.20000000e+00  3.00000000e-01 
 9.00000000e-06  1.24442485e+00  9.00000000e-06  1.20000000e+00  3.00000000e-01 
 9.10000000e-06  1.24564775e+00  9.10000000e-06  1.20000000e+00  3.00000000e-01 
 9.20000000e-06  1.24686031e+00  9.20000000e-06  1.20000000e+00  3.00000000e-01 
 9.30000000e-06  1.24806278e+00  9.30000000e-06  1.20000000e+00  3.00000000e-01 
 9.40000000e-06  1.24925543e+00  9.40000000e-06  1.20000000e+00  3.00000000e-01 
 9.50000000e-06  1.25043849e+00  9.50000000e-06  1.20000000e+00  3.00000000e-01 
 9.60000000e-06  1.25161221e+00  9.60000000e-06  1.20000000e+00  3.00000000e-01 
 9.70000000e-06  1.25277679e+00  9.70000000e-06  1.20000000e+00  3.00000000e-01 
 9.80000000e-06  1.25393246e+00  9.80000000e-06  1.20000000e+00  3.00000000e-01 
 9.90000000e-06  1.25507944e+00  9.90000000e-06  1.20000000e+00  3.00000000e-01 
 1.00000000e-05  1.25621790e+00  1.00000000e-05  1.20000000e+00  3.00000000e-01 
 1.01000000e-05  1.25734806e+00  1.01000000e-05  1.20000000e+00  3.00000000e-01 
 1.02000000e-05  1.25847010e+00  1.02000000e-05  1.20000000e+00  3.00000000e-01 
 1.03000000e-05  1.25958419e+00  1.03000000e-05  1.20000000e+00  3.00000000e-01 
 1.04000000e-05  1.26069052e+00  1.04000000e-05  1.20000000e+00  3.00000000e-01 
 1.05000000e-05  1.26178923e+00  1.05000000e-05  1.20000000e+00  3.00000000e-01 
 1.06000000e-05  1.26288051e+00  1.06000000e-05  1.20000000e+00  3.00000000e-01 
 1.07000000e-05  1.26396450e+00  1.07000000e-05  1.20000000e+00  3.00000000e-01 
 1.08000000e-05  1.26504135e+00  1.08000000e-05  1.20000000e+00  3.00000000e-01 
 1.09000000e-05  1.26611121e+00  1.09000000e-05  1.20000000e+00  3.00000000e-01 
 1.10000000e-05  1.26717422e+00  1.10000000e-05  1.20000000e+00  3.00000000e-01 
 1.11000000e-05  1.26823052e+00  1.11000000e-05  1.20000000e+00  3.00000000e-01 
 1.12000000e-05  1.26928023e+00  1.12000000e-05  1.20000000e+00  3.00000000e-01 
 1.13000000e-05  1.27032349e+00  1.13000000e-05  1.20000000e+00  3.00000000e-01 
 1.14000000e-05  1.27136042e+00  1.14000000e-05  1.20000000e+00  3.00000000e-01 
 1.15000000e-05  1.27239114e+00  1.15000000e-05  1.20000000e+00  3.00000000e-01 
 1.16000000e-05  1.27341577e+00  1.16000000e-05  1.20000000e+00  3.00000000e-01 
 1.17000000e-05  1.27443441e+00  1.17000000e-05  1.20000000e+00  3.00000000e-01 
 1.18000000e-05  1.27544719e+00  1.18000000e-05  1.20000000e+00  3.00000000e-01 
 1.19000000e-05  1.27645419e+00  1.19000000e-05  1.20000000e+00  3.00000000e-01 
 1.20000000e-05  1.27745554e+00  1.20000000e-05  1.20000000e+00  3.00000000e-01 
 1.21000000e-05  1.27845132e+00  1.21000000e-05  1.20000000e+00  3.00000000e-01 
 1.22000000e-05  1.27944163e+00  1.22000000e-05  1.20000000e+00  3.00000000e-01 
 1.23000000e-05  1.28042658e+00  1.23000000e-05  1.20000000e+00  3.00000000e-01 
 1.24000000e-05  1.28140624e+00  1.24000000e-05  1.20000000e+00  3.00000000e-01 
 1.25000000e-05  1.28238072e+00  1.25000000e-05  1.20000000e+00  3.00000000e-01 
 1.26000000e-05  1.28335009e+00  1.26000000e-05  1.20000000e+00  3.00000000e-01 
 1.27000000e-05  1.28431444e+00  1.27000000e-05  1.20000000e+00  3.00000000e-01 
 1.28000000e-05  1.28527386e+00  1.28000000e-05  1.20000000e+00  3.00000000e-01 
 1.29000000e-05  1.28622842e+00  1.29000000e-05  1.20000000e+00  3.00000000e-01 
 1.30000000e-05  1.28717820e+00  1.30000000e-05  1.20000000e+00  3.00000000e-01 
 1.31000000e-05  1.28812328e+00  1.31000000e-05  1.20000000e+00  3.00000000e-01 
 1.32000000e-05  1.28906373e+00  1.32000000e-05  1.20000000e+00  3.00000000e-01 
 1.33000000e-05  1.28999963e+00  1.33000000e-05  1.20000000e+00  3.00000000e-01 
 1.34000000e-05  1.29093104e+00  1.34000000e-05  1.20000000e+00  3.00000000e-01 
 1.35000000e-05  1.29185802e+00  1.35000000e-05  1.20000000e+00  3.00000000e-01 
 1.36000000e-05  1.29278066e+00  1.36000000e-05  1.20000000e+00  3.00000000e-01 
 1.37000000e-05  1.29369901e+00  1.37000000e-05  1.20000000e+00  3.00000000e-01 
 1.38000000e-05  1.29461314e+00  1.38000000e-05  1.20000000e+00  3.00000000e-01 
 1.39000000e-05  1.29552311e+00  1.39000000e-05  1.20000000e+00  3.00000000e-01 
 1.40000000e-05  1.29642898e+00  1.40000000e-05  1.20000000e+00  3.00000000e-01 
 1.41000000e-05  1.29733080e+00  1.41000000e-05  1.20000000e+00  3.00000000e-01 
 1.42000000e-05  1.29822864e+00  1.42000000e-05  1.20000000e+00  3.00000000e-01 
 1.43000000e-05  1.29912256e+00  1.43000000e-05  1.20000000e+00  3.00000000e-01 
 1.44000000e-05  1.30001260e+00  1.44000000e-05  1.20000000e+00  3.00000000e-01 
 1.45000000e-05  1.30089882e+00  1.45000000e-05  1.20000000e+00  3.00000000e-01 
 1.46000000e-05  1.30178128e+00  1.46000000e-05  1.20000000e+00  3.00000000e-01 
 1.47000000e-05  1.30266002e+00  1.47000000e-05  1.20000000e+00  3.00000000e-01 
 1.48000000e-05  1.30353510e+00  1.48000000e-05  1.20000000e+00  3.00000000e-01 
 1.49000000e-05  1.30440656e+00  1.49000000e-05  1.20000000e+00  3.00000000e-01 
 1.50000000e-05  1.30527445e+00  1.50000000e-05  1.20000000e+00  3.00000000e-01 
 1.51000000e-05  1.30613882e+00  1.51000000e-05  1.20000000e+00  3.00000000e-01 
 1.52000000e-05  1.30699972e+00  1.52000000e-05  1.20000000e+00  3.00000000e-01 
 1.53000000e-05  1.30785719e+00  1.53000000e-05  1.20000000e+00  3.00000000e-01 
 1.54000000e-05  1.30871127e+00  1.54000000e-05  1.20000000e+00  3.00000000e-01 
 1.55000000e-05  1.30956200e+00  1.55000000e-05  1.20000000e+00  3.00000000e-01 
 1.56000000e-05  1.31040944e+00  1.56000000e-05  1.20000000e+00  3.00000000e-01 
 1.57000000e-05  1.31125362e+00  1.57000000e-05  1.20000000e+00  3.00000000e-01 
 1.58000000e-05  1.31209458e+00  1.58000000e-05  1.20000000e+00  3.00000000e-01 
 1.59000000e-05  1.31293235e+00  1.59000000e-05  1.20000000e+00  3.00000000e-01 
 1.60000000e-05  1.31376699e+00  1.60000000e-05  1.20000000e+00  3.00000000e-01 
 1.61000000e-05  1.31459853e+00  1.61000000e-05  1.20000000e+00  3.00000000e-01 
 1.62000000e-05  1.31542700e+00  1.62000000e-05  1.20000000e+00  3.00000000e-01 
 1.63000000e-05  1.31625243e+00  1.63000000e-05  1.20000000e+00  3.00000000e-01 
 1.64000000e-05  1.31707488e+00  1.64000000e-05  1.20000000e+00  3.00000000e-01 
 1.65000000e-05  1.31789437e+00  1.65000000e-05  1.20000000e+00  3.00000000e-01 
 1.66000000e-05  1.31871093e+00  1.66000000e-05  1.20000000e+00  3.00000000e-01 
 1.67000000e-05  1.31952461e+00  1.67000000e-05  1.20000000e+00  3.00000000e-01 
 1.68000000e-05  1.32033542e+00  1.68000000e-05  1.20000000e+00  3.00000000e-01 
 1.69000000e-05  1.32114342e+00  1.69000000e-05  1.20000000e+00  3.00000000e-01 
 1.70000000e-05  1.32194862e+00  1.70000000e-05  1.20000000e+00  3.00000000e-01 
 1.71000000e-05  1.32275105e+00  1.71000000e-05  1.20000000e+00  3.00000000e-01 
 1.72000000e-05  1.32355076e+00  1.72000000e-05  1.20000000e+00  3.00000000e-01 
 1.73000000e-05  1.32434777e+00  1.73000000e-05  1.20000000e+00  3.00000000e-01 
 1.74000000e-05  1.32514210e+00  1.74000000e-05  1.20000000e+00  3.00000000e-01 
 1.75000000e-05  1.32593380e+00  1.75000000e-05  1.20000000e+00  3.00000000e-01 
 1.76000000e-05  1.32672288e+00  1.76000000e-05  1.20000000e+00  3.00000000e-01 
 1.77000000e-05  1.32750937e+00  1.77000000e-05  1.20000000e+00  3.00000000e-01 
 1.78000000e-05  1.32829331e+00  1.78000000e-05  1.20000000e+00  3.00000000e-01 
 1.79000000e-05  1.32907471e+00  1.79000000e-05  1.20000000e+00  3.00000000e-01 
 1.80000000e-05  1.32985361e+00  1.80000000e-05  1.20000000e+00  3.00000000e-01 
 1.81000000e-05  1.33063003e+00  1.81000000e-05  1.20000000e+00  3.00000000e-01 
 1.82000000e-05  1.33140400e+00  1.82000000e-05  1.20000000e+00  3.00000000e-01 
 1.83000000e-05  1.33217555e+00  1.83000000e-05  1.20000000e+00  3.00000000e-01 
 1.84000000e-05  1.33294468e+00  1.84000000e-05  1.20000000e+00  3.00000000e-01 
 1.85000000e-05  1.33371144e+00  1.85000000e-05  1.20000000e+00  3.00000000e-01 
 1.86000000e-05  1.33447585e+00  1.86000000e-05  1.20000000e+00  3.00000000e-01 
 1.87000000e-05  1.33523792e+00  1.87000000e-05  1.20000000e+00  3.00000000e-01 
 1.88000000e-05  1.33599769e+00  1.88000000e-05  1.20000000e+00  3.00000000e-01 
 1.89000000e-05  1.33675517e+00  1.89000000e-05  1.20000000e+00  3.00000000e-01 
 1.90000000e-05  1.33751039e+00  1.90000000e-05  1.20000000e+00  3.00000000e-01 
 1.91000000e-05  1.33826337e+00  1.91000000e-05  1.20000000e+00  3.00000000e-01 
 1.92000000e-05  1.33901412e+00  1.92000000e-05  1.20000000e+00  3.00000000e-01 
 1.93000000e-05  1.33976268e+00  1.93000000e-05  1.20000000e+00  3.00000000e-01 
 1.94000000e-05  1.34050907e+00  1.94000000e-05  1.20000000e+00  3.00000000e-01 
 1.95000000e-05  1.34125329e+00  1.95000000e-05  1.20000000e+00  3.00000000e-01 
 1.96000000e-05  1.34199538e+00  1.96000000e-05  1.20000000e+00  3.00000000e-01 
 1.97000000e-05  1.34273536e+00  1.97000000e-05  1.20000000e+00  3.00000000e-01 
 1.98000000e-05  1.34347324e+00  1.98000000e-05  1.20000000e+00  3.00000000e-01 
 1.99000000e-05  1.34420904e+00  1.99000000e-05  1.20000000e+00  3.00000000e-01 
 2.00000000e-05  1.34494278e+00  2.00000000e-05  1.20000000e+00  3.00000000e-01 
 2.01000000e-05  1.34567449e+00  2.01000000e-05  1.20000000e+00  3.00000000e-01 
 2.02000000e-05  1.34640417e+00  2.02000000e-05  1.20000000e+00  3.00000000e-01 
 2.03000000e-05  1.34713185e+00  2.03000000e-05  1.20000000e+00  3.00000000e-01 
 2.04000000e-05  1.34785754e+00  2.04000000e-05  1.20000000e+00  3.00000000e-01 
 2.05000000e-05  1.34858127e+00  2.05000000e-05  1.20000000e+00  3.00000000e-01 
 2.06000000e-05  1.34930305e+00  2.06000000e-05  1.20000000e+00  3.00000000e-01 
 2.07000000e-05  1.35002290e+00  2.07000000e-05  1.20000000e+00  3.00000000e-01 
 2.08000000e-05  1.35074083e+00  2.08000000e-05  1.20000000e+00  3.00000000e-01 
 2.09000000e-05  1.35145687e+00  2.09000000e-05  1.20000000e+00  3.00000000e-01 
 2.10000000e-05  1.35217102e+00  2.10000000e-05  1.20000000e+00  3.00000000e-01 
 2.11000000e-05  1.35288330e+00  2.11000000e-05  1.20000000e+00  3.00000000e-01 
 2.12000000e-05  1.35359373e+00  2.12000000e-05  1.20000000e+00  3.00000000e-01 
 2.13000000e-05  1.35430233e+00  2.13000000e-05  1.20000000e+00  3.00000000e-01 
 2.14000000e-05  1.35500911e+00  2.14000000e-05  1.20000000e+00  3.00000000e-01 
 2.15000000e-05  1.35571409e+00  2.15000000e-05  1.20000000e+00  3.00000000e-01 
 2.16000000e-05  1.35641728e+00  2.16000000e-05  1.20000000e+00  3.00000000e-01 
 2.17000000e-05  1.35711869e+00  2.17000000e-05  1.20000000e+00  3.00000000e-01 
 2.18000000e-05  1.35781834e+00  2.18000000e-05  1.20000000e+00  3.00000000e-01 
 2.19000000e-05  1.35851625e+00  2.19000000e-05  1.20000000e+00  3.00000000e-01 
 2.20000000e-05  1.35921243e+00  2.20000000e-05  1.20000000e+00  3.00000000e-01 
 2.21000000e-05  1.35990689e+00  2.21000000e-05  1.20000000e+00  3.00000000e-01 
 2.22000000e-05  1.36059965e+00  2.22000000e-05  1.20000000e+00  3.00000000e-01 
 2.23000000e-05  1.36129072e+00  2.23000000e-05  1.20000000e+00  3.00000000e-01 
 2.24000000e-05  1.36198011e+00  2.24000000e-05  1.20000000e+00  3.00000000e-01 
 2.25000000e-05  1.36266784e+00  2.25000000e-05  1.20000000e+00  3.00000000e-01 
 2.26000000e-05  1.36335392e+00  2.26000000e-05  1.20000000e+00  3.00000000e-01 
 2.27000000e-05  1.36403837e+00  2.27000000e-05  1.20000000e+00  3.00000000e-01 
 2.28000000e-05  1.36472119e+00  2.28000000e-05  1.20000000e+00  3.00000000e-01 
 2.29000000e-05  1.36540240e+00  2.29000000e-05  1.20000000e+00  3.00000000e-01 
 2.30000000e-05  1.36608201e+00  2.30000000e-05  1.20000000e+00  3.00000000e-01 
 2.31000000e-05  1.36676004e+00  2.31000000e-05  1.20000000e+00  3.00000000e-01 
 2.32000000e-05  1.36743649e+00  2.32000000e-05  1.20000000e+00  3.00000000e-01 
 2.33000000e-05  1.36811138e+00  2.33000000e-05  1.20000000e+00  3.00000000e-01 
 2.34000000e-05  1.36878472e+00  2.34000000e-05  1.20000000e+00  3.00000000e-01 
 2.35000000e-05  1.36945652e+00  2.35000000e-05  1.20000000e+00  3.00000000e-01 
 2.36000000e-05  1.37012679e+00  2.36000000e-05  1.20000000e+00  3.00000000e-01 
 2.37000000e-05  1.37079555e+00  2.37000000e-05  1.20000000e+00  3.00000000e-01 
 2.38000000e-05  1.37146280e+00  2.38000000e-05  1.20000000e+00  3.00000000e-01 
 2.39000000e-05  1.37212856e+00  2.39000000e-05  1.20000000e+00  3.00000000e-01 
 2.40000000e-05  1.37279283e+00  2.40000000e-05  1.20000000e+00  3.00000000e-01 
 2.41000000e-05  1.37345564e+00  2.41000000e-05  1.20000000e+00  3.00000000e-01 
 2.42000000e-05  1.37411698e+00  2.42000000e-05  1.20000000e+00  3.00000000e-01 
 2.43000000e-05  1.37477687e+00  2.43000000e-05  1.20000000e+00  3.00000000e-01 
 2.44000000e-05  1.37543532e+00  2.44000000e-05  1.20000000e+00  3.00000000e-01 
 2.45000000e-05  1.37609235e+00  2.45000000e-05  1.20000000e+00  3.00000000e-01 
 2.46000000e-05  1.37674795e+00  2.46000000e-05  1.20000000e+00  3.00000000e-01 
 2.47000000e-05  1.37740214e+00  2.47000000e-05  1.20000000e+00  3.00000000e-01 
 2.48000000e-05  1.37805494e+00  2.48000000e-05  1.20000000e+00  3.00000000e-01 
 2.49000000e-05  1.37870634e+00  2.49000000e-05  1.20000000e+00  3.00000000e-01 
 2.50000000e-05  1.37935636e+00  2.50000000e-05  1.20000000e+00  3.00000000e-01 
 2.51000000e-05  1.38000502e+00  2.51000000e-05  1.20000000e+00  3.00000000e-01 
 2.52000000e-05  1.38065231e+00  2.52000000e-05  1.20000000e+00  3.00000000e-01 
 2.53000000e-05  1.38129825e+00  2.53000000e-05  1.20000000e+00  3.00000000e-01 
 2.54000000e-05  1.38194285e+00  2.54000000e-05  1.20000000e+00  3.00000000e-01 
 2.55000000e-05  1.38258611e+00  2.55000000e-05  1.20000000e+00  3.00000000e-01 
 2.56000000e-05  1.38322805e+00  2.56000000e-05  1.20000000e+00  3.00000000e-01 
 2.57000000e-05  1.38386868e+00  2.57000000e-05  1.20000000e+00  3.00000000e-01 
 2.58000000e-05  1.38450799e+00  2.58000000e-05  1.20000000e+00  3.00000000e-01 
 2.59000000e-05  1.38514601e+00  2.59000000e-05  1.20000000e+00  3.00000000e-01 
 2.60000000e-05  1.38578275e+00  2.60000000e-05  1.20000000e+00  3.00000000e-01 
 2.61000000e-05  1.38641820e+00  2.61000000e-05  1.20000000e+00  3.00000000e-01 
 2.62000000e-05  1.38705237e+00  2.62000000e-05  1.20000000e+00  3.00000000e-01 
 2.63000000e-05  1.38768529e+00  2.63000000e-05  1.20000000e+00  3.00000000e-01 
 2.64000000e-05  1.38831695e+00  2.64000000e-05  1.20000000e+00  3.00000000e-01 
 2.65000000e-05  1.38894736e+00  2.65000000e-05  1.20000000e+00  3.00000000e-01 
 2.66000000e-05  1.38957653e+00  2.66000000e-05  1.20000000e+00  3.00000000e-01 
 2.67000000e-05  1.39020447e+00  2.67000000e-05  1.20000000e+00  3.00000000e-01 
 2.68000000e-05  1.39083119e+00  2.68000000e-05  1.20000000e+00  3.00000000e-01 
 2.69000000e-05  1.39145669e+00  2.69000000e-05  1.20000000e+00  3.00000000e-01 
 2.70000000e-05  1.39208099e+00  2.70000000e-05  1.20000000e+00  3.00000000e-01 
 2.71000000e-05  1.39270408e+00  2.71000000e-05  1.20000000e+00  3.00000000e-01 
 2.72000000e-05  1.39332598e+00  2.72000000e-05  1.20000000e+00  3.00000000e-01 
 2.73000000e-05  1.39394670e+00  2.73000000e-05  1.20000000e+00  3.00000000e-01 
 2.74000000e-05  1.39456624e+00  2.74000000e-05  1.20000000e+00  3.00000000e-01 
 2.75000000e-05  1.39518460e+00  2.75000000e-05  1.20000000e+00  3.00000000e-01 
 2.76000000e-05  1.39580181e+00  2.76000000e-05  1.20000000e+00  3.00000000e-01 
 2.77000000e-05  1.39641786e+00  2.77000000e-05  1.20000000e+00  3.00000000e-01 
 2.78000000e-05  1.39703276e+00  2.78000000e-05  1.20000000e+00  3.00000000e-01 
 2.79000000e-05  1.39764652e+00  2.79000000e-05  1.20000000e+00  3.00000000e-01 
 2.80000000e-05  1.39825914e+00  2.80000000e-05  1.20000000e+00  3.00000000e-01 
 2.81000000e-05  1.39887064e+00  2.81000000e-05  1.20000000e+00  3.00000000e-01 
 2.82000000e-05  1.39948101e+00  2.82000000e-05  1.20000000e+00  3.00000000e-01 
 2.83000000e-05  1.40009027e+00  2.83000000e-05  1.20000000e+00  3.00000000e-01 
 2.84000000e-05  1.40069842e+00  2.84000000e-05  1.20000000e+00  3.00000000e-01 
 2.85000000e-05  1.40130547e+00  2.85000000e-05  1.20000000e+00  3.00000000e-01 
 2.86000000e-05  1.40191143e+00  2.86000000e-05  1.20000000e+00  3.00000000e-01 
 2.87000000e-05  1.40251630e+00  2.87000000e-05  1.20000000e+00  3.00000000e-01 
 2.88000000e-05  1.40312008e+00  2.88000000e-05  1.20000000e+00  3.00000000e-01 
 2.89000000e-05  1.40372280e+00  2.89000000e-05  1.20000000e+00  3.00000000e-01 
 2.90000000e-05  1.40432444e+00  2.90000000e-05  1.20000000e+00  3.00000000e-01 
 2.91000000e-05  1.40492502e+00  2.91000000e-05  1.20000000e+00  3.00000000e-01 
 2.92000000e-05  1.40552454e+00  2.92000000e-05  1.20000000e+00  3.00000000e-01 
 2.93000000e-05  1.40612301e+00  2.93000000e-05  1.20000000e+00  3.00000000e-01 
 2.94000000e-05  1.40672044e+00  2.94000000e-05  1.20000000e+00  3.00000000e-01 
 2.95000000e-05  1.40731683e+00  2.95000000e-05  1.20000000e+00  3.00000000e-01 
 2.96000000e-05  1.40791219e+00  2.96000000e-05  1.20000000e+00  3.00000000e-01 
 2.97000000e-05  1.40850652e+00  2.97000000e-05  1.20000000e+00  3.00000000e-01 
 2.98000000e-05  1.40909983e+00  2.98000000e-05  1.20000000e+00  3.00000000e-01 
 2.99000000e-05  1.40969212e+00  2.99000000e-05  1.20000000e+00  3.00000000e-01 
 3.00000000e-05  1.41028340e+00  3.00000000e-05  1.20000000e+00  3.00000000e-01 
