 i-sweep         v(vout)         i(viin)         v(vgate)        v(vmid)        
 0.00000000e+00  3.00001323e-01  0.00000000e+00  9.00000000e-01  3.00000000e-01 
 1.00000000e-07  9.97012300e-01  1.00000000e-07  9.00000000e-01  3.00000000e-01 
 2.00000000e-07  1.03982315e+00  2.00000000e-07  9.00000000e-01  3.00000000e-01 
 3.00000000e-07  1.06151269e+00  3.00000000e-07  9.00000000e-01  3.00000000e-01 
 4.00000000e-07  1.07603500e+00  4.00000000e-07  9.00000000e-01  3.00000000e-01 
 5.00000000e-07  1.08728194e+00  5.00000000e-07  9.00000000e-01  3.00000000e-01 
 6.00000000e-07  1.09733568e+00  6.00000000e-07  9.00000000e-01  3.00000000e-01 
 7.00000000e-07  1.10468563e+00  7.00000000e-07  9.00000000e-01  3.00000000e-01 
 8.00000000e-07  1.11135238e+00  8.00000000e-07  9.00000000e-01  3.00000000e-01 
 9.00000000e-07  1.11726760e+00  9.00000000e-07  9.00000000e-01  3.00000000e-01 
 1.00000000e-06  1.12262404e+00  1.00000000e-06  9.00000000e-01  3.00000000e-01 
 1.10000000e-06  1.12752533e+00  1.10000000e-06  9.00000000e-01  3.00000000e-01 
 1.20000000e-06  1.13205201e+00  1.20000000e-06  9.00000000e-01  3.00000000e-01 
 1.30000000e-06  1.13626468e+00  1.30000000e-06  9.00000000e-01  3.00000000e-01 
 1.40000000e-06  1.14021035e+00  1.40000000e-06  9.00000000e-01  3.00000000e-01 
 1.50000000e-06  1.14392617e+00  1.50000000e-06  9.00000000e-01  3.00000000e-01 
 1.60000000e-06  1.14744200e+00  1.60000000e-06  9.00000000e-01  3.00000000e-01 
 1.70000000e-06  1.15078219e+00  1.70000000e-06  9.00000000e-01  3.00000000e-01 
 1.80000000e-06  1.15396688e+00  1.80000000e-06  9.00000000e-01  3.00000000e-01 
 1.90000000e-06  1.15701288e+00  1.90000000e-06  9.00000000e-01  3.00000000e-01 
 2.00000000e-06  1.15993439e+00  2.00000000e-06  9.00000000e-01  3.00000000e-01 
 2.10000000e-06  1.16274351e+00  2.10000000e-06  9.00000000e-01  3.00000000e-01 
 2.20000000e-06  1.16545062e+00  2.20000000e-06  9.00000000e-01  3.00000000e-01 
 2.30000000e-06  1.16806471e+00  2.30000000e-06  9.00000000e-01  3.00000000e-01 
 2.40000000e-06  1.17059362e+00  2.40000000e-06  9.00000000e-01  3.00000000e-01 
 2.50000000e-06  1.17304419e+00  2.50000000e-06  9.00000000e-01  3.00000000e-01 
 2.60000000e-06  1.17542248e+00  2.60000000e-06  9.00000000e-01  3.00000000e-01 
 2.70000000e-06  1.17773386e+00  2.70000000e-06  9.00000000e-01  3.00000000e-01 
 2.80000000e-06  1.17998308e+00  2.80000000e-06  9.00000000e-01  3.00000000e-01 
 2.90000000e-06  1.18217441e+00  2.90000000e-06  9.00000000e-01  3.00000000e-01 
 3.00000000e-06  1.18431169e+00  3.00000000e-06  9.00000000e-01  3.00000000e-01 
 3.10000000e-06  1.18639837e+00  3.10000000e-06  9.00000000e-01  3.00000000e-01 
 3.20000000e-06  1.18843756e+00  3.20000000e-06  9.00000000e-01  3.00000000e-01 
 3.30000000e-06  1.19043211e+00  3.30000000e-06  9.00000000e-01  3.00000000e-01 
 3.40000000e-06  1.19238459e+00  3.40000000e-06  9.00000000e-01  3.00000000e-01 
 3.50000000e-06  1.19429735e+00  3.50000000e-06  9.00000000e-01  3.00000000e-01 
 3.60000000e-06  1.19617256e+00  3.60000000e-06  9.00000000e-01  3.00000000e-01 
 3.70000000e-06  1.19801219e+00  3.70000000e-06  9.00000000e-01  3.00000000e-01 
 3.80000000e-06  1.19981807e+00  3.80000000e-06  9.00000000e-01  3.00000000e-01 
 3.90000000e-06  1.20159187e+00  3.90000000e-06  9.00000000e-01  3.00000000e-01 
 4.00000000e-06  1.20333516e+00  4.00000000e-06  9.00000000e-01  3.00000000e-01 
 4.10000000e-06  1.20504936e+00  4.10000000e-06  9.00000000e-01  3.00000000e-01 
 4.20000000e-06  1.20673581e+00  4.20000000e-06  9.00000000e-01  3.00000000e-01 
 4.30000000e-06  1.20839576e+00  4.30000000e-06  9.00000000e-01  3.00000000e-01 
 4.40000000e-06  1.21003035e+00  4.40000000e-06  9.00000000e-01  3.00000000e-01 
 4.50000000e-06  1.21164069e+00  4.50000000e-06  9.00000000e-01  3.00000000e-01 
 4.60000000e-06  1.21322776e+00  4.60000000e-06  9.00000000e-01  3.00000000e-01 
 4.70000000e-06  1.21479252e+00  4.70000000e-06  9.00000000e-01  3.00000000e-01 
 4.80000000e-06  1.21633585e+00  4.80000000e-06  9.00000000e-01  3.00000000e-01 
 4.90000000e-06  1.21785858e+00  4.90000000e-06  9.00000000e-01  3.00000000e-01 
 5.00000000e-06  1.21936150e+00  5.00000000e-06  9.00000000e-01  3.00000000e-01 
 5.10000000e-06  1.22084533e+00  5.10000000e-06  9.00000000e-01  3.00000000e-01 
 5.20000000e-06  1.22231079e+00  5.20000000e-06  9.00000000e-01  3.00000000e-01 
 5.30000000e-06  1.22375851e+00  5.30000000e-06  9.00000000e-01  3.00000000e-01 
 5.40000000e-06  1.22518912e+00  5.40000000e-06  9.00000000e-01  3.00000000e-01 
 5.50000000e-06  1.22660320e+00  5.50000000e-06  9.00000000e-01  3.00000000e-01 
 5.60000000e-06  1.22800131e+00  5.60000000e-06  9.00000000e-01  3.00000000e-01 
 5.70000000e-06  1.22938397e+00  5.70000000e-06  9.00000000e-01  3.00000000e-01 
 5.80000000e-06  1.23075168e+00  5.80000000e-06  9.00000000e-01  3.00000000e-01 
 5.90000000e-06  1.23210492e+00  5.90000000e-06  9.00000000e-01  3.00000000e-01 
 6.00000000e-06  1.23344413e+00  6.00000000e-06  9.00000000e-01  3.00000000e-01 
 6.10000000e-06  1.23476974e+00  6.10000000e-06  9.00000000e-01  3.00000000e-01 
 6.20000000e-06  1.23608215e+00  6.20000000e-06  9.00000000e-01  3.00000000e-01 
 6.30000000e-06  1.23738177e+00  6.30000000e-06  9.00000000e-01  3.00000000e-01 
 6.40000000e-06  1.23866895e+00  6.40000000e-06  9.00000000e-01  3.00000000e-01 
 6.50000000e-06  1.23994405e+00  6.50000000e-06  9.00000000e-01  3.00000000e-01 
 6.60000000e-06  1.24120742e+00  6.60000000e-06  9.00000000e-01  3.00000000e-01 
 6.70000000e-06  1.24245936e+00  6.70000000e-06  9.00000000e-01  3.00000000e-01 
 6.80000000e-06  1.24370020e+00  6.80000000e-06  9.00000000e-01  3.00000000e-01 
 6.90000000e-06  1.24493022e+00  6.90000000e-06  9.00000000e-01  3.00000000e-01 
 7.00000000e-06  1.24614971e+00  7.00000000e-06  9.00000000e-01  3.00000000e-01 
 7.10000000e-06  1.24735894e+00  7.10000000e-06  9.00000000e-01  3.00000000e-01 
 7.20000000e-06  1.24855818e+00  7.20000000e-06  9.00000000e-01  3.00000000e-01 
 7.30000000e-06  1.24974766e+00  7.30000000e-06  9.00000000e-01  3.00000000e-01 
 7.40000000e-06  1.25092764e+00  7.40000000e-06  9.00000000e-01  3.00000000e-01 
 7.50000000e-06  1.25209835e+00  7.50000000e-06  9.00000000e-01  3.00000000e-01 
 7.60000000e-06  1.25325999e+00  7.60000000e-06  9.00000000e-01  3.00000000e-01 
 7.70000000e-06  1.25441280e+00  7.70000000e-06  9.00000000e-01  3.00000000e-01 
 7.80000000e-06  1.25555697e+00  7.80000000e-06  9.00000000e-01  3.00000000e-01 
 7.90000000e-06  1.25669270e+00  7.90000000e-06  9.00000000e-01  3.00000000e-01 
 8.00000000e-06  1.25782019e+00  8.00000000e-06  9.00000000e-01  3.00000000e-01 
 8.10000000e-06  1.25893961e+00  8.10000000e-06  9.00000000e-01  3.00000000e-01 
 8.20000000e-06  1.26005114e+00  8.20000000e-06  9.00000000e-01  3.00000000e-01 
 8.30000000e-06  1.26115496e+00  8.30000000e-06  9.00000000e-01  3.00000000e-01 
 8.40000000e-06  1.26225123e+00  8.40000000e-06  9.00000000e-01  3.00000000e-01 
 8.50000000e-06  1.26334011e+00  8.50000000e-06  9.00000000e-01  3.00000000e-01 
 8.60000000e-06  1.26442175e+00  8.60000000e-06  9.00000000e-01  3.00000000e-01 
 8.70000000e-06  1.26549630e+00  8.70000000e-06  9.00000000e-01  3.00000000e-01 
 8.80000000e-06  1.26656391e+00  8.80000000e-06  9.00000000e-01  3.00000000e-01 
 8.90000000e-06  1.26762471e+00  8.90000000e-06  9.00000000e-01  3.00000000e-01 
 9.00000000e-06  1.26867884e+00  9.00000000e-06  9.00000000e-01  3.00000000e-01 
 9.10000000e-06  1.26972644e+00  9.10000000e-06  9.00000000e-01  3.00000000e-01 
 9.20000000e-06  1.27076762e+00  9.20000000e-06  9.00000000e-01  3.00000000e-01 
 9.30000000e-06  1.27180251e+00  9.30000000e-06  9.00000000e-01  3.00000000e-01 
 9.40000000e-06  1.27283123e+00  9.40000000e-06  9.00000000e-01  3.00000000e-01 
 9.50000000e-06  1.27385389e+00  9.50000000e-06  9.00000000e-01  3.00000000e-01 
 9.60000000e-06  1.27487061e+00  9.60000000e-06  9.00000000e-01  3.00000000e-01 
 9.70000000e-06  1.27588149e+00  9.70000000e-06  9.00000000e-01  3.00000000e-01 
 9.80000000e-06  1.27688664e+00  9.80000000e-06  9.00000000e-01  3.00000000e-01 
 9.90000000e-06  1.27788615e+00  9.90000000e-06  9.00000000e-01  3.00000000e-01 
 1.00000000e-05  1.27888014e+00  1.00000000e-05  9.00000000e-01  3.00000000e-01 
 1.01000000e-05  1.27986870e+00  1.01000000e-05  9.00000000e-01  3.00000000e-01 
 1.02000000e-05  1.28085191e+00  1.02000000e-05  9.00000000e-01  3.00000000e-01 
 1.03000000e-05  1.28182988e+00  1.03000000e-05  9.00000000e-01  3.00000000e-01 
 1.04000000e-05  1.28280268e+00  1.04000000e-05  9.00000000e-01  3.00000000e-01 
 1.05000000e-05  1.28377041e+00  1.05000000e-05  9.00000000e-01  3.00000000e-01 
 1.06000000e-05  1.28473315e+00  1.06000000e-05  9.00000000e-01  3.00000000e-01 
 1.07000000e-05  1.28569097e+00  1.07000000e-05  9.00000000e-01  3.00000000e-01 
 1.08000000e-05  1.28664397e+00  1.08000000e-05  9.00000000e-01  3.00000000e-01 
 1.09000000e-05  1.28759221e+00  1.09000000e-05  9.00000000e-01  3.00000000e-01 
 1.10000000e-05  1.28853578e+00  1.10000000e-05  9.00000000e-01  3.00000000e-01 
 1.11000000e-05  1.28947474e+00  1.11000000e-05  9.00000000e-01  3.00000000e-01 
 1.12000000e-05  1.29040917e+00  1.12000000e-05  9.00000000e-01  3.00000000e-01 
 1.13000000e-05  1.29133913e+00  1.13000000e-05  9.00000000e-01  3.00000000e-01 
 1.14000000e-05  1.29226470e+00  1.14000000e-05  9.00000000e-01  3.00000000e-01 
 1.15000000e-05  1.29318593e+00  1.15000000e-05  9.00000000e-01  3.00000000e-01 
 1.16000000e-05  1.29410291e+00  1.16000000e-05  9.00000000e-01  3.00000000e-01 
 1.17000000e-05  1.29501567e+00  1.17000000e-05  9.00000000e-01  3.00000000e-01 
 1.18000000e-05  1.29592430e+00  1.18000000e-05  9.00000000e-01  3.00000000e-01 
 1.19000000e-05  1.29682885e+00  1.19000000e-05  9.00000000e-01  3.00000000e-01 
 1.20000000e-05  1.29772938e+00  1.20000000e-05  9.00000000e-01  3.00000000e-01 
 1.21000000e-05  1.29862594e+00  1.21000000e-05  9.00000000e-01  3.00000000e-01 
 1.22000000e-05  1.29951859e+00  1.22000000e-05  9.00000000e-01  3.00000000e-01 
 1.23000000e-05  1.30040739e+00  1.23000000e-05  9.00000000e-01  3.00000000e-01 
 1.24000000e-05  1.30129238e+00  1.24000000e-05  9.00000000e-01  3.00000000e-01 
 1.25000000e-05  1.30217363e+00  1.25000000e-05  9.00000000e-01  3.00000000e-01 
 1.26000000e-05  1.30305117e+00  1.26000000e-05  9.00000000e-01  3.00000000e-01 
 1.27000000e-05  1.30392507e+00  1.27000000e-05  9.00000000e-01  3.00000000e-01 
 1.28000000e-05  1.30479537e+00  1.28000000e-05  9.00000000e-01  3.00000000e-01 
 1.29000000e-05  1.30566212e+00  1.29000000e-05  9.00000000e-01  3.00000000e-01 
 1.30000000e-05  1.30652536e+00  1.30000000e-05  9.00000000e-01  3.00000000e-01 
 1.31000000e-05  1.30738514e+00  1.31000000e-05  9.00000000e-01  3.00000000e-01 
 1.32000000e-05  1.30824151e+00  1.32000000e-05  9.00000000e-01  3.00000000e-01 
 1.33000000e-05  1.30909450e+00  1.33000000e-05  9.00000000e-01  3.00000000e-01 
 1.34000000e-05  1.30994417e+00  1.34000000e-05  9.00000000e-01  3.00000000e-01 
 1.35000000e-05  1.31079054e+00  1.35000000e-05  9.00000000e-01  3.00000000e-01 
 1.36000000e-05  1.31163367e+00  1.36000000e-05  9.00000000e-01  3.00000000e-01 
 1.37000000e-05  1.31247360e+00  1.37000000e-05  9.00000000e-01  3.00000000e-01 
 1.38000000e-05  1.31331036e+00  1.38000000e-05  9.00000000e-01  3.00000000e-01 
 1.39000000e-05  1.31414399e+00  1.39000000e-05  9.00000000e-01  3.00000000e-01 
 1.40000000e-05  1.31497453e+00  1.40000000e-05  9.00000000e-01  3.00000000e-01 
 1.41000000e-05  1.31580201e+00  1.41000000e-05  9.00000000e-01  3.00000000e-01 
 1.42000000e-05  1.31662648e+00  1.42000000e-05  9.00000000e-01  3.00000000e-01 
 1.43000000e-05  1.31744797e+00  1.43000000e-05  9.00000000e-01  3.00000000e-01 
 1.44000000e-05  1.31826651e+00  1.44000000e-05  9.00000000e-01  3.00000000e-01 
 1.45000000e-05  1.31908214e+00  1.45000000e-05  9.00000000e-01  3.00000000e-01 
 1.46000000e-05  1.31989488e+00  1.46000000e-05  9.00000000e-01  3.00000000e-01 
 1.47000000e-05  1.32070479e+00  1.47000000e-05  9.00000000e-01  3.00000000e-01 
 1.48000000e-05  1.32151187e+00  1.48000000e-05  9.00000000e-01  3.00000000e-01 
 1.49000000e-05  1.32231618e+00  1.49000000e-05  9.00000000e-01  3.00000000e-01 
 1.50000000e-05  1.32311773e+00  1.50000000e-05  9.00000000e-01  3.00000000e-01 
 1.51000000e-05  1.32391657e+00  1.51000000e-05  9.00000000e-01  3.00000000e-01 
 1.52000000e-05  1.32471271e+00  1.52000000e-05  9.00000000e-01  3.00000000e-01 
 1.53000000e-05  1.32550619e+00  1.53000000e-05  9.00000000e-01  3.00000000e-01 
 1.54000000e-05  1.32629704e+00  1.54000000e-05  9.00000000e-01  3.00000000e-01 
 1.55000000e-05  1.32708528e+00  1.55000000e-05  9.00000000e-01  3.00000000e-01 
 1.56000000e-05  1.32787095e+00  1.56000000e-05  9.00000000e-01  3.00000000e-01 
 1.57000000e-05  1.32865407e+00  1.57000000e-05  9.00000000e-01  3.00000000e-01 
 1.58000000e-05  1.32943466e+00  1.58000000e-05  9.00000000e-01  3.00000000e-01 
 1.59000000e-05  1.33021276e+00  1.59000000e-05  9.00000000e-01  3.00000000e-01 
 1.60000000e-05  1.33098840e+00  1.60000000e-05  9.00000000e-01  3.00000000e-01 
 1.61000000e-05  1.33176158e+00  1.61000000e-05  9.00000000e-01  3.00000000e-01 
 1.62000000e-05  1.33253235e+00  1.62000000e-05  9.00000000e-01  3.00000000e-01 
 1.63000000e-05  1.33330072e+00  1.63000000e-05  9.00000000e-01  3.00000000e-01 
 1.64000000e-05  1.33406672e+00  1.64000000e-05  9.00000000e-01  3.00000000e-01 
 1.65000000e-05  1.33483037e+00  1.65000000e-05  9.00000000e-01  3.00000000e-01 
 1.66000000e-05  1.33559170e+00  1.66000000e-05  9.00000000e-01  3.00000000e-01 
 1.67000000e-05  1.33635073e+00  1.67000000e-05  9.00000000e-01  3.00000000e-01 
 1.68000000e-05  1.33710749e+00  1.68000000e-05  9.00000000e-01  3.00000000e-01 
 1.69000000e-05  1.33786198e+00  1.69000000e-05  9.00000000e-01  3.00000000e-01 
 1.70000000e-05  1.33861424e+00  1.70000000e-05  9.00000000e-01  3.00000000e-01 
 1.71000000e-05  1.33936429e+00  1.71000000e-05  9.00000000e-01  3.00000000e-01 
 1.72000000e-05  1.34011215e+00  1.72000000e-05  9.00000000e-01  3.00000000e-01 
 1.73000000e-05  1.34085784e+00  1.73000000e-05  9.00000000e-01  3.00000000e-01 
 1.74000000e-05  1.34160138e+00  1.74000000e-05  9.00000000e-01  3.00000000e-01 
 1.75000000e-05  1.34234279e+00  1.75000000e-05  9.00000000e-01  3.00000000e-01 
 1.76000000e-05  1.34308209e+00  1.76000000e-05  9.00000000e-01  3.00000000e-01 
 1.77000000e-05  1.34381930e+00  1.77000000e-05  9.00000000e-01  3.00000000e-01 
 1.78000000e-05  1.34455444e+00  1.78000000e-05  9.00000000e-01  3.00000000e-01 
 1.79000000e-05  1.34528753e+00  1.79000000e-05  9.00000000e-01  3.00000000e-01 
 1.80000000e-05  1.34601859e+00  1.80000000e-05  9.00000000e-01  3.00000000e-01 
 1.81000000e-05  1.34674763e+00  1.81000000e-05  9.00000000e-01  3.00000000e-01 
 1.82000000e-05  1.34747467e+00  1.82000000e-05  9.00000000e-01  3.00000000e-01 
 1.83000000e-05  1.34819973e+00  1.83000000e-05  9.00000000e-01  3.00000000e-01 
 1.84000000e-05  1.34892284e+00  1.84000000e-05  9.00000000e-01  3.00000000e-01 
 1.85000000e-05  1.34964400e+00  1.85000000e-05  9.00000000e-01  3.00000000e-01 
 1.86000000e-05  1.35036323e+00  1.86000000e-05  9.00000000e-01  3.00000000e-01 
 1.87000000e-05  1.35108055e+00  1.87000000e-05  9.00000000e-01  3.00000000e-01 
 1.88000000e-05  1.35179598e+00  1.88000000e-05  9.00000000e-01  3.00000000e-01 
 1.89000000e-05  1.35250953e+00  1.89000000e-05  9.00000000e-01  3.00000000e-01 
 1.90000000e-05  1.35322122e+00  1.90000000e-05  9.00000000e-01  3.00000000e-01 
 1.91000000e-05  1.35393107e+00  1.91000000e-05  9.00000000e-01  3.00000000e-01 
 1.92000000e-05  1.35463909e+00  1.92000000e-05  9.00000000e-01  3.00000000e-01 
 1.93000000e-05  1.35534529e+00  1.93000000e-05  9.00000000e-01  3.00000000e-01 
 1.94000000e-05  1.35604969e+00  1.94000000e-05  9.00000000e-01  3.00000000e-01 
 1.95000000e-05  1.35675231e+00  1.95000000e-05  9.00000000e-01  3.00000000e-01 
 1.96000000e-05  1.35745316e+00  1.96000000e-05  9.00000000e-01  3.00000000e-01 
 1.97000000e-05  1.35815226e+00  1.97000000e-05  9.00000000e-01  3.00000000e-01 
 1.98000000e-05  1.35884961e+00  1.98000000e-05  9.00000000e-01  3.00000000e-01 
 1.99000000e-05  1.35954524e+00  1.99000000e-05  9.00000000e-01  3.00000000e-01 
 2.00000000e-05  1.36023916e+00  2.00000000e-05  9.00000000e-01  3.00000000e-01 
 2.01000000e-05  1.36093138e+00  2.01000000e-05  9.00000000e-01  3.00000000e-01 
 2.02000000e-05  1.36162191e+00  2.02000000e-05  9.00000000e-01  3.00000000e-01 
 2.03000000e-05  1.36231077e+00  2.03000000e-05  9.00000000e-01  3.00000000e-01 
 2.04000000e-05  1.36299798e+00  2.04000000e-05  9.00000000e-01  3.00000000e-01 
 2.05000000e-05  1.36368354e+00  2.05000000e-05  9.00000000e-01  3.00000000e-01 
 2.06000000e-05  1.36436746e+00  2.06000000e-05  9.00000000e-01  3.00000000e-01 
 2.07000000e-05  1.36504977e+00  2.07000000e-05  9.00000000e-01  3.00000000e-01 
 2.08000000e-05  1.36573047e+00  2.08000000e-05  9.00000000e-01  3.00000000e-01 
 2.09000000e-05  1.36640958e+00  2.09000000e-05  9.00000000e-01  3.00000000e-01 
 2.10000000e-05  1.36708710e+00  2.10000000e-05  9.00000000e-01  3.00000000e-01 
 2.11000000e-05  1.36776305e+00  2.11000000e-05  9.00000000e-01  3.00000000e-01 
 2.12000000e-05  1.36843745e+00  2.12000000e-05  9.00000000e-01  3.00000000e-01 
 2.13000000e-05  1.36911030e+00  2.13000000e-05  9.00000000e-01  3.00000000e-01 
 2.14000000e-05  1.36978161e+00  2.14000000e-05  9.00000000e-01  3.00000000e-01 
 2.15000000e-05  1.37045140e+00  2.15000000e-05  9.00000000e-01  3.00000000e-01 
 2.16000000e-05  1.37111968e+00  2.16000000e-05  9.00000000e-01  3.00000000e-01 
 2.17000000e-05  1.37178645e+00  2.17000000e-05  9.00000000e-01  3.00000000e-01 
 2.18000000e-05  1.37245174e+00  2.18000000e-05  9.00000000e-01  3.00000000e-01 
 2.19000000e-05  1.37311555e+00  2.19000000e-05  9.00000000e-01  3.00000000e-01 
 2.20000000e-05  1.37377789e+00  2.20000000e-05  9.00000000e-01  3.00000000e-01 
 2.21000000e-05  1.37443877e+00  2.21000000e-05  9.00000000e-01  3.00000000e-01 
 2.22000000e-05  1.37509820e+00  2.22000000e-05  9.00000000e-01  3.00000000e-01 
 2.23000000e-05  1.37575620e+00  2.23000000e-05  9.00000000e-01  3.00000000e-01 
 2.24000000e-05  1.37641277e+00  2.24000000e-05  9.00000000e-01  3.00000000e-01 
 2.25000000e-05  1.37706793e+00  2.25000000e-05  9.00000000e-01  3.00000000e-01 
 2.26000000e-05  1.37772168e+00  2.26000000e-05  9.00000000e-01  3.00000000e-01 
 2.27000000e-05  1.37837403e+00  2.27000000e-05  9.00000000e-01  3.00000000e-01 
 2.28000000e-05  1.37902499e+00  2.28000000e-05  9.00000000e-01  3.00000000e-01 
 2.29000000e-05  1.37967458e+00  2.29000000e-05  9.00000000e-01  3.00000000e-01 
 2.30000000e-05  1.38032280e+00  2.30000000e-05  9.00000000e-01  3.00000000e-01 
 2.31000000e-05  1.38096966e+00  2.31000000e-05  9.00000000e-01  3.00000000e-01 
 2.32000000e-05  1.38161518e+00  2.32000000e-05  9.00000000e-01  3.00000000e-01 
 2.33000000e-05  1.38225935e+00  2.33000000e-05  9.00000000e-01  3.00000000e-01 
 2.34000000e-05  1.38290220e+00  2.34000000e-05  9.00000000e-01  3.00000000e-01 
 2.35000000e-05  1.38354372e+00  2.35000000e-05  9.00000000e-01  3.00000000e-01 
 2.36000000e-05  1.38418393e+00  2.36000000e-05  9.00000000e-01  3.00000000e-01 
 2.37000000e-05  1.38482284e+00  2.37000000e-05  9.00000000e-01  3.00000000e-01 
 2.38000000e-05  1.38546045e+00  2.38000000e-05  9.00000000e-01  3.00000000e-01 
 2.39000000e-05  1.38609677e+00  2.39000000e-05  9.00000000e-01  3.00000000e-01 
 2.40000000e-05  1.38673182e+00  2.40000000e-05  9.00000000e-01  3.00000000e-01 
 2.41000000e-05  1.38736560e+00  2.41000000e-05  9.00000000e-01  3.00000000e-01 
 2.42000000e-05  1.38799812e+00  2.42000000e-05  9.00000000e-01  3.00000000e-01 
 2.43000000e-05  1.38862938e+00  2.43000000e-05  9.00000000e-01  3.00000000e-01 
 2.44000000e-05  1.38925940e+00  2.44000000e-05  9.00000000e-01  3.00000000e-01 
 2.45000000e-05  1.38988818e+00  2.45000000e-05  9.00000000e-01  3.00000000e-01 
 2.46000000e-05  1.39051574e+00  2.46000000e-05  9.00000000e-01  3.00000000e-01 
 2.47000000e-05  1.39114207e+00  2.47000000e-05  9.00000000e-01  3.00000000e-01 
 2.48000000e-05  1.39176719e+00  2.48000000e-05  9.00000000e-01  3.00000000e-01 
 2.49000000e-05  1.39239110e+00  2.49000000e-05  9.00000000e-01  3.00000000e-01 
 2.50000000e-05  1.39301382e+00  2.50000000e-05  9.00000000e-01  3.00000000e-01 
 2.51000000e-05  1.39363535e+00  2.51000000e-05  9.00000000e-01  3.00000000e-01 
 2.52000000e-05  1.39425569e+00  2.52000000e-05  9.00000000e-01  3.00000000e-01 
 2.53000000e-05  1.39487486e+00  2.53000000e-05  9.00000000e-01  3.00000000e-01 
 2.54000000e-05  1.39549286e+00  2.54000000e-05  9.00000000e-01  3.00000000e-01 
 2.55000000e-05  1.39610970e+00  2.55000000e-05  9.00000000e-01  3.00000000e-01 
 2.56000000e-05  1.39672539e+00  2.56000000e-05  9.00000000e-01  3.00000000e-01 
 2.57000000e-05  1.39733993e+00  2.57000000e-05  9.00000000e-01  3.00000000e-01 
 2.58000000e-05  1.39795333e+00  2.58000000e-05  9.00000000e-01  3.00000000e-01 
 2.59000000e-05  1.39856559e+00  2.59000000e-05  9.00000000e-01  3.00000000e-01 
 2.60000000e-05  1.39917674e+00  2.60000000e-05  9.00000000e-01  3.00000000e-01 
 2.61000000e-05  1.39978676e+00  2.61000000e-05  9.00000000e-01  3.00000000e-01 
 2.62000000e-05  1.40039567e+00  2.62000000e-05  9.00000000e-01  3.00000000e-01 
 2.63000000e-05  1.40100347e+00  2.63000000e-05  9.00000000e-01  3.00000000e-01 
 2.64000000e-05  1.40161018e+00  2.64000000e-05  9.00000000e-01  3.00000000e-01 
 2.65000000e-05  1.40221579e+00  2.65000000e-05  9.00000000e-01  3.00000000e-01 
 2.66000000e-05  1.40282032e+00  2.66000000e-05  9.00000000e-01  3.00000000e-01 
 2.67000000e-05  1.40342377e+00  2.67000000e-05  9.00000000e-01  3.00000000e-01 
 2.68000000e-05  1.40402614e+00  2.68000000e-05  9.00000000e-01  3.00000000e-01 
 2.69000000e-05  1.40462745e+00  2.69000000e-05  9.00000000e-01  3.00000000e-01 
 2.70000000e-05  1.40522770e+00  2.70000000e-05  9.00000000e-01  3.00000000e-01 
 2.71000000e-05  1.40582689e+00  2.71000000e-05  9.00000000e-01  3.00000000e-01 
 2.72000000e-05  1.40642503e+00  2.72000000e-05  9.00000000e-01  3.00000000e-01 
 2.73000000e-05  1.40702213e+00  2.73000000e-05  9.00000000e-01  3.00000000e-01 
 2.74000000e-05  1.40761820e+00  2.74000000e-05  9.00000000e-01  3.00000000e-01 
 2.75000000e-05  1.40821323e+00  2.75000000e-05  9.00000000e-01  3.00000000e-01 
 2.76000000e-05  1.40880724e+00  2.76000000e-05  9.00000000e-01  3.00000000e-01 
 2.77000000e-05  1.40940023e+00  2.77000000e-05  9.00000000e-01  3.00000000e-01 
 2.78000000e-05  1.40999221e+00  2.78000000e-05  9.00000000e-01  3.00000000e-01 
 2.79000000e-05  1.41058318e+00  2.79000000e-05  9.00000000e-01  3.00000000e-01 
 2.80000000e-05  1.41117314e+00  2.80000000e-05  9.00000000e-01  3.00000000e-01 
 2.81000000e-05  1.41176211e+00  2.81000000e-05  9.00000000e-01  3.00000000e-01 
 2.82000000e-05  1.41235009e+00  2.82000000e-05  9.00000000e-01  3.00000000e-01 
 2.83000000e-05  1.41293709e+00  2.83000000e-05  9.00000000e-01  3.00000000e-01 
 2.84000000e-05  1.41352310e+00  2.84000000e-05  9.00000000e-01  3.00000000e-01 
 2.85000000e-05  1.41410814e+00  2.85000000e-05  9.00000000e-01  3.00000000e-01 
 2.86000000e-05  1.41469221e+00  2.86000000e-05  9.00000000e-01  3.00000000e-01 
 2.87000000e-05  1.41527532e+00  2.87000000e-05  9.00000000e-01  3.00000000e-01 
 2.88000000e-05  1.41585747e+00  2.88000000e-05  9.00000000e-01  3.00000000e-01 
 2.89000000e-05  1.41643866e+00  2.89000000e-05  9.00000000e-01  3.00000000e-01 
 2.90000000e-05  1.41701891e+00  2.90000000e-05  9.00000000e-01  3.00000000e-01 
 2.91000000e-05  1.41759821e+00  2.91000000e-05  9.00000000e-01  3.00000000e-01 
 2.92000000e-05  1.41817657e+00  2.92000000e-05  9.00000000e-01  3.00000000e-01 
 2.93000000e-05  1.41875400e+00  2.93000000e-05  9.00000000e-01  3.00000000e-01 
 2.94000000e-05  1.41933051e+00  2.94000000e-05  9.00000000e-01  3.00000000e-01 
 2.95000000e-05  1.41990609e+00  2.95000000e-05  9.00000000e-01  3.00000000e-01 
 2.96000000e-05  1.42048075e+00  2.96000000e-05  9.00000000e-01  3.00000000e-01 
 2.97000000e-05  1.42105449e+00  2.97000000e-05  9.00000000e-01  3.00000000e-01 
 2.98000000e-05  1.42162733e+00  2.98000000e-05  9.00000000e-01  3.00000000e-01 
 2.99000000e-05  1.42219926e+00  2.99000000e-05  9.00000000e-01  3.00000000e-01 
 3.00000000e-05  1.42277030e+00  3.00000000e-05  9.00000000e-01  3.00000000e-01 
