 i-sweep         v(vout)         i(viin)         v(vgate)        v(vmid)        
 0.00000000e+00  6.99987902e-01  0.00000000e+00  1.40000000e+00  7.00000000e-01 
 1.00000000e-07  9.82013650e-01  1.00000000e-07  1.40000000e+00  7.00000000e-01 
 2.00000000e-07  1.03391175e+00  2.00000000e-07  1.40000000e+00  7.00000000e-01 
 3.00000000e-07  1.05782116e+00  3.00000000e-07  1.40000000e+00  7.00000000e-01 
 4.00000000e-07  1.07355377e+00  4.00000000e-07  1.40000000e+00  7.00000000e-01 
 5.00000000e-07  1.08537139e+00  5.00000000e-07  1.40000000e+00  7.00000000e-01 
 6.00000000e-07  1.09487117e+00  6.00000000e-07  1.40000000e+00  7.00000000e-01 
 7.00000000e-07  1.10286427e+00  7.00000000e-07  1.40000000e+00  7.00000000e-01 
 8.00000000e-07  1.10979008e+00  8.00000000e-07  1.40000000e+00  7.00000000e-01 
 9.00000000e-07  1.11592100e+00  9.00000000e-07  1.40000000e+00  7.00000000e-01 
 1.00000000e-06  1.12143706e+00  1.00000000e-06  1.40000000e+00  7.00000000e-01 
 1.10000000e-06  1.12646326e+00  1.10000000e-06  1.40000000e+00  7.00000000e-01 
 1.20000000e-06  1.13108990e+00  1.20000000e-06  1.40000000e+00  7.00000000e-01 
 1.30000000e-06  1.13539293e+00  1.30000000e-06  1.40000000e+00  7.00000000e-01 
 1.40000000e-06  1.13940317e+00  1.40000000e-06  1.40000000e+00  7.00000000e-01 
 1.50000000e-06  1.14317439e+00  1.50000000e-06  1.40000000e+00  7.00000000e-01 
 1.60000000e-06  1.14673814e+00  1.60000000e-06  1.40000000e+00  7.00000000e-01 
 1.70000000e-06  1.15012012e+00  1.70000000e-06  1.40000000e+00  7.00000000e-01 
 1.80000000e-06  1.15334150e+00  1.80000000e-06  1.40000000e+00  7.00000000e-01 
 1.90000000e-06  1.15641995e+00  1.90000000e-06  1.40000000e+00  7.00000000e-01 
 2.00000000e-06  1.15937035e+00  2.00000000e-06  1.40000000e+00  7.00000000e-01 
 2.10000000e-06  1.16220534e+00  2.10000000e-06  1.40000000e+00  7.00000000e-01 
 2.20000000e-06  1.16493575e+00  2.20000000e-06  1.40000000e+00  7.00000000e-01 
 2.30000000e-06  1.16757093e+00  2.30000000e-06  1.40000000e+00  7.00000000e-01 
 2.40000000e-06  1.17011902e+00  2.40000000e-06  1.40000000e+00  7.00000000e-01 
 2.50000000e-06  1.17258711e+00  2.50000000e-06  1.40000000e+00  7.00000000e-01 
 2.60000000e-06  1.17498147e+00  2.60000000e-06  1.40000000e+00  7.00000000e-01 
 2.70000000e-06  1.17730764e+00  2.70000000e-06  1.40000000e+00  7.00000000e-01 
 2.80000000e-06  1.17957052e+00  2.80000000e-06  1.40000000e+00  7.00000000e-01 
 2.90000000e-06  1.18177451e+00  2.90000000e-06  1.40000000e+00  7.00000000e-01 
 3.00000000e-06  1.18392356e+00  3.00000000e-06  1.40000000e+00  7.00000000e-01 
 3.10000000e-06  1.18602120e+00  3.10000000e-06  1.40000000e+00  7.00000000e-01 
 3.20000000e-06  1.18807064e+00  3.20000000e-06  1.40000000e+00  7.00000000e-01 
 3.30000000e-06  1.19007478e+00  3.30000000e-06  1.40000000e+00  7.00000000e-01 
 3.40000000e-06  1.19203626e+00  3.40000000e-06  1.40000000e+00  7.00000000e-01 
 3.50000000e-06  1.19395750e+00  3.50000000e-06  1.40000000e+00  7.00000000e-01 
 3.60000000e-06  1.19584069e+00  3.60000000e-06  1.40000000e+00  7.00000000e-01 
 3.70000000e-06  1.19768786e+00  3.70000000e-06  1.40000000e+00  7.00000000e-01 
 3.80000000e-06  1.19950810e+00  3.80000000e-06  1.40000000e+00  7.00000000e-01 
 3.90000000e-06  1.20128753e+00  3.90000000e-06  1.40000000e+00  7.00000000e-01 
 4.00000000e-06  1.20303628e+00  4.00000000e-06  1.40000000e+00  7.00000000e-01 
 4.10000000e-06  1.20475578e+00  4.10000000e-06  1.40000000e+00  7.00000000e-01 
 4.20000000e-06  1.20644736e+00  4.20000000e-06  1.40000000e+00  7.00000000e-01 
 4.30000000e-06  1.20811228e+00  4.30000000e-06  1.40000000e+00  7.00000000e-01 
 4.40000000e-06  1.20975168e+00  4.40000000e-06  1.40000000e+00  7.00000000e-01 
 4.50000000e-06  1.21136665e+00  4.50000000e-06  1.40000000e+00  7.00000000e-01 
 4.60000000e-06  1.21295820e+00  4.60000000e-06  1.40000000e+00  7.00000000e-01 
 4.70000000e-06  1.21452728e+00  4.70000000e-06  1.40000000e+00  7.00000000e-01 
 4.80000000e-06  1.21607479e+00  4.80000000e-06  1.40000000e+00  7.00000000e-01 
 4.90000000e-06  1.21760156e+00  4.90000000e-06  1.40000000e+00  7.00000000e-01 
 5.00000000e-06  1.21910838e+00  5.00000000e-06  1.40000000e+00  7.00000000e-01 
 5.10000000e-06  1.22059598e+00  5.10000000e-06  1.40000000e+00  7.00000000e-01 
 5.20000000e-06  1.22206508e+00  5.20000000e-06  1.40000000e+00  7.00000000e-01 
 5.30000000e-06  1.22351632e+00  5.30000000e-06  1.40000000e+00  7.00000000e-01 
 5.40000000e-06  1.22495033e+00  5.40000000e-06  1.40000000e+00  7.00000000e-01 
 5.50000000e-06  1.22636771e+00  5.50000000e-06  1.40000000e+00  7.00000000e-01 
 5.60000000e-06  1.22776900e+00  5.60000000e-06  1.40000000e+00  7.00000000e-01 
 5.70000000e-06  1.22915475e+00  5.70000000e-06  1.40000000e+00  7.00000000e-01 
 5.80000000e-06  1.23052545e+00  5.80000000e-06  1.40000000e+00  7.00000000e-01 
 5.90000000e-06  1.23188158e+00  5.90000000e-06  1.40000000e+00  7.00000000e-01 
 6.00000000e-06  1.23322359e+00  6.00000000e-06  1.40000000e+00  7.00000000e-01 
 6.10000000e-06  1.23455192e+00  6.10000000e-06  1.40000000e+00  7.00000000e-01 
 6.20000000e-06  1.23586698e+00  6.20000000e-06  1.40000000e+00  7.00000000e-01 
 6.30000000e-06  1.23716915e+00  6.30000000e-06  1.40000000e+00  7.00000000e-01 
 6.40000000e-06  1.23845882e+00  6.40000000e-06  1.40000000e+00  7.00000000e-01 
 6.50000000e-06  1.23973634e+00  6.50000000e-06  1.40000000e+00  7.00000000e-01 
 6.60000000e-06  1.24100205e+00  6.60000000e-06  1.40000000e+00  7.00000000e-01 
 6.70000000e-06  1.24225628e+00  6.70000000e-06  1.40000000e+00  7.00000000e-01 
 6.80000000e-06  1.24349933e+00  6.80000000e-06  1.40000000e+00  7.00000000e-01 
 6.90000000e-06  1.24473152e+00  6.90000000e-06  1.40000000e+00  7.00000000e-01 
 7.00000000e-06  1.24595311e+00  7.00000000e-06  1.40000000e+00  7.00000000e-01 
 7.10000000e-06  1.24716439e+00  7.10000000e-06  1.40000000e+00  7.00000000e-01 
 7.20000000e-06  1.24836562e+00  7.20000000e-06  1.40000000e+00  7.00000000e-01 
 7.30000000e-06  1.24955705e+00  7.30000000e-06  1.40000000e+00  7.00000000e-01 
 7.40000000e-06  1.25073893e+00  7.40000000e-06  1.40000000e+00  7.00000000e-01 
 7.50000000e-06  1.25191148e+00  7.50000000e-06  1.40000000e+00  7.00000000e-01 
 7.60000000e-06  1.25307493e+00  7.60000000e-06  1.40000000e+00  7.00000000e-01 
 7.70000000e-06  1.25422949e+00  7.70000000e-06  1.40000000e+00  7.00000000e-01 
 7.80000000e-06  1.25537538e+00  7.80000000e-06  1.40000000e+00  7.00000000e-01 
 7.90000000e-06  1.25651279e+00  7.90000000e-06  1.40000000e+00  7.00000000e-01 
 8.00000000e-06  1.25764191e+00  8.00000000e-06  1.40000000e+00  7.00000000e-01 
 8.10000000e-06  1.25876293e+00  8.10000000e-06  1.40000000e+00  7.00000000e-01 
 8.20000000e-06  1.25987603e+00  8.20000000e-06  1.40000000e+00  7.00000000e-01 
 8.30000000e-06  1.26098138e+00  8.30000000e-06  1.40000000e+00  7.00000000e-01 
 8.40000000e-06  1.26207914e+00  8.40000000e-06  1.40000000e+00  7.00000000e-01 
 8.50000000e-06  1.26316948e+00  8.50000000e-06  1.40000000e+00  7.00000000e-01 
 8.60000000e-06  1.26425255e+00  8.60000000e-06  1.40000000e+00  7.00000000e-01 
 8.70000000e-06  1.26532851e+00  8.70000000e-06  1.40000000e+00  7.00000000e-01 
 8.80000000e-06  1.26639749e+00  8.80000000e-06  1.40000000e+00  7.00000000e-01 
 8.90000000e-06  1.26745964e+00  8.90000000e-06  1.40000000e+00  7.00000000e-01 
 9.00000000e-06  1.26851509e+00  9.00000000e-06  1.40000000e+00  7.00000000e-01 
 9.10000000e-06  1.26956397e+00  9.10000000e-06  1.40000000e+00  7.00000000e-01 
 9.20000000e-06  1.27060642e+00  9.20000000e-06  1.40000000e+00  7.00000000e-01 
 9.30000000e-06  1.27164255e+00  9.30000000e-06  1.40000000e+00  7.00000000e-01 
 9.40000000e-06  1.27267249e+00  9.40000000e-06  1.40000000e+00  7.00000000e-01 
 9.50000000e-06  1.27369634e+00  9.50000000e-06  1.40000000e+00  7.00000000e-01 
 9.60000000e-06  1.27471423e+00  9.60000000e-06  1.40000000e+00  7.00000000e-01 
 9.70000000e-06  1.27572626e+00  9.70000000e-06  1.40000000e+00  7.00000000e-01 
 9.80000000e-06  1.27673253e+00  9.80000000e-06  1.40000000e+00  7.00000000e-01 
 9.90000000e-06  1.27773316e+00  9.90000000e-06  1.40000000e+00  7.00000000e-01 
 1.00000000e-05  1.27872824e+00  1.00000000e-05  1.40000000e+00  7.00000000e-01 
 1.01000000e-05  1.27971786e+00  1.01000000e-05  1.40000000e+00  7.00000000e-01 
 1.02000000e-05  1.28070212e+00  1.02000000e-05  1.40000000e+00  7.00000000e-01 
 1.03000000e-05  1.28168112e+00  1.03000000e-05  1.40000000e+00  7.00000000e-01 
 1.04000000e-05  1.28265493e+00  1.04000000e-05  1.40000000e+00  7.00000000e-01 
 1.05000000e-05  1.28362365e+00  1.05000000e-05  1.40000000e+00  7.00000000e-01 
 1.06000000e-05  1.28458737e+00  1.06000000e-05  1.40000000e+00  7.00000000e-01 
 1.07000000e-05  1.28554616e+00  1.07000000e-05  1.40000000e+00  7.00000000e-01 
 1.08000000e-05  1.28650010e+00  1.08000000e-05  1.40000000e+00  7.00000000e-01 
 1.09000000e-05  1.28744928e+00  1.09000000e-05  1.40000000e+00  7.00000000e-01 
 1.10000000e-05  1.28839376e+00  1.10000000e-05  1.40000000e+00  7.00000000e-01 
 1.11000000e-05  1.28933362e+00  1.11000000e-05  1.40000000e+00  7.00000000e-01 
 1.12000000e-05  1.29026893e+00  1.12000000e-05  1.40000000e+00  7.00000000e-01 
 1.13000000e-05  1.29119977e+00  1.13000000e-05  1.40000000e+00  7.00000000e-01 
 1.14000000e-05  1.29212619e+00  1.14000000e-05  1.40000000e+00  7.00000000e-01 
 1.15000000e-05  1.29304828e+00  1.15000000e-05  1.40000000e+00  7.00000000e-01 
 1.16000000e-05  1.29396608e+00  1.16000000e-05  1.40000000e+00  7.00000000e-01 
 1.17000000e-05  1.29487967e+00  1.17000000e-05  1.40000000e+00  7.00000000e-01 
 1.18000000e-05  1.29578911e+00  1.18000000e-05  1.40000000e+00  7.00000000e-01 
 1.19000000e-05  1.29669445e+00  1.19000000e-05  1.40000000e+00  7.00000000e-01 
 1.20000000e-05  1.29759576e+00  1.20000000e-05  1.40000000e+00  7.00000000e-01 
 1.21000000e-05  1.29849310e+00  1.21000000e-05  1.40000000e+00  7.00000000e-01 
 1.22000000e-05  1.29938651e+00  1.22000000e-05  1.40000000e+00  7.00000000e-01 
 1.23000000e-05  1.30028027e+00  1.23000000e-05  1.40000000e+00  7.00000000e-01 
 1.24000000e-05  1.30116575e+00  1.24000000e-05  1.40000000e+00  7.00000000e-01 
 1.25000000e-05  1.30204748e+00  1.25000000e-05  1.40000000e+00  7.00000000e-01 
 1.26000000e-05  1.30292552e+00  1.26000000e-05  1.40000000e+00  7.00000000e-01 
 1.27000000e-05  1.30379992e+00  1.27000000e-05  1.40000000e+00  7.00000000e-01 
 1.28000000e-05  1.30467071e+00  1.28000000e-05  1.40000000e+00  7.00000000e-01 
 1.29000000e-05  1.30553796e+00  1.29000000e-05  1.40000000e+00  7.00000000e-01 
 1.30000000e-05  1.30640171e+00  1.30000000e-05  1.40000000e+00  7.00000000e-01 
 1.31000000e-05  1.30726199e+00  1.31000000e-05  1.40000000e+00  7.00000000e-01 
 1.32000000e-05  1.30811887e+00  1.32000000e-05  1.40000000e+00  7.00000000e-01 
 1.33000000e-05  1.30897237e+00  1.33000000e-05  1.40000000e+00  7.00000000e-01 
 1.34000000e-05  1.30982254e+00  1.34000000e-05  1.40000000e+00  7.00000000e-01 
 1.35000000e-05  1.31066942e+00  1.35000000e-05  1.40000000e+00  7.00000000e-01 
 1.36000000e-05  1.31151306e+00  1.36000000e-05  1.40000000e+00  7.00000000e-01 
 1.37000000e-05  1.31235349e+00  1.37000000e-05  1.40000000e+00  7.00000000e-01 
 1.38000000e-05  1.31319076e+00  1.38000000e-05  1.40000000e+00  7.00000000e-01 
 1.39000000e-05  1.31402358e+00  1.39000000e-05  1.40000000e+00  7.00000000e-01 
 1.40000000e-05  1.31485457e+00  1.40000000e-05  1.40000000e+00  7.00000000e-01 
 1.41000000e-05  1.31568262e+00  1.41000000e-05  1.40000000e+00  7.00000000e-01 
 1.42000000e-05  1.31650766e+00  1.42000000e-05  1.40000000e+00  7.00000000e-01 
 1.43000000e-05  1.31732972e+00  1.43000000e-05  1.40000000e+00  7.00000000e-01 
 1.44000000e-05  1.31814882e+00  1.44000000e-05  1.40000000e+00  7.00000000e-01 
 1.45000000e-05  1.31896501e+00  1.45000000e-05  1.40000000e+00  7.00000000e-01 
 1.46000000e-05  1.31977832e+00  1.46000000e-05  1.40000000e+00  7.00000000e-01 
 1.47000000e-05  1.32058877e+00  1.47000000e-05  1.40000000e+00  7.00000000e-01 
 1.48000000e-05  1.32139640e+00  1.48000000e-05  1.40000000e+00  7.00000000e-01 
 1.49000000e-05  1.32220125e+00  1.49000000e-05  1.40000000e+00  7.00000000e-01 
 1.50000000e-05  1.32300333e+00  1.50000000e-05  1.40000000e+00  7.00000000e-01 
 1.51000000e-05  1.32380269e+00  1.51000000e-05  1.40000000e+00  7.00000000e-01 
 1.52000000e-05  1.32460288e+00  1.52000000e-05  1.40000000e+00  7.00000000e-01 
 1.53000000e-05  1.32539611e+00  1.53000000e-05  1.40000000e+00  7.00000000e-01 
 1.54000000e-05  1.32618688e+00  1.54000000e-05  1.40000000e+00  7.00000000e-01 
 1.55000000e-05  1.32697518e+00  1.55000000e-05  1.40000000e+00  7.00000000e-01 
 1.56000000e-05  1.32776099e+00  1.56000000e-05  1.40000000e+00  7.00000000e-01 
 1.57000000e-05  1.32854323e+00  1.57000000e-05  1.40000000e+00  7.00000000e-01 
 1.58000000e-05  1.32932431e+00  1.58000000e-05  1.40000000e+00  7.00000000e-01 
 1.59000000e-05  1.33010289e+00  1.59000000e-05  1.40000000e+00  7.00000000e-01 
 1.60000000e-05  1.33087900e+00  1.60000000e-05  1.40000000e+00  7.00000000e-01 
 1.61000000e-05  1.33165266e+00  1.61000000e-05  1.40000000e+00  7.00000000e-01 
 1.62000000e-05  1.33242389e+00  1.62000000e-05  1.40000000e+00  7.00000000e-01 
 1.63000000e-05  1.33319272e+00  1.63000000e-05  1.40000000e+00  7.00000000e-01 
 1.64000000e-05  1.33395918e+00  1.64000000e-05  1.40000000e+00  7.00000000e-01 
 1.65000000e-05  1.33472329e+00  1.65000000e-05  1.40000000e+00  7.00000000e-01 
 1.66000000e-05  1.33548506e+00  1.66000000e-05  1.40000000e+00  7.00000000e-01 
 1.67000000e-05  1.33624765e+00  1.67000000e-05  1.40000000e+00  7.00000000e-01 
 1.68000000e-05  1.33700405e+00  1.68000000e-05  1.40000000e+00  7.00000000e-01 
 1.69000000e-05  1.33775838e+00  1.69000000e-05  1.40000000e+00  7.00000000e-01 
 1.70000000e-05  1.33851062e+00  1.70000000e-05  1.40000000e+00  7.00000000e-01 
 1.71000000e-05  1.33926076e+00  1.71000000e-05  1.40000000e+00  7.00000000e-01 
 1.72000000e-05  1.34000879e+00  1.72000000e-05  1.40000000e+00  7.00000000e-01 
 1.73000000e-05  1.34075471e+00  1.73000000e-05  1.40000000e+00  7.00000000e-01 
 1.74000000e-05  1.34149853e+00  1.74000000e-05  1.40000000e+00  7.00000000e-01 
 1.75000000e-05  1.34224025e+00  1.75000000e-05  1.40000000e+00  7.00000000e-01 
 1.76000000e-05  1.34297988e+00  1.76000000e-05  1.40000000e+00  7.00000000e-01 
 1.77000000e-05  1.34371744e+00  1.77000000e-05  1.40000000e+00  7.00000000e-01 
 1.78000000e-05  1.34445294e+00  1.78000000e-05  1.40000000e+00  7.00000000e-01 
 1.79000000e-05  1.34518639e+00  1.79000000e-05  1.40000000e+00  7.00000000e-01 
 1.80000000e-05  1.34591782e+00  1.80000000e-05  1.40000000e+00  7.00000000e-01 
 1.81000000e-05  1.34664723e+00  1.81000000e-05  1.40000000e+00  7.00000000e-01 
 1.82000000e-05  1.34737465e+00  1.82000000e-05  1.40000000e+00  7.00000000e-01 
 1.83000000e-05  1.34810009e+00  1.83000000e-05  1.40000000e+00  7.00000000e-01 
 1.84000000e-05  1.34882356e+00  1.84000000e-05  1.40000000e+00  7.00000000e-01 
 1.85000000e-05  1.34954509e+00  1.85000000e-05  1.40000000e+00  7.00000000e-01 
 1.86000000e-05  1.35026469e+00  1.86000000e-05  1.40000000e+00  7.00000000e-01 
 1.87000000e-05  1.35098238e+00  1.87000000e-05  1.40000000e+00  7.00000000e-01 
 1.88000000e-05  1.35169817e+00  1.88000000e-05  1.40000000e+00  7.00000000e-01 
 1.89000000e-05  1.35241208e+00  1.89000000e-05  1.40000000e+00  7.00000000e-01 
 1.90000000e-05  1.35312413e+00  1.90000000e-05  1.40000000e+00  7.00000000e-01 
 1.91000000e-05  1.35383433e+00  1.91000000e-05  1.40000000e+00  7.00000000e-01 
 1.92000000e-05  1.35454269e+00  1.92000000e-05  1.40000000e+00  7.00000000e-01 
 1.93000000e-05  1.35524924e+00  1.93000000e-05  1.40000000e+00  7.00000000e-01 
 1.94000000e-05  1.35595399e+00  1.94000000e-05  1.40000000e+00  7.00000000e-01 
 1.95000000e-05  1.35665695e+00  1.95000000e-05  1.40000000e+00  7.00000000e-01 
 1.96000000e-05  1.35735814e+00  1.96000000e-05  1.40000000e+00  7.00000000e-01 
 1.97000000e-05  1.35805757e+00  1.97000000e-05  1.40000000e+00  7.00000000e-01 
 1.98000000e-05  1.35875526e+00  1.98000000e-05  1.40000000e+00  7.00000000e-01 
 1.99000000e-05  1.35945122e+00  1.99000000e-05  1.40000000e+00  7.00000000e-01 
 2.00000000e-05  1.36014547e+00  2.00000000e-05  1.40000000e+00  7.00000000e-01 
 2.01000000e-05  1.36083801e+00  2.01000000e-05  1.40000000e+00  7.00000000e-01 
 2.02000000e-05  1.36152887e+00  2.02000000e-05  1.40000000e+00  7.00000000e-01 
 2.03000000e-05  1.36221805e+00  2.03000000e-05  1.40000000e+00  7.00000000e-01 
 2.04000000e-05  1.36290557e+00  2.04000000e-05  1.40000000e+00  7.00000000e-01 
 2.05000000e-05  1.36359144e+00  2.05000000e-05  1.40000000e+00  7.00000000e-01 
 2.06000000e-05  1.36427568e+00  2.06000000e-05  1.40000000e+00  7.00000000e-01 
 2.07000000e-05  1.36495830e+00  2.07000000e-05  1.40000000e+00  7.00000000e-01 
 2.08000000e-05  1.36563931e+00  2.08000000e-05  1.40000000e+00  7.00000000e-01 
 2.09000000e-05  1.36631872e+00  2.09000000e-05  1.40000000e+00  7.00000000e-01 
 2.10000000e-05  1.36699654e+00  2.10000000e-05  1.40000000e+00  7.00000000e-01 
 2.11000000e-05  1.36767280e+00  2.11000000e-05  1.40000000e+00  7.00000000e-01 
 2.12000000e-05  1.36834749e+00  2.12000000e-05  1.40000000e+00  7.00000000e-01 
 2.13000000e-05  1.36902063e+00  2.13000000e-05  1.40000000e+00  7.00000000e-01 
 2.14000000e-05  1.36969224e+00  2.14000000e-05  1.40000000e+00  7.00000000e-01 
 2.15000000e-05  1.37036232e+00  2.15000000e-05  1.40000000e+00  7.00000000e-01 
 2.16000000e-05  1.37103089e+00  2.16000000e-05  1.40000000e+00  7.00000000e-01 
 2.17000000e-05  1.37169795e+00  2.17000000e-05  1.40000000e+00  7.00000000e-01 
 2.18000000e-05  1.37236352e+00  2.18000000e-05  1.40000000e+00  7.00000000e-01 
 2.19000000e-05  1.37302761e+00  2.19000000e-05  1.40000000e+00  7.00000000e-01 
 2.20000000e-05  1.37369023e+00  2.20000000e-05  1.40000000e+00  7.00000000e-01 
 2.21000000e-05  1.37435139e+00  2.21000000e-05  1.40000000e+00  7.00000000e-01 
 2.22000000e-05  1.37501110e+00  2.22000000e-05  1.40000000e+00  7.00000000e-01 
 2.23000000e-05  1.37566937e+00  2.23000000e-05  1.40000000e+00  7.00000000e-01 
 2.24000000e-05  1.37632622e+00  2.24000000e-05  1.40000000e+00  7.00000000e-01 
 2.25000000e-05  1.37698164e+00  2.25000000e-05  1.40000000e+00  7.00000000e-01 
 2.26000000e-05  1.37763566e+00  2.26000000e-05  1.40000000e+00  7.00000000e-01 
 2.27000000e-05  1.37828828e+00  2.27000000e-05  1.40000000e+00  7.00000000e-01 
 2.28000000e-05  1.37893951e+00  2.28000000e-05  1.40000000e+00  7.00000000e-01 
 2.29000000e-05  1.37958936e+00  2.29000000e-05  1.40000000e+00  7.00000000e-01 
 2.30000000e-05  1.38023784e+00  2.30000000e-05  1.40000000e+00  7.00000000e-01 
 2.31000000e-05  1.38088496e+00  2.31000000e-05  1.40000000e+00  7.00000000e-01 
 2.32000000e-05  1.38153073e+00  2.32000000e-05  1.40000000e+00  7.00000000e-01 
 2.33000000e-05  1.38217516e+00  2.33000000e-05  1.40000000e+00  7.00000000e-01 
 2.34000000e-05  1.38281826e+00  2.34000000e-05  1.40000000e+00  7.00000000e-01 
 2.35000000e-05  1.38346004e+00  2.35000000e-05  1.40000000e+00  7.00000000e-01 
 2.36000000e-05  1.38410050e+00  2.36000000e-05  1.40000000e+00  7.00000000e-01 
 2.37000000e-05  1.38473965e+00  2.37000000e-05  1.40000000e+00  7.00000000e-01 
 2.38000000e-05  1.38537751e+00  2.38000000e-05  1.40000000e+00  7.00000000e-01 
 2.39000000e-05  1.38601408e+00  2.39000000e-05  1.40000000e+00  7.00000000e-01 
 2.40000000e-05  1.38664937e+00  2.40000000e-05  1.40000000e+00  7.00000000e-01 
 2.41000000e-05  1.38728339e+00  2.41000000e-05  1.40000000e+00  7.00000000e-01 
 2.42000000e-05  1.38791615e+00  2.42000000e-05  1.40000000e+00  7.00000000e-01 
 2.43000000e-05  1.38854765e+00  2.43000000e-05  1.40000000e+00  7.00000000e-01 
 2.44000000e-05  1.38917791e+00  2.44000000e-05  1.40000000e+00  7.00000000e-01 
 2.45000000e-05  1.38980692e+00  2.45000000e-05  1.40000000e+00  7.00000000e-01 
 2.46000000e-05  1.39043471e+00  2.46000000e-05  1.40000000e+00  7.00000000e-01 
 2.47000000e-05  1.39106128e+00  2.47000000e-05  1.40000000e+00  7.00000000e-01 
 2.48000000e-05  1.39168663e+00  2.48000000e-05  1.40000000e+00  7.00000000e-01 
 2.49000000e-05  1.39231077e+00  2.49000000e-05  1.40000000e+00  7.00000000e-01 
 2.50000000e-05  1.39293372e+00  2.50000000e-05  1.40000000e+00  7.00000000e-01 
