 i-sweep         v(vout)         i(viin)         v(vgate)        v(vmid)        
-6.00000000e-06  5.47424997e-01 -6.00000000e-06  1.80000000e+00  8.00000000e-01 
-5.90000000e-06  5.50613368e-01 -5.90000000e-06  1.80000000e+00  8.00000000e-01 
-5.80000000e-06  5.53820578e-01 -5.80000000e-06  1.80000000e+00  8.00000000e-01 
-5.70000000e-06  5.57046999e-01 -5.70000000e-06  1.80000000e+00  8.00000000e-01 
-5.60000000e-06  5.60293014e-01 -5.60000000e-06  1.80000000e+00  8.00000000e-01 
-5.50000000e-06  5.63559019e-01 -5.50000000e-06  1.80000000e+00  8.00000000e-01 
-5.40000000e-06  5.66845427e-01 -5.40000000e-06  1.80000000e+00  8.00000000e-01 
-5.30000000e-06  5.70152661e-01 -5.30000000e-06  1.80000000e+00  8.00000000e-01 
-5.20000000e-06  5.73481161e-01 -5.20000000e-06  1.80000000e+00  8.00000000e-01 
-5.10000000e-06  5.76831385e-01 -5.10000000e-06  1.80000000e+00  8.00000000e-01 
-5.00000000e-06  5.80203806e-01 -5.00000000e-06  1.80000000e+00  8.00000000e-01 
-4.90000000e-06  5.83598914e-01 -4.90000000e-06  1.80000000e+00  8.00000000e-01 
-4.80000000e-06  5.87017219e-01 -4.80000000e-06  1.80000000e+00  8.00000000e-01 
-4.70000000e-06  5.90459251e-01 -4.70000000e-06  1.80000000e+00  8.00000000e-01 
-4.60000000e-06  5.93925559e-01 -4.60000000e-06  1.80000000e+00  8.00000000e-01 
-4.50000000e-06  5.97416718e-01 -4.50000000e-06  1.80000000e+00  8.00000000e-01 
-4.40000000e-06  6.00933322e-01 -4.40000000e-06  1.80000000e+00  8.00000000e-01 
-4.30000000e-06  6.04475991e-01 -4.30000000e-06  1.80000000e+00  8.00000000e-01 
-4.20000000e-06  6.08045374e-01 -4.20000000e-06  1.80000000e+00  8.00000000e-01 
-4.10000000e-06  6.11642144e-01 -4.10000000e-06  1.80000000e+00  8.00000000e-01 
-4.00000000e-06  6.15267007e-01 -4.00000000e-06  1.80000000e+00  8.00000000e-01 
-3.90000000e-06  6.18920697e-01 -3.90000000e-06  1.80000000e+00  8.00000000e-01 
-3.80000000e-06  6.22603985e-01 -3.80000000e-06  1.80000000e+00  8.00000000e-01 
-3.70000000e-06  6.26317676e-01 -3.70000000e-06  1.80000000e+00  8.00000000e-01 
-3.60000000e-06  6.30062614e-01 -3.60000000e-06  1.80000000e+00  8.00000000e-01 
-3.50000000e-06  6.33839683e-01 -3.50000000e-06  1.80000000e+00  8.00000000e-01 
-3.40000000e-06  6.37649812e-01 -3.40000000e-06  1.80000000e+00  8.00000000e-01 
-3.30000000e-06  6.41493976e-01 -3.30000000e-06  1.80000000e+00  8.00000000e-01 
-3.20000000e-06  6.45373203e-01 -3.20000000e-06  1.80000000e+00  8.00000000e-01 
-3.10000000e-06  6.49288571e-01 -3.10000000e-06  1.80000000e+00  8.00000000e-01 
-3.00000000e-06  6.53241221e-01 -3.00000000e-06  1.80000000e+00  8.00000000e-01 
-2.90000000e-06  6.57232355e-01 -2.90000000e-06  1.80000000e+00  8.00000000e-01 
-2.80000000e-06  6.61263244e-01 -2.80000000e-06  1.80000000e+00  8.00000000e-01 
-2.70000000e-06  6.65335234e-01 -2.70000000e-06  1.80000000e+00  8.00000000e-01 
-2.60000000e-06  6.69449749e-01 -2.60000000e-06  1.80000000e+00  8.00000000e-01 
-2.50000000e-06  6.73608303e-01 -2.50000000e-06  1.80000000e+00  8.00000000e-01 
-2.40000000e-06  6.77812506e-01 -2.40000000e-06  1.80000000e+00  8.00000000e-01 
-2.30000000e-06  6.82064071e-01 -2.30000000e-06  1.80000000e+00  8.00000000e-01 
-2.20000000e-06  6.86364826e-01 -2.20000000e-06  1.80000000e+00  8.00000000e-01 
-2.10000000e-06  6.90716726e-01 -2.10000000e-06  1.80000000e+00  8.00000000e-01 
-2.00000000e-06  6.95121862e-01 -2.00000000e-06  1.80000000e+00  8.00000000e-01 
-1.90000000e-06  6.99582481e-01 -1.90000000e-06  1.80000000e+00  8.00000000e-01 
-1.80000000e-06  7.04100997e-01 -1.80000000e-06  1.80000000e+00  8.00000000e-01 
-1.70000000e-06  7.08680013e-01 -1.70000000e-06  1.80000000e+00  8.00000000e-01 
-1.60000000e-06  7.13322345e-01 -1.60000000e-06  1.80000000e+00  8.00000000e-01 
-1.50000000e-06  7.18031039e-01 -1.50000000e-06  1.80000000e+00  8.00000000e-01 
-1.40000000e-06  7.22809409e-01 -1.40000000e-06  1.80000000e+00  8.00000000e-01 
-1.30000000e-06  7.27661067e-01 -1.30000000e-06  1.80000000e+00  8.00000000e-01 
-1.20000000e-06  7.32589959e-01 -1.20000000e-06  1.80000000e+00  8.00000000e-01 
-1.10000000e-06  7.37600417e-01 -1.10000000e-06  1.80000000e+00  8.00000000e-01 
-1.00000000e-06  7.42697214e-01 -1.00000000e-06  1.80000000e+00  8.00000000e-01 
-9.00000000e-07  7.47885624e-01 -9.00000000e-07  1.80000000e+00  8.00000000e-01 
-8.00000000e-07  7.53171508e-01 -8.00000000e-07  1.80000000e+00  8.00000000e-01 
-7.00000000e-07  7.58561405e-01 -7.00000000e-07  1.80000000e+00  8.00000000e-01 
-6.00000000e-07  7.64062649e-01 -6.00000000e-07  1.80000000e+00  8.00000000e-01 
-5.00000000e-07  7.69683517e-01 -5.00000000e-07  1.80000000e+00  8.00000000e-01 
-4.00000000e-07  7.75433400e-01 -4.00000000e-07  1.80000000e+00  8.00000000e-01 
-3.00000000e-07  7.81323037e-01 -3.00000000e-07  1.80000000e+00  8.00000000e-01 
-2.00000000e-07  7.87364795e-01 -2.00000000e-07  1.80000000e+00  8.00000000e-01 
-1.00000000e-07  7.93573038e-01 -1.00000000e-07  1.80000000e+00  8.00000000e-01 
-5.71747239e-21  7.99964617e-01 -5.71747239e-21  1.80000000e+00  8.00000000e-01 
 1.00000000e-07  8.06536046e-01  1.00000000e-07  1.80000000e+00  8.00000000e-01 
 2.00000000e-07  8.13278919e-01  2.00000000e-07  1.80000000e+00  8.00000000e-01 
 3.00000000e-07  8.20206850e-01  3.00000000e-07  1.80000000e+00  8.00000000e-01 
 4.00000000e-07  8.27335292e-01  4.00000000e-07  1.80000000e+00  8.00000000e-01 
 5.00000000e-07  8.34681898e-01  5.00000000e-07  1.80000000e+00  8.00000000e-01 
 6.00000000e-07  8.42266967e-01  6.00000000e-07  1.80000000e+00  8.00000000e-01 
 7.00000000e-07  8.50114007e-01  7.00000000e-07  1.80000000e+00  8.00000000e-01 
 8.00000000e-07  8.58250461e-01  8.00000000e-07  1.80000000e+00  8.00000000e-01 
 9.00000000e-07  8.66708637e-01  9.00000000e-07  1.80000000e+00  8.00000000e-01 
 1.00000000e-06  8.75526915e-01  1.00000000e-06  1.80000000e+00  8.00000000e-01 
 1.10000000e-06  8.84751326e-01  1.10000000e-06  1.80000000e+00  8.00000000e-01 
 1.20000000e-06  8.94437630e-01  1.20000000e-06  1.80000000e+00  8.00000000e-01 
 1.30000000e-06  9.04654026e-01  1.30000000e-06  1.80000000e+00  8.00000000e-01 
 1.40000000e-06  9.15484629e-01  1.40000000e-06  1.80000000e+00  8.00000000e-01 
 1.50000000e-06  9.27033672e-01  1.50000000e-06  1.80000000e+00  8.00000000e-01 
 1.60000000e-06  9.39429777e-01  1.60000000e-06  1.80000000e+00  8.00000000e-01 
 1.70000000e-06  9.52827598e-01  1.70000000e-06  1.80000000e+00  8.00000000e-01 
 1.80000000e-06  9.67398122e-01  1.80000000e-06  1.80000000e+00  8.00000000e-01 
 1.90000000e-06  9.83282953e-01  1.90000000e-06  1.80000000e+00  8.00000000e-01 
 2.00000000e-06  1.00045745e+00  2.00000000e-06  1.80000000e+00  8.00000000e-01 
 2.10000000e-06  1.01845361e+00  2.10000000e-06  1.80000000e+00  8.00000000e-01 
 2.20000000e-06  1.03615560e+00  2.20000000e-06  1.80000000e+00  8.00000000e-01 
 2.30000000e-06  1.05225215e+00  2.30000000e-06  1.80000000e+00  8.00000000e-01 
 2.40000000e-06  1.06607890e+00  2.40000000e-06  1.80000000e+00  8.00000000e-01 
 2.50000000e-06  1.07772876e+00  2.50000000e-06  1.80000000e+00  8.00000000e-01 
 2.60000000e-06  1.08757927e+00  2.60000000e-06  1.80000000e+00  8.00000000e-01 
 2.70000000e-06  1.09604784e+00  2.70000000e-06  1.80000000e+00  8.00000000e-01 
 2.80000000e-06  1.10344777e+00  2.80000000e-06  1.80000000e+00  8.00000000e-01 
 2.90000000e-06  1.11001261e+00  2.90000000e-06  1.80000000e+00  8.00000000e-01 
 3.00000000e-06  1.11591057e+00  3.00000000e-06  1.80000000e+00  8.00000000e-01 
 3.10000000e-06  1.12126969e+00  3.10000000e-06  1.80000000e+00  8.00000000e-01 
 3.20000000e-06  1.12618930e+00  3.20000000e-06  1.80000000e+00  8.00000000e-01 
 3.30000000e-06  1.13074354e+00  3.30000000e-06  1.80000000e+00  8.00000000e-01 
 3.40000000e-06  1.13498818e+00  3.40000000e-06  1.80000000e+00  8.00000000e-01 
 3.50000000e-06  1.13897717e+00  3.50000000e-06  1.80000000e+00  8.00000000e-01 
 3.60000000e-06  1.14271772e+00  3.60000000e-06  1.80000000e+00  8.00000000e-01 
 3.70000000e-06  1.14626516e+00  3.70000000e-06  1.80000000e+00  8.00000000e-01 
 3.80000000e-06  1.14963688e+00  3.80000000e-06  1.80000000e+00  8.00000000e-01 
 3.90000000e-06  1.15285181e+00  3.90000000e-06  1.80000000e+00  8.00000000e-01 
 4.00000000e-06  1.15592664e+00  4.00000000e-06  1.80000000e+00  8.00000000e-01 
 4.10000000e-06  1.15887555e+00  4.10000000e-06  1.80000000e+00  8.00000000e-01 
 4.20000000e-06  1.16171068e+00  4.20000000e-06  1.80000000e+00  8.00000000e-01 
 4.30000000e-06  1.16444267e+00  4.30000000e-06  1.80000000e+00  8.00000000e-01 
 4.40000000e-06  1.16708114e+00  4.40000000e-06  1.80000000e+00  8.00000000e-01 
 4.50000000e-06  1.16963516e+00  4.50000000e-06  1.80000000e+00  8.00000000e-01 
 4.60000000e-06  1.17210249e+00  4.60000000e-06  1.80000000e+00  8.00000000e-01 
 4.70000000e-06  1.17450074e+00  4.70000000e-06  1.80000000e+00  8.00000000e-01 
 4.80000000e-06  1.17683107e+00  4.80000000e-06  1.80000000e+00  8.00000000e-01 
 4.90000000e-06  1.17909835e+00  4.90000000e-06  1.80000000e+00  8.00000000e-01 
 5.00000000e-06  1.18130689e+00  5.00000000e-06  1.80000000e+00  8.00000000e-01 
 5.10000000e-06  1.18346063e+00  5.10000000e-06  1.80000000e+00  8.00000000e-01 
 5.20000000e-06  1.18556309e+00  5.20000000e-06  1.80000000e+00  8.00000000e-01 
 5.30000000e-06  1.18761750e+00  5.30000000e-06  1.80000000e+00  8.00000000e-01 
 5.40000000e-06  1.18962679e+00  5.40000000e-06  1.80000000e+00  8.00000000e-01 
 5.50000000e-06  1.19159367e+00  5.50000000e-06  1.80000000e+00  8.00000000e-01 
 5.60000000e-06  1.19352061e+00  5.60000000e-06  1.80000000e+00  8.00000000e-01 
 5.70000000e-06  1.19540993e+00  5.70000000e-06  1.80000000e+00  8.00000000e-01 
 5.80000000e-06  1.19726374e+00  5.80000000e-06  1.80000000e+00  8.00000000e-01 
 5.90000000e-06  1.19907417e+00  5.90000000e-06  1.80000000e+00  8.00000000e-01 
 6.00000000e-06  1.20085903e+00  6.00000000e-06  1.80000000e+00  8.00000000e-01 
