 i-sweep         v(vout)         i(viin)         v(vgate)        v(vmid)        
-6.00000000e-06 -6.49143869e-01 -6.00000000e-06  2.00000000e-01  5.00000000e-01 
-5.90000000e-06 -6.46389192e-01 -5.90000000e-06  2.00000000e-01  5.00000000e-01 
-5.80000000e-06 -6.43574455e-01 -5.80000000e-06  2.00000000e-01  5.00000000e-01 
-5.70000000e-06 -6.40699859e-01 -5.70000000e-06  2.00000000e-01  5.00000000e-01 
-5.60000000e-06 -6.37765699e-01 -5.60000000e-06  2.00000000e-01  5.00000000e-01 
-5.50000000e-06 -6.34772354e-01 -5.50000000e-06  2.00000000e-01  5.00000000e-01 
-5.40000000e-06 -6.31720271e-01 -5.40000000e-06  2.00000000e-01  5.00000000e-01 
-5.30000000e-06 -6.28609956e-01 -5.30000000e-06  2.00000000e-01  5.00000000e-01 
-5.20000000e-06 -6.25441951e-01 -5.20000000e-06  2.00000000e-01  5.00000000e-01 
-5.10000000e-06 -6.22216825e-01 -5.10000000e-06  2.00000000e-01  5.00000000e-01 
-5.00000000e-06 -6.18935148e-01 -5.00000000e-06  2.00000000e-01  5.00000000e-01 
-4.90000000e-06 -6.15597485e-01 -4.90000000e-06  2.00000000e-01  5.00000000e-01 
-4.80000000e-06 -6.12204370e-01 -4.80000000e-06  2.00000000e-01  5.00000000e-01 
-4.70000000e-06 -6.08756290e-01 -4.70000000e-06  2.00000000e-01  5.00000000e-01 
-4.60000000e-06 -6.05253676e-01 -4.60000000e-06  2.00000000e-01  5.00000000e-01 
-4.50000000e-06 -6.01696880e-01 -4.50000000e-06  2.00000000e-01  5.00000000e-01 
-4.40000000e-06 -5.98086162e-01 -4.40000000e-06  2.00000000e-01  5.00000000e-01 
-4.30000000e-06 -5.94421681e-01 -4.30000000e-06  2.00000000e-01  5.00000000e-01 
-4.20000000e-06 -5.90703475e-01 -4.20000000e-06  2.00000000e-01  5.00000000e-01 
-4.10000000e-06 -5.86931455e-01 -4.10000000e-06  2.00000000e-01  5.00000000e-01 
-4.00000000e-06 -5.83105387e-01 -4.00000000e-06  2.00000000e-01  5.00000000e-01 
-3.90000000e-06 -5.79224888e-01 -3.90000000e-06  2.00000000e-01  5.00000000e-01 
-3.80000000e-06 -5.75289405e-01 -3.80000000e-06  2.00000000e-01  5.00000000e-01 
-3.70000000e-06 -5.71298212e-01 -3.70000000e-06  2.00000000e-01  5.00000000e-01 
-3.60000000e-06 -5.67250393e-01 -3.60000000e-06  2.00000000e-01  5.00000000e-01 
-3.50000000e-06 -5.63144831e-01 -3.50000000e-06  2.00000000e-01  5.00000000e-01 
-3.40000000e-06 -5.58980190e-01 -3.40000000e-06  2.00000000e-01  5.00000000e-01 
-3.30000000e-06 -5.54754905e-01 -3.30000000e-06  2.00000000e-01  5.00000000e-01 
-3.20000000e-06 -5.50467158e-01 -3.20000000e-06  2.00000000e-01  5.00000000e-01 
-3.10000000e-06 -5.46114858e-01 -3.10000000e-06  2.00000000e-01  5.00000000e-01 
-3.00000000e-06 -5.41695619e-01 -3.00000000e-06  2.00000000e-01  5.00000000e-01 
-2.90000000e-06 -5.37206728e-01 -2.90000000e-06  2.00000000e-01  5.00000000e-01 
-2.80000000e-06 -5.32645110e-01 -2.80000000e-06  2.00000000e-01  5.00000000e-01 
-2.70000000e-06 -5.28007289e-01 -2.70000000e-06  2.00000000e-01  5.00000000e-01 
-2.60000000e-06 -5.23289338e-01 -2.60000000e-06  2.00000000e-01  5.00000000e-01 
-2.50000000e-06 -5.18486816e-01 -2.50000000e-06  2.00000000e-01  5.00000000e-01 
-2.40000000e-06 -5.13594700e-01 -2.40000000e-06  2.00000000e-01  5.00000000e-01 
-2.30000000e-06 -5.08607297e-01 -2.30000000e-06  2.00000000e-01  5.00000000e-01 
-2.20000000e-06 -5.03518133e-01 -2.20000000e-06  2.00000000e-01  5.00000000e-01 
-2.10000000e-06 -4.98319823e-01 -2.10000000e-06  2.00000000e-01  5.00000000e-01 
-2.00000000e-06 -4.93003904e-01 -2.00000000e-06  2.00000000e-01  5.00000000e-01 
-1.90000000e-06 -4.87560628e-01 -1.90000000e-06  2.00000000e-01  5.00000000e-01 
-1.80000000e-06 -4.81978699e-01 -1.80000000e-06  2.00000000e-01  5.00000000e-01 
-1.70000000e-06 -4.76244937e-01 -1.70000000e-06  2.00000000e-01  5.00000000e-01 
-1.60000000e-06 -4.70343839e-01 -1.60000000e-06  2.00000000e-01  5.00000000e-01 
-1.50000000e-06 -4.64257004e-01 -1.50000000e-06  2.00000000e-01  5.00000000e-01 
-1.40000000e-06 -4.57962363e-01 -1.40000000e-06  2.00000000e-01  5.00000000e-01 
-1.30000000e-06 -4.51433140e-01 -1.30000000e-06  2.00000000e-01  5.00000000e-01 
-1.20000000e-06 -4.44635639e-01 -1.20000000e-06  2.00000000e-01  5.00000000e-01 
-1.10000000e-06 -4.37529563e-01 -1.10000000e-06  2.00000000e-01  5.00000000e-01 
-1.00000000e-06 -4.30061832e-01 -1.00000000e-06  2.00000000e-01  5.00000000e-01 
-9.00000000e-07 -4.22163757e-01 -9.00000000e-07  2.00000000e-01  5.00000000e-01 
-8.00000000e-07 -4.13743268e-01 -8.00000000e-07  2.00000000e-01  5.00000000e-01 
-7.00000000e-07 -4.04672870e-01 -7.00000000e-07  2.00000000e-01  5.00000000e-01 
-6.00000000e-07 -3.94767461e-01 -6.00000000e-07  2.00000000e-01  5.00000000e-01 
-5.00000000e-07 -3.83744960e-01 -5.00000000e-07  2.00000000e-01  5.00000000e-01 
-4.00000000e-07 -3.71138325e-01 -4.00000000e-07  2.00000000e-01  5.00000000e-01 
-3.00000000e-07 -3.56086260e-01 -3.00000000e-07  2.00000000e-01  5.00000000e-01 
-2.00000000e-07 -3.36686006e-01 -2.00000000e-07  2.00000000e-01  5.00000000e-01 
-1.00000000e-07 -3.06968165e-01 -1.00000000e-07  2.00000000e-01  5.00000000e-01 
-5.71747239e-21  6.13211654e-01 -5.71747239e-21  2.00000000e-01  5.00000000e-01 
 1.00000000e-07  1.01518071e+00  1.00000000e-07  2.00000000e-01  5.00000000e-01 
 2.00000000e-07  1.04759032e+00  2.00000000e-07  2.00000000e-01  5.00000000e-01 
 3.00000000e-07  1.06647632e+00  3.00000000e-07  2.00000000e-01  5.00000000e-01 
 4.00000000e-07  1.07991853e+00  4.00000000e-07  2.00000000e-01  5.00000000e-01 
 5.00000000e-07  1.09042120e+00  5.00000000e-07  2.00000000e-01  5.00000000e-01 
 6.00000000e-07  1.09908560e+00  6.00000000e-07  2.00000000e-01  5.00000000e-01 
 7.00000000e-07  1.10649245e+00  7.00000000e-07  2.00000000e-01  5.00000000e-01 
 8.00000000e-07  1.11298527e+00  8.00000000e-07  2.00000000e-01  5.00000000e-01 
 9.00000000e-07  1.11878352e+00  9.00000000e-07  2.00000000e-01  5.00000000e-01 
 1.00000000e-06  1.12403600e+00  1.00000000e-06  2.00000000e-01  5.00000000e-01 
 1.10000000e-06  1.12884818e+00  1.10000000e-06  2.00000000e-01  5.00000000e-01 
 1.20000000e-06  1.13329750e+00  1.20000000e-06  2.00000000e-01  5.00000000e-01 
 1.30000000e-06  1.13744255e+00  1.30000000e-06  2.00000000e-01  5.00000000e-01 
 1.40000000e-06  1.14132865e+00  1.40000000e-06  2.00000000e-01  5.00000000e-01 
 1.50000000e-06  1.14499164e+00  1.50000000e-06  2.00000000e-01  5.00000000e-01 
 1.60000000e-06  1.14846032e+00  1.60000000e-06  2.00000000e-01  5.00000000e-01 
 1.70000000e-06  1.15175818e+00  1.70000000e-06  2.00000000e-01  5.00000000e-01 
 1.80000000e-06  1.15490467e+00  1.80000000e-06  2.00000000e-01  5.00000000e-01 
 1.90000000e-06  1.15791602e+00  1.90000000e-06  2.00000000e-01  5.00000000e-01 
 2.00000000e-06  1.16080608e+00  2.00000000e-06  2.00000000e-01  5.00000000e-01 
 2.10000000e-06  1.16358623e+00  2.10000000e-06  2.00000000e-01  5.00000000e-01 
 2.20000000e-06  1.16626675e+00  2.20000000e-06  2.00000000e-01  5.00000000e-01 
 2.30000000e-06  1.16885633e+00  2.30000000e-06  2.00000000e-01  5.00000000e-01 
 2.40000000e-06  1.17136257e+00  2.40000000e-06  2.00000000e-01  5.00000000e-01 
 2.50000000e-06  1.17379212e+00  2.50000000e-06  2.00000000e-01  5.00000000e-01 
 2.60000000e-06  1.17615085e+00  2.60000000e-06  2.00000000e-01  5.00000000e-01 
 2.70000000e-06  1.17844398e+00  2.70000000e-06  2.00000000e-01  5.00000000e-01 
 2.80000000e-06  1.18067613e+00  2.80000000e-06  2.00000000e-01  5.00000000e-01 
 2.90000000e-06  1.18285147e+00  2.90000000e-06  2.00000000e-01  5.00000000e-01 
 3.00000000e-06  1.18497372e+00  3.00000000e-06  2.00000000e-01  5.00000000e-01 
 3.10000000e-06  1.18704625e+00  3.10000000e-06  2.00000000e-01  5.00000000e-01 
 3.20000000e-06  1.18907210e+00  3.20000000e-06  2.00000000e-01  5.00000000e-01 
 3.30000000e-06  1.19105403e+00  3.30000000e-06  2.00000000e-01  5.00000000e-01 
 3.40000000e-06  1.19299458e+00  3.40000000e-06  2.00000000e-01  5.00000000e-01 
 3.50000000e-06  1.19489602e+00  3.50000000e-06  2.00000000e-01  5.00000000e-01 
 3.60000000e-06  1.19676749e+00  3.60000000e-06  2.00000000e-01  5.00000000e-01 
 3.70000000e-06  1.19859575e+00  3.70000000e-06  2.00000000e-01  5.00000000e-01 
 3.80000000e-06  1.20039094e+00  3.80000000e-06  2.00000000e-01  5.00000000e-01 
 3.90000000e-06  1.20215468e+00  3.90000000e-06  2.00000000e-01  5.00000000e-01 
 4.00000000e-06  1.20388844e+00  4.00000000e-06  2.00000000e-01  5.00000000e-01 
 4.10000000e-06  1.20559363e+00  4.10000000e-06  2.00000000e-01  5.00000000e-01 
 4.20000000e-06  1.20727152e+00  4.20000000e-06  2.00000000e-01  5.00000000e-01 
 4.30000000e-06  1.20892332e+00  4.30000000e-06  2.00000000e-01  5.00000000e-01 
 4.40000000e-06  1.21055016e+00  4.40000000e-06  2.00000000e-01  5.00000000e-01 
 4.50000000e-06  1.21215308e+00  4.50000000e-06  2.00000000e-01  5.00000000e-01 
 4.60000000e-06  1.21373213e+00  4.60000000e-06  2.00000000e-01  5.00000000e-01 
 4.70000000e-06  1.21529010e+00  4.70000000e-06  2.00000000e-01  5.00000000e-01 
 4.80000000e-06  1.21682702e+00  4.80000000e-06  2.00000000e-01  5.00000000e-01 
 4.90000000e-06  1.21834361e+00  4.90000000e-06  2.00000000e-01  5.00000000e-01 
 5.00000000e-06  1.21984063e+00  5.00000000e-06  2.00000000e-01  5.00000000e-01 
 5.10000000e-06  1.22131878e+00  5.10000000e-06  2.00000000e-01  5.00000000e-01 
 5.20000000e-06  1.22277874e+00  5.20000000e-06  2.00000000e-01  5.00000000e-01 
 5.30000000e-06  1.22422116e+00  5.30000000e-06  2.00000000e-01  5.00000000e-01 
 5.40000000e-06  1.22564664e+00  5.40000000e-06  2.00000000e-01  5.00000000e-01 
 5.50000000e-06  1.22705576e+00  5.50000000e-06  2.00000000e-01  5.00000000e-01 
 5.60000000e-06  1.22845462e+00  5.60000000e-06  2.00000000e-01  5.00000000e-01 
 5.70000000e-06  1.22983109e+00  5.70000000e-06  2.00000000e-01  5.00000000e-01 
 5.80000000e-06  1.23119319e+00  5.80000000e-06  2.00000000e-01  5.00000000e-01 
 5.90000000e-06  1.23254126e+00  5.90000000e-06  2.00000000e-01  5.00000000e-01 
 6.00000000e-06  1.23387565e+00  6.00000000e-06  2.00000000e-01  5.00000000e-01 
