 i-sweep         v(vout)         i(viin)         v(vgate)        v(vmid)        
-6.00000000e-06 -6.47820379e-01 -6.00000000e-06  2.00000000e-01  1.00000000e+00 
-5.90000000e-06 -6.45047660e-01 -5.90000000e-06  2.00000000e-01  1.00000000e+00 
-5.80000000e-06 -6.42215757e-01 -5.80000000e-06  2.00000000e-01  1.00000000e+00 
-5.70000000e-06 -6.39324933e-01 -5.70000000e-06  2.00000000e-01  1.00000000e+00 
-5.60000000e-06 -6.36375536e-01 -5.60000000e-06  2.00000000e-01  1.00000000e+00 
-5.50000000e-06 -6.33367993e-01 -5.50000000e-06  2.00000000e-01  1.00000000e+00 
-5.40000000e-06 -6.30302789e-01 -5.40000000e-06  2.00000000e-01  1.00000000e+00 
-5.30000000e-06 -6.27180455e-01 -5.30000000e-06  2.00000000e-01  1.00000000e+00 
-5.20000000e-06 -6.24001555e-01 -5.20000000e-06  2.00000000e-01  1.00000000e+00 
-5.10000000e-06 -6.20766667e-01 -5.10000000e-06  2.00000000e-01  1.00000000e+00 
-5.00000000e-06 -6.17476364e-01 -5.00000000e-06  2.00000000e-01  1.00000000e+00 
-4.90000000e-06 -6.14131202e-01 -4.90000000e-06  2.00000000e-01  1.00000000e+00 
-4.80000000e-06 -6.10731701e-01 -4.80000000e-06  2.00000000e-01  1.00000000e+00 
-4.70000000e-06 -6.07278330e-01 -4.70000000e-06  2.00000000e-01  1.00000000e+00 
-4.60000000e-06 -6.03771490e-01 -4.60000000e-06  2.00000000e-01  1.00000000e+00 
-4.50000000e-06 -6.00211502e-01 -4.50000000e-06  2.00000000e-01  1.00000000e+00 
-4.40000000e-06 -5.96598593e-01 -4.40000000e-06  2.00000000e-01  1.00000000e+00 
-4.30000000e-06 -5.92932880e-01 -4.30000000e-06  2.00000000e-01  1.00000000e+00 
-4.20000000e-06 -5.89214363e-01 -4.20000000e-06  2.00000000e-01  1.00000000e+00 
-4.10000000e-06 -5.85442909e-01 -4.10000000e-06  2.00000000e-01  1.00000000e+00 
-4.00000000e-06 -5.81618242e-01 -4.00000000e-06  2.00000000e-01  1.00000000e+00 
-3.90000000e-06 -5.77739933e-01 -3.90000000e-06  2.00000000e-01  1.00000000e+00 
-3.80000000e-06 -5.73807390e-01 -3.80000000e-06  2.00000000e-01  1.00000000e+00 
-3.70000000e-06 -5.69819843e-01 -3.70000000e-06  2.00000000e-01  1.00000000e+00 
-3.60000000e-06 -5.65776335e-01 -3.60000000e-06  2.00000000e-01  1.00000000e+00 
-3.50000000e-06 -5.61675710e-01 -3.50000000e-06  2.00000000e-01  1.00000000e+00 
-3.40000000e-06 -5.57516597e-01 -3.40000000e-06  2.00000000e-01  1.00000000e+00 
-3.30000000e-06 -5.53297391e-01 -3.30000000e-06  2.00000000e-01  1.00000000e+00 
-3.20000000e-06 -5.49016243e-01 -3.20000000e-06  2.00000000e-01  1.00000000e+00 
-3.10000000e-06 -5.44671030e-01 -3.10000000e-06  2.00000000e-01  1.00000000e+00 
-3.00000000e-06 -5.40259335e-01 -3.00000000e-06  2.00000000e-01  1.00000000e+00 
-2.90000000e-06 -5.35778418e-01 -2.90000000e-06  2.00000000e-01  1.00000000e+00 
-2.80000000e-06 -5.31225177e-01 -2.80000000e-06  2.00000000e-01  1.00000000e+00 
-2.70000000e-06 -5.26596110e-01 -2.70000000e-06  2.00000000e-01  1.00000000e+00 
-2.60000000e-06 -5.21887265e-01 -2.60000000e-06  2.00000000e-01  1.00000000e+00 
-2.50000000e-06 -5.17094179e-01 -2.50000000e-06  2.00000000e-01  1.00000000e+00 
-2.40000000e-06 -5.12211806e-01 -2.40000000e-06  2.00000000e-01  1.00000000e+00 
-2.30000000e-06 -5.07234430e-01 -2.30000000e-06  2.00000000e-01  1.00000000e+00 
-2.20000000e-06 -5.02155553e-01 -2.20000000e-06  2.00000000e-01  1.00000000e+00 
-2.10000000e-06 -4.96967764e-01 -2.10000000e-06  2.00000000e-01  1.00000000e+00 
-2.00000000e-06 -4.91662575e-01 -2.00000000e-06  2.00000000e-01  1.00000000e+00 
-1.90000000e-06 -4.86230206e-01 -1.90000000e-06  2.00000000e-01  1.00000000e+00 
-1.80000000e-06 -4.80659327e-01 -1.80000000e-06  2.00000000e-01  1.00000000e+00 
-1.70000000e-06 -4.74936715e-01 -1.70000000e-06  2.00000000e-01  1.00000000e+00 
-1.60000000e-06 -4.69046814e-01 -1.60000000e-06  2.00000000e-01  1.00000000e+00 
-1.50000000e-06 -4.62971155e-01 -1.50000000e-06  2.00000000e-01  1.00000000e+00 
-1.40000000e-06 -4.56687577e-01 -1.40000000e-06  2.00000000e-01  1.00000000e+00 
-1.30000000e-06 -4.50169172e-01 -1.30000000e-06  2.00000000e-01  1.00000000e+00 
-1.20000000e-06 -4.43382806e-01 -1.20000000e-06  2.00000000e-01  1.00000000e+00 
-1.10000000e-06 -4.36287015e-01 -1.10000000e-06  2.00000000e-01  1.00000000e+00 
-1.00000000e-06 -4.28828918e-01 -1.00000000e-06  2.00000000e-01  1.00000000e+00 
-9.00000000e-07 -4.20939528e-01 -9.00000000e-07  2.00000000e-01  1.00000000e+00 
-8.00000000e-07 -4.12526348e-01 -8.00000000e-07  2.00000000e-01  1.00000000e+00 
-7.00000000e-07 -4.03461106e-01 -7.00000000e-07  2.00000000e-01  1.00000000e+00 
-6.00000000e-07 -3.93558145e-01 -6.00000000e-07  2.00000000e-01  1.00000000e+00 
-5.00000000e-07 -3.82533320e-01 -5.00000000e-07  2.00000000e-01  1.00000000e+00 
-4.00000000e-07 -3.69917464e-01 -4.00000000e-07  2.00000000e-01  1.00000000e+00 
-3.00000000e-07 -3.54841102e-01 -3.00000000e-07  2.00000000e-01  1.00000000e+00 
-2.00000000e-07 -3.35389352e-01 -2.00000000e-07  2.00000000e-01  1.00000000e+00 
-1.00000000e-07 -3.05542997e-01 -1.00000000e-07  2.00000000e-01  1.00000000e+00 
-5.71747239e-21  6.19903410e-01 -5.71747239e-21  2.00000000e-01  1.00000000e+00 
 1.00000000e-07  1.02239058e+00  1.00000000e-07  2.00000000e-01  1.00000000e+00 
 2.00000000e-07  1.05480461e+00  2.00000000e-07  2.00000000e-01  1.00000000e+00 
 3.00000000e-07  1.07368295e+00  3.00000000e-07  2.00000000e-01  1.00000000e+00 
 4.00000000e-07  1.08712395e+00  4.00000000e-07  2.00000000e-01  1.00000000e+00 
 5.00000000e-07  1.09762572e+00  5.00000000e-07  2.00000000e-01  1.00000000e+00 
 6.00000000e-07  1.10629337e+00  6.00000000e-07  2.00000000e-01  1.00000000e+00 
 7.00000000e-07  1.11369694e+00  7.00000000e-07  2.00000000e-01  1.00000000e+00 
 8.00000000e-07  1.12018827e+00  8.00000000e-07  2.00000000e-01  1.00000000e+00 
 9.00000000e-07  1.12598559e+00  9.00000000e-07  2.00000000e-01  1.00000000e+00 
 1.00000000e-06  1.13123734e+00  1.00000000e-06  2.00000000e-01  1.00000000e+00 
 1.10000000e-06  1.13604884e+00  1.10000000e-06  2.00000000e-01  1.00000000e+00 
 1.20000000e-06  1.14049753e+00  1.20000000e-06  2.00000000e-01  1.00000000e+00 
 1.30000000e-06  1.14464196e+00  1.30000000e-06  2.00000000e-01  1.00000000e+00 
 1.40000000e-06  1.14852745e+00  1.40000000e-06  2.00000000e-01  1.00000000e+00 
 1.50000000e-06  1.15219890e+00  1.50000000e-06  2.00000000e-01  1.00000000e+00 
 1.60000000e-06  1.15566396e+00  1.60000000e-06  2.00000000e-01  1.00000000e+00 
 1.70000000e-06  1.15895926e+00  1.70000000e-06  2.00000000e-01  1.00000000e+00 
 1.80000000e-06  1.16210385e+00  1.80000000e-06  2.00000000e-01  1.00000000e+00 
 1.90000000e-06  1.16511375e+00  1.90000000e-06  2.00000000e-01  1.00000000e+00 
 2.00000000e-06  1.16800252e+00  2.00000000e-06  2.00000000e-01  1.00000000e+00 
 2.10000000e-06  1.17078177e+00  2.10000000e-06  2.00000000e-01  1.00000000e+00 
 2.20000000e-06  1.17346150e+00  2.20000000e-06  2.00000000e-01  1.00000000e+00 
 2.30000000e-06  1.17605036e+00  2.30000000e-06  2.00000000e-01  1.00000000e+00 
 2.40000000e-06  1.17855594e+00  2.40000000e-06  2.00000000e-01  1.00000000e+00 
 2.50000000e-06  1.18098487e+00  2.50000000e-06  2.00000000e-01  1.00000000e+00 
 2.60000000e-06  1.18334300e+00  2.60000000e-06  2.00000000e-01  1.00000000e+00 
 2.70000000e-06  1.18563555e+00  2.70000000e-06  2.00000000e-01  1.00000000e+00 
 2.80000000e-06  1.18786714e+00  2.80000000e-06  2.00000000e-01  1.00000000e+00 
 2.90000000e-06  1.19004193e+00  2.90000000e-06  2.00000000e-01  1.00000000e+00 
 3.00000000e-06  1.19216364e+00  3.00000000e-06  2.00000000e-01  1.00000000e+00 
 3.10000000e-06  1.19423564e+00  3.10000000e-06  2.00000000e-01  1.00000000e+00 
 3.20000000e-06  1.19626096e+00  3.20000000e-06  2.00000000e-01  1.00000000e+00 
 3.30000000e-06  1.19824237e+00  3.30000000e-06  2.00000000e-01  1.00000000e+00 
 3.40000000e-06  1.20018239e+00  3.40000000e-06  2.00000000e-01  1.00000000e+00 
 3.50000000e-06  1.20208333e+00  3.50000000e-06  2.00000000e-01  1.00000000e+00 
 3.60000000e-06  1.20394728e+00  3.60000000e-06  2.00000000e-01  1.00000000e+00 
 3.70000000e-06  1.20577619e+00  3.70000000e-06  2.00000000e-01  1.00000000e+00 
 3.80000000e-06  1.20757183e+00  3.80000000e-06  2.00000000e-01  1.00000000e+00 
 3.90000000e-06  1.20933585e+00  3.90000000e-06  2.00000000e-01  1.00000000e+00 
 4.00000000e-06  1.21106978e+00  4.00000000e-06  2.00000000e-01  1.00000000e+00 
 4.10000000e-06  1.21277502e+00  4.10000000e-06  2.00000000e-01  1.00000000e+00 
 4.20000000e-06  1.21445288e+00  4.20000000e-06  2.00000000e-01  1.00000000e+00 
 4.30000000e-06  1.21610458e+00  4.30000000e-06  2.00000000e-01  1.00000000e+00 
 4.40000000e-06  1.21773125e+00  4.40000000e-06  2.00000000e-01  1.00000000e+00 
 4.50000000e-06  1.21933395e+00  4.50000000e-06  2.00000000e-01  1.00000000e+00 
 4.60000000e-06  1.22091368e+00  4.60000000e-06  2.00000000e-01  1.00000000e+00 
 4.70000000e-06  1.22247136e+00  4.70000000e-06  2.00000000e-01  1.00000000e+00 
 4.80000000e-06  1.22400786e+00  4.80000000e-06  2.00000000e-01  1.00000000e+00 
 4.90000000e-06  1.22552400e+00  4.90000000e-06  2.00000000e-01  1.00000000e+00 
 5.00000000e-06  1.22702662e+00  5.00000000e-06  2.00000000e-01  1.00000000e+00 
 5.10000000e-06  1.22850361e+00  5.10000000e-06  2.00000000e-01  1.00000000e+00 
 5.20000000e-06  1.22996250e+00  5.20000000e-06  2.00000000e-01  1.00000000e+00 
 5.30000000e-06  1.23140392e+00  5.30000000e-06  2.00000000e-01  1.00000000e+00 
 5.40000000e-06  1.23282846e+00  5.40000000e-06  2.00000000e-01  1.00000000e+00 
 5.50000000e-06  1.23423670e+00  5.50000000e-06  2.00000000e-01  1.00000000e+00 
 5.60000000e-06  1.23562918e+00  5.60000000e-06  2.00000000e-01  1.00000000e+00 
 5.70000000e-06  1.23700641e+00  5.70000000e-06  2.00000000e-01  1.00000000e+00 
 5.80000000e-06  1.23836886e+00  5.80000000e-06  2.00000000e-01  1.00000000e+00 
 5.90000000e-06  1.23971701e+00  5.90000000e-06  2.00000000e-01  1.00000000e+00 
 6.00000000e-06  1.24105129e+00  6.00000000e-06  2.00000000e-01  1.00000000e+00 
