 i-sweep         v(vout)         i(viin)         v(vgate)        v(vmid)        
 0.00000000e+00  2.00000766e-01  0.00000000e+00  8.00000000e-01  2.00000000e-01 
 1.00000000e-07  9.80554215e-01  1.00000000e-07  8.00000000e-01  2.00000000e-01 
 2.00000000e-07  1.03342885e+00  2.00000000e-07  8.00000000e-01  2.00000000e-01 
 3.00000000e-07  1.05752065e+00  3.00000000e-07  8.00000000e-01  2.00000000e-01 
 4.00000000e-07  1.07332901e+00  4.00000000e-07  8.00000000e-01  2.00000000e-01 
 5.00000000e-07  1.08517829e+00  5.00000000e-07  8.00000000e-01  2.00000000e-01 
 6.00000000e-07  1.09471030e+00  6.00000000e-07  8.00000000e-01  2.00000000e-01 
 7.00000000e-07  1.10272239e+00  7.00000000e-07  8.00000000e-01  2.00000000e-01 
 8.00000000e-07  1.10966118e+00  8.00000000e-07  8.00000000e-01  2.00000000e-01 
 9.00000000e-07  1.11580174e+00  9.00000000e-07  8.00000000e-01  2.00000000e-01 
 1.00000000e-06  1.12132529e+00  1.00000000e-06  8.00000000e-01  2.00000000e-01 
 1.10000000e-06  1.12635750e+00  1.10000000e-06  8.00000000e-01  2.00000000e-01 
 1.20000000e-06  1.13098908e+00  1.20000000e-06  8.00000000e-01  2.00000000e-01 
 1.30000000e-06  1.13528760e+00  1.30000000e-06  8.00000000e-01  2.00000000e-01 
 1.40000000e-06  1.13930478e+00  1.40000000e-06  8.00000000e-01  2.00000000e-01 
 1.50000000e-06  1.14308105e+00  1.50000000e-06  8.00000000e-01  2.00000000e-01 
 1.60000000e-06  1.14664864e+00  1.60000000e-06  8.00000000e-01  2.00000000e-01 
 1.70000000e-06  1.15003366e+00  1.70000000e-06  8.00000000e-01  2.00000000e-01 
 1.80000000e-06  1.15325754e+00  1.80000000e-06  8.00000000e-01  2.00000000e-01 
 1.90000000e-06  1.15633809e+00  1.90000000e-06  8.00000000e-01  2.00000000e-01 
 2.00000000e-06  1.15929031e+00  2.00000000e-06  8.00000000e-01  2.00000000e-01 
 2.10000000e-06  1.16212688e+00  2.10000000e-06  8.00000000e-01  2.00000000e-01 
 2.20000000e-06  1.16485870e+00  2.20000000e-06  8.00000000e-01  2.00000000e-01 
 2.30000000e-06  1.16749515e+00  2.30000000e-06  8.00000000e-01  2.00000000e-01 
 2.40000000e-06  1.17004438e+00  2.40000000e-06  8.00000000e-01  2.00000000e-01 
 2.50000000e-06  1.17251352e+00  2.50000000e-06  8.00000000e-01  2.00000000e-01 
 2.60000000e-06  1.17490884e+00  2.60000000e-06  8.00000000e-01  2.00000000e-01 
 2.70000000e-06  1.17723590e+00  2.70000000e-06  8.00000000e-01  2.00000000e-01 
 2.80000000e-06  1.17949960e+00  2.80000000e-06  8.00000000e-01  2.00000000e-01 
 2.90000000e-06  1.18170436e+00  2.90000000e-06  8.00000000e-01  2.00000000e-01 
 3.00000000e-06  1.18385412e+00  3.00000000e-06  8.00000000e-01  2.00000000e-01 
 3.10000000e-06  1.18595243e+00  3.10000000e-06  8.00000000e-01  2.00000000e-01 
 3.20000000e-06  1.18800249e+00  3.20000000e-06  8.00000000e-01  2.00000000e-01 
 3.30000000e-06  1.19000722e+00  3.30000000e-06  8.00000000e-01  2.00000000e-01 
 3.40000000e-06  1.19196926e+00  3.40000000e-06  8.00000000e-01  2.00000000e-01 
 3.50000000e-06  1.19389102e+00  3.50000000e-06  8.00000000e-01  2.00000000e-01 
 3.60000000e-06  1.19577470e+00  3.60000000e-06  8.00000000e-01  2.00000000e-01 
 3.70000000e-06  1.19762234e+00  3.70000000e-06  8.00000000e-01  2.00000000e-01 
 3.80000000e-06  1.19943580e+00  3.80000000e-06  8.00000000e-01  2.00000000e-01 
 3.90000000e-06  1.20121678e+00  3.90000000e-06  8.00000000e-01  2.00000000e-01 
 4.00000000e-06  1.20296687e+00  4.00000000e-06  8.00000000e-01  2.00000000e-01 
 4.10000000e-06  1.20468755e+00  4.10000000e-06  8.00000000e-01  2.00000000e-01 
 4.20000000e-06  1.20638016e+00  4.20000000e-06  8.00000000e-01  2.00000000e-01 
 4.30000000e-06  1.20804599e+00  4.30000000e-06  8.00000000e-01  2.00000000e-01 
 4.40000000e-06  1.20968619e+00  4.40000000e-06  8.00000000e-01  2.00000000e-01 
 4.50000000e-06  1.21130188e+00  4.50000000e-06  8.00000000e-01  2.00000000e-01 
 4.60000000e-06  1.21289408e+00  4.60000000e-06  8.00000000e-01  2.00000000e-01 
 4.70000000e-06  1.21446374e+00  4.70000000e-06  8.00000000e-01  2.00000000e-01 
 4.80000000e-06  1.21601178e+00  4.80000000e-06  8.00000000e-01  2.00000000e-01 
 4.90000000e-06  1.21753902e+00  4.90000000e-06  8.00000000e-01  2.00000000e-01 
 5.00000000e-06  1.21904627e+00  5.00000000e-06  8.00000000e-01  2.00000000e-01 
 5.10000000e-06  1.22053428e+00  5.10000000e-06  8.00000000e-01  2.00000000e-01 
 5.20000000e-06  1.22200374e+00  5.20000000e-06  8.00000000e-01  2.00000000e-01 
 5.30000000e-06  1.22345532e+00  5.30000000e-06  8.00000000e-01  2.00000000e-01 
 5.40000000e-06  1.22488966e+00  5.40000000e-06  8.00000000e-01  2.00000000e-01 
 5.50000000e-06  1.22630733e+00  5.50000000e-06  8.00000000e-01  2.00000000e-01 
 5.60000000e-06  1.22770890e+00  5.60000000e-06  8.00000000e-01  2.00000000e-01 
 5.70000000e-06  1.22909491e+00  5.70000000e-06  8.00000000e-01  2.00000000e-01 
 5.80000000e-06  1.23046585e+00  5.80000000e-06  8.00000000e-01  2.00000000e-01 
 5.90000000e-06  1.23182222e+00  5.90000000e-06  8.00000000e-01  2.00000000e-01 
 6.00000000e-06  1.23316445e+00  6.00000000e-06  8.00000000e-01  2.00000000e-01 
 6.10000000e-06  1.23449299e+00  6.10000000e-06  8.00000000e-01  2.00000000e-01 
 6.20000000e-06  1.23580825e+00  6.20000000e-06  8.00000000e-01  2.00000000e-01 
 6.30000000e-06  1.23711062e+00  6.30000000e-06  8.00000000e-01  2.00000000e-01 
 6.40000000e-06  1.23840048e+00  6.40000000e-06  8.00000000e-01  2.00000000e-01 
 6.50000000e-06  1.23967817e+00  6.50000000e-06  8.00000000e-01  2.00000000e-01 
 6.60000000e-06  1.24094406e+00  6.60000000e-06  8.00000000e-01  2.00000000e-01 
 6.70000000e-06  1.24219845e+00  6.70000000e-06  8.00000000e-01  2.00000000e-01 
 6.80000000e-06  1.24344166e+00  6.80000000e-06  8.00000000e-01  2.00000000e-01 
 6.90000000e-06  1.24467400e+00  6.90000000e-06  8.00000000e-01  2.00000000e-01 
 7.00000000e-06  1.24589574e+00  7.00000000e-06  8.00000000e-01  2.00000000e-01 
 7.10000000e-06  1.24710716e+00  7.10000000e-06  8.00000000e-01  2.00000000e-01 
 7.20000000e-06  1.24830853e+00  7.20000000e-06  8.00000000e-01  2.00000000e-01 
 7.30000000e-06  1.24950010e+00  7.30000000e-06  8.00000000e-01  2.00000000e-01 
 7.40000000e-06  1.25068210e+00  7.40000000e-06  8.00000000e-01  2.00000000e-01 
 7.50000000e-06  1.25185478e+00  7.50000000e-06  8.00000000e-01  2.00000000e-01 
 7.60000000e-06  1.25301835e+00  7.60000000e-06  8.00000000e-01  2.00000000e-01 
 7.70000000e-06  1.25417304e+00  7.70000000e-06  8.00000000e-01  2.00000000e-01 
 7.80000000e-06  1.25531905e+00  7.80000000e-06  8.00000000e-01  2.00000000e-01 
 7.90000000e-06  1.25645657e+00  7.90000000e-06  8.00000000e-01  2.00000000e-01 
 8.00000000e-06  1.25758580e+00  8.00000000e-06  8.00000000e-01  2.00000000e-01 
 8.10000000e-06  1.25870694e+00  8.10000000e-06  8.00000000e-01  2.00000000e-01 
 8.20000000e-06  1.25982014e+00  8.20000000e-06  8.00000000e-01  2.00000000e-01 
 8.30000000e-06  1.26092559e+00  8.30000000e-06  8.00000000e-01  2.00000000e-01 
 8.40000000e-06  1.26202346e+00  8.40000000e-06  8.00000000e-01  2.00000000e-01 
 8.50000000e-06  1.26311390e+00  8.50000000e-06  8.00000000e-01  2.00000000e-01 
 8.60000000e-06  1.26419707e+00  8.60000000e-06  8.00000000e-01  2.00000000e-01 
 8.70000000e-06  1.26527312e+00  8.70000000e-06  8.00000000e-01  2.00000000e-01 
 8.80000000e-06  1.26634220e+00  8.80000000e-06  8.00000000e-01  2.00000000e-01 
 8.90000000e-06  1.26740444e+00  8.90000000e-06  8.00000000e-01  2.00000000e-01 
 9.00000000e-06  1.26845998e+00  9.00000000e-06  8.00000000e-01  2.00000000e-01 
 9.10000000e-06  1.26950895e+00  9.10000000e-06  8.00000000e-01  2.00000000e-01 
 9.20000000e-06  1.27055148e+00  9.20000000e-06  8.00000000e-01  2.00000000e-01 
 9.30000000e-06  1.27158770e+00  9.30000000e-06  8.00000000e-01  2.00000000e-01 
 9.40000000e-06  1.27261772e+00  9.40000000e-06  8.00000000e-01  2.00000000e-01 
 9.50000000e-06  1.27364165e+00  9.50000000e-06  8.00000000e-01  2.00000000e-01 
 9.60000000e-06  1.27465962e+00  9.60000000e-06  8.00000000e-01  2.00000000e-01 
 9.70000000e-06  1.27567173e+00  9.70000000e-06  8.00000000e-01  2.00000000e-01 
 9.80000000e-06  1.27667808e+00  9.80000000e-06  8.00000000e-01  2.00000000e-01 
 9.90000000e-06  1.27767879e+00  9.90000000e-06  8.00000000e-01  2.00000000e-01 
 1.00000000e-05  1.27867394e+00  1.00000000e-05  8.00000000e-01  2.00000000e-01 
 1.01000000e-05  1.27966363e+00  1.01000000e-05  8.00000000e-01  2.00000000e-01 
 1.02000000e-05  1.28064797e+00  1.02000000e-05  8.00000000e-01  2.00000000e-01 
 1.03000000e-05  1.28162703e+00  1.03000000e-05  8.00000000e-01  2.00000000e-01 
 1.04000000e-05  1.28260092e+00  1.04000000e-05  8.00000000e-01  2.00000000e-01 
 1.05000000e-05  1.28356971e+00  1.05000000e-05  8.00000000e-01  2.00000000e-01 
 1.06000000e-05  1.28453349e+00  1.06000000e-05  8.00000000e-01  2.00000000e-01 
 1.07000000e-05  1.28549235e+00  1.07000000e-05  8.00000000e-01  2.00000000e-01 
 1.08000000e-05  1.28644636e+00  1.08000000e-05  8.00000000e-01  2.00000000e-01 
 1.09000000e-05  1.28739560e+00  1.09000000e-05  8.00000000e-01  2.00000000e-01 
 1.10000000e-05  1.28834014e+00  1.10000000e-05  8.00000000e-01  2.00000000e-01 
 1.11000000e-05  1.28928006e+00  1.11000000e-05  8.00000000e-01  2.00000000e-01 
 1.12000000e-05  1.29021544e+00  1.12000000e-05  8.00000000e-01  2.00000000e-01 
 1.13000000e-05  1.29114634e+00  1.13000000e-05  8.00000000e-01  2.00000000e-01 
 1.14000000e-05  1.29207282e+00  1.14000000e-05  8.00000000e-01  2.00000000e-01 
 1.15000000e-05  1.29299496e+00  1.15000000e-05  8.00000000e-01  2.00000000e-01 
 1.16000000e-05  1.29391283e+00  1.16000000e-05  8.00000000e-01  2.00000000e-01 
 1.17000000e-05  1.29482647e+00  1.17000000e-05  8.00000000e-01  2.00000000e-01 
 1.18000000e-05  1.29573597e+00  1.18000000e-05  8.00000000e-01  2.00000000e-01 
 1.19000000e-05  1.29664137e+00  1.19000000e-05  8.00000000e-01  2.00000000e-01 
 1.20000000e-05  1.29754273e+00  1.20000000e-05  8.00000000e-01  2.00000000e-01 
 1.21000000e-05  1.29844012e+00  1.21000000e-05  8.00000000e-01  2.00000000e-01 
 1.22000000e-05  1.29933359e+00  1.22000000e-05  8.00000000e-01  2.00000000e-01 
 1.23000000e-05  1.30022319e+00  1.23000000e-05  8.00000000e-01  2.00000000e-01 
 1.24000000e-05  1.30110897e+00  1.24000000e-05  8.00000000e-01  2.00000000e-01 
 1.25000000e-05  1.30199100e+00  1.25000000e-05  8.00000000e-01  2.00000000e-01 
 1.26000000e-05  1.30286932e+00  1.26000000e-05  8.00000000e-01  2.00000000e-01 
 1.27000000e-05  1.30374398e+00  1.27000000e-05  8.00000000e-01  2.00000000e-01 
 1.28000000e-05  1.30461503e+00  1.28000000e-05  8.00000000e-01  2.00000000e-01 
 1.29000000e-05  1.30548251e+00  1.29000000e-05  8.00000000e-01  2.00000000e-01 
 1.30000000e-05  1.30634648e+00  1.30000000e-05  8.00000000e-01  2.00000000e-01 
 1.31000000e-05  1.30720698e+00  1.31000000e-05  8.00000000e-01  2.00000000e-01 
 1.32000000e-05  1.30806406e+00  1.32000000e-05  8.00000000e-01  2.00000000e-01 
 1.33000000e-05  1.30891775e+00  1.33000000e-05  8.00000000e-01  2.00000000e-01 
 1.34000000e-05  1.30976811e+00  1.34000000e-05  8.00000000e-01  2.00000000e-01 
 1.35000000e-05  1.31061517e+00  1.35000000e-05  8.00000000e-01  2.00000000e-01 
 1.36000000e-05  1.31145898e+00  1.36000000e-05  8.00000000e-01  2.00000000e-01 
 1.37000000e-05  1.31229957e+00  1.37000000e-05  8.00000000e-01  2.00000000e-01 
 1.38000000e-05  1.31313698e+00  1.38000000e-05  8.00000000e-01  2.00000000e-01 
 1.39000000e-05  1.31397126e+00  1.39000000e-05  8.00000000e-01  2.00000000e-01 
 1.40000000e-05  1.31480244e+00  1.40000000e-05  8.00000000e-01  2.00000000e-01 
 1.41000000e-05  1.31563056e+00  1.41000000e-05  8.00000000e-01  2.00000000e-01 
 1.42000000e-05  1.31645566e+00  1.42000000e-05  8.00000000e-01  2.00000000e-01 
 1.43000000e-05  1.31727776e+00  1.43000000e-05  8.00000000e-01  2.00000000e-01 
 1.44000000e-05  1.31809692e+00  1.44000000e-05  8.00000000e-01  2.00000000e-01 
 1.45000000e-05  1.31891315e+00  1.45000000e-05  8.00000000e-01  2.00000000e-01 
 1.46000000e-05  1.31972649e+00  1.46000000e-05  8.00000000e-01  2.00000000e-01 
 1.47000000e-05  1.32053698e+00  1.47000000e-05  8.00000000e-01  2.00000000e-01 
 1.48000000e-05  1.32134465e+00  1.48000000e-05  8.00000000e-01  2.00000000e-01 
 1.49000000e-05  1.32214954e+00  1.49000000e-05  8.00000000e-01  2.00000000e-01 
 1.50000000e-05  1.32295166e+00  1.50000000e-05  8.00000000e-01  2.00000000e-01 
 1.51000000e-05  1.32375106e+00  1.51000000e-05  8.00000000e-01  2.00000000e-01 
 1.52000000e-05  1.32454776e+00  1.52000000e-05  8.00000000e-01  2.00000000e-01 
 1.53000000e-05  1.32534179e+00  1.53000000e-05  8.00000000e-01  2.00000000e-01 
 1.54000000e-05  1.32613318e+00  1.54000000e-05  8.00000000e-01  2.00000000e-01 
 1.55000000e-05  1.32692197e+00  1.55000000e-05  8.00000000e-01  2.00000000e-01 
 1.56000000e-05  1.32770817e+00  1.56000000e-05  8.00000000e-01  2.00000000e-01 
 1.57000000e-05  1.32849181e+00  1.57000000e-05  8.00000000e-01  2.00000000e-01 
 1.58000000e-05  1.32927293e+00  1.58000000e-05  8.00000000e-01  2.00000000e-01 
 1.59000000e-05  1.33005155e+00  1.59000000e-05  8.00000000e-01  2.00000000e-01 
 1.60000000e-05  1.33082769e+00  1.60000000e-05  8.00000000e-01  2.00000000e-01 
 1.61000000e-05  1.33160138e+00  1.61000000e-05  8.00000000e-01  2.00000000e-01 
 1.62000000e-05  1.33237265e+00  1.62000000e-05  8.00000000e-01  2.00000000e-01 
 1.63000000e-05  1.33314151e+00  1.63000000e-05  8.00000000e-01  2.00000000e-01 
 1.64000000e-05  1.33390800e+00  1.64000000e-05  8.00000000e-01  2.00000000e-01 
 1.65000000e-05  1.33467214e+00  1.65000000e-05  8.00000000e-01  2.00000000e-01 
 1.66000000e-05  1.33543395e+00  1.66000000e-05  8.00000000e-01  2.00000000e-01 
 1.67000000e-05  1.33619346e+00  1.67000000e-05  8.00000000e-01  2.00000000e-01 
 1.68000000e-05  1.33695068e+00  1.68000000e-05  8.00000000e-01  2.00000000e-01 
 1.69000000e-05  1.33770564e+00  1.69000000e-05  8.00000000e-01  2.00000000e-01 
 1.70000000e-05  1.33845837e+00  1.70000000e-05  8.00000000e-01  2.00000000e-01 
 1.71000000e-05  1.33920887e+00  1.71000000e-05  8.00000000e-01  2.00000000e-01 
 1.72000000e-05  1.33995719e+00  1.72000000e-05  8.00000000e-01  2.00000000e-01 
 1.73000000e-05  1.34070332e+00  1.73000000e-05  8.00000000e-01  2.00000000e-01 
 1.74000000e-05  1.34144731e+00  1.74000000e-05  8.00000000e-01  2.00000000e-01 
 1.75000000e-05  1.34218916e+00  1.75000000e-05  8.00000000e-01  2.00000000e-01 
 1.76000000e-05  1.34292889e+00  1.76000000e-05  8.00000000e-01  2.00000000e-01 
 1.77000000e-05  1.34366653e+00  1.77000000e-05  8.00000000e-01  2.00000000e-01 
 1.78000000e-05  1.34440210e+00  1.78000000e-05  8.00000000e-01  2.00000000e-01 
 1.79000000e-05  1.34513561e+00  1.79000000e-05  8.00000000e-01  2.00000000e-01 
 1.80000000e-05  1.34586708e+00  1.80000000e-05  8.00000000e-01  2.00000000e-01 
 1.81000000e-05  1.34659654e+00  1.81000000e-05  8.00000000e-01  2.00000000e-01 
 1.82000000e-05  1.34732399e+00  1.82000000e-05  8.00000000e-01  2.00000000e-01 
 1.83000000e-05  1.34804947e+00  1.83000000e-05  8.00000000e-01  2.00000000e-01 
 1.84000000e-05  1.34877298e+00  1.84000000e-05  8.00000000e-01  2.00000000e-01 
 1.85000000e-05  1.34949454e+00  1.85000000e-05  8.00000000e-01  2.00000000e-01 
 1.86000000e-05  1.35021417e+00  1.86000000e-05  8.00000000e-01  2.00000000e-01 
 1.87000000e-05  1.35093188e+00  1.87000000e-05  8.00000000e-01  2.00000000e-01 
 1.88000000e-05  1.35164770e+00  1.88000000e-05  8.00000000e-01  2.00000000e-01 
 1.89000000e-05  1.35236164e+00  1.89000000e-05  8.00000000e-01  2.00000000e-01 
 1.90000000e-05  1.35307371e+00  1.90000000e-05  8.00000000e-01  2.00000000e-01 
 1.91000000e-05  1.35378394e+00  1.91000000e-05  8.00000000e-01  2.00000000e-01 
 1.92000000e-05  1.35449233e+00  1.92000000e-05  8.00000000e-01  2.00000000e-01 
 1.93000000e-05  1.35519891e+00  1.93000000e-05  8.00000000e-01  2.00000000e-01 
 1.94000000e-05  1.35590368e+00  1.94000000e-05  8.00000000e-01  2.00000000e-01 
 1.95000000e-05  1.35660667e+00  1.95000000e-05  8.00000000e-01  2.00000000e-01 
 1.96000000e-05  1.35730788e+00  1.96000000e-05  8.00000000e-01  2.00000000e-01 
 1.97000000e-05  1.35800734e+00  1.97000000e-05  8.00000000e-01  2.00000000e-01 
 1.98000000e-05  1.35870505e+00  1.98000000e-05  8.00000000e-01  2.00000000e-01 
 1.99000000e-05  1.35940104e+00  1.99000000e-05  8.00000000e-01  2.00000000e-01 
 2.00000000e-05  1.36009531e+00  2.00000000e-05  8.00000000e-01  2.00000000e-01 
 2.01000000e-05  1.36078787e+00  2.01000000e-05  8.00000000e-01  2.00000000e-01 
 2.02000000e-05  1.36147875e+00  2.02000000e-05  8.00000000e-01  2.00000000e-01 
 2.03000000e-05  1.36216796e+00  2.03000000e-05  8.00000000e-01  2.00000000e-01 
 2.04000000e-05  1.36285551e+00  2.04000000e-05  8.00000000e-01  2.00000000e-01 
 2.05000000e-05  1.36354140e+00  2.05000000e-05  8.00000000e-01  2.00000000e-01 
 2.06000000e-05  1.36422567e+00  2.06000000e-05  8.00000000e-01  2.00000000e-01 
 2.07000000e-05  1.36490831e+00  2.07000000e-05  8.00000000e-01  2.00000000e-01 
 2.08000000e-05  1.36558934e+00  2.08000000e-05  8.00000000e-01  2.00000000e-01 
 2.09000000e-05  1.36626877e+00  2.09000000e-05  8.00000000e-01  2.00000000e-01 
 2.10000000e-05  1.36694662e+00  2.10000000e-05  8.00000000e-01  2.00000000e-01 
 2.11000000e-05  1.36762289e+00  2.11000000e-05  8.00000000e-01  2.00000000e-01 
 2.12000000e-05  1.36829761e+00  2.12000000e-05  8.00000000e-01  2.00000000e-01 
 2.13000000e-05  1.36897078e+00  2.13000000e-05  8.00000000e-01  2.00000000e-01 
 2.14000000e-05  1.36964240e+00  2.14000000e-05  8.00000000e-01  2.00000000e-01 
 2.15000000e-05  1.37031251e+00  2.15000000e-05  8.00000000e-01  2.00000000e-01 
 2.16000000e-05  1.37098110e+00  2.16000000e-05  8.00000000e-01  2.00000000e-01 
 2.17000000e-05  1.37164818e+00  2.17000000e-05  8.00000000e-01  2.00000000e-01 
 2.18000000e-05  1.37231377e+00  2.18000000e-05  8.00000000e-01  2.00000000e-01 
 2.19000000e-05  1.37297788e+00  2.19000000e-05  8.00000000e-01  2.00000000e-01 
 2.20000000e-05  1.37364053e+00  2.20000000e-05  8.00000000e-01  2.00000000e-01 
 2.21000000e-05  1.37430171e+00  2.21000000e-05  8.00000000e-01  2.00000000e-01 
 2.22000000e-05  1.37496144e+00  2.22000000e-05  8.00000000e-01  2.00000000e-01 
 2.23000000e-05  1.37561973e+00  2.23000000e-05  8.00000000e-01  2.00000000e-01 
 2.24000000e-05  1.37627659e+00  2.24000000e-05  8.00000000e-01  2.00000000e-01 
 2.25000000e-05  1.37693204e+00  2.25000000e-05  8.00000000e-01  2.00000000e-01 
 2.26000000e-05  1.37758608e+00  2.26000000e-05  8.00000000e-01  2.00000000e-01 
 2.27000000e-05  1.37823872e+00  2.27000000e-05  8.00000000e-01  2.00000000e-01 
 2.28000000e-05  1.37888997e+00  2.28000000e-05  8.00000000e-01  2.00000000e-01 
 2.29000000e-05  1.37953984e+00  2.29000000e-05  8.00000000e-01  2.00000000e-01 
 2.30000000e-05  1.38018834e+00  2.30000000e-05  8.00000000e-01  2.00000000e-01 
 2.31000000e-05  1.38083548e+00  2.31000000e-05  8.00000000e-01  2.00000000e-01 
 2.32000000e-05  1.38148127e+00  2.32000000e-05  8.00000000e-01  2.00000000e-01 
 2.33000000e-05  1.38212572e+00  2.33000000e-05  8.00000000e-01  2.00000000e-01 
 2.34000000e-05  1.38276884e+00  2.34000000e-05  8.00000000e-01  2.00000000e-01 
 2.35000000e-05  1.38341063e+00  2.35000000e-05  8.00000000e-01  2.00000000e-01 
 2.36000000e-05  1.38405111e+00  2.36000000e-05  8.00000000e-01  2.00000000e-01 
 2.37000000e-05  1.38469028e+00  2.37000000e-05  8.00000000e-01  2.00000000e-01 
 2.38000000e-05  1.38532816e+00  2.38000000e-05  8.00000000e-01  2.00000000e-01 
 2.39000000e-05  1.38596475e+00  2.39000000e-05  8.00000000e-01  2.00000000e-01 
 2.40000000e-05  1.38660006e+00  2.40000000e-05  8.00000000e-01  2.00000000e-01 
 2.41000000e-05  1.38723410e+00  2.41000000e-05  8.00000000e-01  2.00000000e-01 
 2.42000000e-05  1.38786687e+00  2.42000000e-05  8.00000000e-01  2.00000000e-01 
 2.43000000e-05  1.38849839e+00  2.43000000e-05  8.00000000e-01  2.00000000e-01 
 2.44000000e-05  1.38912867e+00  2.44000000e-05  8.00000000e-01  2.00000000e-01 
 2.45000000e-05  1.38975771e+00  2.45000000e-05  8.00000000e-01  2.00000000e-01 
 2.46000000e-05  1.39038551e+00  2.46000000e-05  8.00000000e-01  2.00000000e-01 
 2.47000000e-05  1.39101209e+00  2.47000000e-05  8.00000000e-01  2.00000000e-01 
 2.48000000e-05  1.39163746e+00  2.48000000e-05  8.00000000e-01  2.00000000e-01 
 2.49000000e-05  1.39226162e+00  2.49000000e-05  8.00000000e-01  2.00000000e-01 
 2.50000000e-05  1.39288459e+00  2.50000000e-05  8.00000000e-01  2.00000000e-01 
