 i-sweep         v(vout)         i(viin)         v(vgate)        v(vmid)        
-6.00000000e-06 -6.46652854e-01 -6.00000000e-06  2.00000000e-01  1.50000000e+00 
-5.90000000e-06 -6.43864148e-01 -5.90000000e-06  2.00000000e-01  1.50000000e+00 
-5.80000000e-06 -6.41017006e-01 -5.80000000e-06  2.00000000e-01  1.50000000e+00 
-5.70000000e-06 -6.38111741e-01 -5.70000000e-06  2.00000000e-01  1.50000000e+00 
-5.60000000e-06 -6.35148746e-01 -5.60000000e-06  2.00000000e-01  1.50000000e+00 
-5.50000000e-06 -6.32128484e-01 -5.50000000e-06  2.00000000e-01  1.50000000e+00 
-5.40000000e-06 -6.29051468e-01 -5.40000000e-06  2.00000000e-01  1.50000000e+00 
-5.30000000e-06 -6.25918252e-01 -5.30000000e-06  2.00000000e-01  1.50000000e+00 
-5.20000000e-06 -6.22729414e-01 -5.20000000e-06  2.00000000e-01  1.50000000e+00 
-5.10000000e-06 -6.19485535e-01 -5.10000000e-06  2.00000000e-01  1.50000000e+00 
-5.00000000e-06 -6.16187189e-01 -5.00000000e-06  2.00000000e-01  1.50000000e+00 
-4.90000000e-06 -6.12834924e-01 -4.90000000e-06  2.00000000e-01  1.50000000e+00 
-4.80000000e-06 -6.09429246e-01 -4.80000000e-06  2.00000000e-01  1.50000000e+00 
-4.70000000e-06 -6.05970605e-01 -4.70000000e-06  2.00000000e-01  1.50000000e+00 
-4.60000000e-06 -6.02459378e-01 -4.60000000e-06  2.00000000e-01  1.50000000e+00 
-4.50000000e-06 -5.98895859e-01 -4.50000000e-06  2.00000000e-01  1.50000000e+00 
-4.40000000e-06 -5.95280244e-01 -4.40000000e-06  2.00000000e-01  1.50000000e+00 
-4.30000000e-06 -5.91612616e-01 -4.30000000e-06  2.00000000e-01  1.50000000e+00 
-4.20000000e-06 -5.87892942e-01 -4.20000000e-06  2.00000000e-01  1.50000000e+00 
-4.10000000e-06 -5.84121051e-01 -4.10000000e-06  2.00000000e-01  1.50000000e+00 
-4.00000000e-06 -5.80296632e-01 -4.00000000e-06  2.00000000e-01  1.50000000e+00 
-3.90000000e-06 -5.76419221e-01 -3.90000000e-06  2.00000000e-01  1.50000000e+00 
-3.80000000e-06 -5.72488188e-01 -3.80000000e-06  2.00000000e-01  1.50000000e+00 
-3.70000000e-06 -5.68502729e-01 -3.70000000e-06  2.00000000e-01  1.50000000e+00 
-3.60000000e-06 -5.64461854e-01 -3.60000000e-06  2.00000000e-01  1.50000000e+00 
-3.50000000e-06 -5.60364373e-01 -3.50000000e-06  2.00000000e-01  1.50000000e+00 
-3.40000000e-06 -5.56208884e-01 -3.40000000e-06  2.00000000e-01  1.50000000e+00 
-3.30000000e-06 -5.51993753e-01 -3.30000000e-06  2.00000000e-01  1.50000000e+00 
-3.20000000e-06 -5.47717102e-01 -3.20000000e-06  2.00000000e-01  1.50000000e+00 
-3.10000000e-06 -5.43376783e-01 -3.10000000e-06  2.00000000e-01  1.50000000e+00 
-3.00000000e-06 -5.38970353e-01 -3.00000000e-06  2.00000000e-01  1.50000000e+00 
-2.90000000e-06 -5.34495047e-01 -2.90000000e-06  2.00000000e-01  1.50000000e+00 
-2.80000000e-06 -5.29947742e-01 -2.80000000e-06  2.00000000e-01  1.50000000e+00 
-2.70000000e-06 -5.25324914e-01 -2.70000000e-06  2.00000000e-01  1.50000000e+00 
-2.60000000e-06 -5.20622590e-01 -2.60000000e-06  2.00000000e-01  1.50000000e+00 
-2.50000000e-06 -5.15836288e-01 -2.50000000e-06  2.00000000e-01  1.50000000e+00 
-2.40000000e-06 -5.10960940e-01 -2.40000000e-06  2.00000000e-01  1.50000000e+00 
-2.30000000e-06 -5.05990808e-01 -2.30000000e-06  2.00000000e-01  1.50000000e+00 
-2.20000000e-06 -5.00919376e-01 -2.20000000e-06  2.00000000e-01  1.50000000e+00 
-2.10000000e-06 -4.95739209e-01 -2.10000000e-06  2.00000000e-01  1.50000000e+00 
-2.00000000e-06 -4.90441793e-01 -2.00000000e-06  2.00000000e-01  1.50000000e+00 
-1.90000000e-06 -4.85017321e-01 -1.90000000e-06  2.00000000e-01  1.50000000e+00 
-1.80000000e-06 -4.79454431e-01 -1.80000000e-06  2.00000000e-01  1.50000000e+00 
-1.70000000e-06 -4.73739860e-01 -1.70000000e-06  2.00000000e-01  1.50000000e+00 
-1.60000000e-06 -4.67858007e-01 -1.60000000e-06  2.00000000e-01  1.50000000e+00 
-1.50000000e-06 -4.61790346e-01 -1.50000000e-06  2.00000000e-01  1.50000000e+00 
-1.40000000e-06 -4.55514645e-01 -1.40000000e-06  2.00000000e-01  1.50000000e+00 
-1.30000000e-06 -4.49003906e-01 -1.30000000e-06  2.00000000e-01  1.50000000e+00 
-1.20000000e-06 -4.42224874e-01 -1.20000000e-06  2.00000000e-01  1.50000000e+00 
-1.10000000e-06 -4.35135932e-01 -1.10000000e-06  2.00000000e-01  1.50000000e+00 
-1.00000000e-06 -4.27683984e-01 -1.00000000e-06  2.00000000e-01  1.50000000e+00 
-9.00000000e-07 -4.19799748e-01 -9.00000000e-07  2.00000000e-01  1.50000000e+00 
-8.00000000e-07 -4.11390309e-01 -8.00000000e-07  2.00000000e-01  1.50000000e+00 
-7.00000000e-07 -4.02326765e-01 -7.00000000e-07  2.00000000e-01  1.50000000e+00 
-6.00000000e-07 -3.92422485e-01 -6.00000000e-07  2.00000000e-01  1.50000000e+00 
-5.00000000e-07 -3.81391715e-01 -5.00000000e-07  2.00000000e-01  1.50000000e+00 
-4.00000000e-07 -3.68762372e-01 -4.00000000e-07  2.00000000e-01  1.50000000e+00 
-3.00000000e-07 -3.53659454e-01 -3.00000000e-07  2.00000000e-01  1.50000000e+00 
-2.00000000e-07 -3.34154073e-01 -2.00000000e-07  2.00000000e-01  1.50000000e+00 
-1.00000000e-07 -3.04181502e-01 -1.00000000e-07  2.00000000e-01  1.50000000e+00 
-5.71747239e-21  8.43832368e-01 -5.71747239e-21  2.00000000e-01  1.50000000e+00 
 1.00000000e-07  1.28354426e+00  1.00000000e-07  2.00000000e-01  1.50000000e+00 
 2.00000000e-07  1.31585203e+00  2.00000000e-07  2.00000000e-01  1.50000000e+00 
 3.00000000e-07  1.33468187e+00  3.00000000e-07  2.00000000e-01  1.50000000e+00 
 4.00000000e-07  1.34809726e+00  4.00000000e-07  2.00000000e-01  1.50000000e+00 
 5.00000000e-07  1.35855287e+00  5.00000000e-07  2.00000000e-01  1.50000000e+00 
 6.00000000e-07  1.36718209e+00  6.00000000e-07  2.00000000e-01  1.50000000e+00 
 7.00000000e-07  1.37455799e+00  7.00000000e-07  2.00000000e-01  1.50000000e+00 
 8.00000000e-07  1.38102179e+00  8.00000000e-07  2.00000000e-01  1.50000000e+00 
 9.00000000e-07  1.38679229e+00  9.00000000e-07  2.00000000e-01  1.50000000e+00 
 1.00000000e-06  1.39201797e+00  1.00000000e-06  2.00000000e-01  1.50000000e+00 
 1.10000000e-06  1.39680413e+00  1.10000000e-06  2.00000000e-01  1.50000000e+00 
 1.20000000e-06  1.40124093e+00  1.20000000e-06  2.00000000e-01  1.50000000e+00 
 1.30000000e-06  1.40535650e+00  1.30000000e-06  2.00000000e-01  1.50000000e+00 
 1.40000000e-06  1.40921543e+00  1.40000000e-06  2.00000000e-01  1.50000000e+00 
 1.50000000e-06  1.41285275e+00  1.50000000e-06  2.00000000e-01  1.50000000e+00 
 1.60000000e-06  1.41629682e+00  1.60000000e-06  2.00000000e-01  1.50000000e+00 
 1.70000000e-06  1.41957084e+00  1.70000000e-06  2.00000000e-01  1.50000000e+00 
 1.80000000e-06  1.42269406e+00  1.80000000e-06  2.00000000e-01  1.50000000e+00 
 1.90000000e-06  1.42568261e+00  1.90000000e-06  2.00000000e-01  1.50000000e+00 
 2.00000000e-06  1.42855012e+00  2.00000000e-06  2.00000000e-01  1.50000000e+00 
 2.10000000e-06  1.43130825e+00  2.10000000e-06  2.00000000e-01  1.50000000e+00 
 2.20000000e-06  1.43396701e+00  2.20000000e-06  2.00000000e-01  1.50000000e+00 
 2.30000000e-06  1.43653509e+00  2.30000000e-06  2.00000000e-01  1.50000000e+00 
 2.40000000e-06  1.43902004e+00  2.40000000e-06  2.00000000e-01  1.50000000e+00 
 2.50000000e-06  1.44142851e+00  2.50000000e-06  2.00000000e-01  1.50000000e+00 
 2.60000000e-06  1.44376635e+00  2.60000000e-06  2.00000000e-01  1.50000000e+00 
 2.70000000e-06  1.44603877e+00  2.70000000e-06  2.00000000e-01  1.50000000e+00 
 2.80000000e-06  1.44825040e+00  2.80000000e-06  2.00000000e-01  1.50000000e+00 
 2.90000000e-06  1.45040537e+00  2.90000000e-06  2.00000000e-01  1.50000000e+00 
 3.00000000e-06  1.45250740e+00  3.00000000e-06  2.00000000e-01  1.50000000e+00 
 3.10000000e-06  1.45455986e+00  3.10000000e-06  2.00000000e-01  1.50000000e+00 
 3.20000000e-06  1.45656578e+00  3.20000000e-06  2.00000000e-01  1.50000000e+00 
 3.30000000e-06  1.45852792e+00  3.30000000e-06  2.00000000e-01  1.50000000e+00 
 3.40000000e-06  1.46044879e+00  3.40000000e-06  2.00000000e-01  1.50000000e+00 
 3.50000000e-06  1.46233069e+00  3.50000000e-06  2.00000000e-01  1.50000000e+00 
 3.60000000e-06  1.46417573e+00  3.60000000e-06  2.00000000e-01  1.50000000e+00 
 3.70000000e-06  1.46598582e+00  3.70000000e-06  2.00000000e-01  1.50000000e+00 
 3.80000000e-06  1.46776277e+00  3.80000000e-06  2.00000000e-01  1.50000000e+00 
 3.90000000e-06  1.46950819e+00  3.90000000e-06  2.00000000e-01  1.50000000e+00 
 4.00000000e-06  1.47122362e+00  4.00000000e-06  2.00000000e-01  1.50000000e+00 
 4.10000000e-06  1.47291045e+00  4.10000000e-06  2.00000000e-01  1.50000000e+00 
 4.20000000e-06  1.47457000e+00  4.20000000e-06  2.00000000e-01  1.50000000e+00 
 4.30000000e-06  1.47620347e+00  4.30000000e-06  2.00000000e-01  1.50000000e+00 
 4.40000000e-06  1.47781201e+00  4.40000000e-06  2.00000000e-01  1.50000000e+00 
 4.50000000e-06  1.47939666e+00  4.50000000e-06  2.00000000e-01  1.50000000e+00 
 4.60000000e-06  1.48095842e+00  4.60000000e-06  2.00000000e-01  1.50000000e+00 
 4.70000000e-06  1.48250761e+00  4.70000000e-06  2.00000000e-01  1.50000000e+00 
 4.80000000e-06  1.48402544e+00  4.80000000e-06  2.00000000e-01  1.50000000e+00 
 4.90000000e-06  1.48552308e+00  4.90000000e-06  2.00000000e-01  1.50000000e+00 
 5.00000000e-06  1.48700128e+00  5.00000000e-06  2.00000000e-01  1.50000000e+00 
 5.10000000e-06  1.48846075e+00  5.10000000e-06  2.00000000e-01  1.50000000e+00 
 5.20000000e-06  1.48990216e+00  5.20000000e-06  2.00000000e-01  1.50000000e+00 
 5.30000000e-06  1.49132615e+00  5.30000000e-06  2.00000000e-01  1.50000000e+00 
 5.40000000e-06  1.49273332e+00  5.40000000e-06  2.00000000e-01  1.50000000e+00 
 5.50000000e-06  1.49412424e+00  5.50000000e-06  2.00000000e-01  1.50000000e+00 
 5.60000000e-06  1.49549945e+00  5.60000000e-06  2.00000000e-01  1.50000000e+00 
 5.70000000e-06  1.49685946e+00  5.70000000e-06  2.00000000e-01  1.50000000e+00 
 5.80000000e-06  1.49820475e+00  5.80000000e-06  2.00000000e-01  1.50000000e+00 
 5.90000000e-06  1.49953580e+00  5.90000000e-06  2.00000000e-01  1.50000000e+00 
 6.00000000e-06  1.50085303e+00  6.00000000e-06  2.00000000e-01  1.50000000e+00 
