 i-sweep         v(vout)         i(viin)         v(vgate)        v(vmid)        
 0.00000000e+00  8.98006477e-01  0.00000000e+00  1.50000000e+00  1.20000000e+00 
 1.00000000e-07  1.07198358e+00  1.00000000e-07  1.50000000e+00  1.20000000e+00 
 2.00000000e-07  1.10438378e+00  2.00000000e-07  1.50000000e+00  1.20000000e+00 
 3.00000000e-07  1.12324981e+00  3.00000000e-07  1.50000000e+00  1.20000000e+00 
 4.00000000e-07  1.13668601e+00  4.00000000e-07  1.50000000e+00  1.20000000e+00 
 5.00000000e-07  1.14718836e+00  5.00000000e-07  1.50000000e+00  1.20000000e+00 
 6.00000000e-07  1.15584408e+00  6.00000000e-07  1.50000000e+00  1.20000000e+00 
 7.00000000e-07  1.16324104e+00  7.00000000e-07  1.50000000e+00  1.20000000e+00 
 8.00000000e-07  1.16972829e+00  8.00000000e-07  1.50000000e+00  1.20000000e+00 
 9.00000000e-07  1.17552121e+00  9.00000000e-07  1.50000000e+00  1.20000000e+00 
 1.00000000e-06  1.18076850e+00  1.00000000e-06  1.50000000e+00  1.20000000e+00 
 1.10000000e-06  1.18558683e+00  1.10000000e-06  1.50000000e+00  1.20000000e+00 
 1.20000000e-06  1.19001993e+00  1.20000000e-06  1.50000000e+00  1.20000000e+00 
 1.30000000e-06  1.19416006e+00  1.30000000e-06  1.50000000e+00  1.20000000e+00 
 1.40000000e-06  1.19804659e+00  1.40000000e-06  1.50000000e+00  1.20000000e+00 
 1.50000000e-06  1.20169955e+00  1.50000000e-06  1.50000000e+00  1.20000000e+00 
 1.60000000e-06  1.20516358e+00  1.60000000e-06  1.50000000e+00  1.20000000e+00 
 1.70000000e-06  1.20845673e+00  1.70000000e-06  1.50000000e+00  1.20000000e+00 
 1.80000000e-06  1.21159942e+00  1.80000000e-06  1.50000000e+00  1.20000000e+00 
 1.90000000e-06  1.21460539e+00  1.90000000e-06  1.50000000e+00  1.20000000e+00 
 2.00000000e-06  1.21749088e+00  2.00000000e-06  1.50000000e+00  1.20000000e+00 
 2.10000000e-06  1.22026669e+00  2.10000000e-06  1.50000000e+00  1.20000000e+00 
 2.20000000e-06  1.22294307e+00  2.20000000e-06  1.50000000e+00  1.20000000e+00 
 2.30000000e-06  1.22553045e+00  2.30000000e-06  1.50000000e+00  1.20000000e+00 
 2.40000000e-06  1.22802985e+00  2.40000000e-06  1.50000000e+00  1.20000000e+00 
 2.50000000e-06  1.23045509e+00  2.50000000e-06  1.50000000e+00  1.20000000e+00 
 2.60000000e-06  1.23280955e+00  2.60000000e-06  1.50000000e+00  1.20000000e+00 
 2.70000000e-06  1.23509843e+00  2.70000000e-06  1.50000000e+00  1.20000000e+00 
 2.80000000e-06  1.23732637e+00  2.80000000e-06  1.50000000e+00  1.20000000e+00 
 2.90000000e-06  1.23949752e+00  2.90000000e-06  1.50000000e+00  1.20000000e+00 
 3.00000000e-06  1.24161561e+00  3.00000000e-06  1.50000000e+00  1.20000000e+00 
 3.10000000e-06  1.24368400e+00  3.10000000e-06  1.50000000e+00  1.20000000e+00 
 3.20000000e-06  1.24570574e+00  3.20000000e-06  1.50000000e+00  1.20000000e+00 
 3.30000000e-06  1.24768360e+00  3.30000000e-06  1.50000000e+00  1.20000000e+00 
 3.40000000e-06  1.24962008e+00  3.40000000e-06  1.50000000e+00  1.20000000e+00 
 3.50000000e-06  1.25151749e+00  3.50000000e-06  1.50000000e+00  1.20000000e+00 
 3.60000000e-06  1.25337794e+00  3.60000000e-06  1.50000000e+00  1.20000000e+00 
 3.70000000e-06  1.25521108e+00  3.70000000e-06  1.50000000e+00  1.20000000e+00 
 3.80000000e-06  1.25700218e+00  3.80000000e-06  1.50000000e+00  1.20000000e+00 
 3.90000000e-06  1.25876184e+00  3.90000000e-06  1.50000000e+00  1.20000000e+00 
 4.00000000e-06  1.26049155e+00  4.00000000e-06  1.50000000e+00  1.20000000e+00 
 4.10000000e-06  1.26219271e+00  4.10000000e-06  1.50000000e+00  1.20000000e+00 
 4.20000000e-06  1.26386661e+00  4.20000000e-06  1.50000000e+00  1.20000000e+00 
 4.30000000e-06  1.26551444e+00  4.30000000e-06  1.50000000e+00  1.20000000e+00 
 4.40000000e-06  1.26713733e+00  4.40000000e-06  1.50000000e+00  1.20000000e+00 
 4.50000000e-06  1.26873632e+00  4.50000000e-06  1.50000000e+00  1.20000000e+00 
 4.60000000e-06  1.27031240e+00  4.60000000e-06  1.50000000e+00  1.20000000e+00 
 4.70000000e-06  1.27186649e+00  4.70000000e-06  1.50000000e+00  1.20000000e+00 
 4.80000000e-06  1.27339945e+00  4.80000000e-06  1.50000000e+00  1.20000000e+00 
 4.90000000e-06  1.27491209e+00  4.90000000e-06  1.50000000e+00  1.20000000e+00 
 5.00000000e-06  1.27640518e+00  5.00000000e-06  1.50000000e+00  1.20000000e+00 
 5.10000000e-06  1.27787943e+00  5.10000000e-06  1.50000000e+00  1.20000000e+00 
 5.20000000e-06  1.27933553e+00  5.20000000e-06  1.50000000e+00  1.20000000e+00 
 5.30000000e-06  1.28077412e+00  5.30000000e-06  1.50000000e+00  1.20000000e+00 
 5.40000000e-06  1.28219580e+00  5.40000000e-06  1.50000000e+00  1.20000000e+00 
 5.50000000e-06  1.28360114e+00  5.50000000e-06  1.50000000e+00  1.20000000e+00 
 5.60000000e-06  1.28499069e+00  5.60000000e-06  1.50000000e+00  1.20000000e+00 
 5.70000000e-06  1.28636497e+00  5.70000000e-06  1.50000000e+00  1.20000000e+00 
 5.80000000e-06  1.28772446e+00  5.80000000e-06  1.50000000e+00  1.20000000e+00 
 5.90000000e-06  1.28906963e+00  5.90000000e-06  1.50000000e+00  1.20000000e+00 
 6.00000000e-06  1.29040092e+00  6.00000000e-06  1.50000000e+00  1.20000000e+00 
 6.10000000e-06  1.29171875e+00  6.10000000e-06  1.50000000e+00  1.20000000e+00 
 6.20000000e-06  1.29302353e+00  6.20000000e-06  1.50000000e+00  1.20000000e+00 
 6.30000000e-06  1.29431563e+00  6.30000000e-06  1.50000000e+00  1.20000000e+00 
 6.40000000e-06  1.29559542e+00  6.40000000e-06  1.50000000e+00  1.20000000e+00 
 6.50000000e-06  1.29686325e+00  6.50000000e-06  1.50000000e+00  1.20000000e+00 
 6.60000000e-06  1.29811945e+00  6.60000000e-06  1.50000000e+00  1.20000000e+00 
 6.70000000e-06  1.29936435e+00  6.70000000e-06  1.50000000e+00  1.20000000e+00 
 6.80000000e-06  1.30059823e+00  6.80000000e-06  1.50000000e+00  1.20000000e+00 
 6.90000000e-06  1.30182140e+00  6.90000000e-06  1.50000000e+00  1.20000000e+00 
 7.00000000e-06  1.30303414e+00  7.00000000e-06  1.50000000e+00  1.20000000e+00 
 7.10000000e-06  1.30423670e+00  7.10000000e-06  1.50000000e+00  1.20000000e+00 
 7.20000000e-06  1.30542936e+00  7.20000000e-06  1.50000000e+00  1.20000000e+00 
 7.30000000e-06  1.30661236e+00  7.30000000e-06  1.50000000e+00  1.20000000e+00 
 7.40000000e-06  1.30778593e+00  7.40000000e-06  1.50000000e+00  1.20000000e+00 
 7.50000000e-06  1.30895030e+00  7.50000000e-06  1.50000000e+00  1.20000000e+00 
 7.60000000e-06  1.31010569e+00  7.60000000e-06  1.50000000e+00  1.20000000e+00 
 7.70000000e-06  1.31125231e+00  7.70000000e-06  1.50000000e+00  1.20000000e+00 
 7.80000000e-06  1.31239037e+00  7.80000000e-06  1.50000000e+00  1.20000000e+00 
 7.90000000e-06  1.31352006e+00  7.90000000e-06  1.50000000e+00  1.20000000e+00 
 8.00000000e-06  1.31464157e+00  8.00000000e-06  1.50000000e+00  1.20000000e+00 
 8.10000000e-06  1.31575507e+00  8.10000000e-06  1.50000000e+00  1.20000000e+00 
 8.20000000e-06  1.31686075e+00  8.20000000e-06  1.50000000e+00  1.20000000e+00 
 8.30000000e-06  1.31795878e+00  8.30000000e-06  1.50000000e+00  1.20000000e+00 
 8.40000000e-06  1.31904929e+00  8.40000000e-06  1.50000000e+00  1.20000000e+00 
 8.50000000e-06  1.32013249e+00  8.50000000e-06  1.50000000e+00  1.20000000e+00 
 8.60000000e-06  1.32120850e+00  8.60000000e-06  1.50000000e+00  1.20000000e+00 
 8.70000000e-06  1.32227749e+00  8.70000000e-06  1.50000000e+00  1.20000000e+00 
 8.80000000e-06  1.32333957e+00  8.80000000e-06  1.50000000e+00  1.20000000e+00 
 8.90000000e-06  1.32439491e+00  8.90000000e-06  1.50000000e+00  1.20000000e+00 
 9.00000000e-06  1.32544362e+00  9.00000000e-06  1.50000000e+00  1.20000000e+00 
 9.10000000e-06  1.32648584e+00  9.10000000e-06  1.50000000e+00  1.20000000e+00 
 9.20000000e-06  1.32752170e+00  9.20000000e-06  1.50000000e+00  1.20000000e+00 
 9.30000000e-06  1.32855130e+00  9.30000000e-06  1.50000000e+00  1.20000000e+00 
 9.40000000e-06  1.32957478e+00  9.40000000e-06  1.50000000e+00  1.20000000e+00 
 9.50000000e-06  1.33059224e+00  9.50000000e-06  1.50000000e+00  1.20000000e+00 
 9.60000000e-06  1.33160380e+00  9.60000000e-06  1.50000000e+00  1.20000000e+00 
 9.70000000e-06  1.33260957e+00  9.70000000e-06  1.50000000e+00  1.20000000e+00 
 9.80000000e-06  1.33360964e+00  9.80000000e-06  1.50000000e+00  1.20000000e+00 
 9.90000000e-06  1.33460411e+00  9.90000000e-06  1.50000000e+00  1.20000000e+00 
 1.00000000e-05  1.33559310e+00  1.00000000e-05  1.50000000e+00  1.20000000e+00 
 1.01000000e-05  1.33657668e+00  1.01000000e-05  1.50000000e+00  1.20000000e+00 
 1.02000000e-05  1.33755497e+00  1.02000000e-05  1.50000000e+00  1.20000000e+00 
 1.03000000e-05  1.33852803e+00  1.03000000e-05  1.50000000e+00  1.20000000e+00 
 1.04000000e-05  1.33949597e+00  1.04000000e-05  1.50000000e+00  1.20000000e+00 
 1.05000000e-05  1.34045886e+00  1.05000000e-05  1.50000000e+00  1.20000000e+00 
 1.06000000e-05  1.34141680e+00  1.06000000e-05  1.50000000e+00  1.20000000e+00 
 1.07000000e-05  1.34236986e+00  1.07000000e-05  1.50000000e+00  1.20000000e+00 
 1.08000000e-05  1.34331811e+00  1.08000000e-05  1.50000000e+00  1.20000000e+00 
 1.09000000e-05  1.34426164e+00  1.09000000e-05  1.50000000e+00  1.20000000e+00 
 1.10000000e-05  1.34520053e+00  1.10000000e-05  1.50000000e+00  1.20000000e+00 
 1.11000000e-05  1.34613484e+00  1.11000000e-05  1.50000000e+00  1.20000000e+00 
 1.12000000e-05  1.34706464e+00  1.12000000e-05  1.50000000e+00  1.20000000e+00 
 1.13000000e-05  1.34799000e+00  1.13000000e-05  1.50000000e+00  1.20000000e+00 
 1.14000000e-05  1.34891100e+00  1.14000000e-05  1.50000000e+00  1.20000000e+00 
 1.15000000e-05  1.34982769e+00  1.15000000e-05  1.50000000e+00  1.20000000e+00 
 1.16000000e-05  1.35074014e+00  1.16000000e-05  1.50000000e+00  1.20000000e+00 
 1.17000000e-05  1.35164841e+00  1.17000000e-05  1.50000000e+00  1.20000000e+00 
 1.18000000e-05  1.35255257e+00  1.18000000e-05  1.50000000e+00  1.20000000e+00 
 1.19000000e-05  1.35345267e+00  1.19000000e-05  1.50000000e+00  1.20000000e+00 
 1.20000000e-05  1.35434878e+00  1.20000000e-05  1.50000000e+00  1.20000000e+00 
 1.21000000e-05  1.35524094e+00  1.21000000e-05  1.50000000e+00  1.20000000e+00 
 1.22000000e-05  1.35612921e+00  1.22000000e-05  1.50000000e+00  1.20000000e+00 
 1.23000000e-05  1.35701365e+00  1.23000000e-05  1.50000000e+00  1.20000000e+00 
 1.24000000e-05  1.35789431e+00  1.24000000e-05  1.50000000e+00  1.20000000e+00 
 1.25000000e-05  1.35877124e+00  1.25000000e-05  1.50000000e+00  1.20000000e+00 
 1.26000000e-05  1.35964450e+00  1.26000000e-05  1.50000000e+00  1.20000000e+00 
 1.27000000e-05  1.36051412e+00  1.27000000e-05  1.50000000e+00  1.20000000e+00 
 1.28000000e-05  1.36138017e+00  1.28000000e-05  1.50000000e+00  1.20000000e+00 
 1.29000000e-05  1.36224268e+00  1.29000000e-05  1.50000000e+00  1.20000000e+00 
 1.30000000e-05  1.36310171e+00  1.30000000e-05  1.50000000e+00  1.20000000e+00 
 1.31000000e-05  1.36395730e+00  1.31000000e-05  1.50000000e+00  1.20000000e+00 
 1.32000000e-05  1.36480949e+00  1.32000000e-05  1.50000000e+00  1.20000000e+00 
 1.33000000e-05  1.36565832e+00  1.33000000e-05  1.50000000e+00  1.20000000e+00 
 1.34000000e-05  1.36650385e+00  1.34000000e-05  1.50000000e+00  1.20000000e+00 
 1.35000000e-05  1.36734611e+00  1.35000000e-05  1.50000000e+00  1.20000000e+00 
 1.36000000e-05  1.36818513e+00  1.36000000e-05  1.50000000e+00  1.20000000e+00 
 1.37000000e-05  1.36902097e+00  1.37000000e-05  1.50000000e+00  1.20000000e+00 
 1.38000000e-05  1.36985366e+00  1.38000000e-05  1.50000000e+00  1.20000000e+00 
 1.39000000e-05  1.37068323e+00  1.39000000e-05  1.50000000e+00  1.20000000e+00 
 1.40000000e-05  1.37150973e+00  1.40000000e-05  1.50000000e+00  1.20000000e+00 
 1.41000000e-05  1.37233320e+00  1.41000000e-05  1.50000000e+00  1.20000000e+00 
 1.42000000e-05  1.37315366e+00  1.42000000e-05  1.50000000e+00  1.20000000e+00 
 1.43000000e-05  1.37397116e+00  1.43000000e-05  1.50000000e+00  1.20000000e+00 
 1.44000000e-05  1.37478572e+00  1.44000000e-05  1.50000000e+00  1.20000000e+00 
 1.45000000e-05  1.37559739e+00  1.45000000e-05  1.50000000e+00  1.20000000e+00 
 1.46000000e-05  1.37640619e+00  1.46000000e-05  1.50000000e+00  1.20000000e+00 
 1.47000000e-05  1.37721216e+00  1.47000000e-05  1.50000000e+00  1.20000000e+00 
 1.48000000e-05  1.37801533e+00  1.48000000e-05  1.50000000e+00  1.20000000e+00 
 1.49000000e-05  1.37881573e+00  1.49000000e-05  1.50000000e+00  1.20000000e+00 
 1.50000000e-05  1.37961340e+00  1.50000000e-05  1.50000000e+00  1.20000000e+00 
 1.51000000e-05  1.38040835e+00  1.51000000e-05  1.50000000e+00  1.20000000e+00 
 1.52000000e-05  1.38120063e+00  1.52000000e-05  1.50000000e+00  1.20000000e+00 
 1.53000000e-05  1.38199027e+00  1.53000000e-05  1.50000000e+00  1.20000000e+00 
 1.54000000e-05  1.38277728e+00  1.54000000e-05  1.50000000e+00  1.20000000e+00 
 1.55000000e-05  1.38356170e+00  1.55000000e-05  1.50000000e+00  1.20000000e+00 
 1.56000000e-05  1.38434502e+00  1.56000000e-05  1.50000000e+00  1.20000000e+00 
 1.57000000e-05  1.38512423e+00  1.57000000e-05  1.50000000e+00  1.20000000e+00 
 1.58000000e-05  1.38590095e+00  1.58000000e-05  1.50000000e+00  1.20000000e+00 
 1.59000000e-05  1.38667519e+00  1.59000000e-05  1.50000000e+00  1.20000000e+00 
 1.60000000e-05  1.38744697e+00  1.60000000e-05  1.50000000e+00  1.20000000e+00 
 1.61000000e-05  1.38821633e+00  1.61000000e-05  1.50000000e+00  1.20000000e+00 
 1.62000000e-05  1.38898328e+00  1.62000000e-05  1.50000000e+00  1.20000000e+00 
 1.63000000e-05  1.38974786e+00  1.63000000e-05  1.50000000e+00  1.20000000e+00 
 1.64000000e-05  1.39051008e+00  1.64000000e-05  1.50000000e+00  1.20000000e+00 
 1.65000000e-05  1.39126997e+00  1.65000000e-05  1.50000000e+00  1.20000000e+00 
 1.66000000e-05  1.39202755e+00  1.66000000e-05  1.50000000e+00  1.20000000e+00 
 1.67000000e-05  1.39278285e+00  1.67000000e-05  1.50000000e+00  1.20000000e+00 
 1.68000000e-05  1.39353588e+00  1.68000000e-05  1.50000000e+00  1.20000000e+00 
 1.69000000e-05  1.39428667e+00  1.69000000e-05  1.50000000e+00  1.20000000e+00 
 1.70000000e-05  1.39503524e+00  1.70000000e-05  1.50000000e+00  1.20000000e+00 
 1.71000000e-05  1.39578161e+00  1.71000000e-05  1.50000000e+00  1.20000000e+00 
 1.72000000e-05  1.39652580e+00  1.72000000e-05  1.50000000e+00  1.20000000e+00 
 1.73000000e-05  1.39726784e+00  1.73000000e-05  1.50000000e+00  1.20000000e+00 
 1.74000000e-05  1.39800774e+00  1.74000000e-05  1.50000000e+00  1.20000000e+00 
 1.75000000e-05  1.39874552e+00  1.75000000e-05  1.50000000e+00  1.20000000e+00 
 1.76000000e-05  1.39948120e+00  1.76000000e-05  1.50000000e+00  1.20000000e+00 
 1.77000000e-05  1.40021480e+00  1.77000000e-05  1.50000000e+00  1.20000000e+00 
 1.78000000e-05  1.40094634e+00  1.78000000e-05  1.50000000e+00  1.20000000e+00 
 1.79000000e-05  1.40167585e+00  1.79000000e-05  1.50000000e+00  1.20000000e+00 
 1.80000000e-05  1.40240333e+00  1.80000000e-05  1.50000000e+00  1.20000000e+00 
 1.81000000e-05  1.40312880e+00  1.81000000e-05  1.50000000e+00  1.20000000e+00 
 1.82000000e-05  1.40385229e+00  1.82000000e-05  1.50000000e+00  1.20000000e+00 
 1.83000000e-05  1.40457382e+00  1.83000000e-05  1.50000000e+00  1.20000000e+00 
 1.84000000e-05  1.40529339e+00  1.84000000e-05  1.50000000e+00  1.20000000e+00 
 1.85000000e-05  1.40601102e+00  1.85000000e-05  1.50000000e+00  1.20000000e+00 
 1.86000000e-05  1.40672750e+00  1.86000000e-05  1.50000000e+00  1.20000000e+00 
 1.87000000e-05  1.40744135e+00  1.87000000e-05  1.50000000e+00  1.20000000e+00 
 1.88000000e-05  1.40815331e+00  1.88000000e-05  1.50000000e+00  1.20000000e+00 
 1.89000000e-05  1.40886340e+00  1.89000000e-05  1.50000000e+00  1.20000000e+00 
 1.90000000e-05  1.40957165e+00  1.90000000e-05  1.50000000e+00  1.20000000e+00 
 1.91000000e-05  1.41027806e+00  1.91000000e-05  1.50000000e+00  1.20000000e+00 
 1.92000000e-05  1.41098204e+00  1.92000000e-05  1.50000000e+00  1.20000000e+00 
 1.93000000e-05  1.41168448e+00  1.93000000e-05  1.50000000e+00  1.20000000e+00 
 1.94000000e-05  1.41238544e+00  1.94000000e-05  1.50000000e+00  1.20000000e+00 
 1.95000000e-05  1.41308462e+00  1.95000000e-05  1.50000000e+00  1.20000000e+00 
 1.96000000e-05  1.41378203e+00  1.96000000e-05  1.50000000e+00  1.20000000e+00 
 1.97000000e-05  1.41447770e+00  1.97000000e-05  1.50000000e+00  1.20000000e+00 
 1.98000000e-05  1.41517164e+00  1.98000000e-05  1.50000000e+00  1.20000000e+00 
 1.99000000e-05  1.41586387e+00  1.99000000e-05  1.50000000e+00  1.20000000e+00 
 2.00000000e-05  1.41655434e+00  2.00000000e-05  1.50000000e+00  1.20000000e+00 
 2.01000000e-05  1.41724318e+00  2.01000000e-05  1.50000000e+00  1.20000000e+00 
 2.02000000e-05  1.41793040e+00  2.02000000e-05  1.50000000e+00  1.20000000e+00 
 2.03000000e-05  1.41861583e+00  2.03000000e-05  1.50000000e+00  1.20000000e+00 
 2.04000000e-05  1.41929966e+00  2.04000000e-05  1.50000000e+00  1.20000000e+00 
 2.05000000e-05  1.41998187e+00  2.05000000e-05  1.50000000e+00  1.20000000e+00 
 2.06000000e-05  1.42066578e+00  2.06000000e-05  1.50000000e+00  1.20000000e+00 
 2.07000000e-05  1.42134260e+00  2.07000000e-05  1.50000000e+00  1.20000000e+00 
 2.08000000e-05  1.42201918e+00  2.08000000e-05  1.50000000e+00  1.20000000e+00 
 2.09000000e-05  1.42269468e+00  2.09000000e-05  1.50000000e+00  1.20000000e+00 
 2.10000000e-05  1.42336892e+00  2.10000000e-05  1.50000000e+00  1.20000000e+00 
 2.11000000e-05  1.42404172e+00  2.11000000e-05  1.50000000e+00  1.20000000e+00 
 2.12000000e-05  1.42471276e+00  2.12000000e-05  1.50000000e+00  1.20000000e+00 
 2.13000000e-05  1.42538227e+00  2.13000000e-05  1.50000000e+00  1.20000000e+00 
 2.14000000e-05  1.42605026e+00  2.14000000e-05  1.50000000e+00  1.20000000e+00 
 2.15000000e-05  1.42671673e+00  2.15000000e-05  1.50000000e+00  1.20000000e+00 
 2.16000000e-05  1.42738170e+00  2.16000000e-05  1.50000000e+00  1.20000000e+00 
 2.17000000e-05  1.42804518e+00  2.17000000e-05  1.50000000e+00  1.20000000e+00 
 2.18000000e-05  1.42870719e+00  2.18000000e-05  1.50000000e+00  1.20000000e+00 
 2.19000000e-05  1.42936772e+00  2.19000000e-05  1.50000000e+00  1.20000000e+00 
 2.20000000e-05  1.43002679e+00  2.20000000e-05  1.50000000e+00  1.20000000e+00 
 2.21000000e-05  1.43068440e+00  2.21000000e-05  1.50000000e+00  1.20000000e+00 
 2.22000000e-05  1.43134058e+00  2.22000000e-05  1.50000000e+00  1.20000000e+00 
 2.23000000e-05  1.43199533e+00  2.23000000e-05  1.50000000e+00  1.20000000e+00 
 2.24000000e-05  1.43264866e+00  2.24000000e-05  1.50000000e+00  1.20000000e+00 
 2.25000000e-05  1.43330048e+00  2.25000000e-05  1.50000000e+00  1.20000000e+00 
 2.26000000e-05  1.43395099e+00  2.26000000e-05  1.50000000e+00  1.20000000e+00 
 2.27000000e-05  1.43460251e+00  2.27000000e-05  1.50000000e+00  1.20000000e+00 
 2.28000000e-05  1.43524880e+00  2.28000000e-05  1.50000000e+00  1.20000000e+00 
 2.29000000e-05  1.43589470e+00  2.29000000e-05  1.50000000e+00  1.20000000e+00 
 2.30000000e-05  1.43653951e+00  2.30000000e-05  1.50000000e+00  1.20000000e+00 
 2.31000000e-05  1.43718308e+00  2.31000000e-05  1.50000000e+00  1.20000000e+00 
 2.32000000e-05  1.43782534e+00  2.32000000e-05  1.50000000e+00  1.20000000e+00 
 2.33000000e-05  1.43846630e+00  2.33000000e-05  1.50000000e+00  1.20000000e+00 
 2.34000000e-05  1.43910594e+00  2.34000000e-05  1.50000000e+00  1.20000000e+00 
 2.35000000e-05  1.43974426e+00  2.35000000e-05  1.50000000e+00  1.20000000e+00 
 2.36000000e-05  1.44038128e+00  2.36000000e-05  1.50000000e+00  1.20000000e+00 
 2.37000000e-05  1.44101701e+00  2.37000000e-05  1.50000000e+00  1.20000000e+00 
 2.38000000e-05  1.44165146e+00  2.38000000e-05  1.50000000e+00  1.20000000e+00 
 2.39000000e-05  1.44228462e+00  2.39000000e-05  1.50000000e+00  1.20000000e+00 
 2.40000000e-05  1.44291652e+00  2.40000000e-05  1.50000000e+00  1.20000000e+00 
 2.41000000e-05  1.44354941e+00  2.41000000e-05  1.50000000e+00  1.20000000e+00 
 2.42000000e-05  1.44417762e+00  2.42000000e-05  1.50000000e+00  1.20000000e+00 
 2.43000000e-05  1.44480506e+00  2.43000000e-05  1.50000000e+00  1.20000000e+00 
 2.44000000e-05  1.44543164e+00  2.44000000e-05  1.50000000e+00  1.20000000e+00 
 2.45000000e-05  1.44605720e+00  2.45000000e-05  1.50000000e+00  1.20000000e+00 
 2.46000000e-05  1.44668161e+00  2.46000000e-05  1.50000000e+00  1.20000000e+00 
 2.47000000e-05  1.44730482e+00  2.47000000e-05  1.50000000e+00  1.20000000e+00 
 2.48000000e-05  1.44792683e+00  2.48000000e-05  1.50000000e+00  1.20000000e+00 
 2.49000000e-05  1.44854763e+00  2.49000000e-05  1.50000000e+00  1.20000000e+00 
 2.50000000e-05  1.44916761e+00  2.50000000e-05  1.50000000e+00  1.20000000e+00 
