 i-sweep         v(vout)         i(viin)         v(vgate)        v(vmid)        
-6.00000000e-06  1.33567552e-01 -6.00000000e-06  1.20000000e+00  1.00000000e+00 
-5.90000000e-06  1.37106630e-01 -5.90000000e-06  1.20000000e+00  1.00000000e+00 
-5.80000000e-06  1.40673838e-01 -5.80000000e-06  1.20000000e+00  1.00000000e+00 
-5.70000000e-06  1.44269875e-01 -5.70000000e-06  1.20000000e+00  1.00000000e+00 
-5.60000000e-06  1.47895466e-01 -5.60000000e-06  1.20000000e+00  1.00000000e+00 
-5.50000000e-06  1.51551369e-01 -5.50000000e-06  1.20000000e+00  1.00000000e+00 
-5.40000000e-06  1.55238375e-01 -5.40000000e-06  1.20000000e+00  1.00000000e+00 
-5.30000000e-06  1.58957308e-01 -5.30000000e-06  1.20000000e+00  1.00000000e+00 
-5.20000000e-06  1.62709032e-01 -5.20000000e-06  1.20000000e+00  1.00000000e+00 
-5.10000000e-06  1.66494450e-01 -5.10000000e-06  1.20000000e+00  1.00000000e+00 
-5.00000000e-06  1.70314507e-01 -5.00000000e-06  1.20000000e+00  1.00000000e+00 
-4.90000000e-06  1.74170195e-01 -4.90000000e-06  1.20000000e+00  1.00000000e+00 
-4.80000000e-06  1.78062555e-01 -4.80000000e-06  1.20000000e+00  1.00000000e+00 
-4.70000000e-06  1.81992679e-01 -4.70000000e-06  1.20000000e+00  1.00000000e+00 
-4.60000000e-06  1.85961715e-01 -4.60000000e-06  1.20000000e+00  1.00000000e+00 
-4.50000000e-06  1.89970875e-01 -4.50000000e-06  1.20000000e+00  1.00000000e+00 
-4.40000000e-06  1.94021434e-01 -4.40000000e-06  1.20000000e+00  1.00000000e+00 
-4.30000000e-06  1.98114739e-01 -4.30000000e-06  1.20000000e+00  1.00000000e+00 
-4.20000000e-06  2.02252212e-01 -4.20000000e-06  1.20000000e+00  1.00000000e+00 
-4.10000000e-06  2.06435362e-01 -4.10000000e-06  1.20000000e+00  1.00000000e+00 
-4.00000000e-06  2.10665785e-01 -4.00000000e-06  1.20000000e+00  1.00000000e+00 
-3.90000000e-06  2.14945178e-01 -3.90000000e-06  1.20000000e+00  1.00000000e+00 
-3.80000000e-06  2.19275346e-01 -3.80000000e-06  1.20000000e+00  1.00000000e+00 
-3.70000000e-06  2.23658214e-01 -3.70000000e-06  1.20000000e+00  1.00000000e+00 
-3.60000000e-06  2.28095835e-01 -3.60000000e-06  1.20000000e+00  1.00000000e+00 
-3.50000000e-06  2.32590408e-01 -3.50000000e-06  1.20000000e+00  1.00000000e+00 
-3.40000000e-06  2.37144292e-01 -3.40000000e-06  1.20000000e+00  1.00000000e+00 
-3.30000000e-06  2.41760020e-01 -3.30000000e-06  1.20000000e+00  1.00000000e+00 
-3.20000000e-06  2.46440325e-01 -3.20000000e-06  1.20000000e+00  1.00000000e+00 
-3.10000000e-06  2.51188159e-01 -3.10000000e-06  1.20000000e+00  1.00000000e+00 
-3.00000000e-06  2.56006722e-01 -3.00000000e-06  1.20000000e+00  1.00000000e+00 
-2.90000000e-06  2.60899492e-01 -2.90000000e-06  1.20000000e+00  1.00000000e+00 
-2.80000000e-06  2.65870264e-01 -2.80000000e-06  1.20000000e+00  1.00000000e+00 
-2.70000000e-06  2.70923190e-01 -2.70000000e-06  1.20000000e+00  1.00000000e+00 
-2.60000000e-06  2.76062836e-01 -2.60000000e-06  1.20000000e+00  1.00000000e+00 
-2.50000000e-06  2.81294237e-01 -2.50000000e-06  1.20000000e+00  1.00000000e+00 
-2.40000000e-06  2.86622974e-01 -2.40000000e-06  1.20000000e+00  1.00000000e+00 
-2.30000000e-06  2.92055266e-01 -2.30000000e-06  1.20000000e+00  1.00000000e+00 
-2.20000000e-06  2.97598071e-01 -2.20000000e-06  1.20000000e+00  1.00000000e+00 
-2.10000000e-06  3.03259227e-01 -2.10000000e-06  1.20000000e+00  1.00000000e+00 
-2.00000000e-06  3.09047613e-01 -2.00000000e-06  1.20000000e+00  1.00000000e+00 
-1.90000000e-06  3.14973357e-01 -1.90000000e-06  1.20000000e+00  1.00000000e+00 
-1.80000000e-06  3.21048099e-01 -1.80000000e-06  1.20000000e+00  1.00000000e+00 
-1.70000000e-06  3.27285325e-01 -1.70000000e-06  1.20000000e+00  1.00000000e+00 
-1.60000000e-06  3.33700804e-01 -1.60000000e-06  1.20000000e+00  1.00000000e+00 
-1.50000000e-06  3.40313158e-01 -1.50000000e-06  1.20000000e+00  1.00000000e+00 
-1.40000000e-06  3.47144633e-01 -1.40000000e-06  1.20000000e+00  1.00000000e+00 
-1.30000000e-06  3.54222139e-01 -1.30000000e-06  1.20000000e+00  1.00000000e+00 
-1.20000000e-06  3.61578711e-01 -1.20000000e-06  1.20000000e+00  1.00000000e+00 
-1.10000000e-06  3.69255578e-01 -1.10000000e-06  1.20000000e+00  1.00000000e+00 
-1.00000000e-06  3.77305210e-01 -1.00000000e-06  1.20000000e+00  1.00000000e+00 
-9.00000000e-07  3.85795932e-01 -9.00000000e-07  1.20000000e+00  1.00000000e+00 
-8.00000000e-07  3.94819211e-01 -8.00000000e-07  1.20000000e+00  1.00000000e+00 
-7.00000000e-07  4.04501715e-01 -7.00000000e-07  1.20000000e+00  1.00000000e+00 
-6.00000000e-07  4.15026538e-01 -6.00000000e-07  1.20000000e+00  1.00000000e+00 
-5.00000000e-07  4.26673530e-01 -5.00000000e-07  1.20000000e+00  1.00000000e+00 
-4.00000000e-07  4.39904316e-01 -4.00000000e-07  1.20000000e+00  1.00000000e+00 
-3.00000000e-07  4.55569683e-01 -3.00000000e-07  1.20000000e+00  1.00000000e+00 
-2.00000000e-07  4.75543962e-01 -2.00000000e-07  1.20000000e+00  1.00000000e+00 
-1.00000000e-07  5.05687552e-01 -1.00000000e-07  1.20000000e+00  1.00000000e+00 
-5.71747239e-21  7.45141355e-01 -5.71747239e-21  1.20000000e+00  1.00000000e+00 
 1.00000000e-07  1.02239330e+00  1.00000000e-07  1.20000000e+00  1.00000000e+00 
 2.00000000e-07  1.05480215e+00  2.00000000e-07  1.20000000e+00  1.00000000e+00 
 3.00000000e-07  1.07368272e+00  3.00000000e-07  1.20000000e+00  1.00000000e+00 
 4.00000000e-07  1.08712393e+00  4.00000000e-07  1.20000000e+00  1.00000000e+00 
 5.00000000e-07  1.09762751e+00  5.00000000e-07  1.20000000e+00  1.00000000e+00 
 6.00000000e-07  1.10628975e+00  6.00000000e-07  1.20000000e+00  1.00000000e+00 
 7.00000000e-07  1.11369563e+00  7.00000000e-07  1.20000000e+00  1.00000000e+00 
 8.00000000e-07  1.12018782e+00  8.00000000e-07  1.20000000e+00  1.00000000e+00 
 9.00000000e-07  1.12598795e+00  9.00000000e-07  1.20000000e+00  1.00000000e+00 
 1.00000000e-06  1.13123732e+00  1.00000000e-06  1.20000000e+00  1.00000000e+00 
 1.10000000e-06  1.13604987e+00  1.10000000e-06  1.20000000e+00  1.00000000e+00 
 1.20000000e-06  1.14050370e+00  1.20000000e-06  1.20000000e+00  1.00000000e+00 
 1.30000000e-06  1.14464196e+00  1.30000000e-06  1.20000000e+00  1.00000000e+00 
 1.40000000e-06  1.14852747e+00  1.40000000e-06  1.20000000e+00  1.00000000e+00 
 1.50000000e-06  1.15218989e+00  1.50000000e-06  1.20000000e+00  1.00000000e+00 
 1.60000000e-06  1.15565806e+00  1.60000000e-06  1.20000000e+00  1.00000000e+00 
 1.70000000e-06  1.15895548e+00  1.70000000e-06  1.20000000e+00  1.00000000e+00 
 1.80000000e-06  1.16210134e+00  1.80000000e-06  1.20000000e+00  1.00000000e+00 
 1.90000000e-06  1.16511207e+00  1.90000000e-06  1.20000000e+00  1.00000000e+00 
 2.00000000e-06  1.16800140e+00  2.00000000e-06  1.20000000e+00  1.00000000e+00 
 2.10000000e-06  1.17078103e+00  2.10000000e-06  1.20000000e+00  1.00000000e+00 
 2.20000000e-06  1.17346150e+00  2.20000000e-06  1.20000000e+00  1.00000000e+00 
 2.30000000e-06  1.17605036e+00  2.30000000e-06  1.20000000e+00  1.00000000e+00 
 2.40000000e-06  1.17855594e+00  2.40000000e-06  1.20000000e+00  1.00000000e+00 
 2.50000000e-06  1.18098486e+00  2.50000000e-06  1.20000000e+00  1.00000000e+00 
 2.60000000e-06  1.18334300e+00  2.60000000e-06  1.20000000e+00  1.00000000e+00 
 2.70000000e-06  1.18563555e+00  2.70000000e-06  1.20000000e+00  1.00000000e+00 
 2.80000000e-06  1.18786714e+00  2.80000000e-06  1.20000000e+00  1.00000000e+00 
 2.90000000e-06  1.19004193e+00  2.90000000e-06  1.20000000e+00  1.00000000e+00 
 3.00000000e-06  1.19216364e+00  3.00000000e-06  1.20000000e+00  1.00000000e+00 
 3.10000000e-06  1.19423563e+00  3.10000000e-06  1.20000000e+00  1.00000000e+00 
 3.20000000e-06  1.19626096e+00  3.20000000e-06  1.20000000e+00  1.00000000e+00 
 3.30000000e-06  1.19824237e+00  3.30000000e-06  1.20000000e+00  1.00000000e+00 
 3.40000000e-06  1.20018239e+00  3.40000000e-06  1.20000000e+00  1.00000000e+00 
 3.50000000e-06  1.20208333e+00  3.50000000e-06  1.20000000e+00  1.00000000e+00 
 3.60000000e-06  1.20394728e+00  3.60000000e-06  1.20000000e+00  1.00000000e+00 
 3.70000000e-06  1.20577619e+00  3.70000000e-06  1.20000000e+00  1.00000000e+00 
 3.80000000e-06  1.20757183e+00  3.80000000e-06  1.20000000e+00  1.00000000e+00 
 3.90000000e-06  1.20933585e+00  3.90000000e-06  1.20000000e+00  1.00000000e+00 
 4.00000000e-06  1.21106978e+00  4.00000000e-06  1.20000000e+00  1.00000000e+00 
 4.10000000e-06  1.21277502e+00  4.10000000e-06  1.20000000e+00  1.00000000e+00 
 4.20000000e-06  1.21445288e+00  4.20000000e-06  1.20000000e+00  1.00000000e+00 
 4.30000000e-06  1.21610458e+00  4.30000000e-06  1.20000000e+00  1.00000000e+00 
 4.40000000e-06  1.21773125e+00  4.40000000e-06  1.20000000e+00  1.00000000e+00 
 4.50000000e-06  1.21933395e+00  4.50000000e-06  1.20000000e+00  1.00000000e+00 
 4.60000000e-06  1.22091368e+00  4.60000000e-06  1.20000000e+00  1.00000000e+00 
 4.70000000e-06  1.22247136e+00  4.70000000e-06  1.20000000e+00  1.00000000e+00 
 4.80000000e-06  1.22400786e+00  4.80000000e-06  1.20000000e+00  1.00000000e+00 
 4.90000000e-06  1.22552400e+00  4.90000000e-06  1.20000000e+00  1.00000000e+00 
 5.00000000e-06  1.22702658e+00  5.00000000e-06  1.20000000e+00  1.00000000e+00 
 5.10000000e-06  1.22850357e+00  5.10000000e-06  1.20000000e+00  1.00000000e+00 
 5.20000000e-06  1.22996246e+00  5.20000000e-06  1.20000000e+00  1.00000000e+00 
 5.30000000e-06  1.23140388e+00  5.30000000e-06  1.20000000e+00  1.00000000e+00 
 5.40000000e-06  1.23282843e+00  5.40000000e-06  1.20000000e+00  1.00000000e+00 
 5.50000000e-06  1.23423668e+00  5.50000000e-06  1.20000000e+00  1.00000000e+00 
 5.60000000e-06  1.23562916e+00  5.60000000e-06  1.20000000e+00  1.00000000e+00 
 5.70000000e-06  1.23700638e+00  5.70000000e-06  1.20000000e+00  1.00000000e+00 
 5.80000000e-06  1.23836884e+00  5.80000000e-06  1.20000000e+00  1.00000000e+00 
 5.90000000e-06  1.23971699e+00  5.90000000e-06  1.20000000e+00  1.00000000e+00 
 6.00000000e-06  1.24105128e+00  6.00000000e-06  1.20000000e+00  1.00000000e+00 
