 i-sweep         v(vout)         i(viin)         v(vgate)        v(vmid)        
 0.00000000e+00  5.00000042e-01  0.00000000e+00  1.50000000e+00  5.00000000e-01 
 1.00000000e-07  5.05393584e-01  1.00000000e-07  1.50000000e+00  5.00000000e-01 
 2.00000000e-07  5.10886167e-01  2.00000000e-07  1.50000000e+00  5.00000000e-01 
 3.00000000e-07  5.16483371e-01  3.00000000e-07  1.50000000e+00  5.00000000e-01 
 4.00000000e-07  5.22191316e-01  4.00000000e-07  1.50000000e+00  5.00000000e-01 
 5.00000000e-07  5.28016745e-01  5.00000000e-07  1.50000000e+00  5.00000000e-01 
 6.00000000e-07  5.33967109e-01  6.00000000e-07  1.50000000e+00  5.00000000e-01 
 7.00000000e-07  5.40050678e-01  7.00000000e-07  1.50000000e+00  5.00000000e-01 
 8.00000000e-07  5.46276673e-01  8.00000000e-07  1.50000000e+00  5.00000000e-01 
 9.00000000e-07  5.52655424e-01  9.00000000e-07  1.50000000e+00  5.00000000e-01 
 1.00000000e-06  5.59198568e-01  1.00000000e-06  1.50000000e+00  5.00000000e-01 
 1.10000000e-06  5.65919290e-01  1.10000000e-06  1.50000000e+00  5.00000000e-01 
 1.20000000e-06  5.72832624e-01  1.20000000e-06  1.50000000e+00  5.00000000e-01 
 1.30000000e-06  5.79955838e-01  1.30000000e-06  1.50000000e+00  5.00000000e-01 
 1.40000000e-06  5.87308925e-01  1.40000000e-06  1.50000000e+00  5.00000000e-01 
 1.50000000e-06  5.94915238e-01  1.50000000e-06  1.50000000e+00  5.00000000e-01 
 1.60000000e-06  6.02802334e-01  1.60000000e-06  1.50000000e+00  5.00000000e-01 
 1.70000000e-06  6.11003105e-01  1.70000000e-06  1.50000000e+00  5.00000000e-01 
 1.80000000e-06  6.19557327e-01  1.80000000e-06  1.50000000e+00  5.00000000e-01 
 1.90000000e-06  6.28513839e-01  1.90000000e-06  1.50000000e+00  5.00000000e-01 
 2.00000000e-06  6.37933683e-01  2.00000000e-06  1.50000000e+00  5.00000000e-01 
 2.10000000e-06  6.47894776e-01  2.10000000e-06  1.50000000e+00  5.00000000e-01 
 2.20000000e-06  6.58499126e-01  2.20000000e-06  1.50000000e+00  5.00000000e-01 
 2.30000000e-06  6.69884492e-01  2.30000000e-06  1.50000000e+00  5.00000000e-01 
 2.40000000e-06  6.82244284e-01  2.40000000e-06  1.50000000e+00  5.00000000e-01 
 2.50000000e-06  6.95863974e-01  2.50000000e-06  1.50000000e+00  5.00000000e-01 
 2.60000000e-06  7.11193984e-01  2.60000000e-06  1.50000000e+00  5.00000000e-01 
 2.70000000e-06  7.29014433e-01  2.70000000e-06  1.50000000e+00  5.00000000e-01 
 2.80000000e-06  7.50878270e-01  2.80000000e-06  1.50000000e+00  5.00000000e-01 
 2.90000000e-06  7.80675893e-01  2.90000000e-06  1.50000000e+00  5.00000000e-01 
 3.00000000e-06  8.33537591e-01  3.00000000e-06  1.50000000e+00  5.00000000e-01 
 3.10000000e-06  9.58954051e-01  3.10000000e-06  1.50000000e+00  5.00000000e-01 
 3.20000000e-06  1.02226700e+00  3.20000000e-06  1.50000000e+00  5.00000000e-01 
 3.30000000e-06  1.05019834e+00  3.30000000e-06  1.50000000e+00  5.00000000e-01 
 3.40000000e-06  1.06782112e+00  3.40000000e-06  1.50000000e+00  5.00000000e-01 
 3.50000000e-06  1.08071483e+00  3.50000000e-06  1.50000000e+00  5.00000000e-01 
 3.60000000e-06  1.09092877e+00  3.60000000e-06  1.50000000e+00  5.00000000e-01 
 3.70000000e-06  1.09942003e+00  3.70000000e-06  1.50000000e+00  5.00000000e-01 
 3.80000000e-06  1.10671769e+00  3.80000000e-06  1.50000000e+00  5.00000000e-01 
 3.90000000e-06  1.11313024e+00  3.90000000e-06  1.50000000e+00  5.00000000e-01 
 4.00000000e-06  1.11887285e+00  4.00000000e-06  1.50000000e+00  5.00000000e-01 
 4.10000000e-06  1.12408368e+00  4.10000000e-06  1.50000000e+00  5.00000000e-01 
 4.20000000e-06  1.12886397e+00  4.20000000e-06  1.50000000e+00  5.00000000e-01 
 4.30000000e-06  1.13328827e+00  4.30000000e-06  1.50000000e+00  5.00000000e-01 
 4.40000000e-06  1.13741330e+00  4.40000000e-06  1.50000000e+00  5.00000000e-01 
 4.50000000e-06  1.14128313e+00  4.50000000e-06  1.50000000e+00  5.00000000e-01 
 4.60000000e-06  1.14493270e+00  4.60000000e-06  1.50000000e+00  5.00000000e-01 
 4.70000000e-06  1.14839018e+00  4.70000000e-06  1.50000000e+00  5.00000000e-01 
 4.80000000e-06  1.15167860e+00  4.80000000e-06  1.50000000e+00  5.00000000e-01 
 4.90000000e-06  1.15481704e+00  4.90000000e-06  1.50000000e+00  5.00000000e-01 
 5.00000000e-06  1.15782147e+00  5.00000000e-06  1.50000000e+00  5.00000000e-01 
 5.10000000e-06  1.16070542e+00  5.10000000e-06  1.50000000e+00  5.00000000e-01 
 5.20000000e-06  1.16348043e+00  5.20000000e-06  1.50000000e+00  5.00000000e-01 
 5.30000000e-06  1.16615644e+00  5.30000000e-06  1.50000000e+00  5.00000000e-01 
 5.40000000e-06  1.16874207e+00  5.40000000e-06  1.50000000e+00  5.00000000e-01 
 5.50000000e-06  1.17124486e+00  5.50000000e-06  1.50000000e+00  5.00000000e-01 
 5.60000000e-06  1.17367142e+00  5.60000000e-06  1.50000000e+00  5.00000000e-01 
 5.70000000e-06  1.17602763e+00  5.70000000e-06  1.50000000e+00  5.00000000e-01 
 5.80000000e-06  1.17831869e+00  5.80000000e-06  1.50000000e+00  5.00000000e-01 
 5.90000000e-06  1.18054926e+00  5.90000000e-06  1.50000000e+00  5.00000000e-01 
 6.00000000e-06  1.18272352e+00  6.00000000e-06  1.50000000e+00  5.00000000e-01 
 6.10000000e-06  1.18484525e+00  6.10000000e-06  1.50000000e+00  5.00000000e-01 
 6.20000000e-06  1.18691680e+00  6.20000000e-06  1.50000000e+00  5.00000000e-01 
 6.30000000e-06  1.18894072e+00  6.30000000e-06  1.50000000e+00  5.00000000e-01 
 6.40000000e-06  1.19092092e+00  6.40000000e-06  1.50000000e+00  5.00000000e-01 
 6.50000000e-06  1.19285991e+00  6.50000000e-06  1.50000000e+00  5.00000000e-01 
 6.60000000e-06  1.19475996e+00  6.60000000e-06  1.50000000e+00  5.00000000e-01 
 6.70000000e-06  1.19662316e+00  6.70000000e-06  1.50000000e+00  5.00000000e-01 
 6.80000000e-06  1.19845144e+00  6.80000000e-06  1.50000000e+00  5.00000000e-01 
 6.90000000e-06  1.20024656e+00  6.90000000e-06  1.50000000e+00  5.00000000e-01 
 7.00000000e-06  1.20201016e+00  7.00000000e-06  1.50000000e+00  5.00000000e-01 
 7.10000000e-06  1.20374374e+00  7.10000000e-06  1.50000000e+00  5.00000000e-01 
 7.20000000e-06  1.20544872e+00  7.20000000e-06  1.50000000e+00  5.00000000e-01 
 7.30000000e-06  1.20712639e+00  7.30000000e-06  1.50000000e+00  5.00000000e-01 
 7.40000000e-06  1.20877797e+00  7.40000000e-06  1.50000000e+00  5.00000000e-01 
 7.50000000e-06  1.21040459e+00  7.50000000e-06  1.50000000e+00  5.00000000e-01 
 7.60000000e-06  1.21200730e+00  7.60000000e-06  1.50000000e+00  5.00000000e-01 
 7.70000000e-06  1.21358708e+00  7.70000000e-06  1.50000000e+00  5.00000000e-01 
 7.80000000e-06  1.21514486e+00  7.80000000e-06  1.50000000e+00  5.00000000e-01 
 7.90000000e-06  1.21668140e+00  7.90000000e-06  1.50000000e+00  5.00000000e-01 
 8.00000000e-06  1.21819759e+00  8.00000000e-06  1.50000000e+00  5.00000000e-01 
 8.10000000e-06  1.21969420e+00  8.10000000e-06  1.50000000e+00  5.00000000e-01 
 8.20000000e-06  1.22117193e+00  8.20000000e-06  1.50000000e+00  5.00000000e-01 
 8.30000000e-06  1.22263148e+00  8.30000000e-06  1.50000000e+00  5.00000000e-01 
 8.40000000e-06  1.22407347e+00  8.40000000e-06  1.50000000e+00  5.00000000e-01 
 8.50000000e-06  1.22549851e+00  8.50000000e-06  1.50000000e+00  5.00000000e-01 
 8.60000000e-06  1.22690717e+00  8.60000000e-06  1.50000000e+00  5.00000000e-01 
 8.70000000e-06  1.22830000e+00  8.70000000e-06  1.50000000e+00  5.00000000e-01 
 8.80000000e-06  1.22967750e+00  8.80000000e-06  1.50000000e+00  5.00000000e-01 
 8.90000000e-06  1.23104019e+00  8.90000000e-06  1.50000000e+00  5.00000000e-01 
 9.00000000e-06  1.23238851e+00  9.00000000e-06  1.50000000e+00  5.00000000e-01 
 9.10000000e-06  1.23372293e+00  9.10000000e-06  1.50000000e+00  5.00000000e-01 
 9.20000000e-06  1.23504388e+00  9.20000000e-06  1.50000000e+00  5.00000000e-01 
 9.30000000e-06  1.23635176e+00  9.30000000e-06  1.50000000e+00  5.00000000e-01 
 9.40000000e-06  1.23764696e+00  9.40000000e-06  1.50000000e+00  5.00000000e-01 
 9.50000000e-06  1.23892985e+00  9.50000000e-06  1.50000000e+00  5.00000000e-01 
 9.60000000e-06  1.24020080e+00  9.60000000e-06  1.50000000e+00  5.00000000e-01 
 9.70000000e-06  1.24146013e+00  9.70000000e-06  1.50000000e+00  5.00000000e-01 
 9.80000000e-06  1.24270817e+00  9.80000000e-06  1.50000000e+00  5.00000000e-01 
 9.90000000e-06  1.24394522e+00  9.90000000e-06  1.50000000e+00  5.00000000e-01 
 1.00000000e-05  1.24517158e+00  1.00000000e-05  1.50000000e+00  5.00000000e-01 
 1.01000000e-05  1.24638752e+00  1.01000000e-05  1.50000000e+00  5.00000000e-01 
 1.02000000e-05  1.24759332e+00  1.02000000e-05  1.50000000e+00  5.00000000e-01 
 1.03000000e-05  1.24878921e+00  1.03000000e-05  1.50000000e+00  5.00000000e-01 
 1.04000000e-05  1.24997546e+00  1.04000000e-05  1.50000000e+00  5.00000000e-01 
 1.05000000e-05  1.25115230e+00  1.05000000e-05  1.50000000e+00  5.00000000e-01 
 1.06000000e-05  1.25231994e+00  1.06000000e-05  1.50000000e+00  5.00000000e-01 
 1.07000000e-05  1.25347861e+00  1.07000000e-05  1.50000000e+00  5.00000000e-01 
 1.08000000e-05  1.25462852e+00  1.08000000e-05  1.50000000e+00  5.00000000e-01 
 1.09000000e-05  1.25576986e+00  1.09000000e-05  1.50000000e+00  5.00000000e-01 
 1.10000000e-05  1.25690284e+00  1.10000000e-05  1.50000000e+00  5.00000000e-01 
 1.11000000e-05  1.25802763e+00  1.11000000e-05  1.50000000e+00  5.00000000e-01 
 1.12000000e-05  1.25914442e+00  1.12000000e-05  1.50000000e+00  5.00000000e-01 
 1.13000000e-05  1.26025338e+00  1.13000000e-05  1.50000000e+00  5.00000000e-01 
 1.14000000e-05  1.26135469e+00  1.14000000e-05  1.50000000e+00  5.00000000e-01 
 1.15000000e-05  1.26244850e+00  1.15000000e-05  1.50000000e+00  5.00000000e-01 
 1.16000000e-05  1.26353497e+00  1.16000000e-05  1.50000000e+00  5.00000000e-01 
 1.17000000e-05  1.26461425e+00  1.17000000e-05  1.50000000e+00  5.00000000e-01 
 1.18000000e-05  1.26568649e+00  1.18000000e-05  1.50000000e+00  5.00000000e-01 
 1.19000000e-05  1.26675184e+00  1.19000000e-05  1.50000000e+00  5.00000000e-01 
 1.20000000e-05  1.26781042e+00  1.20000000e-05  1.50000000e+00  5.00000000e-01 
 1.21000000e-05  1.26886238e+00  1.21000000e-05  1.50000000e+00  5.00000000e-01 
 1.22000000e-05  1.26990785e+00  1.22000000e-05  1.50000000e+00  5.00000000e-01 
 1.23000000e-05  1.27094694e+00  1.23000000e-05  1.50000000e+00  5.00000000e-01 
 1.24000000e-05  1.27197978e+00  1.24000000e-05  1.50000000e+00  5.00000000e-01 
 1.25000000e-05  1.27300648e+00  1.25000000e-05  1.50000000e+00  5.00000000e-01 
 1.26000000e-05  1.27402717e+00  1.26000000e-05  1.50000000e+00  5.00000000e-01 
 1.27000000e-05  1.27504194e+00  1.27000000e-05  1.50000000e+00  5.00000000e-01 
 1.28000000e-05  1.27605092e+00  1.28000000e-05  1.50000000e+00  5.00000000e-01 
 1.29000000e-05  1.27705419e+00  1.29000000e-05  1.50000000e+00  5.00000000e-01 
 1.30000000e-05  1.27805187e+00  1.30000000e-05  1.50000000e+00  5.00000000e-01 
 1.31000000e-05  1.27904405e+00  1.31000000e-05  1.50000000e+00  5.00000000e-01 
 1.32000000e-05  1.28003083e+00  1.32000000e-05  1.50000000e+00  5.00000000e-01 
 1.33000000e-05  1.28101230e+00  1.33000000e-05  1.50000000e+00  5.00000000e-01 
 1.34000000e-05  1.28198855e+00  1.34000000e-05  1.50000000e+00  5.00000000e-01 
 1.35000000e-05  1.28295966e+00  1.35000000e-05  1.50000000e+00  5.00000000e-01 
 1.36000000e-05  1.28392573e+00  1.36000000e-05  1.50000000e+00  5.00000000e-01 
 1.37000000e-05  1.28488683e+00  1.37000000e-05  1.50000000e+00  5.00000000e-01 
 1.38000000e-05  1.28584305e+00  1.38000000e-05  1.50000000e+00  5.00000000e-01 
 1.39000000e-05  1.28679446e+00  1.39000000e-05  1.50000000e+00  5.00000000e-01 
 1.40000000e-05  1.28774115e+00  1.40000000e-05  1.50000000e+00  5.00000000e-01 
 1.41000000e-05  1.28868318e+00  1.41000000e-05  1.50000000e+00  5.00000000e-01 
 1.42000000e-05  1.28962063e+00  1.42000000e-05  1.50000000e+00  5.00000000e-01 
 1.43000000e-05  1.29055357e+00  1.43000000e-05  1.50000000e+00  5.00000000e-01 
 1.44000000e-05  1.29148207e+00  1.44000000e-05  1.50000000e+00  5.00000000e-01 
 1.45000000e-05  1.29240619e+00  1.45000000e-05  1.50000000e+00  5.00000000e-01 
 1.46000000e-05  1.29332601e+00  1.46000000e-05  1.50000000e+00  5.00000000e-01 
 1.47000000e-05  1.29424158e+00  1.47000000e-05  1.50000000e+00  5.00000000e-01 
 1.48000000e-05  1.29515297e+00  1.48000000e-05  1.50000000e+00  5.00000000e-01 
 1.49000000e-05  1.29606024e+00  1.49000000e-05  1.50000000e+00  5.00000000e-01 
 1.50000000e-05  1.29696344e+00  1.50000000e-05  1.50000000e+00  5.00000000e-01 
 1.51000000e-05  1.29786264e+00  1.51000000e-05  1.50000000e+00  5.00000000e-01 
 1.52000000e-05  1.29875790e+00  1.52000000e-05  1.50000000e+00  5.00000000e-01 
 1.53000000e-05  1.29964927e+00  1.53000000e-05  1.50000000e+00  5.00000000e-01 
 1.54000000e-05  1.30053679e+00  1.54000000e-05  1.50000000e+00  5.00000000e-01 
 1.55000000e-05  1.30142054e+00  1.55000000e-05  1.50000000e+00  5.00000000e-01 
 1.56000000e-05  1.30230055e+00  1.56000000e-05  1.50000000e+00  5.00000000e-01 
 1.57000000e-05  1.30317688e+00  1.57000000e-05  1.50000000e+00  5.00000000e-01 
 1.58000000e-05  1.30404958e+00  1.58000000e-05  1.50000000e+00  5.00000000e-01 
 1.59000000e-05  1.30491869e+00  1.59000000e-05  1.50000000e+00  5.00000000e-01 
 1.60000000e-05  1.30578426e+00  1.60000000e-05  1.50000000e+00  5.00000000e-01 
 1.61000000e-05  1.30664635e+00  1.61000000e-05  1.50000000e+00  5.00000000e-01 
 1.62000000e-05  1.30750499e+00  1.62000000e-05  1.50000000e+00  5.00000000e-01 
 1.63000000e-05  1.30836023e+00  1.63000000e-05  1.50000000e+00  5.00000000e-01 
 1.64000000e-05  1.30921211e+00  1.64000000e-05  1.50000000e+00  5.00000000e-01 
 1.65000000e-05  1.31006067e+00  1.65000000e-05  1.50000000e+00  5.00000000e-01 
 1.66000000e-05  1.31090597e+00  1.66000000e-05  1.50000000e+00  5.00000000e-01 
 1.67000000e-05  1.31174803e+00  1.67000000e-05  1.50000000e+00  5.00000000e-01 
 1.68000000e-05  1.31258689e+00  1.68000000e-05  1.50000000e+00  5.00000000e-01 
 1.69000000e-05  1.31342260e+00  1.69000000e-05  1.50000000e+00  5.00000000e-01 
 1.70000000e-05  1.31425520e+00  1.70000000e-05  1.50000000e+00  5.00000000e-01 
 1.71000000e-05  1.31508472e+00  1.71000000e-05  1.50000000e+00  5.00000000e-01 
 1.72000000e-05  1.31591119e+00  1.72000000e-05  1.50000000e+00  5.00000000e-01 
 1.73000000e-05  1.31673466e+00  1.73000000e-05  1.50000000e+00  5.00000000e-01 
 1.74000000e-05  1.31755516e+00  1.74000000e-05  1.50000000e+00  5.00000000e-01 
 1.75000000e-05  1.31837273e+00  1.75000000e-05  1.50000000e+00  5.00000000e-01 
 1.76000000e-05  1.31918739e+00  1.76000000e-05  1.50000000e+00  5.00000000e-01 
 1.77000000e-05  1.31999919e+00  1.77000000e-05  1.50000000e+00  5.00000000e-01 
 1.78000000e-05  1.32080815e+00  1.78000000e-05  1.50000000e+00  5.00000000e-01 
 1.79000000e-05  1.32161430e+00  1.79000000e-05  1.50000000e+00  5.00000000e-01 
 1.80000000e-05  1.32241769e+00  1.80000000e-05  1.50000000e+00  5.00000000e-01 
 1.81000000e-05  1.32321833e+00  1.81000000e-05  1.50000000e+00  5.00000000e-01 
 1.82000000e-05  1.32401626e+00  1.82000000e-05  1.50000000e+00  5.00000000e-01 
 1.83000000e-05  1.32481151e+00  1.83000000e-05  1.50000000e+00  5.00000000e-01 
 1.84000000e-05  1.32560411e+00  1.84000000e-05  1.50000000e+00  5.00000000e-01 
 1.85000000e-05  1.32639408e+00  1.85000000e-05  1.50000000e+00  5.00000000e-01 
 1.86000000e-05  1.32718146e+00  1.86000000e-05  1.50000000e+00  5.00000000e-01 
 1.87000000e-05  1.32796628e+00  1.87000000e-05  1.50000000e+00  5.00000000e-01 
 1.88000000e-05  1.32874855e+00  1.88000000e-05  1.50000000e+00  5.00000000e-01 
 1.89000000e-05  1.32952831e+00  1.89000000e-05  1.50000000e+00  5.00000000e-01 
 1.90000000e-05  1.33030558e+00  1.90000000e-05  1.50000000e+00  5.00000000e-01 
 1.91000000e-05  1.33108039e+00  1.91000000e-05  1.50000000e+00  5.00000000e-01 
 1.92000000e-05  1.33185276e+00  1.92000000e-05  1.50000000e+00  5.00000000e-01 
 1.93000000e-05  1.33262273e+00  1.93000000e-05  1.50000000e+00  5.00000000e-01 
 1.94000000e-05  1.33339030e+00  1.94000000e-05  1.50000000e+00  5.00000000e-01 
 1.95000000e-05  1.33415551e+00  1.95000000e-05  1.50000000e+00  5.00000000e-01 
 1.96000000e-05  1.33491839e+00  1.96000000e-05  1.50000000e+00  5.00000000e-01 
 1.97000000e-05  1.33567895e+00  1.97000000e-05  1.50000000e+00  5.00000000e-01 
 1.98000000e-05  1.33643721e+00  1.98000000e-05  1.50000000e+00  5.00000000e-01 
 1.99000000e-05  1.33719320e+00  1.99000000e-05  1.50000000e+00  5.00000000e-01 
 2.00000000e-05  1.33794695e+00  2.00000000e-05  1.50000000e+00  5.00000000e-01 
 2.01000000e-05  1.33869847e+00  2.01000000e-05  1.50000000e+00  5.00000000e-01 
 2.02000000e-05  1.33944778e+00  2.02000000e-05  1.50000000e+00  5.00000000e-01 
 2.03000000e-05  1.34019491e+00  2.03000000e-05  1.50000000e+00  5.00000000e-01 
 2.04000000e-05  1.34093988e+00  2.04000000e-05  1.50000000e+00  5.00000000e-01 
 2.05000000e-05  1.34168270e+00  2.05000000e-05  1.50000000e+00  5.00000000e-01 
 2.06000000e-05  1.34242341e+00  2.06000000e-05  1.50000000e+00  5.00000000e-01 
 2.07000000e-05  1.34316200e+00  2.07000000e-05  1.50000000e+00  5.00000000e-01 
 2.08000000e-05  1.34389852e+00  2.08000000e-05  1.50000000e+00  5.00000000e-01 
 2.09000000e-05  1.34463297e+00  2.09000000e-05  1.50000000e+00  5.00000000e-01 
 2.10000000e-05  1.34536537e+00  2.10000000e-05  1.50000000e+00  5.00000000e-01 
 2.11000000e-05  1.34609575e+00  2.11000000e-05  1.50000000e+00  5.00000000e-01 
 2.12000000e-05  1.34682412e+00  2.12000000e-05  1.50000000e+00  5.00000000e-01 
 2.13000000e-05  1.34755049e+00  2.13000000e-05  1.50000000e+00  5.00000000e-01 
 2.14000000e-05  1.34827490e+00  2.14000000e-05  1.50000000e+00  5.00000000e-01 
 2.15000000e-05  1.34899735e+00  2.15000000e-05  1.50000000e+00  5.00000000e-01 
 2.16000000e-05  1.34971786e+00  2.16000000e-05  1.50000000e+00  5.00000000e-01 
 2.17000000e-05  1.35043645e+00  2.17000000e-05  1.50000000e+00  5.00000000e-01 
 2.18000000e-05  1.35115313e+00  2.18000000e-05  1.50000000e+00  5.00000000e-01 
 2.19000000e-05  1.35186793e+00  2.19000000e-05  1.50000000e+00  5.00000000e-01 
 2.20000000e-05  1.35258086e+00  2.20000000e-05  1.50000000e+00  5.00000000e-01 
 2.21000000e-05  1.35329193e+00  2.21000000e-05  1.50000000e+00  5.00000000e-01 
 2.22000000e-05  1.35400116e+00  2.22000000e-05  1.50000000e+00  5.00000000e-01 
 2.23000000e-05  1.35470856e+00  2.23000000e-05  1.50000000e+00  5.00000000e-01 
 2.24000000e-05  1.35541416e+00  2.24000000e-05  1.50000000e+00  5.00000000e-01 
 2.25000000e-05  1.35611796e+00  2.25000000e-05  1.50000000e+00  5.00000000e-01 
 2.26000000e-05  1.35681998e+00  2.26000000e-05  1.50000000e+00  5.00000000e-01 
 2.27000000e-05  1.35752024e+00  2.27000000e-05  1.50000000e+00  5.00000000e-01 
 2.28000000e-05  1.35821875e+00  2.28000000e-05  1.50000000e+00  5.00000000e-01 
 2.29000000e-05  1.35891552e+00  2.29000000e-05  1.50000000e+00  5.00000000e-01 
 2.30000000e-05  1.35961057e+00  2.30000000e-05  1.50000000e+00  5.00000000e-01 
 2.31000000e-05  1.36030392e+00  2.31000000e-05  1.50000000e+00  5.00000000e-01 
 2.32000000e-05  1.36099557e+00  2.32000000e-05  1.50000000e+00  5.00000000e-01 
 2.33000000e-05  1.36168554e+00  2.33000000e-05  1.50000000e+00  5.00000000e-01 
 2.34000000e-05  1.36237384e+00  2.34000000e-05  1.50000000e+00  5.00000000e-01 
 2.35000000e-05  1.36306049e+00  2.35000000e-05  1.50000000e+00  5.00000000e-01 
 2.36000000e-05  1.36374550e+00  2.36000000e-05  1.50000000e+00  5.00000000e-01 
 2.37000000e-05  1.36442888e+00  2.37000000e-05  1.50000000e+00  5.00000000e-01 
 2.38000000e-05  1.36511064e+00  2.38000000e-05  1.50000000e+00  5.00000000e-01 
 2.39000000e-05  1.36579081e+00  2.39000000e-05  1.50000000e+00  5.00000000e-01 
 2.40000000e-05  1.36646938e+00  2.40000000e-05  1.50000000e+00  5.00000000e-01 
 2.41000000e-05  1.36714637e+00  2.41000000e-05  1.50000000e+00  5.00000000e-01 
 2.42000000e-05  1.36782180e+00  2.42000000e-05  1.50000000e+00  5.00000000e-01 
 2.43000000e-05  1.36849567e+00  2.43000000e-05  1.50000000e+00  5.00000000e-01 
 2.44000000e-05  1.36916800e+00  2.44000000e-05  1.50000000e+00  5.00000000e-01 
 2.45000000e-05  1.36983880e+00  2.45000000e-05  1.50000000e+00  5.00000000e-01 
 2.46000000e-05  1.37050808e+00  2.46000000e-05  1.50000000e+00  5.00000000e-01 
 2.47000000e-05  1.37117585e+00  2.47000000e-05  1.50000000e+00  5.00000000e-01 
 2.48000000e-05  1.37184212e+00  2.48000000e-05  1.50000000e+00  5.00000000e-01 
 2.49000000e-05  1.37250691e+00  2.49000000e-05  1.50000000e+00  5.00000000e-01 
 2.50000000e-05  1.37317022e+00  2.50000000e-05  1.50000000e+00  5.00000000e-01 
