 i-sweep         v(vout)         i(viin)         v(vgate)        v(vmid)        
-6.00000000e-06  5.49865499e-02 -6.00000000e-06  1.10000000e+00  1.60000000e+00 
-5.90000000e-06  5.84912817e-02 -5.90000000e-06  1.10000000e+00  1.60000000e+00 
-5.80000000e-06  6.20238338e-02 -5.80000000e-06  1.10000000e+00  1.60000000e+00 
-5.70000000e-06  6.55848931e-02 -5.70000000e-06  1.10000000e+00  1.60000000e+00 
-5.60000000e-06  6.91751748e-02 -5.60000000e-06  1.10000000e+00  1.60000000e+00 
-5.50000000e-06  7.27954251e-02 -5.50000000e-06  1.10000000e+00  1.60000000e+00 
-5.40000000e-06  7.64464224e-02 -5.40000000e-06  1.10000000e+00  1.60000000e+00 
-5.30000000e-06  8.01289799e-02 -5.30000000e-06  1.10000000e+00  1.60000000e+00 
-5.20000000e-06  8.38439473e-02 -5.20000000e-06  1.10000000e+00  1.60000000e+00 
-5.10000000e-06  8.75922139e-02 -5.10000000e-06  1.10000000e+00  1.60000000e+00 
-5.00000000e-06  9.13747109e-02 -5.00000000e-06  1.10000000e+00  1.60000000e+00 
-4.90000000e-06  9.51924145e-02 -4.90000000e-06  1.10000000e+00  1.60000000e+00 
-4.80000000e-06  9.90463490e-02 -4.80000000e-06  1.10000000e+00  1.60000000e+00 
-4.70000000e-06  1.02937590e-01 -4.70000000e-06  1.10000000e+00  1.60000000e+00 
-4.60000000e-06  1.06867271e-01 -4.60000000e-06  1.10000000e+00  1.60000000e+00 
-4.50000000e-06  1.10836581e-01 -4.50000000e-06  1.10000000e+00  1.60000000e+00 
-4.40000000e-06  1.14846778e-01 -4.40000000e-06  1.10000000e+00  1.60000000e+00 
-4.30000000e-06  1.18899187e-01 -4.30000000e-06  1.10000000e+00  1.60000000e+00 
-4.20000000e-06  1.22995211e-01 -4.20000000e-06  1.10000000e+00  1.60000000e+00 
-4.10000000e-06  1.27136335e-01 -4.10000000e-06  1.10000000e+00  1.60000000e+00 
-4.00000000e-06  1.31324132e-01 -4.00000000e-06  1.10000000e+00  1.60000000e+00 
-3.90000000e-06  1.35560274e-01 -3.90000000e-06  1.10000000e+00  1.60000000e+00 
-3.80000000e-06  1.39846541e-01 -3.80000000e-06  1.10000000e+00  1.60000000e+00 
-3.70000000e-06  1.44184830e-01 -3.70000000e-06  1.10000000e+00  1.60000000e+00 
-3.60000000e-06  1.48577165e-01 -3.60000000e-06  1.10000000e+00  1.60000000e+00 
-3.50000000e-06  1.53025716e-01 -3.50000000e-06  1.10000000e+00  1.60000000e+00 
-3.40000000e-06  1.57532810e-01 -3.40000000e-06  1.10000000e+00  1.60000000e+00 
-3.30000000e-06  1.62100948e-01 -3.30000000e-06  1.10000000e+00  1.60000000e+00 
-3.20000000e-06  1.66732828e-01 -3.20000000e-06  1.10000000e+00  1.60000000e+00 
-3.10000000e-06  1.71431368e-01 -3.10000000e-06  1.10000000e+00  1.60000000e+00 
-3.00000000e-06  1.76199728e-01 -3.00000000e-06  1.10000000e+00  1.60000000e+00 
-2.90000000e-06  1.81041350e-01 -2.90000000e-06  1.10000000e+00  1.60000000e+00 
-2.80000000e-06  1.85959988e-01 -2.80000000e-06  1.10000000e+00  1.60000000e+00 
-2.70000000e-06  1.90959752e-01 -2.70000000e-06  1.10000000e+00  1.60000000e+00 
-2.60000000e-06  1.96045164e-01 -2.60000000e-06  1.10000000e+00  1.60000000e+00 
-2.50000000e-06  2.01221216e-01 -2.50000000e-06  1.10000000e+00  1.60000000e+00 
-2.40000000e-06  2.06493445e-01 -2.40000000e-06  1.10000000e+00  1.60000000e+00 
-2.30000000e-06  2.11868021e-01 -2.30000000e-06  1.10000000e+00  1.60000000e+00 
-2.20000000e-06  2.17351857e-01 -2.20000000e-06  1.10000000e+00  1.60000000e+00 
-2.10000000e-06  2.22952744e-01 -2.10000000e-06  1.10000000e+00  1.60000000e+00 
-2.00000000e-06  2.28679515e-01 -2.00000000e-06  1.10000000e+00  1.60000000e+00 
-1.90000000e-06  2.34542254e-01 -1.90000000e-06  1.10000000e+00  1.60000000e+00 
-1.80000000e-06  2.40552557e-01 -1.80000000e-06  1.10000000e+00  1.60000000e+00 
-1.70000000e-06  2.46723873e-01 -1.70000000e-06  1.10000000e+00  1.60000000e+00 
-1.60000000e-06  2.53071937e-01 -1.60000000e-06  1.10000000e+00  1.60000000e+00 
-1.50000000e-06  2.59615349e-01 -1.50000000e-06  1.10000000e+00  1.60000000e+00 
-1.40000000e-06  2.66376342e-01 -1.40000000e-06  1.10000000e+00  1.60000000e+00 
-1.30000000e-06  2.73381834e-01 -1.30000000e-06  1.10000000e+00  1.60000000e+00 
-1.20000000e-06  2.80664677e-01 -1.20000000e-06  1.10000000e+00  1.60000000e+00 
-1.10000000e-06  2.88266584e-01 -1.10000000e-06  1.10000000e+00  1.60000000e+00 
-1.00000000e-06  2.96239939e-01 -1.00000000e-06  1.10000000e+00  1.60000000e+00 
-9.00000000e-07  3.04653275e-01 -9.00000000e-07  1.10000000e+00  1.60000000e+00 
-8.00000000e-07  3.13598781e-01 -8.00000000e-07  1.10000000e+00  1.60000000e+00 
-7.00000000e-07  3.23203043e-01 -7.00000000e-07  1.10000000e+00  1.60000000e+00 
-6.00000000e-07  3.33650428e-01 -6.00000000e-07  1.10000000e+00  1.60000000e+00 
-5.00000000e-07  3.45222497e-01 -5.00000000e-07  1.10000000e+00  1.60000000e+00 
-4.00000000e-07  3.58384109e-01 -4.00000000e-07  1.10000000e+00  1.60000000e+00 
-3.00000000e-07  3.73992895e-01 -3.00000000e-07  1.10000000e+00  1.60000000e+00 
-2.00000000e-07  3.93940700e-01 -2.00000000e-07  1.10000000e+00  1.60000000e+00 
-1.00000000e-07  4.24148636e-01 -1.00000000e-07  1.10000000e+00  1.60000000e+00 
-5.71747239e-21  8.94349812e-01 -5.71747239e-21  1.10000000e+00  1.60000000e+00 
 1.00000000e-07  1.36372243e+00  1.00000000e-07  1.10000000e+00  1.60000000e+00 
 2.00000000e-07  1.39599391e+00  2.00000000e-07  1.10000000e+00  1.60000000e+00 
 3.00000000e-07  1.41478909e+00  3.00000000e-07  1.10000000e+00  1.60000000e+00 
 4.00000000e-07  1.42817165e+00  4.00000000e-07  1.10000000e+00  1.60000000e+00 
 5.00000000e-07  1.43864499e+00  5.00000000e-07  1.10000000e+00  1.60000000e+00 
 6.00000000e-07  1.44725008e+00  6.00000000e-07  1.10000000e+00  1.60000000e+00 
 7.00000000e-07  1.45461084e+00  7.00000000e-07  1.10000000e+00  1.60000000e+00 
 8.00000000e-07  1.46106281e+00  8.00000000e-07  1.10000000e+00  1.60000000e+00 
 9.00000000e-07  1.46682293e+00  9.00000000e-07  1.10000000e+00  1.60000000e+00 
 1.00000000e-06  1.47203901e+00  1.00000000e-06  1.10000000e+00  1.60000000e+00 
 1.10000000e-06  1.47681607e+00  1.10000000e-06  1.10000000e+00  1.60000000e+00 
 1.20000000e-06  1.48123130e+00  1.20000000e-06  1.10000000e+00  1.60000000e+00 
 1.30000000e-06  1.48534311e+00  1.30000000e-06  1.10000000e+00  1.60000000e+00 
 1.40000000e-06  1.48919672e+00  1.40000000e-06  1.10000000e+00  1.60000000e+00 
 1.50000000e-06  1.49284190e+00  1.50000000e-06  1.10000000e+00  1.60000000e+00 
 1.60000000e-06  1.49627478e+00  1.60000000e-06  1.10000000e+00  1.60000000e+00 
 1.70000000e-06  1.49953890e+00  1.70000000e-06  1.10000000e+00  1.60000000e+00 
 1.80000000e-06  1.50265309e+00  1.80000000e-06  1.10000000e+00  1.60000000e+00 
 1.90000000e-06  1.50563322e+00  1.90000000e-06  1.10000000e+00  1.60000000e+00 
 2.00000000e-06  1.50849278e+00  2.00000000e-06  1.10000000e+00  1.60000000e+00 
 2.10000000e-06  1.51124328e+00  2.10000000e-06  1.10000000e+00  1.60000000e+00 
 2.20000000e-06  1.51389466e+00  2.20000000e-06  1.10000000e+00  1.60000000e+00 
 2.30000000e-06  1.51645554e+00  2.30000000e-06  1.10000000e+00  1.60000000e+00 
 2.40000000e-06  1.51893346e+00  2.40000000e-06  1.10000000e+00  1.60000000e+00 
 2.50000000e-06  1.52133503e+00  2.50000000e-06  1.10000000e+00  1.60000000e+00 
 2.60000000e-06  1.52366609e+00  2.60000000e-06  1.10000000e+00  1.60000000e+00 
 2.70000000e-06  1.52593181e+00  2.70000000e-06  1.10000000e+00  1.60000000e+00 
 2.80000000e-06  1.52813682e+00  2.80000000e-06  1.10000000e+00  1.60000000e+00 
 2.90000000e-06  1.53028525e+00  2.90000000e-06  1.10000000e+00  1.60000000e+00 
 3.00000000e-06  1.53238080e+00  3.00000000e-06  1.10000000e+00  1.60000000e+00 
 3.10000000e-06  1.53442685e+00  3.10000000e-06  1.10000000e+00  1.60000000e+00 
 3.20000000e-06  1.53642641e+00  3.20000000e-06  1.10000000e+00  1.60000000e+00 
 3.30000000e-06  1.53838224e+00  3.30000000e-06  1.10000000e+00  1.60000000e+00 
 3.40000000e-06  1.54029686e+00  3.40000000e-06  1.10000000e+00  1.60000000e+00 
 3.50000000e-06  1.54217256e+00  3.50000000e-06  1.10000000e+00  1.60000000e+00 
 3.60000000e-06  1.54401143e+00  3.60000000e-06  1.10000000e+00  1.60000000e+00 
 3.70000000e-06  1.54581540e+00  3.70000000e-06  1.10000000e+00  1.60000000e+00 
 3.80000000e-06  1.54758626e+00  3.80000000e-06  1.10000000e+00  1.60000000e+00 
 3.90000000e-06  1.54932564e+00  3.90000000e-06  1.10000000e+00  1.60000000e+00 
 4.00000000e-06  1.55103506e+00  4.00000000e-06  1.10000000e+00  1.60000000e+00 
 4.10000000e-06  1.55271592e+00  4.10000000e-06  1.10000000e+00  1.60000000e+00 
 4.20000000e-06  1.55436953e+00  4.20000000e-06  1.10000000e+00  1.60000000e+00 
 4.30000000e-06  1.55599710e+00  4.30000000e-06  1.10000000e+00  1.60000000e+00 
 4.40000000e-06  1.55759976e+00  4.40000000e-06  1.10000000e+00  1.60000000e+00 
 4.50000000e-06  1.55917856e+00  4.50000000e-06  1.10000000e+00  1.60000000e+00 
 4.60000000e-06  1.56073451e+00  4.60000000e-06  1.10000000e+00  1.60000000e+00 
 4.70000000e-06  1.56226851e+00  4.70000000e-06  1.10000000e+00  1.60000000e+00 
 4.80000000e-06  1.56378144e+00  4.80000000e-06  1.10000000e+00  1.60000000e+00 
 4.90000000e-06  1.56528428e+00  4.90000000e-06  1.10000000e+00  1.60000000e+00 
 5.00000000e-06  1.56675633e+00  5.00000000e-06  1.10000000e+00  1.60000000e+00 
 5.10000000e-06  1.56820974e+00  5.10000000e-06  1.10000000e+00  1.60000000e+00 
 5.20000000e-06  1.56964517e+00  5.20000000e-06  1.10000000e+00  1.60000000e+00 
 5.30000000e-06  1.57106325e+00  5.30000000e-06  1.10000000e+00  1.60000000e+00 
 5.40000000e-06  1.57246458e+00  5.40000000e-06  1.10000000e+00  1.60000000e+00 
 5.50000000e-06  1.57384971e+00  5.50000000e-06  1.10000000e+00  1.60000000e+00 
 5.60000000e-06  1.57521918e+00  5.60000000e-06  1.10000000e+00  1.60000000e+00 
 5.70000000e-06  1.57657350e+00  5.70000000e-06  1.10000000e+00  1.60000000e+00 
 5.80000000e-06  1.57791315e+00  5.80000000e-06  1.10000000e+00  1.60000000e+00 
 5.90000000e-06  1.57923859e+00  5.90000000e-06  1.10000000e+00  1.60000000e+00 
 6.00000000e-06  1.58055025e+00  6.00000000e-06  1.10000000e+00  1.60000000e+00 
