 i-sweep         v(vout)         i(viin)         v(vgate)        v(vmid)        
-6.00000000e-06  2.64352702e-01 -6.00000000e-06  1.80000000e+00  4.00000000e-01 
-5.90000000e-06  2.66447295e-01 -5.90000000e-06  1.80000000e+00  4.00000000e-01 
-5.80000000e-06  2.68546603e-01 -5.80000000e-06  1.80000000e+00  4.00000000e-01 
-5.70000000e-06  2.70650664e-01 -5.70000000e-06  1.80000000e+00  4.00000000e-01 
-5.60000000e-06  2.72759516e-01 -5.60000000e-06  1.80000000e+00  4.00000000e-01 
-5.50000000e-06  2.74873198e-01 -5.50000000e-06  1.80000000e+00  4.00000000e-01 
-5.40000000e-06  2.76991750e-01 -5.40000000e-06  1.80000000e+00  4.00000000e-01 
-5.30000000e-06  2.79115211e-01 -5.30000000e-06  1.80000000e+00  4.00000000e-01 
-5.20000000e-06  2.81243622e-01 -5.20000000e-06  1.80000000e+00  4.00000000e-01 
-5.10000000e-06  2.83377025e-01 -5.10000000e-06  1.80000000e+00  4.00000000e-01 
-5.00000000e-06  2.85515460e-01 -5.00000000e-06  1.80000000e+00  4.00000000e-01 
-4.90000000e-06  2.87658971e-01 -4.90000000e-06  1.80000000e+00  4.00000000e-01 
-4.80000000e-06  2.89807600e-01 -4.80000000e-06  1.80000000e+00  4.00000000e-01 
-4.70000000e-06  2.91961390e-01 -4.70000000e-06  1.80000000e+00  4.00000000e-01 
-4.60000000e-06  2.94120387e-01 -4.60000000e-06  1.80000000e+00  4.00000000e-01 
-4.50000000e-06  2.96284635e-01 -4.50000000e-06  1.80000000e+00  4.00000000e-01 
-4.40000000e-06  2.98454179e-01 -4.40000000e-06  1.80000000e+00  4.00000000e-01 
-4.30000000e-06  3.00629066e-01 -4.30000000e-06  1.80000000e+00  4.00000000e-01 
-4.20000000e-06  3.02809343e-01 -4.20000000e-06  1.80000000e+00  4.00000000e-01 
-4.10000000e-06  3.04995057e-01 -4.10000000e-06  1.80000000e+00  4.00000000e-01 
-4.00000000e-06  3.07186257e-01 -4.00000000e-06  1.80000000e+00  4.00000000e-01 
-3.90000000e-06  3.09382992e-01 -3.90000000e-06  1.80000000e+00  4.00000000e-01 
-3.80000000e-06  3.11585312e-01 -3.80000000e-06  1.80000000e+00  4.00000000e-01 
-3.70000000e-06  3.13793267e-01 -3.70000000e-06  1.80000000e+00  4.00000000e-01 
-3.60000000e-06  3.16006909e-01 -3.60000000e-06  1.80000000e+00  4.00000000e-01 
-3.50000000e-06  3.18226291e-01 -3.50000000e-06  1.80000000e+00  4.00000000e-01 
-3.40000000e-06  3.20451465e-01 -3.40000000e-06  1.80000000e+00  4.00000000e-01 
-3.30000000e-06  3.22682486e-01 -3.30000000e-06  1.80000000e+00  4.00000000e-01 
-3.20000000e-06  3.24919408e-01 -3.20000000e-06  1.80000000e+00  4.00000000e-01 
-3.10000000e-06  3.27162287e-01 -3.10000000e-06  1.80000000e+00  4.00000000e-01 
-3.00000000e-06  3.29411180e-01 -3.00000000e-06  1.80000000e+00  4.00000000e-01 
-2.90000000e-06  3.31666144e-01 -2.90000000e-06  1.80000000e+00  4.00000000e-01 
-2.80000000e-06  3.33927239e-01 -2.80000000e-06  1.80000000e+00  4.00000000e-01 
-2.70000000e-06  3.36194523e-01 -2.70000000e-06  1.80000000e+00  4.00000000e-01 
-2.60000000e-06  3.38468057e-01 -2.60000000e-06  1.80000000e+00  4.00000000e-01 
-2.50000000e-06  3.40747903e-01 -2.50000000e-06  1.80000000e+00  4.00000000e-01 
-2.40000000e-06  3.43034124e-01 -2.40000000e-06  1.80000000e+00  4.00000000e-01 
-2.30000000e-06  3.45326782e-01 -2.30000000e-06  1.80000000e+00  4.00000000e-01 
-2.20000000e-06  3.47625944e-01 -2.20000000e-06  1.80000000e+00  4.00000000e-01 
-2.10000000e-06  3.49931674e-01 -2.10000000e-06  1.80000000e+00  4.00000000e-01 
-2.00000000e-06  3.52244041e-01 -2.00000000e-06  1.80000000e+00  4.00000000e-01 
-1.90000000e-06  3.54563112e-01 -1.90000000e-06  1.80000000e+00  4.00000000e-01 
-1.80000000e-06  3.56888957e-01 -1.80000000e-06  1.80000000e+00  4.00000000e-01 
-1.70000000e-06  3.59221647e-01 -1.70000000e-06  1.80000000e+00  4.00000000e-01 
-1.60000000e-06  3.61561253e-01 -1.60000000e-06  1.80000000e+00  4.00000000e-01 
-1.50000000e-06  3.63907850e-01 -1.50000000e-06  1.80000000e+00  4.00000000e-01 
-1.40000000e-06  3.66261512e-01 -1.40000000e-06  1.80000000e+00  4.00000000e-01 
-1.30000000e-06  3.68622315e-01 -1.30000000e-06  1.80000000e+00  4.00000000e-01 
-1.20000000e-06  3.70990337e-01 -1.20000000e-06  1.80000000e+00  4.00000000e-01 
-1.10000000e-06  3.73365657e-01 -1.10000000e-06  1.80000000e+00  4.00000000e-01 
-1.00000000e-06  3.75748354e-01 -1.00000000e-06  1.80000000e+00  4.00000000e-01 
-9.00000000e-07  3.78138513e-01 -9.00000000e-07  1.80000000e+00  4.00000000e-01 
-8.00000000e-07  3.80536215e-01 -8.00000000e-07  1.80000000e+00  4.00000000e-01 
-7.00000000e-07  3.82941547e-01 -7.00000000e-07  1.80000000e+00  4.00000000e-01 
-6.00000000e-07  3.85354595e-01 -6.00000000e-07  1.80000000e+00  4.00000000e-01 
-5.00000000e-07  3.87775449e-01 -5.00000000e-07  1.80000000e+00  4.00000000e-01 
-4.00000000e-07  3.90204198e-01 -4.00000000e-07  1.80000000e+00  4.00000000e-01 
-3.00000000e-07  3.92640935e-01 -3.00000000e-07  1.80000000e+00  4.00000000e-01 
-2.00000000e-07  3.95085754e-01 -2.00000000e-07  1.80000000e+00  4.00000000e-01 
-1.00000000e-07  3.97538751e-01 -1.00000000e-07  1.80000000e+00  4.00000000e-01 
-5.71747239e-21  4.00000025e-01 -5.71747239e-21  1.80000000e+00  4.00000000e-01 
 1.00000000e-07  4.02470212e-01  1.00000000e-07  1.80000000e+00  4.00000000e-01 
 2.00000000e-07  4.04949957e-01  2.00000000e-07  1.80000000e+00  4.00000000e-01 
 3.00000000e-07  4.07439367e-01  3.00000000e-07  1.80000000e+00  4.00000000e-01 
 4.00000000e-07  4.09938556e-01  4.00000000e-07  1.80000000e+00  4.00000000e-01 
 5.00000000e-07  4.12447636e-01  5.00000000e-07  1.80000000e+00  4.00000000e-01 
 6.00000000e-07  4.14966723e-01  6.00000000e-07  1.80000000e+00  4.00000000e-01 
 7.00000000e-07  4.17495937e-01  7.00000000e-07  1.80000000e+00  4.00000000e-01 
 8.00000000e-07  4.20035397e-01  8.00000000e-07  1.80000000e+00  4.00000000e-01 
 9.00000000e-07  4.22585226e-01  9.00000000e-07  1.80000000e+00  4.00000000e-01 
 1.00000000e-06  4.25145550e-01  1.00000000e-06  1.80000000e+00  4.00000000e-01 
 1.10000000e-06  4.27716497e-01  1.10000000e-06  1.80000000e+00  4.00000000e-01 
 1.20000000e-06  4.30298198e-01  1.20000000e-06  1.80000000e+00  4.00000000e-01 
 1.30000000e-06  4.32890786e-01  1.30000000e-06  1.80000000e+00  4.00000000e-01 
 1.40000000e-06  4.35494396e-01  1.40000000e-06  1.80000000e+00  4.00000000e-01 
 1.50000000e-06  4.38109169e-01  1.50000000e-06  1.80000000e+00  4.00000000e-01 
 1.60000000e-06  4.40735246e-01  1.60000000e-06  1.80000000e+00  4.00000000e-01 
 1.70000000e-06  4.43372771e-01  1.70000000e-06  1.80000000e+00  4.00000000e-01 
 1.80000000e-06  4.46021894e-01  1.80000000e-06  1.80000000e+00  4.00000000e-01 
 1.90000000e-06  4.48682765e-01  1.90000000e-06  1.80000000e+00  4.00000000e-01 
 2.00000000e-06  4.51355539e-01  2.00000000e-06  1.80000000e+00  4.00000000e-01 
 2.10000000e-06  4.54040373e-01  2.10000000e-06  1.80000000e+00  4.00000000e-01 
 2.20000000e-06  4.56737431e-01  2.20000000e-06  1.80000000e+00  4.00000000e-01 
 2.30000000e-06  4.59446876e-01  2.30000000e-06  1.80000000e+00  4.00000000e-01 
 2.40000000e-06  4.62168878e-01  2.40000000e-06  1.80000000e+00  4.00000000e-01 
 2.50000000e-06  4.64903609e-01  2.50000000e-06  1.80000000e+00  4.00000000e-01 
 2.60000000e-06  4.67651247e-01  2.60000000e-06  1.80000000e+00  4.00000000e-01 
 2.70000000e-06  4.70411972e-01  2.70000000e-06  1.80000000e+00  4.00000000e-01 
 2.80000000e-06  4.73185969e-01  2.80000000e-06  1.80000000e+00  4.00000000e-01 
 2.90000000e-06  4.75973429e-01  2.90000000e-06  1.80000000e+00  4.00000000e-01 
 3.00000000e-06  4.78774544e-01  3.00000000e-06  1.80000000e+00  4.00000000e-01 
 3.10000000e-06  4.81589515e-01  3.10000000e-06  1.80000000e+00  4.00000000e-01 
 3.20000000e-06  4.84418545e-01  3.20000000e-06  1.80000000e+00  4.00000000e-01 
 3.30000000e-06  4.87261842e-01  3.30000000e-06  1.80000000e+00  4.00000000e-01 
 3.40000000e-06  4.90119621e-01  3.40000000e-06  1.80000000e+00  4.00000000e-01 
 3.50000000e-06  4.92992101e-01  3.50000000e-06  1.80000000e+00  4.00000000e-01 
 3.60000000e-06  4.95879508e-01  3.60000000e-06  1.80000000e+00  4.00000000e-01 
 3.70000000e-06  4.98782071e-01  3.70000000e-06  1.80000000e+00  4.00000000e-01 
 3.80000000e-06  5.01700027e-01  3.80000000e-06  1.80000000e+00  4.00000000e-01 
 3.90000000e-06  5.04633620e-01  3.90000000e-06  1.80000000e+00  4.00000000e-01 
 4.00000000e-06  5.07583100e-01  4.00000000e-06  1.80000000e+00  4.00000000e-01 
 4.10000000e-06  5.10548721e-01  4.10000000e-06  1.80000000e+00  4.00000000e-01 
 4.20000000e-06  5.13530748e-01  4.20000000e-06  1.80000000e+00  4.00000000e-01 
 4.30000000e-06  5.16529450e-01  4.30000000e-06  1.80000000e+00  4.00000000e-01 
 4.40000000e-06  5.19545106e-01  4.40000000e-06  1.80000000e+00  4.00000000e-01 
 4.50000000e-06  5.22578001e-01  4.50000000e-06  1.80000000e+00  4.00000000e-01 
 4.60000000e-06  5.25628429e-01  4.60000000e-06  1.80000000e+00  4.00000000e-01 
 4.70000000e-06  5.28696692e-01  4.70000000e-06  1.80000000e+00  4.00000000e-01 
 4.80000000e-06  5.31783100e-01  4.80000000e-06  1.80000000e+00  4.00000000e-01 
 4.90000000e-06  5.34887975e-01  4.90000000e-06  1.80000000e+00  4.00000000e-01 
 5.00000000e-06  5.38011645e-01  5.00000000e-06  1.80000000e+00  4.00000000e-01 
 5.10000000e-06  5.41154449e-01  5.10000000e-06  1.80000000e+00  4.00000000e-01 
 5.20000000e-06  5.44316739e-01  5.20000000e-06  1.80000000e+00  4.00000000e-01 
 5.30000000e-06  5.47498873e-01  5.30000000e-06  1.80000000e+00  4.00000000e-01 
 5.40000000e-06  5.50701225e-01  5.40000000e-06  1.80000000e+00  4.00000000e-01 
 5.50000000e-06  5.53924177e-01  5.50000000e-06  1.80000000e+00  4.00000000e-01 
 5.60000000e-06  5.57168125e-01  5.60000000e-06  1.80000000e+00  4.00000000e-01 
 5.70000000e-06  5.60433478e-01  5.70000000e-06  1.80000000e+00  4.00000000e-01 
 5.80000000e-06  5.63720658e-01  5.80000000e-06  1.80000000e+00  4.00000000e-01 
 5.90000000e-06  5.67030101e-01  5.90000000e-06  1.80000000e+00  4.00000000e-01 
 6.00000000e-06  5.70362258e-01  6.00000000e-06  1.80000000e+00  4.00000000e-01 
