 i-sweep         v(vout)         i(viin)         v(vgate)        v(vmid)        
 0.00000000e+00  2.00000062e-01  0.00000000e+00  1.20000000e+00  2.00000000e-01 
 1.00000000e-07  2.04454459e-01  1.00000000e-07  1.20000000e+00  2.00000000e-01 
 2.00000000e-07  2.08995225e-01  2.00000000e-07  1.20000000e+00  2.00000000e-01 
 3.00000000e-07  2.13597713e-01  3.00000000e-07  1.20000000e+00  2.00000000e-01 
 4.00000000e-07  2.18264095e-01  4.00000000e-07  1.20000000e+00  2.00000000e-01 
 5.00000000e-07  2.22997056e-01  5.00000000e-07  1.20000000e+00  2.00000000e-01 
 6.00000000e-07  2.27799486e-01  6.00000000e-07  1.20000000e+00  2.00000000e-01 
 7.00000000e-07  2.32674483e-01  7.00000000e-07  1.20000000e+00  2.00000000e-01 
 8.00000000e-07  2.37625386e-01  8.00000000e-07  1.20000000e+00  2.00000000e-01 
 9.00000000e-07  2.42655796e-01  9.00000000e-07  1.20000000e+00  2.00000000e-01 
 1.00000000e-06  2.47769605e-01  1.00000000e-06  1.20000000e+00  2.00000000e-01 
 1.10000000e-06  2.52971034e-01  1.10000000e-06  1.20000000e+00  2.00000000e-01 
 1.20000000e-06  2.58264670e-01  1.20000000e-06  1.20000000e+00  2.00000000e-01 
 1.30000000e-06  2.63655512e-01  1.30000000e-06  1.20000000e+00  2.00000000e-01 
 1.40000000e-06  2.69149026e-01  1.40000000e-06  1.20000000e+00  2.00000000e-01 
 1.50000000e-06  2.74751207e-01  1.50000000e-06  1.20000000e+00  2.00000000e-01 
 1.60000000e-06  2.80468652e-01  1.60000000e-06  1.20000000e+00  2.00000000e-01 
 1.70000000e-06  2.86308653e-01  1.70000000e-06  1.20000000e+00  2.00000000e-01 
 1.80000000e-06  2.92279294e-01  1.80000000e-06  1.20000000e+00  2.00000000e-01 
 1.90000000e-06  2.98389585e-01  1.90000000e-06  1.20000000e+00  2.00000000e-01 
 2.00000000e-06  3.04649611e-01  2.00000000e-06  1.20000000e+00  2.00000000e-01 
 2.10000000e-06  3.11070723e-01  2.10000000e-06  1.20000000e+00  2.00000000e-01 
 2.20000000e-06  3.17665766e-01  2.20000000e-06  1.20000000e+00  2.00000000e-01 
 2.30000000e-06  3.24449369e-01  2.30000000e-06  1.20000000e+00  2.00000000e-01 
 2.40000000e-06  3.31438309e-01  2.40000000e-06  1.20000000e+00  2.00000000e-01 
 2.50000000e-06  3.38651976e-01  2.50000000e-06  1.20000000e+00  2.00000000e-01 
 2.60000000e-06  3.46112967e-01  2.60000000e-06  1.20000000e+00  2.00000000e-01 
 2.70000000e-06  3.53847879e-01  2.70000000e-06  1.20000000e+00  2.00000000e-01 
 2.80000000e-06  3.61888353e-01  2.80000000e-06  1.20000000e+00  2.00000000e-01 
 2.90000000e-06  3.70272499e-01  2.90000000e-06  1.20000000e+00  2.00000000e-01 
 3.00000000e-06  3.79046877e-01  3.00000000e-06  1.20000000e+00  2.00000000e-01 
 3.10000000e-06  3.88269309e-01  3.10000000e-06  1.20000000e+00  2.00000000e-01 
 3.20000000e-06  3.98012998e-01  3.20000000e-06  1.20000000e+00  2.00000000e-01 
 3.30000000e-06  4.08372750e-01  3.30000000e-06  1.20000000e+00  2.00000000e-01 
 3.40000000e-06  4.19907128e-01  3.40000000e-06  1.20000000e+00  2.00000000e-01 
 3.50000000e-06  4.32039189e-01  3.50000000e-06  1.20000000e+00  2.00000000e-01 
 3.60000000e-06  4.45393218e-01  3.60000000e-06  1.20000000e+00  2.00000000e-01 
 3.70000000e-06  4.60392658e-01  3.70000000e-06  1.20000000e+00  2.00000000e-01 
 3.80000000e-06  4.77754036e-01  3.80000000e-06  1.20000000e+00  2.00000000e-01 
 3.90000000e-06  4.98846315e-01  3.90000000e-06  1.20000000e+00  2.00000000e-01 
 4.00000000e-06  5.26823044e-01  4.00000000e-06  1.20000000e+00  2.00000000e-01 
 4.10000000e-06  5.72639264e-01  4.10000000e-06  1.20000000e+00  2.00000000e-01 
 4.20000000e-06  7.11341025e-01  4.20000000e-06  1.20000000e+00  2.00000000e-01 
 4.30000000e-06  9.81463739e-01  4.30000000e-06  1.20000000e+00  2.00000000e-01 
 4.40000000e-06  1.03252287e+00  4.40000000e-06  1.20000000e+00  2.00000000e-01 
 4.50000000e-06  1.05630892e+00  4.50000000e-06  1.20000000e+00  2.00000000e-01 
 4.60000000e-06  1.07197566e+00  4.60000000e-06  1.20000000e+00  2.00000000e-01 
 4.70000000e-06  1.08394089e+00  4.70000000e-06  1.20000000e+00  2.00000000e-01 
 4.80000000e-06  1.09457103e+00  4.80000000e-06  1.20000000e+00  2.00000000e-01 
 4.90000000e-06  1.10220509e+00  4.90000000e-06  1.20000000e+00  2.00000000e-01 
 5.00000000e-06  1.10912334e+00  5.00000000e-06  1.20000000e+00  2.00000000e-01 
 5.10000000e-06  1.11523022e+00  5.10000000e-06  1.20000000e+00  2.00000000e-01 
 5.20000000e-06  1.12074248e+00  5.20000000e-06  1.20000000e+00  2.00000000e-01 
 5.30000000e-06  1.12577220e+00  5.30000000e-06  1.20000000e+00  2.00000000e-01 
 5.40000000e-06  1.13040672e+00  5.40000000e-06  1.20000000e+00  2.00000000e-01 
 5.50000000e-06  1.13471125e+00  5.50000000e-06  1.20000000e+00  2.00000000e-01 
 5.60000000e-06  1.13873614e+00  5.60000000e-06  1.20000000e+00  2.00000000e-01 
 5.70000000e-06  1.14252101e+00  5.70000000e-06  1.20000000e+00  2.00000000e-01 
 5.80000000e-06  1.14609760e+00  5.80000000e-06  1.20000000e+00  2.00000000e-01 
 5.90000000e-06  1.14949168e+00  5.90000000e-06  1.20000000e+00  2.00000000e-01 
 6.00000000e-06  1.15272452e+00  6.00000000e-06  1.20000000e+00  2.00000000e-01 
 6.10000000e-06  1.15581381e+00  6.10000000e-06  1.20000000e+00  2.00000000e-01 
 6.20000000e-06  1.15877447e+00  6.20000000e-06  1.20000000e+00  2.00000000e-01 
 6.30000000e-06  1.16161917e+00  6.30000000e-06  1.20000000e+00  2.00000000e-01 
 6.40000000e-06  1.16435878e+00  6.40000000e-06  1.20000000e+00  2.00000000e-01 
 6.50000000e-06  1.16700267e+00  6.50000000e-06  1.20000000e+00  2.00000000e-01 
 6.60000000e-06  1.16955901e+00  6.60000000e-06  1.20000000e+00  2.00000000e-01 
 6.70000000e-06  1.17203493e+00  6.70000000e-06  1.20000000e+00  2.00000000e-01 
 6.80000000e-06  1.17443672e+00  6.80000000e-06  1.20000000e+00  2.00000000e-01 
 6.90000000e-06  1.17676994e+00  6.90000000e-06  1.20000000e+00  2.00000000e-01 
 7.00000000e-06  1.17903953e+00  7.00000000e-06  1.20000000e+00  2.00000000e-01 
 7.10000000e-06  1.18124991e+00  7.10000000e-06  1.20000000e+00  2.00000000e-01 
 7.20000000e-06  1.18340503e+00  7.20000000e-06  1.20000000e+00  2.00000000e-01 
 7.30000000e-06  1.18550846e+00  7.30000000e-06  1.20000000e+00  2.00000000e-01 
 7.40000000e-06  1.18756342e+00  7.40000000e-06  1.20000000e+00  2.00000000e-01 
 7.50000000e-06  1.18957284e+00  7.50000000e-06  1.20000000e+00  2.00000000e-01 
 7.60000000e-06  1.19153936e+00  7.60000000e-06  1.20000000e+00  2.00000000e-01 
 7.70000000e-06  1.19346542e+00  7.70000000e-06  1.20000000e+00  2.00000000e-01 
 7.80000000e-06  1.19535322e+00  7.80000000e-06  1.20000000e+00  2.00000000e-01 
 7.90000000e-06  1.19720482e+00  7.90000000e-06  1.20000000e+00  2.00000000e-01 
 8.00000000e-06  1.19902206e+00  8.00000000e-06  1.20000000e+00  2.00000000e-01 
 8.10000000e-06  1.20080669e+00  8.10000000e-06  1.20000000e+00  2.00000000e-01 
 8.20000000e-06  1.20256029e+00  8.20000000e-06  1.20000000e+00  2.00000000e-01 
 8.30000000e-06  1.20428434e+00  8.30000000e-06  1.20000000e+00  2.00000000e-01 
 8.40000000e-06  1.20598021e+00  8.40000000e-06  1.20000000e+00  2.00000000e-01 
 8.50000000e-06  1.20764916e+00  8.50000000e-06  1.20000000e+00  2.00000000e-01 
 8.60000000e-06  1.20929238e+00  8.60000000e-06  1.20000000e+00  2.00000000e-01 
 8.70000000e-06  1.21091098e+00  8.70000000e-06  1.20000000e+00  2.00000000e-01 
 8.80000000e-06  1.21250599e+00  8.80000000e-06  1.20000000e+00  2.00000000e-01 
 8.90000000e-06  1.21407837e+00  8.90000000e-06  1.20000000e+00  2.00000000e-01 
 9.00000000e-06  1.21562902e+00  9.00000000e-06  1.20000000e+00  2.00000000e-01 
 9.10000000e-06  1.21715881e+00  9.10000000e-06  1.20000000e+00  2.00000000e-01 
 9.20000000e-06  1.21866851e+00  9.20000000e-06  1.20000000e+00  2.00000000e-01 
 9.30000000e-06  1.22015889e+00  9.30000000e-06  1.20000000e+00  2.00000000e-01 
 9.40000000e-06  1.22163066e+00  9.40000000e-06  1.20000000e+00  2.00000000e-01 
 9.50000000e-06  1.22308447e+00  9.50000000e-06  1.20000000e+00  2.00000000e-01 
 9.60000000e-06  1.22452096e+00  9.60000000e-06  1.20000000e+00  2.00000000e-01 
 9.70000000e-06  1.22594073e+00  9.70000000e-06  1.20000000e+00  2.00000000e-01 
 9.80000000e-06  1.22734434e+00  9.80000000e-06  1.20000000e+00  2.00000000e-01 
 9.90000000e-06  1.22873232e+00  9.90000000e-06  1.20000000e+00  2.00000000e-01 
 1.00000000e-05  1.23010519e+00  1.00000000e-05  1.20000000e+00  2.00000000e-01 
 1.01000000e-05  1.23146341e+00  1.01000000e-05  1.20000000e+00  2.00000000e-01 
 1.02000000e-05  1.23280746e+00  1.02000000e-05  1.20000000e+00  2.00000000e-01 
 1.03000000e-05  1.23413777e+00  1.03000000e-05  1.20000000e+00  2.00000000e-01 
 1.04000000e-05  1.23545474e+00  1.04000000e-05  1.20000000e+00  2.00000000e-01 
 1.05000000e-05  1.23675878e+00  1.05000000e-05  1.20000000e+00  2.00000000e-01 
 1.06000000e-05  1.23805026e+00  1.06000000e-05  1.20000000e+00  2.00000000e-01 
 1.07000000e-05  1.23932954e+00  1.07000000e-05  1.20000000e+00  2.00000000e-01 
 1.08000000e-05  1.24059697e+00  1.08000000e-05  1.20000000e+00  2.00000000e-01 
 1.09000000e-05  1.24185286e+00  1.09000000e-05  1.20000000e+00  2.00000000e-01 
 1.10000000e-05  1.24309754e+00  1.10000000e-05  1.20000000e+00  2.00000000e-01 
 1.11000000e-05  1.24433131e+00  1.11000000e-05  1.20000000e+00  2.00000000e-01 
 1.12000000e-05  1.24555445e+00  1.12000000e-05  1.20000000e+00  2.00000000e-01 
 1.13000000e-05  1.24676724e+00  1.13000000e-05  1.20000000e+00  2.00000000e-01 
 1.14000000e-05  1.24796994e+00  1.14000000e-05  1.20000000e+00  2.00000000e-01 
 1.15000000e-05  1.24916280e+00  1.15000000e-05  1.20000000e+00  2.00000000e-01 
 1.16000000e-05  1.25034608e+00  1.16000000e-05  1.20000000e+00  2.00000000e-01 
 1.17000000e-05  1.25152000e+00  1.17000000e-05  1.20000000e+00  2.00000000e-01 
 1.18000000e-05  1.25268478e+00  1.18000000e-05  1.20000000e+00  2.00000000e-01 
 1.19000000e-05  1.25384065e+00  1.19000000e-05  1.20000000e+00  2.00000000e-01 
 1.20000000e-05  1.25498782e+00  1.20000000e-05  1.20000000e+00  2.00000000e-01 
 1.21000000e-05  1.25612648e+00  1.21000000e-05  1.20000000e+00  2.00000000e-01 
 1.22000000e-05  1.25725682e+00  1.22000000e-05  1.20000000e+00  2.00000000e-01 
 1.23000000e-05  1.25837904e+00  1.23000000e-05  1.20000000e+00  2.00000000e-01 
 1.24000000e-05  1.25949331e+00  1.24000000e-05  1.20000000e+00  2.00000000e-01 
 1.25000000e-05  1.26059981e+00  1.25000000e-05  1.20000000e+00  2.00000000e-01 
 1.26000000e-05  1.26169869e+00  1.26000000e-05  1.20000000e+00  2.00000000e-01 
 1.27000000e-05  1.26279013e+00  1.27000000e-05  1.20000000e+00  2.00000000e-01 
 1.28000000e-05  1.26387428e+00  1.28000000e-05  1.20000000e+00  2.00000000e-01 
 1.29000000e-05  1.26495130e+00  1.29000000e-05  1.20000000e+00  2.00000000e-01 
 1.30000000e-05  1.26602131e+00  1.30000000e-05  1.20000000e+00  2.00000000e-01 
 1.31000000e-05  1.26708448e+00  1.31000000e-05  1.20000000e+00  2.00000000e-01 
 1.32000000e-05  1.26814092e+00  1.32000000e-05  1.20000000e+00  2.00000000e-01 
 1.33000000e-05  1.26919078e+00  1.33000000e-05  1.20000000e+00  2.00000000e-01 
 1.34000000e-05  1.27023419e+00  1.34000000e-05  1.20000000e+00  2.00000000e-01 
 1.35000000e-05  1.27127126e+00  1.35000000e-05  1.20000000e+00  2.00000000e-01 
 1.36000000e-05  1.27230212e+00  1.36000000e-05  1.20000000e+00  2.00000000e-01 
 1.37000000e-05  1.27332688e+00  1.37000000e-05  1.20000000e+00  2.00000000e-01 
 1.38000000e-05  1.27434566e+00  1.38000000e-05  1.20000000e+00  2.00000000e-01 
 1.39000000e-05  1.27535856e+00  1.39000000e-05  1.20000000e+00  2.00000000e-01 
 1.40000000e-05  1.27636570e+00  1.40000000e-05  1.20000000e+00  2.00000000e-01 
 1.41000000e-05  1.27736717e+00  1.41000000e-05  1.20000000e+00  2.00000000e-01 
 1.42000000e-05  1.27836307e+00  1.42000000e-05  1.20000000e+00  2.00000000e-01 
 1.43000000e-05  1.27935351e+00  1.43000000e-05  1.20000000e+00  2.00000000e-01 
 1.44000000e-05  1.28033857e+00  1.44000000e-05  1.20000000e+00  2.00000000e-01 
 1.45000000e-05  1.28131836e+00  1.45000000e-05  1.20000000e+00  2.00000000e-01 
 1.46000000e-05  1.28229295e+00  1.46000000e-05  1.20000000e+00  2.00000000e-01 
 1.47000000e-05  1.28326243e+00  1.47000000e-05  1.20000000e+00  2.00000000e-01 
 1.48000000e-05  1.28422690e+00  1.48000000e-05  1.20000000e+00  2.00000000e-01 
 1.49000000e-05  1.28518642e+00  1.49000000e-05  1.20000000e+00  2.00000000e-01 
 1.50000000e-05  1.28614109e+00  1.50000000e-05  1.20000000e+00  2.00000000e-01 
 1.51000000e-05  1.28709098e+00  1.51000000e-05  1.20000000e+00  2.00000000e-01 
 1.52000000e-05  1.28803616e+00  1.52000000e-05  1.20000000e+00  2.00000000e-01 
 1.53000000e-05  1.28897671e+00  1.53000000e-05  1.20000000e+00  2.00000000e-01 
 1.54000000e-05  1.28991271e+00  1.54000000e-05  1.20000000e+00  2.00000000e-01 
 1.55000000e-05  1.29084422e+00  1.55000000e-05  1.20000000e+00  2.00000000e-01 
 1.56000000e-05  1.29177130e+00  1.56000000e-05  1.20000000e+00  2.00000000e-01 
 1.57000000e-05  1.29269403e+00  1.57000000e-05  1.20000000e+00  2.00000000e-01 
 1.58000000e-05  1.29361248e+00  1.58000000e-05  1.20000000e+00  2.00000000e-01 
 1.59000000e-05  1.29452670e+00  1.59000000e-05  1.20000000e+00  2.00000000e-01 
 1.60000000e-05  1.29543676e+00  1.60000000e-05  1.20000000e+00  2.00000000e-01 
 1.61000000e-05  1.29634272e+00  1.61000000e-05  1.20000000e+00  2.00000000e-01 
 1.62000000e-05  1.29724463e+00  1.62000000e-05  1.20000000e+00  2.00000000e-01 
 1.63000000e-05  1.29814256e+00  1.63000000e-05  1.20000000e+00  2.00000000e-01 
 1.64000000e-05  1.29903656e+00  1.64000000e-05  1.20000000e+00  2.00000000e-01 
 1.65000000e-05  1.29992669e+00  1.65000000e-05  1.20000000e+00  2.00000000e-01 
 1.66000000e-05  1.30081299e+00  1.66000000e-05  1.20000000e+00  2.00000000e-01 
 1.67000000e-05  1.30169553e+00  1.67000000e-05  1.20000000e+00  2.00000000e-01 
 1.68000000e-05  1.30257435e+00  1.68000000e-05  1.20000000e+00  2.00000000e-01 
 1.69000000e-05  1.30344951e+00  1.69000000e-05  1.20000000e+00  2.00000000e-01 
 1.70000000e-05  1.30432105e+00  1.70000000e-05  1.20000000e+00  2.00000000e-01 
 1.71000000e-05  1.30518902e+00  1.71000000e-05  1.20000000e+00  2.00000000e-01 
 1.72000000e-05  1.30605347e+00  1.72000000e-05  1.20000000e+00  2.00000000e-01 
 1.73000000e-05  1.30691444e+00  1.73000000e-05  1.20000000e+00  2.00000000e-01 
 1.74000000e-05  1.30777198e+00  1.74000000e-05  1.20000000e+00  2.00000000e-01 
 1.75000000e-05  1.30862613e+00  1.75000000e-05  1.20000000e+00  2.00000000e-01 
 1.76000000e-05  1.30947694e+00  1.76000000e-05  1.20000000e+00  2.00000000e-01 
 1.77000000e-05  1.31032445e+00  1.77000000e-05  1.20000000e+00  2.00000000e-01 
 1.78000000e-05  1.31116870e+00  1.78000000e-05  1.20000000e+00  2.00000000e-01 
 1.79000000e-05  1.31200972e+00  1.79000000e-05  1.20000000e+00  2.00000000e-01 
 1.80000000e-05  1.31284757e+00  1.80000000e-05  1.20000000e+00  2.00000000e-01 
 1.81000000e-05  1.31368227e+00  1.81000000e-05  1.20000000e+00  2.00000000e-01 
 1.82000000e-05  1.31451388e+00  1.82000000e-05  1.20000000e+00  2.00000000e-01 
 1.83000000e-05  1.31534241e+00  1.83000000e-05  1.20000000e+00  2.00000000e-01 
 1.84000000e-05  1.31616791e+00  1.84000000e-05  1.20000000e+00  2.00000000e-01 
 1.85000000e-05  1.31699042e+00  1.85000000e-05  1.20000000e+00  2.00000000e-01 
 1.86000000e-05  1.31780997e+00  1.86000000e-05  1.20000000e+00  2.00000000e-01 
 1.87000000e-05  1.31862660e+00  1.87000000e-05  1.20000000e+00  2.00000000e-01 
 1.88000000e-05  1.31944034e+00  1.88000000e-05  1.20000000e+00  2.00000000e-01 
 1.89000000e-05  1.32025121e+00  1.89000000e-05  1.20000000e+00  2.00000000e-01 
 1.90000000e-05  1.32105927e+00  1.90000000e-05  1.20000000e+00  2.00000000e-01 
 1.91000000e-05  1.32186452e+00  1.91000000e-05  1.20000000e+00  2.00000000e-01 
 1.92000000e-05  1.32266702e+00  1.92000000e-05  1.20000000e+00  2.00000000e-01 
 1.93000000e-05  1.32346678e+00  1.93000000e-05  1.20000000e+00  2.00000000e-01 
 1.94000000e-05  1.32426385e+00  1.94000000e-05  1.20000000e+00  2.00000000e-01 
 1.95000000e-05  1.32505824e+00  1.95000000e-05  1.20000000e+00  2.00000000e-01 
 1.96000000e-05  1.32584999e+00  1.96000000e-05  1.20000000e+00  2.00000000e-01 
 1.97000000e-05  1.32663912e+00  1.97000000e-05  1.20000000e+00  2.00000000e-01 
 1.98000000e-05  1.32742567e+00  1.98000000e-05  1.20000000e+00  2.00000000e-01 
 1.99000000e-05  1.32820966e+00  1.99000000e-05  1.20000000e+00  2.00000000e-01 
 2.00000000e-05  1.32899112e+00  2.00000000e-05  1.20000000e+00  2.00000000e-01 
 2.01000000e-05  1.32977007e+00  2.01000000e-05  1.20000000e+00  2.00000000e-01 
 2.02000000e-05  1.33054655e+00  2.02000000e-05  1.20000000e+00  2.00000000e-01 
 2.03000000e-05  1.33132057e+00  2.03000000e-05  1.20000000e+00  2.00000000e-01 
 2.04000000e-05  1.33209216e+00  2.04000000e-05  1.20000000e+00  2.00000000e-01 
 2.05000000e-05  1.33286135e+00  2.05000000e-05  1.20000000e+00  2.00000000e-01 
 2.06000000e-05  1.33362816e+00  2.06000000e-05  1.20000000e+00  2.00000000e-01 
 2.07000000e-05  1.33439261e+00  2.07000000e-05  1.20000000e+00  2.00000000e-01 
 2.08000000e-05  1.33515473e+00  2.08000000e-05  1.20000000e+00  2.00000000e-01 
 2.09000000e-05  1.33591455e+00  2.09000000e-05  1.20000000e+00  2.00000000e-01 
 2.10000000e-05  1.33667208e+00  2.10000000e-05  1.20000000e+00  2.00000000e-01 
 2.11000000e-05  1.33742734e+00  2.11000000e-05  1.20000000e+00  2.00000000e-01 
 2.12000000e-05  1.33818036e+00  2.12000000e-05  1.20000000e+00  2.00000000e-01 
 2.13000000e-05  1.33893117e+00  2.13000000e-05  1.20000000e+00  2.00000000e-01 
 2.14000000e-05  1.33967977e+00  2.14000000e-05  1.20000000e+00  2.00000000e-01 
 2.15000000e-05  1.34042620e+00  2.15000000e-05  1.20000000e+00  2.00000000e-01 
 2.16000000e-05  1.34117047e+00  2.16000000e-05  1.20000000e+00  2.00000000e-01 
 2.17000000e-05  1.34191261e+00  2.17000000e-05  1.20000000e+00  2.00000000e-01 
 2.18000000e-05  1.34265262e+00  2.18000000e-05  1.20000000e+00  2.00000000e-01 
 2.19000000e-05  1.34339054e+00  2.19000000e-05  1.20000000e+00  2.00000000e-01 
 2.20000000e-05  1.34412639e+00  2.20000000e-05  1.20000000e+00  2.00000000e-01 
 2.21000000e-05  1.34486017e+00  2.21000000e-05  1.20000000e+00  2.00000000e-01 
 2.22000000e-05  1.34559192e+00  2.22000000e-05  1.20000000e+00  2.00000000e-01 
 2.23000000e-05  1.34632164e+00  2.23000000e-05  1.20000000e+00  2.00000000e-01 
 2.24000000e-05  1.34704936e+00  2.24000000e-05  1.20000000e+00  2.00000000e-01 
 2.25000000e-05  1.34777510e+00  2.25000000e-05  1.20000000e+00  2.00000000e-01 
 2.26000000e-05  1.34849887e+00  2.26000000e-05  1.20000000e+00  2.00000000e-01 
 2.27000000e-05  1.34922069e+00  2.27000000e-05  1.20000000e+00  2.00000000e-01 
 2.28000000e-05  1.34994057e+00  2.28000000e-05  1.20000000e+00  2.00000000e-01 
 2.29000000e-05  1.35065854e+00  2.29000000e-05  1.20000000e+00  2.00000000e-01 
 2.30000000e-05  1.35137461e+00  2.30000000e-05  1.20000000e+00  2.00000000e-01 
 2.31000000e-05  1.35208880e+00  2.31000000e-05  1.20000000e+00  2.00000000e-01 
 2.32000000e-05  1.35280112e+00  2.32000000e-05  1.20000000e+00  2.00000000e-01 
 2.33000000e-05  1.35351160e+00  2.33000000e-05  1.20000000e+00  2.00000000e-01 
 2.34000000e-05  1.35422023e+00  2.34000000e-05  1.20000000e+00  2.00000000e-01 
 2.35000000e-05  1.35492705e+00  2.35000000e-05  1.20000000e+00  2.00000000e-01 
 2.36000000e-05  1.35563206e+00  2.36000000e-05  1.20000000e+00  2.00000000e-01 
 2.37000000e-05  1.35633528e+00  2.37000000e-05  1.20000000e+00  2.00000000e-01 
 2.38000000e-05  1.35703673e+00  2.38000000e-05  1.20000000e+00  2.00000000e-01 
 2.39000000e-05  1.35773642e+00  2.39000000e-05  1.20000000e+00  2.00000000e-01 
 2.40000000e-05  1.35843436e+00  2.40000000e-05  1.20000000e+00  2.00000000e-01 
 2.41000000e-05  1.35913057e+00  2.41000000e-05  1.20000000e+00  2.00000000e-01 
 2.42000000e-05  1.35982507e+00  2.42000000e-05  1.20000000e+00  2.00000000e-01 
 2.43000000e-05  1.36051786e+00  2.43000000e-05  1.20000000e+00  2.00000000e-01 
 2.44000000e-05  1.36120896e+00  2.44000000e-05  1.20000000e+00  2.00000000e-01 
 2.45000000e-05  1.36189839e+00  2.45000000e-05  1.20000000e+00  2.00000000e-01 
 2.46000000e-05  1.36258615e+00  2.46000000e-05  1.20000000e+00  2.00000000e-01 
 2.47000000e-05  1.36327227e+00  2.47000000e-05  1.20000000e+00  2.00000000e-01 
 2.48000000e-05  1.36395675e+00  2.48000000e-05  1.20000000e+00  2.00000000e-01 
 2.49000000e-05  1.36463960e+00  2.49000000e-05  1.20000000e+00  2.00000000e-01 
 2.50000000e-05  1.36532084e+00  2.50000000e-05  1.20000000e+00  2.00000000e-01 
 2.51000000e-05  1.36600048e+00  2.51000000e-05  1.20000000e+00  2.00000000e-01 
 2.52000000e-05  1.36667854e+00  2.52000000e-05  1.20000000e+00  2.00000000e-01 
 2.53000000e-05  1.36735502e+00  2.53000000e-05  1.20000000e+00  2.00000000e-01 
 2.54000000e-05  1.36802994e+00  2.54000000e-05  1.20000000e+00  2.00000000e-01 
 2.55000000e-05  1.36870331e+00  2.55000000e-05  1.20000000e+00  2.00000000e-01 
 2.56000000e-05  1.36937514e+00  2.56000000e-05  1.20000000e+00  2.00000000e-01 
 2.57000000e-05  1.37004544e+00  2.57000000e-05  1.20000000e+00  2.00000000e-01 
 2.58000000e-05  1.37071423e+00  2.58000000e-05  1.20000000e+00  2.00000000e-01 
 2.59000000e-05  1.37138151e+00  2.59000000e-05  1.20000000e+00  2.00000000e-01 
 2.60000000e-05  1.37204730e+00  2.60000000e-05  1.20000000e+00  2.00000000e-01 
 2.61000000e-05  1.37271160e+00  2.61000000e-05  1.20000000e+00  2.00000000e-01 
 2.62000000e-05  1.37337444e+00  2.62000000e-05  1.20000000e+00  2.00000000e-01 
 2.63000000e-05  1.37403581e+00  2.63000000e-05  1.20000000e+00  2.00000000e-01 
 2.64000000e-05  1.37469573e+00  2.64000000e-05  1.20000000e+00  2.00000000e-01 
 2.65000000e-05  1.37535421e+00  2.65000000e-05  1.20000000e+00  2.00000000e-01 
 2.66000000e-05  1.37601126e+00  2.66000000e-05  1.20000000e+00  2.00000000e-01 
 2.67000000e-05  1.37666689e+00  2.67000000e-05  1.20000000e+00  2.00000000e-01 
 2.68000000e-05  1.37732111e+00  2.68000000e-05  1.20000000e+00  2.00000000e-01 
 2.69000000e-05  1.37797393e+00  2.69000000e-05  1.20000000e+00  2.00000000e-01 
 2.70000000e-05  1.37862536e+00  2.70000000e-05  1.20000000e+00  2.00000000e-01 
 2.71000000e-05  1.37927541e+00  2.71000000e-05  1.20000000e+00  2.00000000e-01 
 2.72000000e-05  1.37992409e+00  2.72000000e-05  1.20000000e+00  2.00000000e-01 
 2.73000000e-05  1.38057141e+00  2.73000000e-05  1.20000000e+00  2.00000000e-01 
 2.74000000e-05  1.38121737e+00  2.74000000e-05  1.20000000e+00  2.00000000e-01 
 2.75000000e-05  1.38186200e+00  2.75000000e-05  1.20000000e+00  2.00000000e-01 
 2.76000000e-05  1.38250529e+00  2.76000000e-05  1.20000000e+00  2.00000000e-01 
 2.77000000e-05  1.38314725e+00  2.77000000e-05  1.20000000e+00  2.00000000e-01 
 2.78000000e-05  1.38378790e+00  2.78000000e-05  1.20000000e+00  2.00000000e-01 
 2.79000000e-05  1.38442725e+00  2.79000000e-05  1.20000000e+00  2.00000000e-01 
 2.80000000e-05  1.38506529e+00  2.80000000e-05  1.20000000e+00  2.00000000e-01 
 2.81000000e-05  1.38570205e+00  2.81000000e-05  1.20000000e+00  2.00000000e-01 
 2.82000000e-05  1.38633752e+00  2.82000000e-05  1.20000000e+00  2.00000000e-01 
 2.83000000e-05  1.38697172e+00  2.83000000e-05  1.20000000e+00  2.00000000e-01 
 2.84000000e-05  1.38760466e+00  2.84000000e-05  1.20000000e+00  2.00000000e-01 
 2.85000000e-05  1.38823634e+00  2.85000000e-05  1.20000000e+00  2.00000000e-01 
 2.86000000e-05  1.38886678e+00  2.86000000e-05  1.20000000e+00  2.00000000e-01 
 2.87000000e-05  1.38949598e+00  2.87000000e-05  1.20000000e+00  2.00000000e-01 
 2.88000000e-05  1.39012394e+00  2.88000000e-05  1.20000000e+00  2.00000000e-01 
 2.89000000e-05  1.39075068e+00  2.89000000e-05  1.20000000e+00  2.00000000e-01 
 2.90000000e-05  1.39137620e+00  2.90000000e-05  1.20000000e+00  2.00000000e-01 
 2.91000000e-05  1.39200052e+00  2.91000000e-05  1.20000000e+00  2.00000000e-01 
 2.92000000e-05  1.39262364e+00  2.92000000e-05  1.20000000e+00  2.00000000e-01 
 2.93000000e-05  1.39324556e+00  2.93000000e-05  1.20000000e+00  2.00000000e-01 
 2.94000000e-05  1.39386630e+00  2.94000000e-05  1.20000000e+00  2.00000000e-01 
 2.95000000e-05  1.39448586e+00  2.95000000e-05  1.20000000e+00  2.00000000e-01 
 2.96000000e-05  1.39510425e+00  2.96000000e-05  1.20000000e+00  2.00000000e-01 
 2.97000000e-05  1.39572148e+00  2.97000000e-05  1.20000000e+00  2.00000000e-01 
 2.98000000e-05  1.39633755e+00  2.98000000e-05  1.20000000e+00  2.00000000e-01 
 2.99000000e-05  1.39695247e+00  2.99000000e-05  1.20000000e+00  2.00000000e-01 
 3.00000000e-05  1.39756625e+00  3.00000000e-05  1.20000000e+00  2.00000000e-01 
