 i-sweep         v(vout)         i(viin)         v(vgate)        v(vmid)        
-6.00000000e-06 -5.78323518e-01 -6.00000000e-06  3.00000000e-01  7.00000000e-01 
-5.90000000e-06 -5.75021622e-01 -5.90000000e-06  3.00000000e-01  7.00000000e-01 
-5.80000000e-06 -5.71689609e-01 -5.80000000e-06  3.00000000e-01  7.00000000e-01 
-5.70000000e-06 -5.68327376e-01 -5.70000000e-06  3.00000000e-01  7.00000000e-01 
-5.60000000e-06 -5.64934757e-01 -5.60000000e-06  3.00000000e-01  7.00000000e-01 
-5.50000000e-06 -5.61511528e-01 -5.50000000e-06  3.00000000e-01  7.00000000e-01 
-5.40000000e-06 -5.58057399e-01 -5.40000000e-06  3.00000000e-01  7.00000000e-01 
-5.30000000e-06 -5.54572021e-01 -5.30000000e-06  3.00000000e-01  7.00000000e-01 
-5.20000000e-06 -5.51054980e-01 -5.20000000e-06  3.00000000e-01  7.00000000e-01 
-5.10000000e-06 -5.47505799e-01 -5.10000000e-06  3.00000000e-01  7.00000000e-01 
-5.00000000e-06 -5.43923936e-01 -5.00000000e-06  3.00000000e-01  7.00000000e-01 
-4.90000000e-06 -5.40308783e-01 -4.90000000e-06  3.00000000e-01  7.00000000e-01 
-4.80000000e-06 -5.36659663e-01 -4.80000000e-06  3.00000000e-01  7.00000000e-01 
-4.70000000e-06 -5.32975829e-01 -4.70000000e-06  3.00000000e-01  7.00000000e-01 
-4.60000000e-06 -5.29256464e-01 -4.60000000e-06  3.00000000e-01  7.00000000e-01 
-4.50000000e-06 -5.25500674e-01 -4.50000000e-06  3.00000000e-01  7.00000000e-01 
-4.40000000e-06 -5.21707487e-01 -4.40000000e-06  3.00000000e-01  7.00000000e-01 
-4.30000000e-06 -5.17875848e-01 -4.30000000e-06  3.00000000e-01  7.00000000e-01 
-4.20000000e-06 -5.14004617e-01 -4.20000000e-06  3.00000000e-01  7.00000000e-01 
-4.10000000e-06 -5.10092561e-01 -4.10000000e-06  3.00000000e-01  7.00000000e-01 
-4.00000000e-06 -5.06138347e-01 -4.00000000e-06  3.00000000e-01  7.00000000e-01 
-3.90000000e-06 -5.02140539e-01 -3.90000000e-06  3.00000000e-01  7.00000000e-01 
-3.80000000e-06 -4.98097585e-01 -3.80000000e-06  3.00000000e-01  7.00000000e-01 
-3.70000000e-06 -4.94007812e-01 -3.70000000e-06  3.00000000e-01  7.00000000e-01 
-3.60000000e-06 -4.89869412e-01 -3.60000000e-06  3.00000000e-01  7.00000000e-01 
-3.50000000e-06 -4.85680430e-01 -3.50000000e-06  3.00000000e-01  7.00000000e-01 
-3.40000000e-06 -4.81438751e-01 -3.40000000e-06  3.00000000e-01  7.00000000e-01 
-3.30000000e-06 -4.77142080e-01 -3.30000000e-06  3.00000000e-01  7.00000000e-01 
-3.20000000e-06 -4.72787927e-01 -3.20000000e-06  3.00000000e-01  7.00000000e-01 
-3.10000000e-06 -4.68373579e-01 -3.10000000e-06  3.00000000e-01  7.00000000e-01 
-3.00000000e-06 -4.63896077e-01 -3.00000000e-06  3.00000000e-01  7.00000000e-01 
-2.90000000e-06 -4.59352185e-01 -2.90000000e-06  3.00000000e-01  7.00000000e-01 
-2.80000000e-06 -4.54738350e-01 -2.80000000e-06  3.00000000e-01  7.00000000e-01 
-2.70000000e-06 -4.50050661e-01 -2.70000000e-06  3.00000000e-01  7.00000000e-01 
-2.60000000e-06 -4.45284798e-01 -2.60000000e-06  3.00000000e-01  7.00000000e-01 
-2.50000000e-06 -4.40435969e-01 -2.50000000e-06  3.00000000e-01  7.00000000e-01 
-2.40000000e-06 -4.35498836e-01 -2.40000000e-06  3.00000000e-01  7.00000000e-01 
-2.30000000e-06 -4.30467426e-01 -2.30000000e-06  3.00000000e-01  7.00000000e-01 
-2.20000000e-06 -4.25335022e-01 -2.20000000e-06  3.00000000e-01  7.00000000e-01 
-2.10000000e-06 -4.20094027e-01 -2.10000000e-06  3.00000000e-01  7.00000000e-01 
-2.00000000e-06 -4.14735797e-01 -2.00000000e-06  3.00000000e-01  7.00000000e-01 
-1.90000000e-06 -4.09250436e-01 -1.90000000e-06  3.00000000e-01  7.00000000e-01 
-1.80000000e-06 -4.03626529e-01 -1.80000000e-06  3.00000000e-01  7.00000000e-01 
-1.70000000e-06 -3.97850808e-01 -1.70000000e-06  3.00000000e-01  7.00000000e-01 
-1.60000000e-06 -3.91907710e-01 -1.60000000e-06  3.00000000e-01  7.00000000e-01 
-1.50000000e-06 -3.85778810e-01 -1.50000000e-06  3.00000000e-01  7.00000000e-01 
-1.40000000e-06 -3.79442047e-01 -1.40000000e-06  3.00000000e-01  7.00000000e-01 
-1.30000000e-06 -3.72870183e-01 -1.30000000e-06  3.00000000e-01  7.00000000e-01 
-1.20000000e-06 -3.66030973e-01 -1.20000000e-06  3.00000000e-01  7.00000000e-01 
-1.10000000e-06 -3.58882951e-01 -1.10000000e-06  3.00000000e-01  7.00000000e-01 
-1.00000000e-06 -3.51373627e-01 -1.00000000e-06  3.00000000e-01  7.00000000e-01 
-9.00000000e-07 -3.43434560e-01 -9.00000000e-07  3.00000000e-01  7.00000000e-01 
-8.00000000e-07 -3.34974020e-01 -8.00000000e-07  3.00000000e-01  7.00000000e-01 
-7.00000000e-07 -3.25864837e-01 -7.00000000e-07  3.00000000e-01  7.00000000e-01 
-6.00000000e-07 -3.15923001e-01 -6.00000000e-07  3.00000000e-01  7.00000000e-01 
-5.00000000e-07 -3.04866967e-01 -5.00000000e-07  3.00000000e-01  7.00000000e-01 
-4.00000000e-07 -2.92231341e-01 -4.00000000e-07  3.00000000e-01  7.00000000e-01 
-3.00000000e-07 -2.77157535e-01 -3.00000000e-07  3.00000000e-01  7.00000000e-01 
-2.00000000e-07 -2.57748384e-01 -2.00000000e-07  3.00000000e-01  7.00000000e-01 
-1.00000000e-07 -2.28051488e-01 -1.00000000e-07  3.00000000e-01  7.00000000e-01 
-5.71747239e-21  6.13257193e-01 -5.71747239e-21  3.00000000e-01  7.00000000e-01 
 1.00000000e-07  1.01522617e+00  1.00000000e-07  3.00000000e-01  7.00000000e-01 
 2.00000000e-07  1.04763312e+00  2.00000000e-07  3.00000000e-01  7.00000000e-01 
 3.00000000e-07  1.06651857e+00  3.00000000e-07  3.00000000e-01  7.00000000e-01 
 4.00000000e-07  1.07996080e+00  4.00000000e-07  3.00000000e-01  7.00000000e-01 
 5.00000000e-07  1.09046656e+00  5.00000000e-07  3.00000000e-01  7.00000000e-01 
 6.00000000e-07  1.09912832e+00  6.00000000e-07  3.00000000e-01  7.00000000e-01 
 7.00000000e-07  1.10653467e+00  7.00000000e-07  3.00000000e-01  7.00000000e-01 
 8.00000000e-07  1.11302736e+00  8.00000000e-07  3.00000000e-01  7.00000000e-01 
 9.00000000e-07  1.11882559e+00  9.00000000e-07  3.00000000e-01  7.00000000e-01 
 1.00000000e-06  1.12407806e+00  1.00000000e-06  3.00000000e-01  7.00000000e-01 
 1.10000000e-06  1.12889023e+00  1.10000000e-06  3.00000000e-01  7.00000000e-01 
 1.20000000e-06  1.13334815e+00  1.20000000e-06  3.00000000e-01  7.00000000e-01 
 1.30000000e-06  1.13748966e+00  1.30000000e-06  3.00000000e-01  7.00000000e-01 
 1.40000000e-06  1.14137372e+00  1.40000000e-06  3.00000000e-01  7.00000000e-01 
 1.50000000e-06  1.14503551e+00  1.50000000e-06  3.00000000e-01  7.00000000e-01 
 1.60000000e-06  1.14850347e+00  1.60000000e-06  3.00000000e-01  7.00000000e-01 
 1.70000000e-06  1.15180090e+00  1.70000000e-06  3.00000000e-01  7.00000000e-01 
 1.80000000e-06  1.15494712e+00  1.80000000e-06  3.00000000e-01  7.00000000e-01 
 1.90000000e-06  1.15795829e+00  1.90000000e-06  3.00000000e-01  7.00000000e-01 
 2.00000000e-06  1.16084812e+00  2.00000000e-06  3.00000000e-01  7.00000000e-01 
 2.10000000e-06  1.16362826e+00  2.10000000e-06  3.00000000e-01  7.00000000e-01 
 2.20000000e-06  1.16630877e+00  2.20000000e-06  3.00000000e-01  7.00000000e-01 
 2.30000000e-06  1.16889835e+00  2.30000000e-06  3.00000000e-01  7.00000000e-01 
 2.40000000e-06  1.17140459e+00  2.40000000e-06  3.00000000e-01  7.00000000e-01 
 2.50000000e-06  1.17383413e+00  2.50000000e-06  3.00000000e-01  7.00000000e-01 
 2.60000000e-06  1.17619286e+00  2.60000000e-06  3.00000000e-01  7.00000000e-01 
 2.70000000e-06  1.17848599e+00  2.70000000e-06  3.00000000e-01  7.00000000e-01 
 2.80000000e-06  1.18071814e+00  2.80000000e-06  3.00000000e-01  7.00000000e-01 
 2.90000000e-06  1.18289347e+00  2.90000000e-06  3.00000000e-01  7.00000000e-01 
 3.00000000e-06  1.18501572e+00  3.00000000e-06  3.00000000e-01  7.00000000e-01 
 3.10000000e-06  1.18708824e+00  3.10000000e-06  3.00000000e-01  7.00000000e-01 
 3.20000000e-06  1.18911409e+00  3.20000000e-06  3.00000000e-01  7.00000000e-01 
 3.30000000e-06  1.19109602e+00  3.30000000e-06  3.00000000e-01  7.00000000e-01 
 3.40000000e-06  1.19303656e+00  3.40000000e-06  3.00000000e-01  7.00000000e-01 
 3.50000000e-06  1.19493801e+00  3.50000000e-06  3.00000000e-01  7.00000000e-01 
 3.60000000e-06  1.19680927e+00  3.60000000e-06  3.00000000e-01  7.00000000e-01 
 3.70000000e-06  1.19863756e+00  3.70000000e-06  3.00000000e-01  7.00000000e-01 
 3.80000000e-06  1.20043278e+00  3.80000000e-06  3.00000000e-01  7.00000000e-01 
 3.90000000e-06  1.20219654e+00  3.90000000e-06  3.00000000e-01  7.00000000e-01 
 4.00000000e-06  1.20393032e+00  4.00000000e-06  3.00000000e-01  7.00000000e-01 
 4.10000000e-06  1.20563552e+00  4.10000000e-06  3.00000000e-01  7.00000000e-01 
 4.20000000e-06  1.20731342e+00  4.20000000e-06  3.00000000e-01  7.00000000e-01 
 4.30000000e-06  1.20896523e+00  4.30000000e-06  3.00000000e-01  7.00000000e-01 
 4.40000000e-06  1.21059208e+00  4.40000000e-06  3.00000000e-01  7.00000000e-01 
 4.50000000e-06  1.21219500e+00  4.50000000e-06  3.00000000e-01  7.00000000e-01 
 4.60000000e-06  1.21377499e+00  4.60000000e-06  3.00000000e-01  7.00000000e-01 
 4.70000000e-06  1.21533297e+00  4.70000000e-06  3.00000000e-01  7.00000000e-01 
 4.80000000e-06  1.21686979e+00  4.80000000e-06  3.00000000e-01  7.00000000e-01 
 4.90000000e-06  1.21838628e+00  4.90000000e-06  3.00000000e-01  7.00000000e-01 
 5.00000000e-06  1.21988319e+00  5.00000000e-06  3.00000000e-01  7.00000000e-01 
 5.10000000e-06  1.22136124e+00  5.10000000e-06  3.00000000e-01  7.00000000e-01 
 5.20000000e-06  1.22282112e+00  5.20000000e-06  3.00000000e-01  7.00000000e-01 
 5.30000000e-06  1.22426347e+00  5.30000000e-06  3.00000000e-01  7.00000000e-01 
 5.40000000e-06  1.22568890e+00  5.40000000e-06  3.00000000e-01  7.00000000e-01 
 5.50000000e-06  1.22709797e+00  5.50000000e-06  3.00000000e-01  7.00000000e-01 
 5.60000000e-06  1.22849123e+00  5.60000000e-06  3.00000000e-01  7.00000000e-01 
 5.70000000e-06  1.22986921e+00  5.70000000e-06  3.00000000e-01  7.00000000e-01 
 5.80000000e-06  1.23123238e+00  5.80000000e-06  3.00000000e-01  7.00000000e-01 
 5.90000000e-06  1.23258122e+00  5.90000000e-06  3.00000000e-01  7.00000000e-01 
 6.00000000e-06  1.23391617e+00  6.00000000e-06  3.00000000e-01  7.00000000e-01 
