 i-sweep         v(vout)         i(viin)         v(vgate)        v(vmid)        
-6.00000000e-06 -5.79937697e-01 -6.00000000e-06  3.00000000e-01  3.00000000e-01 
-5.90000000e-06 -5.76632601e-01 -5.90000000e-06  3.00000000e-01  3.00000000e-01 
-5.80000000e-06 -5.73296901e-01 -5.80000000e-06  3.00000000e-01  3.00000000e-01 
-5.70000000e-06 -5.69930519e-01 -5.70000000e-06  3.00000000e-01  3.00000000e-01 
-5.60000000e-06 -5.66533315e-01 -5.60000000e-06  3.00000000e-01  3.00000000e-01 
-5.50000000e-06 -5.63105087e-01 -5.50000000e-06  3.00000000e-01  3.00000000e-01 
-5.40000000e-06 -5.59645569e-01 -5.40000000e-06  3.00000000e-01  3.00000000e-01 
-5.30000000e-06 -5.56154431e-01 -5.30000000e-06  3.00000000e-01  3.00000000e-01 
-5.20000000e-06 -5.52631280e-01 -5.20000000e-06  3.00000000e-01  3.00000000e-01 
-5.10000000e-06 -5.49075656e-01 -5.10000000e-06  3.00000000e-01  3.00000000e-01 
-5.00000000e-06 -5.45487034e-01 -5.00000000e-06  3.00000000e-01  3.00000000e-01 
-4.90000000e-06 -5.41864819e-01 -4.90000000e-06  3.00000000e-01  3.00000000e-01 
-4.80000000e-06 -5.38208348e-01 -4.80000000e-06  3.00000000e-01  3.00000000e-01 
-4.70000000e-06 -5.34516889e-01 -4.70000000e-06  3.00000000e-01  3.00000000e-01 
-4.60000000e-06 -5.30789633e-01 -4.60000000e-06  3.00000000e-01  3.00000000e-01 
-4.50000000e-06 -5.27025697e-01 -4.50000000e-06  3.00000000e-01  3.00000000e-01 
-4.40000000e-06 -5.23224118e-01 -4.40000000e-06  3.00000000e-01  3.00000000e-01 
-4.30000000e-06 -5.19383848e-01 -4.30000000e-06  3.00000000e-01  3.00000000e-01 
-4.20000000e-06 -5.15503753e-01 -4.20000000e-06  3.00000000e-01  3.00000000e-01 
-4.10000000e-06 -5.11582606e-01 -4.10000000e-06  3.00000000e-01  3.00000000e-01 
-4.00000000e-06 -5.07619080e-01 -4.00000000e-06  3.00000000e-01  3.00000000e-01 
-3.90000000e-06 -5.03611740e-01 -3.90000000e-06  3.00000000e-01  3.00000000e-01 
-3.80000000e-06 -4.99559041e-01 -3.80000000e-06  3.00000000e-01  3.00000000e-01 
-3.70000000e-06 -4.95459309e-01 -3.70000000e-06  3.00000000e-01  3.00000000e-01 
-3.60000000e-06 -4.91310740e-01 -3.60000000e-06  3.00000000e-01  3.00000000e-01 
-3.50000000e-06 -4.87111380e-01 -3.50000000e-06  3.00000000e-01  3.00000000e-01 
-3.40000000e-06 -4.82859114e-01 -3.40000000e-06  3.00000000e-01  3.00000000e-01 
-3.30000000e-06 -4.78551649e-01 -3.30000000e-06  3.00000000e-01  3.00000000e-01 
-3.20000000e-06 -4.74186492e-01 -3.20000000e-06  3.00000000e-01  3.00000000e-01 
-3.10000000e-06 -4.69760934e-01 -3.10000000e-06  3.00000000e-01  3.00000000e-01 
-3.00000000e-06 -4.65272013e-01 -3.00000000e-06  3.00000000e-01  3.00000000e-01 
-2.90000000e-06 -4.60716493e-01 -2.90000000e-06  3.00000000e-01  3.00000000e-01 
-2.80000000e-06 -4.56090821e-01 -2.80000000e-06  3.00000000e-01  3.00000000e-01 
-2.70000000e-06 -4.51391087e-01 -2.70000000e-06  3.00000000e-01  3.00000000e-01 
-2.60000000e-06 -4.46612971e-01 -2.60000000e-06  3.00000000e-01  3.00000000e-01 
-2.50000000e-06 -4.41751682e-01 -2.50000000e-06  3.00000000e-01  3.00000000e-01 
-2.40000000e-06 -4.36801883e-01 -2.40000000e-06  3.00000000e-01  3.00000000e-01 
-2.30000000e-06 -4.31757605e-01 -2.30000000e-06  3.00000000e-01  3.00000000e-01 
-2.20000000e-06 -4.26612134e-01 -2.20000000e-06  3.00000000e-01  3.00000000e-01 
-2.10000000e-06 -4.21357879e-01 -2.10000000e-06  3.00000000e-01  3.00000000e-01 
-2.00000000e-06 -4.15986206e-01 -2.00000000e-06  3.00000000e-01  3.00000000e-01 
-1.90000000e-06 -4.10487227e-01 -1.90000000e-06  3.00000000e-01  3.00000000e-01 
-1.80000000e-06 -4.04849543e-01 -1.80000000e-06  3.00000000e-01  3.00000000e-01 
-1.70000000e-06 -3.99059901e-01 -1.70000000e-06  3.00000000e-01  3.00000000e-01 
-1.60000000e-06 -3.93102761e-01 -1.60000000e-06  3.00000000e-01  3.00000000e-01 
-1.50000000e-06 -3.86959718e-01 -1.50000000e-06  3.00000000e-01  3.00000000e-01 
-1.40000000e-06 -3.80608740e-01 -1.40000000e-06  3.00000000e-01  3.00000000e-01 
-1.30000000e-06 -3.74023111e-01 -1.30000000e-06  3.00000000e-01  3.00000000e-01 
-1.20000000e-06 -3.67169982e-01 -1.20000000e-06  3.00000000e-01  3.00000000e-01 
-1.10000000e-06 -3.60008290e-01 -1.10000000e-06  3.00000000e-01  3.00000000e-01 
-1.00000000e-06 -3.52485708e-01 -1.00000000e-06  3.00000000e-01  3.00000000e-01 
-9.00000000e-07 -3.44534023e-01 -9.00000000e-07  3.00000000e-01  3.00000000e-01 
-8.00000000e-07 -3.36061841e-01 -8.00000000e-07  3.00000000e-01  3.00000000e-01 
-7.00000000e-07 -3.26942478e-01 -7.00000000e-07  3.00000000e-01  3.00000000e-01 
-6.00000000e-07 -3.16992712e-01 -6.00000000e-07  3.00000000e-01  3.00000000e-01 
-5.00000000e-07 -3.05932250e-01 -5.00000000e-07  3.00000000e-01  3.00000000e-01 
-4.00000000e-07 -2.93298399e-01 -4.00000000e-07  3.00000000e-01  3.00000000e-01 
-3.00000000e-07 -2.78236819e-01 -3.00000000e-07  3.00000000e-01  3.00000000e-01 
-2.00000000e-07 -2.58862522e-01 -2.00000000e-07  3.00000000e-01  3.00000000e-01 
-1.00000000e-07 -2.29263694e-01 -1.00000000e-07  3.00000000e-01  3.00000000e-01 
-5.71747239e-21  6.13082684e-01 -5.71747239e-21  3.00000000e-01  3.00000000e-01 
 1.00000000e-07  1.01518042e+00  1.00000000e-07  3.00000000e-01  3.00000000e-01 
 2.00000000e-07  1.04758997e+00  2.00000000e-07  3.00000000e-01  3.00000000e-01 
 3.00000000e-07  1.06647604e+00  3.00000000e-07  3.00000000e-01  3.00000000e-01 
 4.00000000e-07  1.07991820e+00  4.00000000e-07  3.00000000e-01  3.00000000e-01 
 5.00000000e-07  1.09042075e+00  5.00000000e-07  3.00000000e-01  3.00000000e-01 
 6.00000000e-07  1.09908510e+00  6.00000000e-07  3.00000000e-01  3.00000000e-01 
 7.00000000e-07  1.10649208e+00  7.00000000e-07  3.00000000e-01  3.00000000e-01 
 8.00000000e-07  1.11298495e+00  8.00000000e-07  3.00000000e-01  3.00000000e-01 
 9.00000000e-07  1.11878322e+00  9.00000000e-07  3.00000000e-01  3.00000000e-01 
 1.00000000e-06  1.12403571e+00  1.00000000e-06  3.00000000e-01  3.00000000e-01 
 1.10000000e-06  1.12884789e+00  1.10000000e-06  3.00000000e-01  3.00000000e-01 
 1.20000000e-06  1.13329722e+00  1.20000000e-06  3.00000000e-01  3.00000000e-01 
 1.30000000e-06  1.13744227e+00  1.30000000e-06  3.00000000e-01  3.00000000e-01 
 1.40000000e-06  1.14132837e+00  1.40000000e-06  3.00000000e-01  3.00000000e-01 
 1.50000000e-06  1.14499136e+00  1.50000000e-06  3.00000000e-01  3.00000000e-01 
 1.60000000e-06  1.14846004e+00  1.60000000e-06  3.00000000e-01  3.00000000e-01 
 1.70000000e-06  1.15175790e+00  1.70000000e-06  3.00000000e-01  3.00000000e-01 
 1.80000000e-06  1.15490438e+00  1.80000000e-06  3.00000000e-01  3.00000000e-01 
 1.90000000e-06  1.15791572e+00  1.90000000e-06  3.00000000e-01  3.00000000e-01 
 2.00000000e-06  1.16080564e+00  2.00000000e-06  3.00000000e-01  3.00000000e-01 
 2.10000000e-06  1.16358585e+00  2.10000000e-06  3.00000000e-01  3.00000000e-01 
 2.20000000e-06  1.16626641e+00  2.20000000e-06  3.00000000e-01  3.00000000e-01 
 2.30000000e-06  1.16885601e+00  2.30000000e-06  3.00000000e-01  3.00000000e-01 
 2.40000000e-06  1.17136227e+00  2.40000000e-06  3.00000000e-01  3.00000000e-01 
 2.50000000e-06  1.17379182e+00  2.50000000e-06  3.00000000e-01  3.00000000e-01 
 2.60000000e-06  1.17615056e+00  2.60000000e-06  3.00000000e-01  3.00000000e-01 
 2.70000000e-06  1.17844369e+00  2.70000000e-06  3.00000000e-01  3.00000000e-01 
 2.80000000e-06  1.18067585e+00  2.80000000e-06  3.00000000e-01  3.00000000e-01 
 2.90000000e-06  1.18285119e+00  2.90000000e-06  3.00000000e-01  3.00000000e-01 
 3.00000000e-06  1.18497344e+00  3.00000000e-06  3.00000000e-01  3.00000000e-01 
 3.10000000e-06  1.18704597e+00  3.10000000e-06  3.00000000e-01  3.00000000e-01 
 3.20000000e-06  1.18907182e+00  3.20000000e-06  3.00000000e-01  3.00000000e-01 
 3.30000000e-06  1.19105376e+00  3.30000000e-06  3.00000000e-01  3.00000000e-01 
 3.40000000e-06  1.19299430e+00  3.40000000e-06  3.00000000e-01  3.00000000e-01 
 3.50000000e-06  1.19489575e+00  3.50000000e-06  3.00000000e-01  3.00000000e-01 
 3.60000000e-06  1.19676021e+00  3.60000000e-06  3.00000000e-01  3.00000000e-01 
 3.70000000e-06  1.19858962e+00  3.70000000e-06  3.00000000e-01  3.00000000e-01 
 3.80000000e-06  1.20038577e+00  3.80000000e-06  3.00000000e-01  3.00000000e-01 
 3.90000000e-06  1.20215029e+00  3.90000000e-06  3.00000000e-01  3.00000000e-01 
 4.00000000e-06  1.20388472e+00  4.00000000e-06  3.00000000e-01  3.00000000e-01 
 4.10000000e-06  1.20559045e+00  4.10000000e-06  3.00000000e-01  3.00000000e-01 
 4.20000000e-06  1.20726881e+00  4.20000000e-06  3.00000000e-01  3.00000000e-01 
 4.30000000e-06  1.20892099e+00  4.30000000e-06  3.00000000e-01  3.00000000e-01 
 4.40000000e-06  1.21054815e+00  4.40000000e-06  3.00000000e-01  3.00000000e-01 
 4.50000000e-06  1.21215135e+00  4.50000000e-06  3.00000000e-01  3.00000000e-01 
 4.60000000e-06  1.21373156e+00  4.60000000e-06  3.00000000e-01  3.00000000e-01 
 4.70000000e-06  1.21528972e+00  4.70000000e-06  3.00000000e-01  3.00000000e-01 
 4.80000000e-06  1.21682670e+00  4.80000000e-06  3.00000000e-01  3.00000000e-01 
 4.90000000e-06  1.21834332e+00  4.90000000e-06  3.00000000e-01  3.00000000e-01 
 5.00000000e-06  1.21984034e+00  5.00000000e-06  3.00000000e-01  3.00000000e-01 
 5.10000000e-06  1.22131850e+00  5.10000000e-06  3.00000000e-01  3.00000000e-01 
 5.20000000e-06  1.22277846e+00  5.20000000e-06  3.00000000e-01  3.00000000e-01 
 5.30000000e-06  1.22422088e+00  5.30000000e-06  3.00000000e-01  3.00000000e-01 
 5.40000000e-06  1.22564636e+00  5.40000000e-06  3.00000000e-01  3.00000000e-01 
 5.50000000e-06  1.22705549e+00  5.50000000e-06  3.00000000e-01  3.00000000e-01 
 5.60000000e-06  1.22844879e+00  5.60000000e-06  3.00000000e-01  3.00000000e-01 
 5.70000000e-06  1.22982681e+00  5.70000000e-06  3.00000000e-01  3.00000000e-01 
 5.80000000e-06  1.23119001e+00  5.80000000e-06  3.00000000e-01  3.00000000e-01 
 5.90000000e-06  1.23253888e+00  5.90000000e-06  3.00000000e-01  3.00000000e-01 
 6.00000000e-06  1.23387385e+00  6.00000000e-06  3.00000000e-01  3.00000000e-01 
