 i-sweep         v(vout)         i(viin)         v(vgate)        v(vmid)        
-6.00000000e-06 -1.85112119e-01 -6.00000000e-06  8.00000000e-01  1.80000000e+00 
-5.90000000e-06 -1.81680389e-01 -5.90000000e-06  8.00000000e-01  1.80000000e+00 
-5.80000000e-06 -1.78221607e-01 -5.80000000e-06  8.00000000e-01  1.80000000e+00 
-5.70000000e-06 -1.74735109e-01 -5.70000000e-06  8.00000000e-01  1.80000000e+00 
-5.60000000e-06 -1.71220202e-01 -5.60000000e-06  8.00000000e-01  1.80000000e+00 
-5.50000000e-06 -1.67676164e-01 -5.50000000e-06  8.00000000e-01  1.80000000e+00 
-5.40000000e-06 -1.64102243e-01 -5.40000000e-06  8.00000000e-01  1.80000000e+00 
-5.30000000e-06 -1.60497652e-01 -5.30000000e-06  8.00000000e-01  1.80000000e+00 
-5.20000000e-06 -1.56861570e-01 -5.20000000e-06  8.00000000e-01  1.80000000e+00 
-5.10000000e-06 -1.53193138e-01 -5.10000000e-06  8.00000000e-01  1.80000000e+00 
-5.00000000e-06 -1.49491455e-01 -5.00000000e-06  8.00000000e-01  1.80000000e+00 
-4.90000000e-06 -1.45755578e-01 -4.90000000e-06  8.00000000e-01  1.80000000e+00 
-4.80000000e-06 -1.41984516e-01 -4.80000000e-06  8.00000000e-01  1.80000000e+00 
-4.70000000e-06 -1.38177231e-01 -4.70000000e-06  8.00000000e-01  1.80000000e+00 
-4.60000000e-06 -1.34332628e-01 -4.60000000e-06  8.00000000e-01  1.80000000e+00 
-4.50000000e-06 -1.30449555e-01 -4.50000000e-06  8.00000000e-01  1.80000000e+00 
-4.40000000e-06 -1.26526797e-01 -4.40000000e-06  8.00000000e-01  1.80000000e+00 
-4.30000000e-06 -1.22563073e-01 -4.30000000e-06  8.00000000e-01  1.80000000e+00 
-4.20000000e-06 -1.18557026e-01 -4.20000000e-06  8.00000000e-01  1.80000000e+00 
-4.10000000e-06 -1.14507220e-01 -4.10000000e-06  8.00000000e-01  1.80000000e+00 
-4.00000000e-06 -1.10412132e-01 -4.00000000e-06  8.00000000e-01  1.80000000e+00 
-3.90000000e-06 -1.06270142e-01 -3.90000000e-06  8.00000000e-01  1.80000000e+00 
-3.80000000e-06 -1.02079526e-01 -3.80000000e-06  8.00000000e-01  1.80000000e+00 
-3.70000000e-06 -9.78384475e-02 -3.70000000e-06  8.00000000e-01  1.80000000e+00 
-3.60000000e-06 -9.35449403e-02 -3.60000000e-06  8.00000000e-01  1.80000000e+00 
-3.50000000e-06 -8.91969000e-02 -3.50000000e-06  8.00000000e-01  1.80000000e+00 
-3.40000000e-06 -8.47920668e-02 -3.40000000e-06  8.00000000e-01  1.80000000e+00 
-3.30000000e-06 -8.03280086e-02 -3.30000000e-06  8.00000000e-01  1.80000000e+00 
-3.20000000e-06 -7.58021007e-02 -3.20000000e-06  8.00000000e-01  1.80000000e+00 
-3.10000000e-06 -7.12115029e-02 -3.10000000e-06  8.00000000e-01  1.80000000e+00 
-3.00000000e-06 -6.65531325e-02 -3.00000000e-06  8.00000000e-01  1.80000000e+00 
-2.90000000e-06 -6.18236327e-02 -2.90000000e-06  8.00000000e-01  1.80000000e+00 
-2.80000000e-06 -5.70193361e-02 -2.80000000e-06  8.00000000e-01  1.80000000e+00 
-2.70000000e-06 -5.21362208e-02 -2.70000000e-06  8.00000000e-01  1.80000000e+00 
-2.60000000e-06 -4.71698593e-02 -2.60000000e-06  8.00000000e-01  1.80000000e+00 
-2.50000000e-06 -4.21153568e-02 -2.50000000e-06  8.00000000e-01  1.80000000e+00 
-2.40000000e-06 -3.69672769e-02 -2.40000000e-06  8.00000000e-01  1.80000000e+00 
-2.30000000e-06 -3.17195529e-02 -2.30000000e-06  8.00000000e-01  1.80000000e+00 
-2.20000000e-06 -2.63653782e-02 -2.20000000e-06  8.00000000e-01  1.80000000e+00 
-2.10000000e-06 -2.08970723e-02 -2.10000000e-06  8.00000000e-01  1.80000000e+00 
-2.00000000e-06 -1.53059147e-02 -2.00000000e-06  8.00000000e-01  1.80000000e+00 
-1.90000000e-06 -9.58193687e-03 -1.90000000e-06  8.00000000e-01  1.80000000e+00 
-1.80000000e-06 -3.71365832e-03 -1.80000000e-06  8.00000000e-01  1.80000000e+00 
-1.70000000e-06  2.31225068e-03 -1.70000000e-06  8.00000000e-01  1.80000000e+00 
-1.60000000e-06  8.51140723e-03 -1.60000000e-06  8.00000000e-01  1.80000000e+00 
-1.50000000e-06  1.49022926e-02 -1.50000000e-06  8.00000000e-01  1.80000000e+00 
-1.40000000e-06  2.15070242e-02 -1.40000000e-06  8.00000000e-01  1.80000000e+00 
-1.30000000e-06  2.83524084e-02 -1.30000000e-06  8.00000000e-01  1.80000000e+00 
-1.20000000e-06  3.54714060e-02 -1.20000000e-06  8.00000000e-01  1.80000000e+00 
-1.10000000e-06  4.29052241e-02 -1.10000000e-06  8.00000000e-01  1.80000000e+00 
-1.00000000e-06  5.07063858e-02 -1.00000000e-06  8.00000000e-01  1.80000000e+00 
-9.00000000e-07  5.89433881e-02 -9.00000000e-07  8.00000000e-01  1.80000000e+00 
-8.00000000e-07  6.77080583e-02 -8.00000000e-07  8.00000000e-01  1.80000000e+00 
-7.00000000e-07  7.71277474e-02 -7.00000000e-07  8.00000000e-01  1.80000000e+00 
-6.00000000e-07  8.73868038e-02 -6.00000000e-07  8.00000000e-01  1.80000000e+00 
-5.00000000e-07  9.87674372e-02 -5.00000000e-07  8.00000000e-01  1.80000000e+00 
-4.00000000e-07  1.11735970e-01 -4.00000000e-07  8.00000000e-01  1.80000000e+00 
-3.00000000e-07  1.27153578e-01 -3.00000000e-07  8.00000000e-01  1.80000000e+00 
-2.00000000e-07  1.46922248e-01 -2.00000000e-07  8.00000000e-01  1.80000000e+00 
-1.00000000e-07  1.77003683e-01 -1.00000000e-07  8.00000000e-01  1.80000000e+00 
-5.71747239e-21  9.00362859e-01 -5.71747239e-21  8.00000000e-01  1.80000000e+00 
 1.00000000e-07  1.52368397e+00  1.00000000e-07  8.00000000e-01  1.80000000e+00 
 2.00000000e-07  1.55582430e+00  2.00000000e-07  8.00000000e-01  1.80000000e+00 
 3.00000000e-07  1.57456756e+00  3.00000000e-07  8.00000000e-01  1.80000000e+00 
 4.00000000e-07  1.58791622e+00  4.00000000e-07  8.00000000e-01  1.80000000e+00 
 5.00000000e-07  1.59832501e+00  5.00000000e-07  8.00000000e-01  1.80000000e+00 
 6.00000000e-07  1.60691202e+00  6.00000000e-07  8.00000000e-01  1.80000000e+00 
 7.00000000e-07  1.61424956e+00  7.00000000e-07  8.00000000e-01  1.80000000e+00 
 8.00000000e-07  1.62067799e+00  8.00000000e-07  8.00000000e-01  1.80000000e+00 
 9.00000000e-07  1.62641545e+00  9.00000000e-07  8.00000000e-01  1.80000000e+00 
 1.00000000e-06  1.63160994e+00  1.00000000e-06  8.00000000e-01  1.80000000e+00 
 1.10000000e-06  1.63636639e+00  1.10000000e-06  8.00000000e-01  1.80000000e+00 
 1.20000000e-06  1.64076188e+00  1.20000000e-06  8.00000000e-01  1.80000000e+00 
 1.30000000e-06  1.64485469e+00  1.30000000e-06  8.00000000e-01  1.80000000e+00 
 1.40000000e-06  1.64868993e+00  1.40000000e-06  8.00000000e-01  1.80000000e+00 
 1.50000000e-06  1.65230327e+00  1.50000000e-06  8.00000000e-01  1.80000000e+00 
 1.60000000e-06  1.65572336e+00  1.60000000e-06  8.00000000e-01  1.80000000e+00 
 1.70000000e-06  1.65897359e+00  1.70000000e-06  8.00000000e-01  1.80000000e+00 
 1.80000000e-06  1.66207329e+00  1.80000000e-06  8.00000000e-01  1.80000000e+00 
 1.90000000e-06  1.66503862e+00  1.90000000e-06  8.00000000e-01  1.80000000e+00 
 2.00000000e-06  1.66788324e+00  2.00000000e-06  8.00000000e-01  1.80000000e+00 
 2.10000000e-06  1.67061879e+00  2.10000000e-06  8.00000000e-01  1.80000000e+00 
 2.20000000e-06  1.67325529e+00  2.20000000e-06  8.00000000e-01  1.80000000e+00 
 2.30000000e-06  1.67580139e+00  2.30000000e-06  8.00000000e-01  1.80000000e+00 
 2.40000000e-06  1.67826464e+00  2.40000000e-06  8.00000000e-01  1.80000000e+00 
 2.50000000e-06  1.68065168e+00  2.50000000e-06  8.00000000e-01  1.80000000e+00 
 2.60000000e-06  1.68296835e+00  2.60000000e-06  8.00000000e-01  1.80000000e+00 
 2.70000000e-06  1.68521983e+00  2.70000000e-06  8.00000000e-01  1.80000000e+00 
 2.80000000e-06  1.68741073e+00  2.80000000e-06  8.00000000e-01  1.80000000e+00 
 2.90000000e-06  1.68954518e+00  2.90000000e-06  8.00000000e-01  1.80000000e+00 
 3.00000000e-06  1.69162690e+00  3.00000000e-06  8.00000000e-01  1.80000000e+00 
 3.10000000e-06  1.69365922e+00  3.10000000e-06  8.00000000e-01  1.80000000e+00 
 3.20000000e-06  1.69564519e+00  3.20000000e-06  8.00000000e-01  1.80000000e+00 
 3.30000000e-06  1.69758754e+00  3.30000000e-06  8.00000000e-01  1.80000000e+00 
 3.40000000e-06  1.69948879e+00  3.40000000e-06  8.00000000e-01  1.80000000e+00 
 3.50000000e-06  1.70135122e+00  3.50000000e-06  8.00000000e-01  1.80000000e+00 
 3.60000000e-06  1.70317692e+00  3.60000000e-06  8.00000000e-01  1.80000000e+00 
 3.70000000e-06  1.70496783e+00  3.70000000e-06  8.00000000e-01  1.80000000e+00 
 3.80000000e-06  1.70672571e+00  3.80000000e-06  8.00000000e-01  1.80000000e+00 
 3.90000000e-06  1.70845220e+00  3.90000000e-06  8.00000000e-01  1.80000000e+00 
 4.00000000e-06  1.71014881e+00  4.00000000e-06  8.00000000e-01  1.80000000e+00 
 4.10000000e-06  1.71181694e+00  4.10000000e-06  8.00000000e-01  1.80000000e+00 
 4.20000000e-06  1.71345790e+00  4.20000000e-06  8.00000000e-01  1.80000000e+00 
 4.30000000e-06  1.71507290e+00  4.30000000e-06  8.00000000e-01  1.80000000e+00 
 4.40000000e-06  1.71666306e+00  4.40000000e-06  8.00000000e-01  1.80000000e+00 
 4.50000000e-06  1.71822944e+00  4.50000000e-06  8.00000000e-01  1.80000000e+00 
 4.60000000e-06  1.71977302e+00  4.60000000e-06  8.00000000e-01  1.80000000e+00 
 4.70000000e-06  1.72129472e+00  4.70000000e-06  8.00000000e-01  1.80000000e+00 
 4.80000000e-06  1.72279541e+00  4.80000000e-06  8.00000000e-01  1.80000000e+00 
 4.90000000e-06  1.72427590e+00  4.90000000e-06  8.00000000e-01  1.80000000e+00 
 5.00000000e-06  1.72573695e+00  5.00000000e-06  8.00000000e-01  1.80000000e+00 
 5.10000000e-06  1.72717929e+00  5.10000000e-06  8.00000000e-01  1.80000000e+00 
 5.20000000e-06  1.72860359e+00  5.20000000e-06  8.00000000e-01  1.80000000e+00 
 5.30000000e-06  1.73001049e+00  5.30000000e-06  8.00000000e-01  1.80000000e+00 
 5.40000000e-06  1.73140060e+00  5.40000000e-06  8.00000000e-01  1.80000000e+00 
 5.50000000e-06  1.73277449e+00  5.50000000e-06  8.00000000e-01  1.80000000e+00 
 5.60000000e-06  1.73413269e+00  5.60000000e-06  8.00000000e-01  1.80000000e+00 
 5.70000000e-06  1.73547573e+00  5.70000000e-06  8.00000000e-01  1.80000000e+00 
 5.80000000e-06  1.73680410e+00  5.80000000e-06  8.00000000e-01  1.80000000e+00 
 5.90000000e-06  1.73811825e+00  5.90000000e-06  8.00000000e-01  1.80000000e+00 
 6.00000000e-06  1.73941862e+00  6.00000000e-06  8.00000000e-01  1.80000000e+00 
