 i-sweep         v(vout)         i(viin)         v(vgate)        v(vmid)        
 0.00000000e+00  7.75826524e-01  0.00000000e+00  1.30000000e+00  8.00000000e-01 
 1.00000000e-07  1.01553429e+00  1.00000000e-07  1.30000000e+00  8.00000000e-01 
 2.00000000e-07  1.04785532e+00  2.00000000e-07  1.30000000e+00  8.00000000e-01 
 3.00000000e-07  1.06691031e+00  3.00000000e-07  1.30000000e+00  8.00000000e-01 
 4.00000000e-07  1.08020292e+00  4.00000000e-07  1.30000000e+00  8.00000000e-01 
 5.00000000e-07  1.09068183e+00  5.00000000e-07  1.30000000e+00  8.00000000e-01 
 6.00000000e-07  1.10012509e+00  6.00000000e-07  1.30000000e+00  8.00000000e-01 
 7.00000000e-07  1.10718434e+00  7.00000000e-07  1.30000000e+00  8.00000000e-01 
 8.00000000e-07  1.11359428e+00  8.00000000e-07  1.30000000e+00  8.00000000e-01 
 9.00000000e-07  1.11931561e+00  9.00000000e-07  1.30000000e+00  8.00000000e-01 
 1.00000000e-06  1.12451566e+00  1.00000000e-06  1.30000000e+00  8.00000000e-01 
 1.10000000e-06  1.12928893e+00  1.10000000e-06  1.30000000e+00  8.00000000e-01 
 1.20000000e-06  1.13370883e+00  1.20000000e-06  1.30000000e+00  8.00000000e-01 
 1.30000000e-06  1.13783108e+00  1.30000000e-06  1.30000000e+00  8.00000000e-01 
 1.40000000e-06  1.14169918e+00  1.40000000e-06  1.30000000e+00  8.00000000e-01 
 1.50000000e-06  1.14534770e+00  1.50000000e-06  1.30000000e+00  8.00000000e-01 
 1.60000000e-06  1.14880459e+00  1.60000000e-06  1.30000000e+00  8.00000000e-01 
 1.70000000e-06  1.15209273e+00  1.70000000e-06  1.30000000e+00  8.00000000e-01 
 1.80000000e-06  1.15523108e+00  1.80000000e-06  1.30000000e+00  8.00000000e-01 
 1.90000000e-06  1.15823557e+00  1.90000000e-06  1.30000000e+00  8.00000000e-01 
 2.00000000e-06  1.16111966e+00  2.00000000e-06  1.30000000e+00  8.00000000e-01 
 2.10000000e-06  1.16389487e+00  2.10000000e-06  1.30000000e+00  8.00000000e-01 
 2.20000000e-06  1.16657110e+00  2.20000000e-06  1.30000000e+00  8.00000000e-01 
 2.30000000e-06  1.16915694e+00  2.30000000e-06  1.30000000e+00  8.00000000e-01 
 2.40000000e-06  1.17165990e+00  2.40000000e-06  1.30000000e+00  8.00000000e-01 
 2.50000000e-06  1.17408656e+00  2.50000000e-06  1.30000000e+00  8.00000000e-01 
 2.60000000e-06  1.17644273e+00  2.60000000e-06  1.30000000e+00  8.00000000e-01 
 2.70000000e-06  1.17873357e+00  2.70000000e-06  1.30000000e+00  8.00000000e-01 
 2.80000000e-06  1.18096369e+00  2.80000000e-06  1.30000000e+00  8.00000000e-01 
 2.90000000e-06  1.18313720e+00  2.90000000e-06  1.30000000e+00  8.00000000e-01 
 3.00000000e-06  1.18525780e+00  3.00000000e-06  1.30000000e+00  8.00000000e-01 
 3.10000000e-06  1.18732883e+00  3.10000000e-06  1.30000000e+00  8.00000000e-01 
 3.20000000e-06  1.18935333e+00  3.20000000e-06  1.30000000e+00  8.00000000e-01 
 3.30000000e-06  1.19133404e+00  3.30000000e-06  1.30000000e+00  8.00000000e-01 
 3.40000000e-06  1.19327346e+00  3.40000000e-06  1.30000000e+00  8.00000000e-01 
 3.50000000e-06  1.19517388e+00  3.50000000e-06  1.30000000e+00  8.00000000e-01 
 3.60000000e-06  1.19703740e+00  3.60000000e-06  1.30000000e+00  8.00000000e-01 
 3.70000000e-06  1.19886594e+00  3.70000000e-06  1.30000000e+00  8.00000000e-01 
 3.80000000e-06  1.20066129e+00  3.80000000e-06  1.30000000e+00  8.00000000e-01 
 3.90000000e-06  1.20242508e+00  3.90000000e-06  1.30000000e+00  8.00000000e-01 
 4.00000000e-06  1.20415882e+00  4.00000000e-06  1.30000000e+00  8.00000000e-01 
 4.10000000e-06  1.20586391e+00  4.10000000e-06  1.30000000e+00  8.00000000e-01 
 4.20000000e-06  1.20754168e+00  4.20000000e-06  1.30000000e+00  8.00000000e-01 
 4.30000000e-06  1.20919332e+00  4.30000000e-06  1.30000000e+00  8.00000000e-01 
 4.40000000e-06  1.21081996e+00  4.40000000e-06  1.30000000e+00  8.00000000e-01 
 4.50000000e-06  1.21242267e+00  4.50000000e-06  1.30000000e+00  8.00000000e-01 
 4.60000000e-06  1.21400244e+00  4.60000000e-06  1.30000000e+00  8.00000000e-01 
 4.70000000e-06  1.21556018e+00  4.70000000e-06  1.30000000e+00  8.00000000e-01 
 4.80000000e-06  1.21709676e+00  4.80000000e-06  1.30000000e+00  8.00000000e-01 
 4.90000000e-06  1.21861301e+00  4.90000000e-06  1.30000000e+00  8.00000000e-01 
 5.00000000e-06  1.22010968e+00  5.00000000e-06  1.30000000e+00  8.00000000e-01 
 5.10000000e-06  1.22158750e+00  5.10000000e-06  1.30000000e+00  8.00000000e-01 
 5.20000000e-06  1.22304715e+00  5.20000000e-06  1.30000000e+00  8.00000000e-01 
 5.30000000e-06  1.22448928e+00  5.30000000e-06  1.30000000e+00  8.00000000e-01 
 5.40000000e-06  1.22591448e+00  5.40000000e-06  1.30000000e+00  8.00000000e-01 
 5.50000000e-06  1.22732334e+00  5.50000000e-06  1.30000000e+00  8.00000000e-01 
 5.60000000e-06  1.22871639e+00  5.60000000e-06  1.30000000e+00  8.00000000e-01 
 5.70000000e-06  1.23009417e+00  5.70000000e-06  1.30000000e+00  8.00000000e-01 
 5.80000000e-06  1.23145715e+00  5.80000000e-06  1.30000000e+00  8.00000000e-01 
 5.90000000e-06  1.23280580e+00  5.90000000e-06  1.30000000e+00  8.00000000e-01 
 6.00000000e-06  1.23414056e+00  6.00000000e-06  1.30000000e+00  8.00000000e-01 
 6.10000000e-06  1.23546186e+00  6.10000000e-06  1.30000000e+00  8.00000000e-01 
 6.20000000e-06  1.23677009e+00  6.20000000e-06  1.30000000e+00  8.00000000e-01 
 6.30000000e-06  1.23806564e+00  6.30000000e-06  1.30000000e+00  8.00000000e-01 
 6.40000000e-06  1.23934888e+00  6.40000000e-06  1.30000000e+00  8.00000000e-01 
 6.50000000e-06  1.24062014e+00  6.50000000e-06  1.30000000e+00  8.00000000e-01 
 6.60000000e-06  1.24187977e+00  6.60000000e-06  1.30000000e+00  8.00000000e-01 
 6.70000000e-06  1.24312809e+00  6.70000000e-06  1.30000000e+00  8.00000000e-01 
 6.80000000e-06  1.24436539e+00  6.80000000e-06  1.30000000e+00  8.00000000e-01 
 6.90000000e-06  1.24559197e+00  6.90000000e-06  1.30000000e+00  8.00000000e-01 
 7.00000000e-06  1.24680811e+00  7.00000000e-06  1.30000000e+00  8.00000000e-01 
 7.10000000e-06  1.24801408e+00  7.10000000e-06  1.30000000e+00  8.00000000e-01 
 7.20000000e-06  1.24921013e+00  7.20000000e-06  1.30000000e+00  8.00000000e-01 
 7.30000000e-06  1.25039651e+00  7.30000000e-06  1.30000000e+00  8.00000000e-01 
 7.40000000e-06  1.25157346e+00  7.40000000e-06  1.30000000e+00  8.00000000e-01 
 7.50000000e-06  1.25274120e+00  7.50000000e-06  1.30000000e+00  8.00000000e-01 
 7.60000000e-06  1.25389996e+00  7.60000000e-06  1.30000000e+00  8.00000000e-01 
 7.70000000e-06  1.25504995e+00  7.70000000e-06  1.30000000e+00  8.00000000e-01 
 7.80000000e-06  1.25619136e+00  7.80000000e-06  1.30000000e+00  8.00000000e-01 
 7.90000000e-06  1.25732440e+00  7.90000000e-06  1.30000000e+00  8.00000000e-01 
 8.00000000e-06  1.25844925e+00  8.00000000e-06  1.30000000e+00  8.00000000e-01 
 8.10000000e-06  1.25956609e+00  8.10000000e-06  1.30000000e+00  8.00000000e-01 
 8.20000000e-06  1.26067510e+00  8.20000000e-06  1.30000000e+00  8.00000000e-01 
 8.30000000e-06  1.26177646e+00  8.30000000e-06  1.30000000e+00  8.00000000e-01 
 8.40000000e-06  1.26287031e+00  8.40000000e-06  1.30000000e+00  8.00000000e-01 
 8.50000000e-06  1.26395682e+00  8.50000000e-06  1.30000000e+00  8.00000000e-01 
 8.60000000e-06  1.26503615e+00  8.60000000e-06  1.30000000e+00  8.00000000e-01 
 8.70000000e-06  1.26610843e+00  8.70000000e-06  1.30000000e+00  8.00000000e-01 
 8.80000000e-06  1.26717382e+00  8.80000000e-06  1.30000000e+00  8.00000000e-01 
 8.90000000e-06  1.26823244e+00  8.90000000e-06  1.30000000e+00  8.00000000e-01 
 9.00000000e-06  1.26928444e+00  9.00000000e-06  1.30000000e+00  8.00000000e-01 
 9.10000000e-06  1.27032993e+00  9.10000000e-06  1.30000000e+00  8.00000000e-01 
 9.20000000e-06  1.27136906e+00  9.20000000e-06  1.30000000e+00  8.00000000e-01 
 9.30000000e-06  1.27240193e+00  9.30000000e-06  1.30000000e+00  8.00000000e-01 
 9.40000000e-06  1.27342867e+00  9.40000000e-06  1.30000000e+00  8.00000000e-01 
 9.50000000e-06  1.27444939e+00  9.50000000e-06  1.30000000e+00  8.00000000e-01 
 9.60000000e-06  1.27546420e+00  9.60000000e-06  1.30000000e+00  8.00000000e-01 
 9.70000000e-06  1.27647321e+00  9.70000000e-06  1.30000000e+00  8.00000000e-01 
 9.80000000e-06  1.27747652e+00  9.80000000e-06  1.30000000e+00  8.00000000e-01 
 9.90000000e-06  1.27847423e+00  9.90000000e-06  1.30000000e+00  8.00000000e-01 
 1.00000000e-05  1.27946644e+00  1.00000000e-05  1.30000000e+00  8.00000000e-01 
 1.01000000e-05  1.28045325e+00  1.01000000e-05  1.30000000e+00  8.00000000e-01 
 1.02000000e-05  1.28143475e+00  1.02000000e-05  1.30000000e+00  8.00000000e-01 
 1.03000000e-05  1.28241103e+00  1.03000000e-05  1.30000000e+00  8.00000000e-01 
 1.04000000e-05  1.28338217e+00  1.04000000e-05  1.30000000e+00  8.00000000e-01 
 1.05000000e-05  1.28434827e+00  1.05000000e-05  1.30000000e+00  8.00000000e-01 
 1.06000000e-05  1.28530940e+00  1.06000000e-05  1.30000000e+00  8.00000000e-01 
 1.07000000e-05  1.28626565e+00  1.07000000e-05  1.30000000e+00  8.00000000e-01 
 1.08000000e-05  1.28721709e+00  1.08000000e-05  1.30000000e+00  8.00000000e-01 
 1.09000000e-05  1.28816380e+00  1.09000000e-05  1.30000000e+00  8.00000000e-01 
 1.10000000e-05  1.28910586e+00  1.10000000e-05  1.30000000e+00  8.00000000e-01 
 1.11000000e-05  1.29004334e+00  1.11000000e-05  1.30000000e+00  8.00000000e-01 
 1.12000000e-05  1.29097631e+00  1.12000000e-05  1.30000000e+00  8.00000000e-01 
 1.13000000e-05  1.29190483e+00  1.13000000e-05  1.30000000e+00  8.00000000e-01 
 1.14000000e-05  1.29282898e+00  1.14000000e-05  1.30000000e+00  8.00000000e-01 
 1.15000000e-05  1.29374882e+00  1.15000000e-05  1.30000000e+00  8.00000000e-01 
 1.16000000e-05  1.29466442e+00  1.16000000e-05  1.30000000e+00  8.00000000e-01 
 1.17000000e-05  1.29557583e+00  1.17000000e-05  1.30000000e+00  8.00000000e-01 
 1.18000000e-05  1.29648313e+00  1.18000000e-05  1.30000000e+00  8.00000000e-01 
 1.19000000e-05  1.29738636e+00  1.19000000e-05  1.30000000e+00  8.00000000e-01 
 1.20000000e-05  1.29828559e+00  1.20000000e-05  1.30000000e+00  8.00000000e-01 
 1.21000000e-05  1.29918087e+00  1.21000000e-05  1.30000000e+00  8.00000000e-01 
 1.22000000e-05  1.30007226e+00  1.22000000e-05  1.30000000e+00  8.00000000e-01 
 1.23000000e-05  1.30095981e+00  1.23000000e-05  1.30000000e+00  8.00000000e-01 
 1.24000000e-05  1.30184358e+00  1.24000000e-05  1.30000000e+00  8.00000000e-01 
 1.25000000e-05  1.30272361e+00  1.25000000e-05  1.30000000e+00  8.00000000e-01 
 1.26000000e-05  1.30359997e+00  1.26000000e-05  1.30000000e+00  8.00000000e-01 
 1.27000000e-05  1.30447269e+00  1.27000000e-05  1.30000000e+00  8.00000000e-01 
 1.28000000e-05  1.30534182e+00  1.28000000e-05  1.30000000e+00  8.00000000e-01 
 1.29000000e-05  1.30620742e+00  1.29000000e-05  1.30000000e+00  8.00000000e-01 
 1.30000000e-05  1.30706953e+00  1.30000000e-05  1.30000000e+00  8.00000000e-01 
 1.31000000e-05  1.30792819e+00  1.31000000e-05  1.30000000e+00  8.00000000e-01 
 1.32000000e-05  1.30878345e+00  1.32000000e-05  1.30000000e+00  8.00000000e-01 
 1.33000000e-05  1.30963535e+00  1.33000000e-05  1.30000000e+00  8.00000000e-01 
 1.34000000e-05  1.31048394e+00  1.34000000e-05  1.30000000e+00  8.00000000e-01 
 1.35000000e-05  1.31132925e+00  1.35000000e-05  1.30000000e+00  8.00000000e-01 
 1.36000000e-05  1.31217134e+00  1.36000000e-05  1.30000000e+00  8.00000000e-01 
 1.37000000e-05  1.31301022e+00  1.37000000e-05  1.30000000e+00  8.00000000e-01 
 1.38000000e-05  1.31384595e+00  1.38000000e-05  1.30000000e+00  8.00000000e-01 
 1.39000000e-05  1.31467857e+00  1.39000000e-05  1.30000000e+00  8.00000000e-01 
 1.40000000e-05  1.31550811e+00  1.40000000e-05  1.30000000e+00  8.00000000e-01 
 1.41000000e-05  1.31633461e+00  1.41000000e-05  1.30000000e+00  8.00000000e-01 
 1.42000000e-05  1.31715810e+00  1.42000000e-05  1.30000000e+00  8.00000000e-01 
 1.43000000e-05  1.31797862e+00  1.43000000e-05  1.30000000e+00  8.00000000e-01 
 1.44000000e-05  1.31879620e+00  1.44000000e-05  1.30000000e+00  8.00000000e-01 
 1.45000000e-05  1.31961088e+00  1.45000000e-05  1.30000000e+00  8.00000000e-01 
 1.46000000e-05  1.32042270e+00  1.46000000e-05  1.30000000e+00  8.00000000e-01 
 1.47000000e-05  1.32123168e+00  1.47000000e-05  1.30000000e+00  8.00000000e-01 
 1.48000000e-05  1.32203785e+00  1.48000000e-05  1.30000000e+00  8.00000000e-01 
 1.49000000e-05  1.32284125e+00  1.49000000e-05  1.30000000e+00  8.00000000e-01 
 1.50000000e-05  1.32364192e+00  1.50000000e-05  1.30000000e+00  8.00000000e-01 
 1.51000000e-05  1.32443987e+00  1.51000000e-05  1.30000000e+00  8.00000000e-01 
 1.52000000e-05  1.32523513e+00  1.52000000e-05  1.30000000e+00  8.00000000e-01 
 1.53000000e-05  1.32602775e+00  1.53000000e-05  1.30000000e+00  8.00000000e-01 
 1.54000000e-05  1.32681774e+00  1.54000000e-05  1.30000000e+00  8.00000000e-01 
 1.55000000e-05  1.32760514e+00  1.55000000e-05  1.30000000e+00  8.00000000e-01 
 1.56000000e-05  1.32838997e+00  1.56000000e-05  1.30000000e+00  8.00000000e-01 
 1.57000000e-05  1.32917226e+00  1.57000000e-05  1.30000000e+00  8.00000000e-01 
 1.58000000e-05  1.32995204e+00  1.58000000e-05  1.30000000e+00  8.00000000e-01 
 1.59000000e-05  1.33072933e+00  1.59000000e-05  1.30000000e+00  8.00000000e-01 
 1.60000000e-05  1.33150415e+00  1.60000000e-05  1.30000000e+00  8.00000000e-01 
 1.61000000e-05  1.33227655e+00  1.61000000e-05  1.30000000e+00  8.00000000e-01 
 1.62000000e-05  1.33304652e+00  1.62000000e-05  1.30000000e+00  8.00000000e-01 
 1.63000000e-05  1.33381412e+00  1.63000000e-05  1.30000000e+00  8.00000000e-01 
 1.64000000e-05  1.33457935e+00  1.64000000e-05  1.30000000e+00  8.00000000e-01 
 1.65000000e-05  1.33534224e+00  1.65000000e-05  1.30000000e+00  8.00000000e-01 
 1.66000000e-05  1.33610281e+00  1.66000000e-05  1.30000000e+00  8.00000000e-01 
 1.67000000e-05  1.33686109e+00  1.67000000e-05  1.30000000e+00  8.00000000e-01 
 1.68000000e-05  1.33761710e+00  1.68000000e-05  1.30000000e+00  8.00000000e-01 
 1.69000000e-05  1.33837086e+00  1.69000000e-05  1.30000000e+00  8.00000000e-01 
 1.70000000e-05  1.33912240e+00  1.70000000e-05  1.30000000e+00  8.00000000e-01 
 1.71000000e-05  1.33987173e+00  1.71000000e-05  1.30000000e+00  8.00000000e-01 
 1.72000000e-05  1.34061887e+00  1.72000000e-05  1.30000000e+00  8.00000000e-01 
 1.73000000e-05  1.34136385e+00  1.73000000e-05  1.30000000e+00  8.00000000e-01 
 1.74000000e-05  1.34210669e+00  1.74000000e-05  1.30000000e+00  8.00000000e-01 
 1.75000000e-05  1.34284741e+00  1.75000000e-05  1.30000000e+00  8.00000000e-01 
 1.76000000e-05  1.34358602e+00  1.76000000e-05  1.30000000e+00  8.00000000e-01 
 1.77000000e-05  1.34432255e+00  1.77000000e-05  1.30000000e+00  8.00000000e-01 
 1.78000000e-05  1.34505701e+00  1.78000000e-05  1.30000000e+00  8.00000000e-01 
 1.79000000e-05  1.34578943e+00  1.79000000e-05  1.30000000e+00  8.00000000e-01 
 1.80000000e-05  1.34651982e+00  1.80000000e-05  1.30000000e+00  8.00000000e-01 
 1.81000000e-05  1.34724820e+00  1.81000000e-05  1.30000000e+00  8.00000000e-01 
 1.82000000e-05  1.34797460e+00  1.82000000e-05  1.30000000e+00  8.00000000e-01 
 1.83000000e-05  1.34869902e+00  1.83000000e-05  1.30000000e+00  8.00000000e-01 
 1.84000000e-05  1.34942148e+00  1.84000000e-05  1.30000000e+00  8.00000000e-01 
 1.85000000e-05  1.35014200e+00  1.85000000e-05  1.30000000e+00  8.00000000e-01 
 1.86000000e-05  1.35086061e+00  1.86000000e-05  1.30000000e+00  8.00000000e-01 
 1.87000000e-05  1.35157730e+00  1.87000000e-05  1.30000000e+00  8.00000000e-01 
 1.88000000e-05  1.35229211e+00  1.88000000e-05  1.30000000e+00  8.00000000e-01 
 1.89000000e-05  1.35300505e+00  1.89000000e-05  1.30000000e+00  8.00000000e-01 
 1.90000000e-05  1.35371614e+00  1.90000000e-05  1.30000000e+00  8.00000000e-01 
 1.91000000e-05  1.35442538e+00  1.91000000e-05  1.30000000e+00  8.00000000e-01 
 1.92000000e-05  1.35513280e+00  1.92000000e-05  1.30000000e+00  8.00000000e-01 
 1.93000000e-05  1.35583841e+00  1.93000000e-05  1.30000000e+00  8.00000000e-01 
 1.94000000e-05  1.35654222e+00  1.94000000e-05  1.30000000e+00  8.00000000e-01 
 1.95000000e-05  1.35724426e+00  1.95000000e-05  1.30000000e+00  8.00000000e-01 
 1.96000000e-05  1.35794453e+00  1.96000000e-05  1.30000000e+00  8.00000000e-01 
 1.97000000e-05  1.35864305e+00  1.97000000e-05  1.30000000e+00  8.00000000e-01 
 1.98000000e-05  1.35933983e+00  1.98000000e-05  1.30000000e+00  8.00000000e-01 
 1.99000000e-05  1.36003490e+00  1.99000000e-05  1.30000000e+00  8.00000000e-01 
 2.00000000e-05  1.36072825e+00  2.00000000e-05  1.30000000e+00  8.00000000e-01 
 2.01000000e-05  1.36141991e+00  2.01000000e-05  1.30000000e+00  8.00000000e-01 
 2.02000000e-05  1.36210990e+00  2.02000000e-05  1.30000000e+00  8.00000000e-01 
 2.03000000e-05  1.36279821e+00  2.03000000e-05  1.30000000e+00  8.00000000e-01 
 2.04000000e-05  1.36348487e+00  2.04000000e-05  1.30000000e+00  8.00000000e-01 
 2.05000000e-05  1.36416989e+00  2.05000000e-05  1.30000000e+00  8.00000000e-01 
 2.06000000e-05  1.36485328e+00  2.06000000e-05  1.30000000e+00  8.00000000e-01 
 2.07000000e-05  1.36553506e+00  2.07000000e-05  1.30000000e+00  8.00000000e-01 
 2.08000000e-05  1.36621523e+00  2.08000000e-05  1.30000000e+00  8.00000000e-01 
 2.09000000e-05  1.36689381e+00  2.09000000e-05  1.30000000e+00  8.00000000e-01 
 2.10000000e-05  1.36757082e+00  2.10000000e-05  1.30000000e+00  8.00000000e-01 
 2.11000000e-05  1.36824626e+00  2.11000000e-05  1.30000000e+00  8.00000000e-01 
 2.12000000e-05  1.36892014e+00  2.12000000e-05  1.30000000e+00  8.00000000e-01 
 2.13000000e-05  1.36959248e+00  2.13000000e-05  1.30000000e+00  8.00000000e-01 
 2.14000000e-05  1.37026329e+00  2.14000000e-05  1.30000000e+00  8.00000000e-01 
 2.15000000e-05  1.37093258e+00  2.15000000e-05  1.30000000e+00  8.00000000e-01 
 2.16000000e-05  1.37160036e+00  2.16000000e-05  1.30000000e+00  8.00000000e-01 
 2.17000000e-05  1.37226664e+00  2.17000000e-05  1.30000000e+00  8.00000000e-01 
 2.18000000e-05  1.37293144e+00  2.18000000e-05  1.30000000e+00  8.00000000e-01 
 2.19000000e-05  1.37359476e+00  2.19000000e-05  1.30000000e+00  8.00000000e-01 
 2.20000000e-05  1.37425662e+00  2.20000000e-05  1.30000000e+00  8.00000000e-01 
 2.21000000e-05  1.37491702e+00  2.21000000e-05  1.30000000e+00  8.00000000e-01 
 2.22000000e-05  1.37557598e+00  2.22000000e-05  1.30000000e+00  8.00000000e-01 
 2.23000000e-05  1.37623351e+00  2.23000000e-05  1.30000000e+00  8.00000000e-01 
 2.24000000e-05  1.37688961e+00  2.24000000e-05  1.30000000e+00  8.00000000e-01 
 2.25000000e-05  1.37754430e+00  2.25000000e-05  1.30000000e+00  8.00000000e-01 
 2.26000000e-05  1.37819758e+00  2.26000000e-05  1.30000000e+00  8.00000000e-01 
 2.27000000e-05  1.37884947e+00  2.27000000e-05  1.30000000e+00  8.00000000e-01 
 2.28000000e-05  1.37949998e+00  2.28000000e-05  1.30000000e+00  8.00000000e-01 
 2.29000000e-05  1.38014912e+00  2.29000000e-05  1.30000000e+00  8.00000000e-01 
 2.30000000e-05  1.38079689e+00  2.30000000e-05  1.30000000e+00  8.00000000e-01 
 2.31000000e-05  1.38144330e+00  2.31000000e-05  1.30000000e+00  8.00000000e-01 
 2.32000000e-05  1.38208837e+00  2.32000000e-05  1.30000000e+00  8.00000000e-01 
 2.33000000e-05  1.38273211e+00  2.33000000e-05  1.30000000e+00  8.00000000e-01 
 2.34000000e-05  1.38337451e+00  2.34000000e-05  1.30000000e+00  8.00000000e-01 
 2.35000000e-05  1.38401560e+00  2.35000000e-05  1.30000000e+00  8.00000000e-01 
 2.36000000e-05  1.38465538e+00  2.36000000e-05  1.30000000e+00  8.00000000e-01 
 2.37000000e-05  1.38529385e+00  2.37000000e-05  1.30000000e+00  8.00000000e-01 
 2.38000000e-05  1.38593104e+00  2.38000000e-05  1.30000000e+00  8.00000000e-01 
 2.39000000e-05  1.38656694e+00  2.39000000e-05  1.30000000e+00  8.00000000e-01 
 2.40000000e-05  1.38720157e+00  2.40000000e-05  1.30000000e+00  8.00000000e-01 
 2.41000000e-05  1.38783493e+00  2.41000000e-05  1.30000000e+00  8.00000000e-01 
 2.42000000e-05  1.38846703e+00  2.42000000e-05  1.30000000e+00  8.00000000e-01 
 2.43000000e-05  1.38909788e+00  2.43000000e-05  1.30000000e+00  8.00000000e-01 
 2.44000000e-05  1.38972749e+00  2.44000000e-05  1.30000000e+00  8.00000000e-01 
 2.45000000e-05  1.39035586e+00  2.45000000e-05  1.30000000e+00  8.00000000e-01 
 2.46000000e-05  1.39098301e+00  2.46000000e-05  1.30000000e+00  8.00000000e-01 
 2.47000000e-05  1.39160894e+00  2.47000000e-05  1.30000000e+00  8.00000000e-01 
 2.48000000e-05  1.39223366e+00  2.48000000e-05  1.30000000e+00  8.00000000e-01 
 2.49000000e-05  1.39285717e+00  2.49000000e-05  1.30000000e+00  8.00000000e-01 
 2.50000000e-05  1.39347949e+00  2.50000000e-05  1.30000000e+00  8.00000000e-01 
 2.51000000e-05  1.39410063e+00  2.51000000e-05  1.30000000e+00  8.00000000e-01 
 2.52000000e-05  1.39472058e+00  2.52000000e-05  1.30000000e+00  8.00000000e-01 
 2.53000000e-05  1.39533936e+00  2.53000000e-05  1.30000000e+00  8.00000000e-01 
 2.54000000e-05  1.39595698e+00  2.54000000e-05  1.30000000e+00  8.00000000e-01 
 2.55000000e-05  1.39657343e+00  2.55000000e-05  1.30000000e+00  8.00000000e-01 
 2.56000000e-05  1.39718874e+00  2.56000000e-05  1.30000000e+00  8.00000000e-01 
 2.57000000e-05  1.39780290e+00  2.57000000e-05  1.30000000e+00  8.00000000e-01 
 2.58000000e-05  1.39841592e+00  2.58000000e-05  1.30000000e+00  8.00000000e-01 
 2.59000000e-05  1.39902781e+00  2.59000000e-05  1.30000000e+00  8.00000000e-01 
 2.60000000e-05  1.39963858e+00  2.60000000e-05  1.30000000e+00  8.00000000e-01 
 2.61000000e-05  1.40024823e+00  2.61000000e-05  1.30000000e+00  8.00000000e-01 
 2.62000000e-05  1.40085677e+00  2.62000000e-05  1.30000000e+00  8.00000000e-01 
 2.63000000e-05  1.40146421e+00  2.63000000e-05  1.30000000e+00  8.00000000e-01 
 2.64000000e-05  1.40207056e+00  2.64000000e-05  1.30000000e+00  8.00000000e-01 
 2.65000000e-05  1.40267581e+00  2.65000000e-05  1.30000000e+00  8.00000000e-01 
 2.66000000e-05  1.40327997e+00  2.66000000e-05  1.30000000e+00  8.00000000e-01 
 2.67000000e-05  1.40388306e+00  2.67000000e-05  1.30000000e+00  8.00000000e-01 
 2.68000000e-05  1.40448508e+00  2.68000000e-05  1.30000000e+00  8.00000000e-01 
 2.69000000e-05  1.40508604e+00  2.69000000e-05  1.30000000e+00  8.00000000e-01 
 2.70000000e-05  1.40568593e+00  2.70000000e-05  1.30000000e+00  8.00000000e-01 
 2.71000000e-05  1.40628477e+00  2.71000000e-05  1.30000000e+00  8.00000000e-01 
 2.72000000e-05  1.40688257e+00  2.72000000e-05  1.30000000e+00  8.00000000e-01 
 2.73000000e-05  1.40747932e+00  2.73000000e-05  1.30000000e+00  8.00000000e-01 
 2.74000000e-05  1.40807505e+00  2.74000000e-05  1.30000000e+00  8.00000000e-01 
 2.75000000e-05  1.40866974e+00  2.75000000e-05  1.30000000e+00  8.00000000e-01 
 2.76000000e-05  1.40926341e+00  2.76000000e-05  1.30000000e+00  8.00000000e-01 
 2.77000000e-05  1.40985606e+00  2.77000000e-05  1.30000000e+00  8.00000000e-01 
 2.78000000e-05  1.41044770e+00  2.78000000e-05  1.30000000e+00  8.00000000e-01 
 2.79000000e-05  1.41103833e+00  2.79000000e-05  1.30000000e+00  8.00000000e-01 
 2.80000000e-05  1.41162796e+00  2.80000000e-05  1.30000000e+00  8.00000000e-01 
 2.81000000e-05  1.41221660e+00  2.81000000e-05  1.30000000e+00  8.00000000e-01 
 2.82000000e-05  1.41280425e+00  2.82000000e-05  1.30000000e+00  8.00000000e-01 
 2.83000000e-05  1.41339092e+00  2.83000000e-05  1.30000000e+00  8.00000000e-01 
 2.84000000e-05  1.41397661e+00  2.84000000e-05  1.30000000e+00  8.00000000e-01 
 2.85000000e-05  1.41456133e+00  2.85000000e-05  1.30000000e+00  8.00000000e-01 
 2.86000000e-05  1.41514507e+00  2.86000000e-05  1.30000000e+00  8.00000000e-01 
 2.87000000e-05  1.41572786e+00  2.87000000e-05  1.30000000e+00  8.00000000e-01 
 2.88000000e-05  1.41630969e+00  2.88000000e-05  1.30000000e+00  8.00000000e-01 
 2.89000000e-05  1.41689057e+00  2.89000000e-05  1.30000000e+00  8.00000000e-01 
 2.90000000e-05  1.41747050e+00  2.90000000e-05  1.30000000e+00  8.00000000e-01 
 2.91000000e-05  1.41804948e+00  2.91000000e-05  1.30000000e+00  8.00000000e-01 
 2.92000000e-05  1.41862754e+00  2.92000000e-05  1.30000000e+00  8.00000000e-01 
 2.93000000e-05  1.41920466e+00  2.93000000e-05  1.30000000e+00  8.00000000e-01 
 2.94000000e-05  1.41978085e+00  2.94000000e-05  1.30000000e+00  8.00000000e-01 
 2.95000000e-05  1.42035612e+00  2.95000000e-05  1.30000000e+00  8.00000000e-01 
 2.96000000e-05  1.42093047e+00  2.96000000e-05  1.30000000e+00  8.00000000e-01 
 2.97000000e-05  1.42150392e+00  2.97000000e-05  1.30000000e+00  8.00000000e-01 
 2.98000000e-05  1.42207645e+00  2.98000000e-05  1.30000000e+00  8.00000000e-01 
 2.99000000e-05  1.42264808e+00  2.99000000e-05  1.30000000e+00  8.00000000e-01 
 3.00000000e-05  1.42321882e+00  3.00000000e-05  1.30000000e+00  8.00000000e-01 
