 i-sweep         v(vout)         i(viin)         v(vgate)        v(vmid)        
-6.00000000e-06 -5.77327609e-01 -6.00000000e-06  3.00000000e-01  1.00000000e+00 
-5.90000000e-06 -5.74027015e-01 -5.90000000e-06  3.00000000e-01  1.00000000e+00 
-5.80000000e-06 -5.70696575e-01 -5.80000000e-06  3.00000000e-01  1.00000000e+00 
-5.70000000e-06 -5.67336171e-01 -5.70000000e-06  3.00000000e-01  1.00000000e+00 
-5.60000000e-06 -5.63945624e-01 -5.60000000e-06  3.00000000e-01  1.00000000e+00 
-5.50000000e-06 -5.60524694e-01 -5.50000000e-06  3.00000000e-01  1.00000000e+00 
-5.40000000e-06 -5.57073080e-01 -5.40000000e-06  3.00000000e-01  1.00000000e+00 
-5.30000000e-06 -5.53590420e-01 -5.30000000e-06  3.00000000e-01  1.00000000e+00 
-5.20000000e-06 -5.50076290e-01 -5.20000000e-06  3.00000000e-01  1.00000000e+00 
-5.10000000e-06 -5.46530202e-01 -5.10000000e-06  3.00000000e-01  1.00000000e+00 
-5.00000000e-06 -5.42951605e-01 -5.00000000e-06  3.00000000e-01  1.00000000e+00 
-4.90000000e-06 -5.39339882e-01 -4.90000000e-06  3.00000000e-01  1.00000000e+00 
-4.80000000e-06 -5.35694349e-01 -4.80000000e-06  3.00000000e-01  1.00000000e+00 
-4.70000000e-06 -5.32014252e-01 -4.70000000e-06  3.00000000e-01  1.00000000e+00 
-4.60000000e-06 -5.28298767e-01 -4.60000000e-06  3.00000000e-01  1.00000000e+00 
-4.50000000e-06 -5.24546995e-01 -4.50000000e-06  3.00000000e-01  1.00000000e+00 
-4.40000000e-06 -5.20757959e-01 -4.40000000e-06  3.00000000e-01  1.00000000e+00 
-4.30000000e-06 -5.16930601e-01 -4.30000000e-06  3.00000000e-01  1.00000000e+00 
-4.20000000e-06 -5.13063776e-01 -4.20000000e-06  3.00000000e-01  1.00000000e+00 
-4.10000000e-06 -5.09156246e-01 -4.10000000e-06  3.00000000e-01  1.00000000e+00 
-4.00000000e-06 -5.05206679e-01 -4.00000000e-06  3.00000000e-01  1.00000000e+00 
-3.90000000e-06 -5.01213634e-01 -3.90000000e-06  3.00000000e-01  1.00000000e+00 
-3.80000000e-06 -4.97175559e-01 -3.80000000e-06  3.00000000e-01  1.00000000e+00 
-3.70000000e-06 -4.93090778e-01 -3.70000000e-06  3.00000000e-01  1.00000000e+00 
-3.60000000e-06 -4.88957483e-01 -3.60000000e-06  3.00000000e-01  1.00000000e+00 
-3.50000000e-06 -4.84773719e-01 -3.50000000e-06  3.00000000e-01  1.00000000e+00 
-3.40000000e-06 -4.80537369e-01 -3.40000000e-06  3.00000000e-01  1.00000000e+00 
-3.30000000e-06 -4.76246139e-01 -3.30000000e-06  3.00000000e-01  1.00000000e+00 
-3.20000000e-06 -4.71897536e-01 -3.20000000e-06  3.00000000e-01  1.00000000e+00 
-3.10000000e-06 -4.67488851e-01 -3.10000000e-06  3.00000000e-01  1.00000000e+00 
-3.00000000e-06 -4.63017122e-01 -3.00000000e-06  3.00000000e-01  1.00000000e+00 
-2.90000000e-06 -4.58479113e-01 -2.90000000e-06  3.00000000e-01  1.00000000e+00 
-2.80000000e-06 -4.53871272e-01 -2.80000000e-06  3.00000000e-01  1.00000000e+00 
-2.70000000e-06 -4.49189687e-01 -2.70000000e-06  3.00000000e-01  1.00000000e+00 
-2.60000000e-06 -4.44430037e-01 -2.60000000e-06  3.00000000e-01  1.00000000e+00 
-2.50000000e-06 -4.39587529e-01 -2.50000000e-06  3.00000000e-01  1.00000000e+00 
-2.40000000e-06 -4.34656822e-01 -2.40000000e-06  3.00000000e-01  1.00000000e+00 
-2.30000000e-06 -4.29631941e-01 -2.30000000e-06  3.00000000e-01  1.00000000e+00 
-2.20000000e-06 -4.24506164e-01 -2.20000000e-06  3.00000000e-01  1.00000000e+00 
-2.10000000e-06 -4.19271887e-01 -2.10000000e-06  3.00000000e-01  1.00000000e+00 
-2.00000000e-06 -4.13920460e-01 -2.00000000e-06  3.00000000e-01  1.00000000e+00 
-1.90000000e-06 -4.08441975e-01 -1.90000000e-06  3.00000000e-01  1.00000000e+00 
-1.80000000e-06 -4.02825003e-01 -1.80000000e-06  3.00000000e-01  1.00000000e+00 
-1.70000000e-06 -3.97056253e-01 -1.70000000e-06  3.00000000e-01  1.00000000e+00 
-1.60000000e-06 -3.91120136e-01 -1.60000000e-06  3.00000000e-01  1.00000000e+00 
-1.50000000e-06 -3.84998183e-01 -1.50000000e-06  3.00000000e-01  1.00000000e+00 
-1.40000000e-06 -3.78668272e-01 -1.40000000e-06  3.00000000e-01  1.00000000e+00 
-1.30000000e-06 -3.72103577e-01 -1.30000000e-06  3.00000000e-01  1.00000000e+00 
-1.20000000e-06 -3.65271094e-01 -1.20000000e-06  3.00000000e-01  1.00000000e+00 
-1.10000000e-06 -3.58129553e-01 -1.10000000e-06  3.00000000e-01  1.00000000e+00 
-1.00000000e-06 -3.50626341e-01 -1.00000000e-06  3.00000000e-01  1.00000000e+00 
-9.00000000e-07 -3.42692843e-01 -9.00000000e-07  3.00000000e-01  1.00000000e+00 
-8.00000000e-07 -3.34237081e-01 -8.00000000e-07  3.00000000e-01  1.00000000e+00 
-7.00000000e-07 -3.25131511e-01 -7.00000000e-07  3.00000000e-01  1.00000000e+00 
-6.00000000e-07 -3.15191541e-01 -6.00000000e-07  3.00000000e-01  1.00000000e+00 
-5.00000000e-07 -3.04134667e-01 -5.00000000e-07  3.00000000e-01  1.00000000e+00 
-4.00000000e-07 -2.91493695e-01 -4.00000000e-07  3.00000000e-01  1.00000000e+00 
-3.00000000e-07 -2.76406579e-01 -3.00000000e-07  3.00000000e-01  1.00000000e+00 
-2.00000000e-07 -2.56967601e-01 -2.00000000e-07  3.00000000e-01  1.00000000e+00 
-1.00000000e-07 -2.27195496e-01 -1.00000000e-07  3.00000000e-01  1.00000000e+00 
-5.71747239e-21  6.19903337e-01 -5.71747239e-21  3.00000000e-01  1.00000000e+00 
 1.00000000e-07  1.02239067e+00  1.00000000e-07  3.00000000e-01  1.00000000e+00 
 2.00000000e-07  1.05480876e+00  2.00000000e-07  3.00000000e-01  1.00000000e+00 
 3.00000000e-07  1.07368295e+00  3.00000000e-07  3.00000000e-01  1.00000000e+00 
 4.00000000e-07  1.08712395e+00  4.00000000e-07  3.00000000e-01  1.00000000e+00 
 5.00000000e-07  1.09762572e+00  5.00000000e-07  3.00000000e-01  1.00000000e+00 
 6.00000000e-07  1.10629339e+00  6.00000000e-07  3.00000000e-01  1.00000000e+00 
 7.00000000e-07  1.11369694e+00  7.00000000e-07  3.00000000e-01  1.00000000e+00 
 8.00000000e-07  1.12018827e+00  8.00000000e-07  3.00000000e-01  1.00000000e+00 
 9.00000000e-07  1.12598560e+00  9.00000000e-07  3.00000000e-01  1.00000000e+00 
 1.00000000e-06  1.13123734e+00  1.00000000e-06  3.00000000e-01  1.00000000e+00 
 1.10000000e-06  1.13604884e+00  1.10000000e-06  3.00000000e-01  1.00000000e+00 
 1.20000000e-06  1.14049753e+00  1.20000000e-06  3.00000000e-01  1.00000000e+00 
 1.30000000e-06  1.14464196e+00  1.30000000e-06  3.00000000e-01  1.00000000e+00 
 1.40000000e-06  1.14852745e+00  1.40000000e-06  3.00000000e-01  1.00000000e+00 
 1.50000000e-06  1.15219891e+00  1.50000000e-06  3.00000000e-01  1.00000000e+00 
 1.60000000e-06  1.15566396e+00  1.60000000e-06  3.00000000e-01  1.00000000e+00 
 1.70000000e-06  1.15895926e+00  1.70000000e-06  3.00000000e-01  1.00000000e+00 
 1.80000000e-06  1.16210386e+00  1.80000000e-06  3.00000000e-01  1.00000000e+00 
 1.90000000e-06  1.16511375e+00  1.90000000e-06  3.00000000e-01  1.00000000e+00 
 2.00000000e-06  1.16800252e+00  2.00000000e-06  3.00000000e-01  1.00000000e+00 
 2.10000000e-06  1.17078177e+00  2.10000000e-06  3.00000000e-01  1.00000000e+00 
 2.20000000e-06  1.17346150e+00  2.20000000e-06  3.00000000e-01  1.00000000e+00 
 2.30000000e-06  1.17605036e+00  2.30000000e-06  3.00000000e-01  1.00000000e+00 
 2.40000000e-06  1.17855594e+00  2.40000000e-06  3.00000000e-01  1.00000000e+00 
 2.50000000e-06  1.18098487e+00  2.50000000e-06  3.00000000e-01  1.00000000e+00 
 2.60000000e-06  1.18334300e+00  2.60000000e-06  3.00000000e-01  1.00000000e+00 
 2.70000000e-06  1.18563555e+00  2.70000000e-06  3.00000000e-01  1.00000000e+00 
 2.80000000e-06  1.18786714e+00  2.80000000e-06  3.00000000e-01  1.00000000e+00 
 2.90000000e-06  1.19004193e+00  2.90000000e-06  3.00000000e-01  1.00000000e+00 
 3.00000000e-06  1.19216364e+00  3.00000000e-06  3.00000000e-01  1.00000000e+00 
 3.10000000e-06  1.19423564e+00  3.10000000e-06  3.00000000e-01  1.00000000e+00 
 3.20000000e-06  1.19626096e+00  3.20000000e-06  3.00000000e-01  1.00000000e+00 
 3.30000000e-06  1.19824237e+00  3.30000000e-06  3.00000000e-01  1.00000000e+00 
 3.40000000e-06  1.20018239e+00  3.40000000e-06  3.00000000e-01  1.00000000e+00 
 3.50000000e-06  1.20208333e+00  3.50000000e-06  3.00000000e-01  1.00000000e+00 
 3.60000000e-06  1.20394728e+00  3.60000000e-06  3.00000000e-01  1.00000000e+00 
 3.70000000e-06  1.20577619e+00  3.70000000e-06  3.00000000e-01  1.00000000e+00 
 3.80000000e-06  1.20757183e+00  3.80000000e-06  3.00000000e-01  1.00000000e+00 
 3.90000000e-06  1.20933585e+00  3.90000000e-06  3.00000000e-01  1.00000000e+00 
 4.00000000e-06  1.21106978e+00  4.00000000e-06  3.00000000e-01  1.00000000e+00 
 4.10000000e-06  1.21277502e+00  4.10000000e-06  3.00000000e-01  1.00000000e+00 
 4.20000000e-06  1.21445288e+00  4.20000000e-06  3.00000000e-01  1.00000000e+00 
 4.30000000e-06  1.21610458e+00  4.30000000e-06  3.00000000e-01  1.00000000e+00 
 4.40000000e-06  1.21773125e+00  4.40000000e-06  3.00000000e-01  1.00000000e+00 
 4.50000000e-06  1.21933395e+00  4.50000000e-06  3.00000000e-01  1.00000000e+00 
 4.60000000e-06  1.22091368e+00  4.60000000e-06  3.00000000e-01  1.00000000e+00 
 4.70000000e-06  1.22247136e+00  4.70000000e-06  3.00000000e-01  1.00000000e+00 
 4.80000000e-06  1.22400786e+00  4.80000000e-06  3.00000000e-01  1.00000000e+00 
 4.90000000e-06  1.22552400e+00  4.90000000e-06  3.00000000e-01  1.00000000e+00 
 5.00000000e-06  1.22702662e+00  5.00000000e-06  3.00000000e-01  1.00000000e+00 
 5.10000000e-06  1.22850361e+00  5.10000000e-06  3.00000000e-01  1.00000000e+00 
 5.20000000e-06  1.22996250e+00  5.20000000e-06  3.00000000e-01  1.00000000e+00 
 5.30000000e-06  1.23140392e+00  5.30000000e-06  3.00000000e-01  1.00000000e+00 
 5.40000000e-06  1.23282846e+00  5.40000000e-06  3.00000000e-01  1.00000000e+00 
 5.50000000e-06  1.23423671e+00  5.50000000e-06  3.00000000e-01  1.00000000e+00 
 5.60000000e-06  1.23562918e+00  5.60000000e-06  3.00000000e-01  1.00000000e+00 
 5.70000000e-06  1.23700641e+00  5.70000000e-06  3.00000000e-01  1.00000000e+00 
 5.80000000e-06  1.23836886e+00  5.80000000e-06  3.00000000e-01  1.00000000e+00 
 5.90000000e-06  1.23971701e+00  5.90000000e-06  3.00000000e-01  1.00000000e+00 
 6.00000000e-06  1.24105130e+00  6.00000000e-06  3.00000000e-01  1.00000000e+00 
