 i-sweep         v(vout)         i(viin)         v(vgate)        v(vmid)        
-6.00000000e-06  3.00939842e-01 -6.00000000e-06  1.40000000e+00  1.80000000e+00 
-5.90000000e-06  3.04509441e-01 -5.90000000e-06  1.40000000e+00  1.80000000e+00 
-5.80000000e-06  3.08107323e-01 -5.80000000e-06  1.40000000e+00  1.80000000e+00 
-5.70000000e-06  3.11734194e-01 -5.70000000e-06  1.40000000e+00  1.80000000e+00 
-5.60000000e-06  3.15390784e-01 -5.60000000e-06  1.40000000e+00  1.80000000e+00 
-5.50000000e-06  3.19077860e-01 -5.50000000e-06  1.40000000e+00  1.80000000e+00 
-5.40000000e-06  3.22796218e-01 -5.40000000e-06  1.40000000e+00  1.80000000e+00 
-5.30000000e-06  3.26546694e-01 -5.30000000e-06  1.40000000e+00  1.80000000e+00 
-5.20000000e-06  3.30330157e-01 -5.20000000e-06  1.40000000e+00  1.80000000e+00 
-5.10000000e-06  3.34147520e-01 -5.10000000e-06  1.40000000e+00  1.80000000e+00 
-5.00000000e-06  3.37999737e-01 -5.00000000e-06  1.40000000e+00  1.80000000e+00 
-4.90000000e-06  3.41887811e-01 -4.90000000e-06  1.40000000e+00  1.80000000e+00 
-4.80000000e-06  3.45812791e-01 -4.80000000e-06  1.40000000e+00  1.80000000e+00 
-4.70000000e-06  3.49775783e-01 -4.70000000e-06  1.40000000e+00  1.80000000e+00 
-4.60000000e-06  3.53777945e-01 -4.60000000e-06  1.40000000e+00  1.80000000e+00 
-4.50000000e-06  3.57820501e-01 -4.50000000e-06  1.40000000e+00  1.80000000e+00 
-4.40000000e-06  3.61904740e-01 -4.40000000e-06  1.40000000e+00  1.80000000e+00 
-4.30000000e-06  3.66032022e-01 -4.30000000e-06  1.40000000e+00  1.80000000e+00 
-4.20000000e-06  3.70203784e-01 -4.20000000e-06  1.40000000e+00  1.80000000e+00 
-4.10000000e-06  3.74421550e-01 -4.10000000e-06  1.40000000e+00  1.80000000e+00 
-4.00000000e-06  3.78686934e-01 -4.00000000e-06  1.40000000e+00  1.80000000e+00 
-3.90000000e-06  3.83001649e-01 -3.90000000e-06  1.40000000e+00  1.80000000e+00 
-3.80000000e-06  3.87367520e-01 -3.80000000e-06  1.40000000e+00  1.80000000e+00 
-3.70000000e-06  3.91786490e-01 -3.70000000e-06  1.40000000e+00  1.80000000e+00 
-3.60000000e-06  3.96260634e-01 -3.60000000e-06  1.40000000e+00  1.80000000e+00 
-3.50000000e-06  4.00792174e-01 -3.50000000e-06  1.40000000e+00  1.80000000e+00 
-3.40000000e-06  4.05383491e-01 -3.40000000e-06  1.40000000e+00  1.80000000e+00 
-3.30000000e-06  4.10037146e-01 -3.30000000e-06  1.40000000e+00  1.80000000e+00 
-3.20000000e-06  4.14755897e-01 -3.20000000e-06  1.40000000e+00  1.80000000e+00 
-3.10000000e-06  4.19542727e-01 -3.10000000e-06  1.40000000e+00  1.80000000e+00 
-3.00000000e-06  4.24400867e-01 -3.00000000e-06  1.40000000e+00  1.80000000e+00 
-2.90000000e-06  4.29333828e-01 -2.90000000e-06  1.40000000e+00  1.80000000e+00 
-2.80000000e-06  4.34345441e-01 -2.80000000e-06  1.40000000e+00  1.80000000e+00 
-2.70000000e-06  4.39439898e-01 -2.70000000e-06  1.40000000e+00  1.80000000e+00 
-2.60000000e-06  4.44621807e-01 -2.60000000e-06  1.40000000e+00  1.80000000e+00 
-2.50000000e-06  4.49896248e-01 -2.50000000e-06  1.40000000e+00  1.80000000e+00 
-2.40000000e-06  4.55268854e-01 -2.40000000e-06  1.40000000e+00  1.80000000e+00 
-2.30000000e-06  4.60745896e-01 -2.30000000e-06  1.40000000e+00  1.80000000e+00 
-2.20000000e-06  4.66334394e-01 -2.20000000e-06  1.40000000e+00  1.80000000e+00 
-2.10000000e-06  4.72042251e-01 -2.10000000e-06  1.40000000e+00  1.80000000e+00 
-2.00000000e-06  4.77878421e-01 -2.00000000e-06  1.40000000e+00  1.80000000e+00 
-1.90000000e-06  4.83853114e-01 -1.90000000e-06  1.40000000e+00  1.80000000e+00 
-1.80000000e-06  4.89978064e-01 -1.80000000e-06  1.40000000e+00  1.80000000e+00 
-1.70000000e-06  4.96266862e-01 -1.70000000e-06  1.40000000e+00  1.80000000e+00 
-1.60000000e-06  5.02735402e-01 -1.60000000e-06  1.40000000e+00  1.80000000e+00 
-1.50000000e-06  5.09402449e-01 -1.50000000e-06  1.40000000e+00  1.80000000e+00 
-1.40000000e-06  5.16290419e-01 -1.40000000e-06  1.40000000e+00  1.80000000e+00 
-1.30000000e-06  5.23426430e-01 -1.30000000e-06  1.40000000e+00  1.80000000e+00 
-1.20000000e-06  5.30843771e-01 -1.20000000e-06  1.40000000e+00  1.80000000e+00 
-1.10000000e-06  5.38583990e-01 -1.10000000e-06  1.40000000e+00  1.80000000e+00 
-1.00000000e-06  5.46699971e-01 -1.00000000e-06  1.40000000e+00  1.80000000e+00 
-9.00000000e-07  5.55260588e-01 -9.00000000e-07  1.40000000e+00  1.80000000e+00 
-8.00000000e-07  5.64358061e-01 -8.00000000e-07  1.40000000e+00  1.80000000e+00 
-7.00000000e-07  5.74120137e-01 -7.00000000e-07  1.40000000e+00  1.80000000e+00 
-6.00000000e-07  5.84731523e-01 -6.00000000e-07  1.40000000e+00  1.80000000e+00 
-5.00000000e-07  5.96474646e-01 -5.00000000e-07  1.40000000e+00  1.80000000e+00 
-4.00000000e-07  6.09815574e-01 -4.00000000e-07  1.40000000e+00  1.80000000e+00 
-3.00000000e-07  6.25613685e-01 -3.00000000e-07  1.40000000e+00  1.80000000e+00 
-2.00000000e-07  6.45763195e-01 -2.00000000e-07  1.40000000e+00  1.80000000e+00 
-1.00000000e-07  6.76186596e-01 -1.00000000e-07  1.40000000e+00  1.80000000e+00 
-5.71747239e-21  1.06429773e+00 -5.71747239e-21  1.40000000e+00  1.80000000e+00 
 1.00000000e-07  1.52368401e+00  1.00000000e-07  1.40000000e+00  1.80000000e+00 
 2.00000000e-07  1.55582477e+00  2.00000000e-07  1.40000000e+00  1.80000000e+00 
 3.00000000e-07  1.57456757e+00  3.00000000e-07  1.40000000e+00  1.80000000e+00 
 4.00000000e-07  1.58791931e+00  4.00000000e-07  1.40000000e+00  1.80000000e+00 
 5.00000000e-07  1.59832580e+00  5.00000000e-07  1.40000000e+00  1.80000000e+00 
 6.00000000e-07  1.60691223e+00  6.00000000e-07  1.40000000e+00  1.80000000e+00 
 7.00000000e-07  1.61424962e+00  7.00000000e-07  1.40000000e+00  1.80000000e+00 
 8.00000000e-07  1.62067801e+00  8.00000000e-07  1.40000000e+00  1.80000000e+00 
 9.00000000e-07  1.62641546e+00  9.00000000e-07  1.40000000e+00  1.80000000e+00 
 1.00000000e-06  1.63160994e+00  1.00000000e-06  1.40000000e+00  1.80000000e+00 
 1.10000000e-06  1.63636639e+00  1.10000000e-06  1.40000000e+00  1.80000000e+00 
 1.20000000e-06  1.64076188e+00  1.20000000e-06  1.40000000e+00  1.80000000e+00 
 1.30000000e-06  1.64485469e+00  1.30000000e-06  1.40000000e+00  1.80000000e+00 
 1.40000000e-06  1.64868993e+00  1.40000000e-06  1.40000000e+00  1.80000000e+00 
 1.50000000e-06  1.65230327e+00  1.50000000e-06  1.40000000e+00  1.80000000e+00 
 1.60000000e-06  1.65572336e+00  1.60000000e-06  1.40000000e+00  1.80000000e+00 
 1.70000000e-06  1.65897359e+00  1.70000000e-06  1.40000000e+00  1.80000000e+00 
 1.80000000e-06  1.66207329e+00  1.80000000e-06  1.40000000e+00  1.80000000e+00 
 1.90000000e-06  1.66503862e+00  1.90000000e-06  1.40000000e+00  1.80000000e+00 
 2.00000000e-06  1.66788324e+00  2.00000000e-06  1.40000000e+00  1.80000000e+00 
 2.10000000e-06  1.67061879e+00  2.10000000e-06  1.40000000e+00  1.80000000e+00 
 2.20000000e-06  1.67325529e+00  2.20000000e-06  1.40000000e+00  1.80000000e+00 
 2.30000000e-06  1.67580139e+00  2.30000000e-06  1.40000000e+00  1.80000000e+00 
 2.40000000e-06  1.67826464e+00  2.40000000e-06  1.40000000e+00  1.80000000e+00 
 2.50000000e-06  1.68065168e+00  2.50000000e-06  1.40000000e+00  1.80000000e+00 
 2.60000000e-06  1.68296835e+00  2.60000000e-06  1.40000000e+00  1.80000000e+00 
 2.70000000e-06  1.68521983e+00  2.70000000e-06  1.40000000e+00  1.80000000e+00 
 2.80000000e-06  1.68741073e+00  2.80000000e-06  1.40000000e+00  1.80000000e+00 
 2.90000000e-06  1.68954518e+00  2.90000000e-06  1.40000000e+00  1.80000000e+00 
 3.00000000e-06  1.69162690e+00  3.00000000e-06  1.40000000e+00  1.80000000e+00 
 3.10000000e-06  1.69365922e+00  3.10000000e-06  1.40000000e+00  1.80000000e+00 
 3.20000000e-06  1.69564519e+00  3.20000000e-06  1.40000000e+00  1.80000000e+00 
 3.30000000e-06  1.69758754e+00  3.30000000e-06  1.40000000e+00  1.80000000e+00 
 3.40000000e-06  1.69948879e+00  3.40000000e-06  1.40000000e+00  1.80000000e+00 
 3.50000000e-06  1.70135122e+00  3.50000000e-06  1.40000000e+00  1.80000000e+00 
 3.60000000e-06  1.70317692e+00  3.60000000e-06  1.40000000e+00  1.80000000e+00 
 3.70000000e-06  1.70496783e+00  3.70000000e-06  1.40000000e+00  1.80000000e+00 
 3.80000000e-06  1.70672571e+00  3.80000000e-06  1.40000000e+00  1.80000000e+00 
 3.90000000e-06  1.70845220e+00  3.90000000e-06  1.40000000e+00  1.80000000e+00 
 4.00000000e-06  1.71014881e+00  4.00000000e-06  1.40000000e+00  1.80000000e+00 
 4.10000000e-06  1.71181694e+00  4.10000000e-06  1.40000000e+00  1.80000000e+00 
 4.20000000e-06  1.71345790e+00  4.20000000e-06  1.40000000e+00  1.80000000e+00 
 4.30000000e-06  1.71507290e+00  4.30000000e-06  1.40000000e+00  1.80000000e+00 
 4.40000000e-06  1.71666306e+00  4.40000000e-06  1.40000000e+00  1.80000000e+00 
 4.50000000e-06  1.71822944e+00  4.50000000e-06  1.40000000e+00  1.80000000e+00 
 4.60000000e-06  1.71977302e+00  4.60000000e-06  1.40000000e+00  1.80000000e+00 
 4.70000000e-06  1.72129472e+00  4.70000000e-06  1.40000000e+00  1.80000000e+00 
 4.80000000e-06  1.72279541e+00  4.80000000e-06  1.40000000e+00  1.80000000e+00 
 4.90000000e-06  1.72427590e+00  4.90000000e-06  1.40000000e+00  1.80000000e+00 
 5.00000000e-06  1.72573695e+00  5.00000000e-06  1.40000000e+00  1.80000000e+00 
 5.10000000e-06  1.72717929e+00  5.10000000e-06  1.40000000e+00  1.80000000e+00 
 5.20000000e-06  1.72860359e+00  5.20000000e-06  1.40000000e+00  1.80000000e+00 
 5.30000000e-06  1.73001049e+00  5.30000000e-06  1.40000000e+00  1.80000000e+00 
 5.40000000e-06  1.73140060e+00  5.40000000e-06  1.40000000e+00  1.80000000e+00 
 5.50000000e-06  1.73277449e+00  5.50000000e-06  1.40000000e+00  1.80000000e+00 
 5.60000000e-06  1.73413269e+00  5.60000000e-06  1.40000000e+00  1.80000000e+00 
 5.70000000e-06  1.73547573e+00  5.70000000e-06  1.40000000e+00  1.80000000e+00 
 5.80000000e-06  1.73680410e+00  5.80000000e-06  1.40000000e+00  1.80000000e+00 
 5.90000000e-06  1.73811825e+00  5.90000000e-06  1.40000000e+00  1.80000000e+00 
 6.00000000e-06  1.73941862e+00  6.00000000e-06  1.40000000e+00  1.80000000e+00 
