 i-sweep         v(vout)         i(viin)         v(vgate)        v(vmid)        
-6.00000000e-06  2.16236765e-01 -6.00000000e-06  1.30000000e+00  1.20000000e+00 
-5.90000000e-06  2.19794185e-01 -5.90000000e-06  1.30000000e+00  1.20000000e+00 
-5.80000000e-06  2.23379852e-01 -5.80000000e-06  1.30000000e+00  1.20000000e+00 
-5.70000000e-06  2.26994467e-01 -5.70000000e-06  1.30000000e+00  1.20000000e+00 
-5.60000000e-06  2.30638761e-01 -5.60000000e-06  1.30000000e+00  1.20000000e+00 
-5.50000000e-06  2.34313497e-01 -5.50000000e-06  1.30000000e+00  1.20000000e+00 
-5.40000000e-06  2.38019470e-01 -5.40000000e-06  1.30000000e+00  1.20000000e+00 
-5.30000000e-06  2.41757510e-01 -5.30000000e-06  1.30000000e+00  1.20000000e+00 
-5.20000000e-06  2.45528488e-01 -5.20000000e-06  1.30000000e+00  1.20000000e+00 
-5.10000000e-06  2.49333312e-01 -5.10000000e-06  1.30000000e+00  1.20000000e+00 
-5.00000000e-06  2.53172935e-01 -5.00000000e-06  1.30000000e+00  1.20000000e+00 
-4.90000000e-06  2.57048354e-01 -4.90000000e-06  1.30000000e+00  1.20000000e+00 
-4.80000000e-06  2.60960617e-01 -4.80000000e-06  1.30000000e+00  1.20000000e+00 
-4.70000000e-06  2.64910824e-01 -4.70000000e-06  1.30000000e+00  1.20000000e+00 
-4.60000000e-06  2.68900132e-01 -4.60000000e-06  1.30000000e+00  1.20000000e+00 
-4.50000000e-06  2.72929761e-01 -4.50000000e-06  1.30000000e+00  1.20000000e+00 
-4.40000000e-06  2.77000994e-01 -4.40000000e-06  1.30000000e+00  1.20000000e+00 
-4.30000000e-06  2.81115187e-01 -4.30000000e-06  1.30000000e+00  1.20000000e+00 
-4.20000000e-06  2.85273774e-01 -4.20000000e-06  1.30000000e+00  1.20000000e+00 
-4.10000000e-06  2.89478273e-01 -4.10000000e-06  1.30000000e+00  1.20000000e+00 
-4.00000000e-06  2.93730291e-01 -4.00000000e-06  1.30000000e+00  1.20000000e+00 
-3.90000000e-06  2.98031538e-01 -3.90000000e-06  1.30000000e+00  1.20000000e+00 
-3.80000000e-06  3.02383830e-01 -3.80000000e-06  1.30000000e+00  1.20000000e+00 
-3.70000000e-06  3.06789106e-01 -3.70000000e-06  1.30000000e+00  1.20000000e+00 
-3.60000000e-06  3.11249433e-01 -3.60000000e-06  1.30000000e+00  1.20000000e+00 
-3.50000000e-06  3.15767024e-01 -3.50000000e-06  1.30000000e+00  1.20000000e+00 
-3.40000000e-06  3.20344254e-01 -3.40000000e-06  1.30000000e+00  1.20000000e+00 
-3.30000000e-06  3.24983673e-01 -3.30000000e-06  1.30000000e+00  1.20000000e+00 
-3.20000000e-06  3.29688031e-01 -3.20000000e-06  1.30000000e+00  1.20000000e+00 
-3.10000000e-06  3.34460299e-01 -3.10000000e-06  1.30000000e+00  1.20000000e+00 
-3.00000000e-06  3.39303697e-01 -3.00000000e-06  1.30000000e+00  1.20000000e+00 
-2.90000000e-06  3.44221724e-01 -2.90000000e-06  1.30000000e+00  1.20000000e+00 
-2.80000000e-06  3.49218197e-01 -2.80000000e-06  1.30000000e+00  1.20000000e+00 
-2.70000000e-06  3.54297294e-01 -2.70000000e-06  1.30000000e+00  1.20000000e+00 
-2.60000000e-06  3.59463604e-01 -2.60000000e-06  1.30000000e+00  1.20000000e+00 
-2.50000000e-06  3.64722190e-01 -2.50000000e-06  1.30000000e+00  1.20000000e+00 
-2.40000000e-06  3.70078663e-01 -2.40000000e-06  1.30000000e+00  1.20000000e+00 
-2.30000000e-06  3.75539272e-01 -2.30000000e-06  1.30000000e+00  1.20000000e+00 
-2.20000000e-06  3.81111009e-01 -2.20000000e-06  1.30000000e+00  1.20000000e+00 
-2.10000000e-06  3.86801749e-01 -2.10000000e-06  1.30000000e+00  1.20000000e+00 
-2.00000000e-06  3.92620410e-01 -2.00000000e-06  1.30000000e+00  1.20000000e+00 
-1.90000000e-06  3.98577162e-01 -1.90000000e-06  1.30000000e+00  1.20000000e+00 
-1.80000000e-06  4.04683691e-01 -1.80000000e-06  1.30000000e+00  1.20000000e+00 
-1.70000000e-06  4.10953536e-01 -1.70000000e-06  1.30000000e+00  1.20000000e+00 
-1.60000000e-06  4.17402520e-01 -1.60000000e-06  1.30000000e+00  1.20000000e+00 
-1.50000000e-06  4.24049330e-01 -1.50000000e-06  1.30000000e+00  1.20000000e+00 
-1.40000000e-06  4.30916283e-01 -1.40000000e-06  1.30000000e+00  1.20000000e+00 
-1.30000000e-06  4.38030373e-01 -1.30000000e-06  1.30000000e+00  1.20000000e+00 
-1.20000000e-06  4.45424731e-01 -1.20000000e-06  1.30000000e+00  1.20000000e+00 
-1.10000000e-06  4.53140701e-01 -1.10000000e-06  1.30000000e+00  1.20000000e+00 
-1.00000000e-06  4.61230897e-01 -1.00000000e-06  1.30000000e+00  1.20000000e+00 
-9.00000000e-07  4.69763823e-01 -9.00000000e-07  1.30000000e+00  1.20000000e+00 
-8.00000000e-07  4.78831180e-01 -8.00000000e-07  1.30000000e+00  1.20000000e+00 
-7.00000000e-07  4.88559959e-01 -7.00000000e-07  1.30000000e+00  1.20000000e+00 
-6.00000000e-07  4.99133710e-01 -6.00000000e-07  1.30000000e+00  1.20000000e+00 
-5.00000000e-07  5.10832987e-01 -5.00000000e-07  1.30000000e+00  1.20000000e+00 
-4.00000000e-07  5.24120566e-01 -4.00000000e-07  1.30000000e+00  1.20000000e+00 
-3.00000000e-07  5.39849352e-01 -3.00000000e-07  1.30000000e+00  1.20000000e+00 
-2.00000000e-07  5.59898100e-01 -2.00000000e-07  1.30000000e+00  1.20000000e+00 
-1.00000000e-07  5.90141221e-01 -1.00000000e-07  1.30000000e+00  1.20000000e+00 
-5.71747239e-21  8.11988652e-01 -5.71747239e-21  1.30000000e+00  1.20000000e+00 
 1.00000000e-07  1.07198089e+00  1.00000000e-07  1.30000000e+00  1.20000000e+00 
 2.00000000e-07  1.10437504e+00  2.00000000e-07  1.30000000e+00  1.20000000e+00 
 3.00000000e-07  1.12324950e+00  3.00000000e-07  1.30000000e+00  1.20000000e+00 
 4.00000000e-07  1.13668469e+00  4.00000000e-07  1.30000000e+00  1.20000000e+00 
 5.00000000e-07  1.14718599e+00  5.00000000e-07  1.30000000e+00  1.20000000e+00 
 6.00000000e-07  1.15584087e+00  6.00000000e-07  1.30000000e+00  1.20000000e+00 
 7.00000000e-07  1.16324123e+00  7.00000000e-07  1.30000000e+00  1.20000000e+00 
 8.00000000e-07  1.16972835e+00  8.00000000e-07  1.30000000e+00  1.20000000e+00 
 9.00000000e-07  1.17552123e+00  9.00000000e-07  1.30000000e+00  1.20000000e+00 
 1.00000000e-06  1.18076851e+00  1.00000000e-06  1.30000000e+00  1.20000000e+00 
 1.10000000e-06  1.18557559e+00  1.10000000e-06  1.30000000e+00  1.20000000e+00 
 1.20000000e-06  1.19001993e+00  1.20000000e-06  1.30000000e+00  1.20000000e+00 
 1.30000000e-06  1.19416006e+00  1.30000000e-06  1.30000000e+00  1.20000000e+00 
 1.40000000e-06  1.19804942e+00  1.40000000e-06  1.30000000e+00  1.20000000e+00 
 1.50000000e-06  1.20170514e+00  1.50000000e-06  1.30000000e+00  1.20000000e+00 
 1.60000000e-06  1.20516744e+00  1.60000000e-06  1.30000000e+00  1.20000000e+00 
 1.70000000e-06  1.20845951e+00  1.70000000e-06  1.30000000e+00  1.20000000e+00 
 1.80000000e-06  1.21160057e+00  1.80000000e-06  1.30000000e+00  1.20000000e+00 
 1.90000000e-06  1.21460676e+00  1.90000000e-06  1.30000000e+00  1.20000000e+00 
 2.00000000e-06  1.21749173e+00  2.00000000e-06  1.30000000e+00  1.20000000e+00 
 2.10000000e-06  1.22026717e+00  2.10000000e-06  1.30000000e+00  1.20000000e+00 
 2.20000000e-06  1.22294308e+00  2.20000000e-06  1.30000000e+00  1.20000000e+00 
 2.30000000e-06  1.22552817e+00  2.30000000e-06  1.30000000e+00  1.20000000e+00 
 2.40000000e-06  1.22802998e+00  2.40000000e-06  1.30000000e+00  1.20000000e+00 
 2.50000000e-06  1.23045517e+00  2.50000000e-06  1.30000000e+00  1.20000000e+00 
 2.60000000e-06  1.23280960e+00  2.60000000e-06  1.30000000e+00  1.20000000e+00 
 2.70000000e-06  1.23509846e+00  2.70000000e-06  1.30000000e+00  1.20000000e+00 
 2.80000000e-06  1.23732639e+00  2.80000000e-06  1.30000000e+00  1.20000000e+00 
 2.90000000e-06  1.23949753e+00  2.90000000e-06  1.30000000e+00  1.20000000e+00 
 3.00000000e-06  1.24161562e+00  3.00000000e-06  1.30000000e+00  1.20000000e+00 
 3.10000000e-06  1.24368401e+00  3.10000000e-06  1.30000000e+00  1.20000000e+00 
 3.20000000e-06  1.24570575e+00  3.20000000e-06  1.30000000e+00  1.20000000e+00 
 3.30000000e-06  1.24768360e+00  3.30000000e-06  1.30000000e+00  1.20000000e+00 
 3.40000000e-06  1.24962008e+00  3.40000000e-06  1.30000000e+00  1.20000000e+00 
 3.50000000e-06  1.25151749e+00  3.50000000e-06  1.30000000e+00  1.20000000e+00 
 3.60000000e-06  1.25337794e+00  3.60000000e-06  1.30000000e+00  1.20000000e+00 
 3.70000000e-06  1.25520337e+00  3.70000000e-06  1.30000000e+00  1.20000000e+00 
 3.80000000e-06  1.25700202e+00  3.80000000e-06  1.30000000e+00  1.20000000e+00 
 3.90000000e-06  1.25876119e+00  3.90000000e-06  1.30000000e+00  1.20000000e+00 
 4.00000000e-06  1.26049057e+00  4.00000000e-06  1.30000000e+00  1.20000000e+00 
 4.10000000e-06  1.26219151e+00  4.10000000e-06  1.30000000e+00  1.20000000e+00 
 4.20000000e-06  1.26386528e+00  4.20000000e-06  1.30000000e+00  1.20000000e+00 
 4.30000000e-06  1.26551305e+00  4.30000000e-06  1.30000000e+00  1.20000000e+00 
 4.40000000e-06  1.26713592e+00  4.40000000e-06  1.30000000e+00  1.20000000e+00 
 4.50000000e-06  1.26873494e+00  4.50000000e-06  1.30000000e+00  1.20000000e+00 
 4.60000000e-06  1.27031107e+00  4.60000000e-06  1.30000000e+00  1.20000000e+00 
 4.70000000e-06  1.27186522e+00  4.70000000e-06  1.30000000e+00  1.20000000e+00 
 4.80000000e-06  1.27339826e+00  4.80000000e-06  1.30000000e+00  1.20000000e+00 
 4.90000000e-06  1.27491098e+00  4.90000000e-06  1.30000000e+00  1.20000000e+00 
 5.00000000e-06  1.27640415e+00  5.00000000e-06  1.30000000e+00  1.20000000e+00 
 5.10000000e-06  1.27787848e+00  5.10000000e-06  1.30000000e+00  1.20000000e+00 
 5.20000000e-06  1.27933466e+00  5.20000000e-06  1.30000000e+00  1.20000000e+00 
 5.30000000e-06  1.28077332e+00  5.30000000e-06  1.30000000e+00  1.20000000e+00 
 5.40000000e-06  1.28219506e+00  5.40000000e-06  1.30000000e+00  1.20000000e+00 
 5.50000000e-06  1.28360047e+00  5.50000000e-06  1.30000000e+00  1.20000000e+00 
 5.60000000e-06  1.28499008e+00  5.60000000e-06  1.30000000e+00  1.20000000e+00 
 5.70000000e-06  1.28636445e+00  5.70000000e-06  1.30000000e+00  1.20000000e+00 
 5.80000000e-06  1.28772400e+00  5.80000000e-06  1.30000000e+00  1.20000000e+00 
 5.90000000e-06  1.28906922e+00  5.90000000e-06  1.30000000e+00  1.20000000e+00 
 6.00000000e-06  1.29040055e+00  6.00000000e-06  1.30000000e+00  1.20000000e+00 
