 i-sweep         v(vout)         i(viin)         v(vgate)        v(vmid)        
-6.00000000e-06  2.15065226e-01 -6.00000000e-06  1.30000000e+00  1.00000000e+00 
-5.90000000e-06  2.18628767e-01 -5.90000000e-06  1.30000000e+00  1.00000000e+00 
-5.80000000e-06  2.22220622e-01 -5.80000000e-06  1.30000000e+00  1.00000000e+00 
-5.70000000e-06  2.25841492e-01 -5.70000000e-06  1.30000000e+00  1.00000000e+00 
-5.60000000e-06  2.29492111e-01 -5.60000000e-06  1.30000000e+00  1.00000000e+00 
-5.50000000e-06  2.33173244e-01 -5.50000000e-06  1.30000000e+00  1.00000000e+00 
-5.40000000e-06  2.36885688e-01 -5.40000000e-06  1.30000000e+00  1.00000000e+00 
-5.30000000e-06  2.40630277e-01 -5.30000000e-06  1.30000000e+00  1.00000000e+00 
-5.20000000e-06  2.44407882e-01 -5.20000000e-06  1.30000000e+00  1.00000000e+00 
-5.10000000e-06  2.48219415e-01 -5.10000000e-06  1.30000000e+00  1.00000000e+00 
-5.00000000e-06  2.52065830e-01 -5.00000000e-06  1.30000000e+00  1.00000000e+00 
-4.90000000e-06  2.55948128e-01 -4.90000000e-06  1.30000000e+00  1.00000000e+00 
-4.80000000e-06  2.59867359e-01 -4.80000000e-06  1.30000000e+00  1.00000000e+00 
-4.70000000e-06  2.63824628e-01 -4.70000000e-06  1.30000000e+00  1.00000000e+00 
-4.60000000e-06  2.67821093e-01 -4.60000000e-06  1.30000000e+00  1.00000000e+00 
-4.50000000e-06  2.71857978e-01 -4.50000000e-06  1.30000000e+00  1.00000000e+00 
-4.40000000e-06  2.75936569e-01 -4.40000000e-06  1.30000000e+00  1.00000000e+00 
-4.30000000e-06  2.80058226e-01 -4.30000000e-06  1.30000000e+00  1.00000000e+00 
-4.20000000e-06  2.84224387e-01 -4.20000000e-06  1.30000000e+00  1.00000000e+00 
-4.10000000e-06  2.88436573e-01 -4.10000000e-06  1.30000000e+00  1.00000000e+00 
-4.00000000e-06  2.92696395e-01 -4.00000000e-06  1.30000000e+00  1.00000000e+00 
-3.90000000e-06  2.97005569e-01 -3.90000000e-06  1.30000000e+00  1.00000000e+00 
-3.80000000e-06  3.01365914e-01 -3.80000000e-06  1.30000000e+00  1.00000000e+00 
-3.70000000e-06  3.05779373e-01 -3.70000000e-06  1.30000000e+00  1.00000000e+00 
-3.60000000e-06  3.10248018e-01 -3.60000000e-06  1.30000000e+00  1.00000000e+00 
-3.50000000e-06  3.14774069e-01 -3.50000000e-06  1.30000000e+00  1.00000000e+00 
-3.40000000e-06  3.19359904e-01 -3.40000000e-06  1.30000000e+00  1.00000000e+00 
-3.30000000e-06  3.24008079e-01 -3.30000000e-06  1.30000000e+00  1.00000000e+00 
-3.20000000e-06  3.28721350e-01 -3.20000000e-06  1.30000000e+00  1.00000000e+00 
-3.10000000e-06  3.33502694e-01 -3.10000000e-06  1.30000000e+00  1.00000000e+00 
-3.00000000e-06  3.38355336e-01 -3.00000000e-06  1.30000000e+00  1.00000000e+00 
-2.90000000e-06  3.43282781e-01 -2.90000000e-06  1.30000000e+00  1.00000000e+00 
-2.80000000e-06  3.48288854e-01 -2.80000000e-06  1.30000000e+00  1.00000000e+00 
-2.70000000e-06  3.53377736e-01 -2.70000000e-06  1.30000000e+00  1.00000000e+00 
-2.60000000e-06  3.58554025e-01 -2.60000000e-06  1.30000000e+00  1.00000000e+00 
-2.50000000e-06  3.63822790e-01 -2.50000000e-06  1.30000000e+00  1.00000000e+00 
-2.40000000e-06  3.69189648e-01 -2.40000000e-06  1.30000000e+00  1.00000000e+00 
-2.30000000e-06  3.74660854e-01 -2.30000000e-06  1.30000000e+00  1.00000000e+00 
-2.20000000e-06  3.80243406e-01 -2.20000000e-06  1.30000000e+00  1.00000000e+00 
-2.10000000e-06  3.85945184e-01 -2.10000000e-06  1.30000000e+00  1.00000000e+00 
-2.00000000e-06  3.91775110e-01 -2.00000000e-06  1.30000000e+00  1.00000000e+00 
-1.90000000e-06  3.97743359e-01 -1.90000000e-06  1.30000000e+00  1.00000000e+00 
-1.80000000e-06  4.03861618e-01 -1.80000000e-06  1.30000000e+00  1.00000000e+00 
-1.70000000e-06  4.10143426e-01 -1.70000000e-06  1.30000000e+00  1.00000000e+00 
-1.60000000e-06  4.16604605e-01 -1.60000000e-06  1.30000000e+00  1.00000000e+00 
-1.50000000e-06  4.23263836e-01 -1.50000000e-06  1.30000000e+00  1.00000000e+00 
-1.40000000e-06  4.30143423e-01 -1.40000000e-06  1.30000000e+00  1.00000000e+00 
-1.30000000e-06  4.37270345e-01 -1.30000000e-06  1.30000000e+00  1.00000000e+00 
-1.20000000e-06  4.44677703e-01 -1.20000000e-06  1.30000000e+00  1.00000000e+00 
-1.10000000e-06  4.52406801e-01 -1.10000000e-06  1.30000000e+00  1.00000000e+00 
-1.00000000e-06  4.60510191e-01 -1.00000000e-06  1.30000000e+00  1.00000000e+00 
-9.00000000e-07  4.69056286e-01 -9.00000000e-07  1.30000000e+00  1.00000000e+00 
-8.00000000e-07  4.78136648e-01 -8.00000000e-07  1.30000000e+00  1.00000000e+00 
-7.00000000e-07  4.87878050e-01 -7.00000000e-07  1.30000000e+00  1.00000000e+00 
-6.00000000e-07  4.98463697e-01 -6.00000000e-07  1.30000000e+00  1.00000000e+00 
-5.00000000e-07  5.10173542e-01 -5.00000000e-07  1.30000000e+00  1.00000000e+00 
-4.00000000e-07  5.23469270e-01 -4.00000000e-07  1.30000000e+00  1.00000000e+00 
-3.00000000e-07  5.39201521e-01 -3.00000000e-07  1.30000000e+00  1.00000000e+00 
-2.00000000e-07  5.59243592e-01 -2.00000000e-07  1.30000000e+00  1.00000000e+00 
-1.00000000e-07  5.89449736e-01 -1.00000000e-07  1.30000000e+00  1.00000000e+00 
-5.71747239e-21  7.86287917e-01 -5.71747239e-21  1.30000000e+00  1.00000000e+00 
 1.00000000e-07  1.02239007e+00  1.00000000e-07  1.30000000e+00  1.00000000e+00 
 2.00000000e-07  1.05480081e+00  2.00000000e-07  1.30000000e+00  1.00000000e+00 
 3.00000000e-07  1.07368258e+00  3.00000000e-07  1.30000000e+00  1.00000000e+00 
 4.00000000e-07  1.08713012e+00  4.00000000e-07  1.30000000e+00  1.00000000e+00 
 5.00000000e-07  1.09763336e+00  5.00000000e-07  1.30000000e+00  1.00000000e+00 
 6.00000000e-07  1.10629062e+00  6.00000000e-07  1.30000000e+00  1.00000000e+00 
 7.00000000e-07  1.11369601e+00  7.00000000e-07  1.30000000e+00  1.00000000e+00 
 8.00000000e-07  1.12018793e+00  8.00000000e-07  1.30000000e+00  1.00000000e+00 
 9.00000000e-07  1.12598547e+00  9.00000000e-07  1.30000000e+00  1.00000000e+00 
 1.00000000e-06  1.13123728e+00  1.00000000e-06  1.30000000e+00  1.00000000e+00 
 1.10000000e-06  1.13604882e+00  1.10000000e-06  1.30000000e+00  1.00000000e+00 
 1.20000000e-06  1.14049752e+00  1.20000000e-06  1.30000000e+00  1.00000000e+00 
 1.30000000e-06  1.14465006e+00  1.30000000e-06  1.30000000e+00  1.00000000e+00 
 1.40000000e-06  1.14853216e+00  1.40000000e-06  1.30000000e+00  1.00000000e+00 
 1.50000000e-06  1.15219257e+00  1.50000000e-06  1.30000000e+00  1.00000000e+00 
 1.60000000e-06  1.15565951e+00  1.60000000e-06  1.30000000e+00  1.00000000e+00 
 1.70000000e-06  1.15895612e+00  1.70000000e-06  1.30000000e+00  1.00000000e+00 
 1.80000000e-06  1.16210164e+00  1.80000000e-06  1.30000000e+00  1.00000000e+00 
 1.90000000e-06  1.16511218e+00  1.90000000e-06  1.30000000e+00  1.00000000e+00 
 2.00000000e-06  1.16800140e+00  2.00000000e-06  1.30000000e+00  1.00000000e+00 
 2.10000000e-06  1.17078098e+00  2.10000000e-06  1.30000000e+00  1.00000000e+00 
 2.20000000e-06  1.17346093e+00  2.20000000e-06  1.30000000e+00  1.00000000e+00 
 2.30000000e-06  1.17604996e+00  2.30000000e-06  1.30000000e+00  1.00000000e+00 
 2.40000000e-06  1.17855565e+00  2.40000000e-06  1.30000000e+00  1.00000000e+00 
 2.50000000e-06  1.18098465e+00  2.50000000e-06  1.30000000e+00  1.00000000e+00 
 2.60000000e-06  1.18334300e+00  2.60000000e-06  1.30000000e+00  1.00000000e+00 
 2.70000000e-06  1.18563555e+00  2.70000000e-06  1.30000000e+00  1.00000000e+00 
 2.80000000e-06  1.18786714e+00  2.80000000e-06  1.30000000e+00  1.00000000e+00 
 2.90000000e-06  1.19004193e+00  2.90000000e-06  1.30000000e+00  1.00000000e+00 
 3.00000000e-06  1.19216364e+00  3.00000000e-06  1.30000000e+00  1.00000000e+00 
 3.10000000e-06  1.19423563e+00  3.10000000e-06  1.30000000e+00  1.00000000e+00 
 3.20000000e-06  1.19626095e+00  3.20000000e-06  1.30000000e+00  1.00000000e+00 
 3.30000000e-06  1.19824237e+00  3.30000000e-06  1.30000000e+00  1.00000000e+00 
 3.40000000e-06  1.20018239e+00  3.40000000e-06  1.30000000e+00  1.00000000e+00 
 3.50000000e-06  1.20208332e+00  3.50000000e-06  1.30000000e+00  1.00000000e+00 
 3.60000000e-06  1.20394728e+00  3.60000000e-06  1.30000000e+00  1.00000000e+00 
 3.70000000e-06  1.20577618e+00  3.70000000e-06  1.30000000e+00  1.00000000e+00 
 3.80000000e-06  1.20757183e+00  3.80000000e-06  1.30000000e+00  1.00000000e+00 
 3.90000000e-06  1.20933585e+00  3.90000000e-06  1.30000000e+00  1.00000000e+00 
 4.00000000e-06  1.21106978e+00  4.00000000e-06  1.30000000e+00  1.00000000e+00 
 4.10000000e-06  1.21277502e+00  4.10000000e-06  1.30000000e+00  1.00000000e+00 
 4.20000000e-06  1.21445288e+00  4.20000000e-06  1.30000000e+00  1.00000000e+00 
 4.30000000e-06  1.21610457e+00  4.30000000e-06  1.30000000e+00  1.00000000e+00 
 4.40000000e-06  1.21773125e+00  4.40000000e-06  1.30000000e+00  1.00000000e+00 
 4.50000000e-06  1.21933395e+00  4.50000000e-06  1.30000000e+00  1.00000000e+00 
 4.60000000e-06  1.22091368e+00  4.60000000e-06  1.30000000e+00  1.00000000e+00 
 4.70000000e-06  1.22247136e+00  4.70000000e-06  1.30000000e+00  1.00000000e+00 
 4.80000000e-06  1.22400786e+00  4.80000000e-06  1.30000000e+00  1.00000000e+00 
 4.90000000e-06  1.22552400e+00  4.90000000e-06  1.30000000e+00  1.00000000e+00 
 5.00000000e-06  1.22702657e+00  5.00000000e-06  1.30000000e+00  1.00000000e+00 
 5.10000000e-06  1.22850356e+00  5.10000000e-06  1.30000000e+00  1.00000000e+00 
 5.20000000e-06  1.22996246e+00  5.20000000e-06  1.30000000e+00  1.00000000e+00 
 5.30000000e-06  1.23140388e+00  5.30000000e-06  1.30000000e+00  1.00000000e+00 
 5.40000000e-06  1.23282843e+00  5.40000000e-06  1.30000000e+00  1.00000000e+00 
 5.50000000e-06  1.23423667e+00  5.50000000e-06  1.30000000e+00  1.00000000e+00 
 5.60000000e-06  1.23562915e+00  5.60000000e-06  1.30000000e+00  1.00000000e+00 
 5.70000000e-06  1.23700638e+00  5.70000000e-06  1.30000000e+00  1.00000000e+00 
 5.80000000e-06  1.23836884e+00  5.80000000e-06  1.30000000e+00  1.00000000e+00 
 5.90000000e-06  1.23971699e+00  5.90000000e-06  1.30000000e+00  1.00000000e+00 
 6.00000000e-06  1.24105127e+00  6.00000000e-06  1.30000000e+00  1.00000000e+00 
