 i-sweep         v(vout)         i(viin)         v(vgate)        v(vmid)        
 0.00000000e+00  9.63016326e-01  0.00000000e+00  1.50000000e+00  1.40000000e+00 
 1.00000000e-07  1.20390798e+00  1.00000000e-07  1.50000000e+00  1.40000000e+00 
 2.00000000e-07  1.23625411e+00  2.00000000e-07  1.50000000e+00  1.40000000e+00 
 3.00000000e-07  1.25511357e+00  3.00000000e-07  1.50000000e+00  1.40000000e+00 
 4.00000000e-07  1.26852596e+00  4.00000000e-07  1.50000000e+00  1.40000000e+00 
 5.00000000e-07  1.27900154e+00  5.00000000e-07  1.50000000e+00  1.40000000e+00 
 6.00000000e-07  1.28764202e+00  6.00000000e-07  1.50000000e+00  1.40000000e+00 
 7.00000000e-07  1.29502811e+00  7.00000000e-07  1.50000000e+00  1.40000000e+00 
 8.00000000e-07  1.30150141e+00  8.00000000e-07  1.50000000e+00  1.40000000e+00 
 9.00000000e-07  1.30728092e+00  9.00000000e-07  1.50000000e+00  1.40000000e+00 
 1.00000000e-06  1.31251523e+00  1.00000000e-06  1.50000000e+00  1.40000000e+00 
 1.10000000e-06  1.31730970e+00  1.10000000e-06  1.50000000e+00  1.40000000e+00 
 1.20000000e-06  1.32175321e+00  1.20000000e-06  1.50000000e+00  1.40000000e+00 
 1.30000000e-06  1.32587717e+00  1.30000000e-06  1.50000000e+00  1.40000000e+00 
 1.40000000e-06  1.32974408e+00  1.40000000e-06  1.50000000e+00  1.40000000e+00 
 1.50000000e-06  1.33338911e+00  1.50000000e-06  1.50000000e+00  1.40000000e+00 
 1.60000000e-06  1.33684063e+00  1.60000000e-06  1.50000000e+00  1.40000000e+00 
 1.70000000e-06  1.34012192e+00  1.70000000e-06  1.50000000e+00  1.40000000e+00 
 1.80000000e-06  1.34325224e+00  1.80000000e-06  1.50000000e+00  1.40000000e+00 
 1.90000000e-06  1.34624774e+00  1.90000000e-06  1.50000000e+00  1.40000000e+00 
 2.00000000e-06  1.34912211e+00  2.00000000e-06  1.50000000e+00  1.40000000e+00 
 2.10000000e-06  1.35188700e+00  2.10000000e-06  1.50000000e+00  1.40000000e+00 
 2.20000000e-06  1.35455243e+00  2.20000000e-06  1.50000000e+00  1.40000000e+00 
 2.30000000e-06  1.35712710e+00  2.30000000e-06  1.50000000e+00  1.40000000e+00 
 2.40000000e-06  1.35961858e+00  2.40000000e-06  1.50000000e+00  1.40000000e+00 
 2.50000000e-06  1.36203351e+00  2.50000000e-06  1.50000000e+00  1.40000000e+00 
 2.60000000e-06  1.36437776e+00  2.60000000e-06  1.50000000e+00  1.40000000e+00 
 2.70000000e-06  1.36665653e+00  2.70000000e-06  1.50000000e+00  1.40000000e+00 
 2.80000000e-06  1.36887444e+00  2.80000000e-06  1.50000000e+00  1.40000000e+00 
 2.90000000e-06  1.37103564e+00  2.90000000e-06  1.50000000e+00  1.40000000e+00 
 3.00000000e-06  1.37314385e+00  3.00000000e-06  1.50000000e+00  1.40000000e+00 
 3.10000000e-06  1.37520244e+00  3.10000000e-06  1.50000000e+00  1.40000000e+00 
 3.20000000e-06  1.37721444e+00  3.20000000e-06  1.50000000e+00  1.40000000e+00 
 3.30000000e-06  1.37918262e+00  3.30000000e-06  1.50000000e+00  1.40000000e+00 
 3.40000000e-06  1.38110949e+00  3.40000000e-06  1.50000000e+00  1.40000000e+00 
 3.50000000e-06  1.38300622e+00  3.50000000e-06  1.50000000e+00  1.40000000e+00 
 3.60000000e-06  1.38485517e+00  3.60000000e-06  1.50000000e+00  1.40000000e+00 
 3.70000000e-06  1.38666959e+00  3.70000000e-06  1.50000000e+00  1.40000000e+00 
 3.80000000e-06  1.38845115e+00  3.80000000e-06  1.50000000e+00  1.40000000e+00 
 3.90000000e-06  1.39020143e+00  3.90000000e-06  1.50000000e+00  1.40000000e+00 
 4.00000000e-06  1.39192190e+00  4.00000000e-06  1.50000000e+00  1.40000000e+00 
 4.10000000e-06  1.39361390e+00  4.10000000e-06  1.50000000e+00  1.40000000e+00 
 4.20000000e-06  1.39527872e+00  4.20000000e-06  1.50000000e+00  1.40000000e+00 
 4.30000000e-06  1.39691755e+00  4.30000000e-06  1.50000000e+00  1.40000000e+00 
 4.40000000e-06  1.39853148e+00  4.40000000e-06  1.50000000e+00  1.40000000e+00 
 4.50000000e-06  1.40012157e+00  4.50000000e-06  1.50000000e+00  1.40000000e+00 
 4.60000000e-06  1.40168878e+00  4.60000000e-06  1.50000000e+00  1.40000000e+00 
 4.70000000e-06  1.40323403e+00  4.70000000e-06  1.50000000e+00  1.40000000e+00 
 4.80000000e-06  1.40475819e+00  4.80000000e-06  1.50000000e+00  1.40000000e+00 
 4.90000000e-06  1.40626205e+00  4.90000000e-06  1.50000000e+00  1.40000000e+00 
 5.00000000e-06  1.40774652e+00  5.00000000e-06  1.50000000e+00  1.40000000e+00 
 5.10000000e-06  1.40921207e+00  5.10000000e-06  1.50000000e+00  1.40000000e+00 
 5.20000000e-06  1.41065948e+00  5.20000000e-06  1.50000000e+00  1.40000000e+00 
 5.30000000e-06  1.41208939e+00  5.30000000e-06  1.50000000e+00  1.40000000e+00 
 5.40000000e-06  1.41350242e+00  5.40000000e-06  1.50000000e+00  1.40000000e+00 
 5.50000000e-06  1.41489914e+00  5.50000000e-06  1.50000000e+00  1.40000000e+00 
 5.60000000e-06  1.41628009e+00  5.60000000e-06  1.50000000e+00  1.40000000e+00 
 5.70000000e-06  1.41764579e+00  5.70000000e-06  1.50000000e+00  1.40000000e+00 
 5.80000000e-06  1.41899672e+00  5.80000000e-06  1.50000000e+00  1.40000000e+00 
 5.90000000e-06  1.42033336e+00  5.90000000e-06  1.50000000e+00  1.40000000e+00 
 6.00000000e-06  1.42165614e+00  6.00000000e-06  1.50000000e+00  1.40000000e+00 
 6.10000000e-06  1.42296549e+00  6.10000000e-06  1.50000000e+00  1.40000000e+00 
 6.20000000e-06  1.42426181e+00  6.20000000e-06  1.50000000e+00  1.40000000e+00 
 6.30000000e-06  1.42554548e+00  6.30000000e-06  1.50000000e+00  1.40000000e+00 
 6.40000000e-06  1.42681687e+00  6.40000000e-06  1.50000000e+00  1.40000000e+00 
 6.50000000e-06  1.42807633e+00  6.50000000e-06  1.50000000e+00  1.40000000e+00 
 6.60000000e-06  1.42932421e+00  6.60000000e-06  1.50000000e+00  1.40000000e+00 
 6.70000000e-06  1.43056085e+00  6.70000000e-06  1.50000000e+00  1.40000000e+00 
 6.80000000e-06  1.43178658e+00  6.80000000e-06  1.50000000e+00  1.40000000e+00 
 6.90000000e-06  1.43300181e+00  6.90000000e-06  1.50000000e+00  1.40000000e+00 
 7.00000000e-06  1.43420703e+00  7.00000000e-06  1.50000000e+00  1.40000000e+00 
 7.10000000e-06  1.43540304e+00  7.10000000e-06  1.50000000e+00  1.40000000e+00 
 7.20000000e-06  1.43659122e+00  7.20000000e-06  1.50000000e+00  1.40000000e+00 
 7.30000000e-06  1.43775889e+00  7.30000000e-06  1.50000000e+00  1.40000000e+00 
 7.40000000e-06  1.43892427e+00  7.40000000e-06  1.50000000e+00  1.40000000e+00 
 7.50000000e-06  1.44008048e+00  7.50000000e-06  1.50000000e+00  1.40000000e+00 
 7.60000000e-06  1.44122776e+00  7.60000000e-06  1.50000000e+00  1.40000000e+00 
 7.70000000e-06  1.44236635e+00  7.70000000e-06  1.50000000e+00  1.40000000e+00 
 7.80000000e-06  1.44349653e+00  7.80000000e-06  1.50000000e+00  1.40000000e+00 
 7.90000000e-06  1.44461865e+00  7.90000000e-06  1.50000000e+00  1.40000000e+00 
 8.00000000e-06  1.44573303e+00  8.00000000e-06  1.50000000e+00  1.40000000e+00 
 8.10000000e-06  1.44683989e+00  8.10000000e-06  1.50000000e+00  1.40000000e+00 
 8.20000000e-06  1.44793893e+00  8.20000000e-06  1.50000000e+00  1.40000000e+00 
 8.30000000e-06  1.44902867e+00  8.30000000e-06  1.50000000e+00  1.40000000e+00 
 8.40000000e-06  1.45010684e+00  8.40000000e-06  1.50000000e+00  1.40000000e+00 
 8.50000000e-06  1.45118206e+00  8.50000000e-06  1.50000000e+00  1.40000000e+00 
 8.60000000e-06  1.45225012e+00  8.60000000e-06  1.50000000e+00  1.40000000e+00 
 8.70000000e-06  1.45331116e+00  8.70000000e-06  1.50000000e+00  1.40000000e+00 
 8.80000000e-06  1.45436532e+00  8.80000000e-06  1.50000000e+00  1.40000000e+00 
 8.90000000e-06  1.45541275e+00  8.90000000e-06  1.50000000e+00  1.40000000e+00 
 9.00000000e-06  1.45645357e+00  9.00000000e-06  1.50000000e+00  1.40000000e+00 
 9.10000000e-06  1.45748792e+00  9.10000000e-06  1.50000000e+00  1.40000000e+00 
 9.20000000e-06  1.45851592e+00  9.20000000e-06  1.50000000e+00  1.40000000e+00 
 9.30000000e-06  1.45953769e+00  9.30000000e-06  1.50000000e+00  1.40000000e+00 
 9.40000000e-06  1.46055334e+00  9.40000000e-06  1.50000000e+00  1.40000000e+00 
 9.50000000e-06  1.46156300e+00  9.50000000e-06  1.50000000e+00  1.40000000e+00 
 9.60000000e-06  1.46256677e+00  9.60000000e-06  1.50000000e+00  1.40000000e+00 
 9.70000000e-06  1.46356476e+00  9.70000000e-06  1.50000000e+00  1.40000000e+00 
 9.80000000e-06  1.46455707e+00  9.80000000e-06  1.50000000e+00  1.40000000e+00 
 9.90000000e-06  1.46554381e+00  9.90000000e-06  1.50000000e+00  1.40000000e+00 
 1.00000000e-05  1.46652507e+00  1.00000000e-05  1.50000000e+00  1.40000000e+00 
 1.01000000e-05  1.46750094e+00  1.01000000e-05  1.50000000e+00  1.40000000e+00 
 1.02000000e-05  1.46847152e+00  1.02000000e-05  1.50000000e+00  1.40000000e+00 
 1.03000000e-05  1.46943691e+00  1.03000000e-05  1.50000000e+00  1.40000000e+00 
 1.04000000e-05  1.47039718e+00  1.04000000e-05  1.50000000e+00  1.40000000e+00 
 1.05000000e-05  1.47135242e+00  1.05000000e-05  1.50000000e+00  1.40000000e+00 
 1.06000000e-05  1.47230272e+00  1.06000000e-05  1.50000000e+00  1.40000000e+00 
 1.07000000e-05  1.47324815e+00  1.07000000e-05  1.50000000e+00  1.40000000e+00 
 1.08000000e-05  1.47418880e+00  1.08000000e-05  1.50000000e+00  1.40000000e+00 
 1.09000000e-05  1.47512474e+00  1.09000000e-05  1.50000000e+00  1.40000000e+00 
 1.10000000e-05  1.47605604e+00  1.10000000e-05  1.50000000e+00  1.40000000e+00 
 1.11000000e-05  1.47698278e+00  1.11000000e-05  1.50000000e+00  1.40000000e+00 
 1.12000000e-05  1.47790502e+00  1.12000000e-05  1.50000000e+00  1.40000000e+00 
 1.13000000e-05  1.47882284e+00  1.13000000e-05  1.50000000e+00  1.40000000e+00 
 1.14000000e-05  1.47973631e+00  1.14000000e-05  1.50000000e+00  1.40000000e+00 
 1.15000000e-05  1.48064549e+00  1.15000000e-05  1.50000000e+00  1.40000000e+00 
 1.16000000e-05  1.48155044e+00  1.16000000e-05  1.50000000e+00  1.40000000e+00 
 1.17000000e-05  1.48245697e+00  1.17000000e-05  1.50000000e+00  1.40000000e+00 
 1.18000000e-05  1.48335338e+00  1.18000000e-05  1.50000000e+00  1.40000000e+00 
 1.19000000e-05  1.48424577e+00  1.19000000e-05  1.50000000e+00  1.40000000e+00 
 1.20000000e-05  1.48513417e+00  1.20000000e-05  1.50000000e+00  1.40000000e+00 
 1.21000000e-05  1.48601867e+00  1.21000000e-05  1.50000000e+00  1.40000000e+00 
 1.22000000e-05  1.48689929e+00  1.22000000e-05  1.50000000e+00  1.40000000e+00 
 1.23000000e-05  1.48777611e+00  1.23000000e-05  1.50000000e+00  1.40000000e+00 
 1.24000000e-05  1.48864917e+00  1.24000000e-05  1.50000000e+00  1.40000000e+00 
 1.25000000e-05  1.48951853e+00  1.25000000e-05  1.50000000e+00  1.40000000e+00 
 1.26000000e-05  1.49038422e+00  1.26000000e-05  1.50000000e+00  1.40000000e+00 
 1.27000000e-05  1.49124631e+00  1.27000000e-05  1.50000000e+00  1.40000000e+00 
 1.28000000e-05  1.49210484e+00  1.28000000e-05  1.50000000e+00  1.40000000e+00 
 1.29000000e-05  1.49295986e+00  1.29000000e-05  1.50000000e+00  1.40000000e+00 
 1.30000000e-05  1.49381140e+00  1.30000000e-05  1.50000000e+00  1.40000000e+00 
 1.31000000e-05  1.49465953e+00  1.31000000e-05  1.50000000e+00  1.40000000e+00 
 1.32000000e-05  1.49550427e+00  1.32000000e-05  1.50000000e+00  1.40000000e+00 
 1.33000000e-05  1.49634568e+00  1.33000000e-05  1.50000000e+00  1.40000000e+00 
 1.34000000e-05  1.49718380e+00  1.34000000e-05  1.50000000e+00  1.40000000e+00 
 1.35000000e-05  1.49801866e+00  1.35000000e-05  1.50000000e+00  1.40000000e+00 
 1.36000000e-05  1.49884790e+00  1.36000000e-05  1.50000000e+00  1.40000000e+00 
 1.37000000e-05  1.49967648e+00  1.37000000e-05  1.50000000e+00  1.40000000e+00 
 1.38000000e-05  1.50050192e+00  1.38000000e-05  1.50000000e+00  1.40000000e+00 
 1.39000000e-05  1.50132426e+00  1.39000000e-05  1.50000000e+00  1.40000000e+00 
 1.40000000e-05  1.50214353e+00  1.40000000e-05  1.50000000e+00  1.40000000e+00 
 1.41000000e-05  1.50295978e+00  1.41000000e-05  1.50000000e+00  1.40000000e+00 
 1.42000000e-05  1.50377303e+00  1.42000000e-05  1.50000000e+00  1.40000000e+00 
 1.43000000e-05  1.50458333e+00  1.43000000e-05  1.50000000e+00  1.40000000e+00 
 1.44000000e-05  1.50539071e+00  1.44000000e-05  1.50000000e+00  1.40000000e+00 
 1.45000000e-05  1.50619520e+00  1.45000000e-05  1.50000000e+00  1.40000000e+00 
 1.46000000e-05  1.50699683e+00  1.46000000e-05  1.50000000e+00  1.40000000e+00 
 1.47000000e-05  1.50779564e+00  1.47000000e-05  1.50000000e+00  1.40000000e+00 
 1.48000000e-05  1.50859177e+00  1.48000000e-05  1.50000000e+00  1.40000000e+00 
 1.49000000e-05  1.50938503e+00  1.49000000e-05  1.50000000e+00  1.40000000e+00 
 1.50000000e-05  1.51017556e+00  1.50000000e-05  1.50000000e+00  1.40000000e+00 
 1.51000000e-05  1.51096340e+00  1.51000000e-05  1.50000000e+00  1.40000000e+00 
 1.52000000e-05  1.51174857e+00  1.52000000e-05  1.50000000e+00  1.40000000e+00 
 1.53000000e-05  1.51253109e+00  1.53000000e-05  1.50000000e+00  1.40000000e+00 
 1.54000000e-05  1.51331101e+00  1.54000000e-05  1.50000000e+00  1.40000000e+00 
 1.55000000e-05  1.51408835e+00  1.55000000e-05  1.50000000e+00  1.40000000e+00 
 1.56000000e-05  1.51486313e+00  1.56000000e-05  1.50000000e+00  1.40000000e+00 
 1.57000000e-05  1.51563538e+00  1.57000000e-05  1.50000000e+00  1.40000000e+00 
 1.58000000e-05  1.51640513e+00  1.58000000e-05  1.50000000e+00  1.40000000e+00 
 1.59000000e-05  1.51717241e+00  1.59000000e-05  1.50000000e+00  1.40000000e+00 
 1.60000000e-05  1.51793724e+00  1.60000000e-05  1.50000000e+00  1.40000000e+00 
 1.61000000e-05  1.51869964e+00  1.61000000e-05  1.50000000e+00  1.40000000e+00 
 1.62000000e-05  1.51945964e+00  1.62000000e-05  1.50000000e+00  1.40000000e+00 
 1.63000000e-05  1.52021727e+00  1.63000000e-05  1.50000000e+00  1.40000000e+00 
 1.64000000e-05  1.52097255e+00  1.64000000e-05  1.50000000e+00  1.40000000e+00 
 1.65000000e-05  1.52172550e+00  1.65000000e-05  1.50000000e+00  1.40000000e+00 
 1.66000000e-05  1.52247615e+00  1.66000000e-05  1.50000000e+00  1.40000000e+00 
 1.67000000e-05  1.52322451e+00  1.67000000e-05  1.50000000e+00  1.40000000e+00 
 1.68000000e-05  1.52397062e+00  1.68000000e-05  1.50000000e+00  1.40000000e+00 
 1.69000000e-05  1.52471449e+00  1.69000000e-05  1.50000000e+00  1.40000000e+00 
 1.70000000e-05  1.52545614e+00  1.70000000e-05  1.50000000e+00  1.40000000e+00 
 1.71000000e-05  1.52619561e+00  1.71000000e-05  1.50000000e+00  1.40000000e+00 
 1.72000000e-05  1.52693289e+00  1.72000000e-05  1.50000000e+00  1.40000000e+00 
 1.73000000e-05  1.52766803e+00  1.73000000e-05  1.50000000e+00  1.40000000e+00 
 1.74000000e-05  1.52840103e+00  1.74000000e-05  1.50000000e+00  1.40000000e+00 
 1.75000000e-05  1.52913192e+00  1.75000000e-05  1.50000000e+00  1.40000000e+00 
 1.76000000e-05  1.52986072e+00  1.76000000e-05  1.50000000e+00  1.40000000e+00 
 1.77000000e-05  1.53058745e+00  1.77000000e-05  1.50000000e+00  1.40000000e+00 
 1.78000000e-05  1.53131212e+00  1.78000000e-05  1.50000000e+00  1.40000000e+00 
 1.79000000e-05  1.53203476e+00  1.79000000e-05  1.50000000e+00  1.40000000e+00 
 1.80000000e-05  1.53275538e+00  1.80000000e-05  1.50000000e+00  1.40000000e+00 
 1.81000000e-05  1.53347400e+00  1.81000000e-05  1.50000000e+00  1.40000000e+00 
 1.82000000e-05  1.53419065e+00  1.82000000e-05  1.50000000e+00  1.40000000e+00 
 1.83000000e-05  1.53490533e+00  1.83000000e-05  1.50000000e+00  1.40000000e+00 
 1.84000000e-05  1.53561806e+00  1.84000000e-05  1.50000000e+00  1.40000000e+00 
 1.85000000e-05  1.53632887e+00  1.85000000e-05  1.50000000e+00  1.40000000e+00 
 1.86000000e-05  1.53703777e+00  1.86000000e-05  1.50000000e+00  1.40000000e+00 
 1.87000000e-05  1.53774477e+00  1.87000000e-05  1.50000000e+00  1.40000000e+00 
 1.88000000e-05  1.53844989e+00  1.88000000e-05  1.50000000e+00  1.40000000e+00 
 1.89000000e-05  1.53915315e+00  1.89000000e-05  1.50000000e+00  1.40000000e+00 
 1.90000000e-05  1.53985457e+00  1.90000000e-05  1.50000000e+00  1.40000000e+00 
 1.91000000e-05  1.54055415e+00  1.91000000e-05  1.50000000e+00  1.40000000e+00 
 1.92000000e-05  1.54125192e+00  1.92000000e-05  1.50000000e+00  1.40000000e+00 
 1.93000000e-05  1.54194790e+00  1.93000000e-05  1.50000000e+00  1.40000000e+00 
 1.94000000e-05  1.54264208e+00  1.94000000e-05  1.50000000e+00  1.40000000e+00 
 1.95000000e-05  1.54333450e+00  1.95000000e-05  1.50000000e+00  1.40000000e+00 
 1.96000000e-05  1.54402516e+00  1.96000000e-05  1.50000000e+00  1.40000000e+00 
 1.97000000e-05  1.54471409e+00  1.97000000e-05  1.50000000e+00  1.40000000e+00 
 1.98000000e-05  1.54540128e+00  1.98000000e-05  1.50000000e+00  1.40000000e+00 
 1.99000000e-05  1.54608677e+00  1.99000000e-05  1.50000000e+00  1.40000000e+00 
 2.00000000e-05  1.54677055e+00  2.00000000e-05  1.50000000e+00  1.40000000e+00 
 2.01000000e-05  1.54745265e+00  2.01000000e-05  1.50000000e+00  1.40000000e+00 
 2.02000000e-05  1.54813308e+00  2.02000000e-05  1.50000000e+00  1.40000000e+00 
 2.03000000e-05  1.54881185e+00  2.03000000e-05  1.50000000e+00  1.40000000e+00 
 2.04000000e-05  1.54948898e+00  2.04000000e-05  1.50000000e+00  1.40000000e+00 
 2.05000000e-05  1.55016448e+00  2.05000000e-05  1.50000000e+00  1.40000000e+00 
 2.06000000e-05  1.55083835e+00  2.06000000e-05  1.50000000e+00  1.40000000e+00 
 2.07000000e-05  1.55151062e+00  2.07000000e-05  1.50000000e+00  1.40000000e+00 
 2.08000000e-05  1.55218130e+00  2.08000000e-05  1.50000000e+00  1.40000000e+00 
 2.09000000e-05  1.55285039e+00  2.09000000e-05  1.50000000e+00  1.40000000e+00 
 2.10000000e-05  1.55351787e+00  2.10000000e-05  1.50000000e+00  1.40000000e+00 
 2.11000000e-05  1.55418384e+00  2.11000000e-05  1.50000000e+00  1.40000000e+00 
 2.12000000e-05  1.55484826e+00  2.12000000e-05  1.50000000e+00  1.40000000e+00 
 2.13000000e-05  1.55551115e+00  2.13000000e-05  1.50000000e+00  1.40000000e+00 
 2.14000000e-05  1.55617251e+00  2.14000000e-05  1.50000000e+00  1.40000000e+00 
 2.15000000e-05  1.55683236e+00  2.15000000e-05  1.50000000e+00  1.40000000e+00 
 2.16000000e-05  1.55749072e+00  2.16000000e-05  1.50000000e+00  1.40000000e+00 
 2.17000000e-05  1.55814758e+00  2.17000000e-05  1.50000000e+00  1.40000000e+00 
 2.18000000e-05  1.55880297e+00  2.18000000e-05  1.50000000e+00  1.40000000e+00 
 2.19000000e-05  1.55945688e+00  2.19000000e-05  1.50000000e+00  1.40000000e+00 
 2.20000000e-05  1.56010935e+00  2.20000000e-05  1.50000000e+00  1.40000000e+00 
 2.21000000e-05  1.56076036e+00  2.21000000e-05  1.50000000e+00  1.40000000e+00 
 2.22000000e-05  1.56140995e+00  2.22000000e-05  1.50000000e+00  1.40000000e+00 
 2.23000000e-05  1.56205810e+00  2.23000000e-05  1.50000000e+00  1.40000000e+00 
 2.24000000e-05  1.56270484e+00  2.24000000e-05  1.50000000e+00  1.40000000e+00 
 2.25000000e-05  1.56335018e+00  2.25000000e-05  1.50000000e+00  1.40000000e+00 
 2.26000000e-05  1.56399412e+00  2.26000000e-05  1.50000000e+00  1.40000000e+00 
 2.27000000e-05  1.56463668e+00  2.27000000e-05  1.50000000e+00  1.40000000e+00 
 2.28000000e-05  1.56527783e+00  2.28000000e-05  1.50000000e+00  1.40000000e+00 
 2.29000000e-05  1.56591870e+00  2.29000000e-05  1.50000000e+00  1.40000000e+00 
 2.30000000e-05  1.56655639e+00  2.30000000e-05  1.50000000e+00  1.40000000e+00 
 2.31000000e-05  1.56719330e+00  2.31000000e-05  1.50000000e+00  1.40000000e+00 
 2.32000000e-05  1.56782900e+00  2.32000000e-05  1.50000000e+00  1.40000000e+00 
 2.33000000e-05  1.56846339e+00  2.33000000e-05  1.50000000e+00  1.40000000e+00 
 2.34000000e-05  1.56909649e+00  2.34000000e-05  1.50000000e+00  1.40000000e+00 
 2.35000000e-05  1.56972830e+00  2.35000000e-05  1.50000000e+00  1.40000000e+00 
 2.36000000e-05  1.57035881e+00  2.36000000e-05  1.50000000e+00  1.40000000e+00 
 2.37000000e-05  1.57098802e+00  2.37000000e-05  1.50000000e+00  1.40000000e+00 
 2.38000000e-05  1.57161595e+00  2.38000000e-05  1.50000000e+00  1.40000000e+00 
 2.39000000e-05  1.57224260e+00  2.39000000e-05  1.50000000e+00  1.40000000e+00 
 2.40000000e-05  1.57286799e+00  2.40000000e-05  1.50000000e+00  1.40000000e+00 
 2.41000000e-05  1.57349211e+00  2.41000000e-05  1.50000000e+00  1.40000000e+00 
 2.42000000e-05  1.57411514e+00  2.42000000e-05  1.50000000e+00  1.40000000e+00 
 2.43000000e-05  1.57473665e+00  2.43000000e-05  1.50000000e+00  1.40000000e+00 
 2.44000000e-05  1.57535790e+00  2.44000000e-05  1.50000000e+00  1.40000000e+00 
 2.45000000e-05  1.57598012e+00  2.45000000e-05  1.50000000e+00  1.40000000e+00 
 2.46000000e-05  1.57659417e+00  2.46000000e-05  1.50000000e+00  1.40000000e+00 
 2.47000000e-05  1.57721091e+00  2.47000000e-05  1.50000000e+00  1.40000000e+00 
 2.48000000e-05  1.57782644e+00  2.48000000e-05  1.50000000e+00  1.40000000e+00 
 2.49000000e-05  1.57844078e+00  2.49000000e-05  1.50000000e+00  1.40000000e+00 
 2.50000000e-05  1.57905394e+00  2.50000000e-05  1.50000000e+00  1.40000000e+00 
