 i-sweep         v(vout)         i(viin)         v(vgate)        v(vmid)        
-6.00000000e-06 -4.27279375e-01 -6.00000000e-06  5.00000000e-01  2.00000000e-01 
-5.90000000e-06 -4.23883890e-01 -5.90000000e-06  5.00000000e-01  2.00000000e-01 
-5.80000000e-06 -4.20462543e-01 -5.80000000e-06  5.00000000e-01  2.00000000e-01 
-5.70000000e-06 -4.17014678e-01 -5.70000000e-06  5.00000000e-01  2.00000000e-01 
-5.60000000e-06 -4.13539613e-01 -5.60000000e-06  5.00000000e-01  2.00000000e-01 
-5.50000000e-06 -4.10036636e-01 -5.50000000e-06  5.00000000e-01  2.00000000e-01 
-5.40000000e-06 -4.06505007e-01 -5.40000000e-06  5.00000000e-01  2.00000000e-01 
-5.30000000e-06 -4.02943950e-01 -5.30000000e-06  5.00000000e-01  2.00000000e-01 
-5.20000000e-06 -3.99352658e-01 -5.20000000e-06  5.00000000e-01  2.00000000e-01 
-5.10000000e-06 -3.95730284e-01 -5.10000000e-06  5.00000000e-01  2.00000000e-01 
-5.00000000e-06 -3.92075942e-01 -5.00000000e-06  5.00000000e-01  2.00000000e-01 
-4.90000000e-06 -3.88388706e-01 -4.90000000e-06  5.00000000e-01  2.00000000e-01 
-4.80000000e-06 -3.84667601e-01 -4.80000000e-06  5.00000000e-01  2.00000000e-01 
-4.70000000e-06 -3.80911606e-01 -4.70000000e-06  5.00000000e-01  2.00000000e-01 
-4.60000000e-06 -3.77119645e-01 -4.60000000e-06  5.00000000e-01  2.00000000e-01 
-4.50000000e-06 -3.73290587e-01 -4.50000000e-06  5.00000000e-01  2.00000000e-01 
-4.40000000e-06 -3.69423239e-01 -4.40000000e-06  5.00000000e-01  2.00000000e-01 
-4.30000000e-06 -3.65516341e-01 -4.30000000e-06  5.00000000e-01  2.00000000e-01 
-4.20000000e-06 -3.61568560e-01 -4.20000000e-06  5.00000000e-01  2.00000000e-01 
-4.10000000e-06 -3.57578487e-01 -4.10000000e-06  5.00000000e-01  2.00000000e-01 
-4.00000000e-06 -3.53544624e-01 -4.00000000e-06  5.00000000e-01  2.00000000e-01 
-3.90000000e-06 -3.49465382e-01 -3.90000000e-06  5.00000000e-01  2.00000000e-01 
-3.80000000e-06 -3.45339066e-01 -3.80000000e-06  5.00000000e-01  2.00000000e-01 
-3.70000000e-06 -3.41163871e-01 -3.70000000e-06  5.00000000e-01  2.00000000e-01 
-3.60000000e-06 -3.36937864e-01 -3.60000000e-06  5.00000000e-01  2.00000000e-01 
-3.50000000e-06 -3.32658976e-01 -3.50000000e-06  5.00000000e-01  2.00000000e-01 
-3.40000000e-06 -3.28324985e-01 -3.40000000e-06  5.00000000e-01  2.00000000e-01 
-3.30000000e-06 -3.23933497e-01 -3.30000000e-06  5.00000000e-01  2.00000000e-01 
-3.20000000e-06 -3.19481930e-01 -3.20000000e-06  5.00000000e-01  2.00000000e-01 
-3.10000000e-06 -3.14967486e-01 -3.10000000e-06  5.00000000e-01  2.00000000e-01 
-3.00000000e-06 -3.10387128e-01 -3.00000000e-06  5.00000000e-01  2.00000000e-01 
-2.90000000e-06 -3.05737546e-01 -2.90000000e-06  5.00000000e-01  2.00000000e-01 
-2.80000000e-06 -3.01015125e-01 -2.80000000e-06  5.00000000e-01  2.00000000e-01 
-2.70000000e-06 -2.96215896e-01 -2.70000000e-06  5.00000000e-01  2.00000000e-01 
-2.60000000e-06 -2.91335487e-01 -2.60000000e-06  5.00000000e-01  2.00000000e-01 
-2.50000000e-06 -2.86369062e-01 -2.50000000e-06  5.00000000e-01  2.00000000e-01 
-2.40000000e-06 -2.81311250e-01 -2.40000000e-06  5.00000000e-01  2.00000000e-01 
-2.30000000e-06 -2.76156051e-01 -2.30000000e-06  5.00000000e-01  2.00000000e-01 
-2.20000000e-06 -2.70896730e-01 -2.20000000e-06  5.00000000e-01  2.00000000e-01 
-2.10000000e-06 -2.65525688e-01 -2.10000000e-06  5.00000000e-01  2.00000000e-01 
-2.00000000e-06 -2.60034288e-01 -2.00000000e-06  5.00000000e-01  2.00000000e-01 
-1.90000000e-06 -2.54412659e-01 -1.90000000e-06  5.00000000e-01  2.00000000e-01 
-1.80000000e-06 -2.48649425e-01 -1.80000000e-06  5.00000000e-01  2.00000000e-01 
-1.70000000e-06 -2.42731379e-01 -1.70000000e-06  5.00000000e-01  2.00000000e-01 
-1.60000000e-06 -2.36643044e-01 -1.60000000e-06  5.00000000e-01  2.00000000e-01 
-1.50000000e-06 -2.30366105e-01 -1.50000000e-06  5.00000000e-01  2.00000000e-01 
-1.40000000e-06 -2.23878644e-01 -1.40000000e-06  5.00000000e-01  2.00000000e-01 
-1.30000000e-06 -2.17154102e-01 -1.30000000e-06  5.00000000e-01  2.00000000e-01 
-1.20000000e-06 -2.10159832e-01 -1.20000000e-06  5.00000000e-01  2.00000000e-01 
-1.10000000e-06 -2.02855033e-01 -1.10000000e-06  5.00000000e-01  2.00000000e-01 
-1.00000000e-06 -1.95187728e-01 -1.00000000e-06  5.00000000e-01  2.00000000e-01 
-9.00000000e-07 -1.87090170e-01 -9.00000000e-07  5.00000000e-01  2.00000000e-01 
-8.00000000e-07 -1.78471602e-01 -8.00000000e-07  5.00000000e-01  2.00000000e-01 
-7.00000000e-07 -1.69206259e-01 -7.00000000e-07  5.00000000e-01  2.00000000e-01 
-6.00000000e-07 -1.59112262e-01 -6.00000000e-07  5.00000000e-01  2.00000000e-01 
-5.00000000e-07 -1.47911467e-01 -5.00000000e-07  5.00000000e-01  2.00000000e-01 
-4.00000000e-07 -1.35144808e-01 -4.00000000e-07  5.00000000e-01  2.00000000e-01 
-3.00000000e-07 -1.19965596e-01 -3.00000000e-07  5.00000000e-01  2.00000000e-01 
-2.00000000e-07 -1.00506228e-01 -2.00000000e-07  5.00000000e-01  2.00000000e-01 
-1.00000000e-07 -7.09173436e-02 -1.00000000e-07  5.00000000e-01  2.00000000e-01 
-5.71747239e-21  2.01469818e-01 -5.71747239e-21  5.00000000e-01  2.00000000e-01 
 1.00000000e-07  1.01516750e+00  1.00000000e-07  5.00000000e-01  2.00000000e-01 
 2.00000000e-07  1.04758353e+00  2.00000000e-07  5.00000000e-01  2.00000000e-01 
 3.00000000e-07  1.06647173e+00  3.00000000e-07  5.00000000e-01  2.00000000e-01 
 4.00000000e-07  1.07991495e+00  4.00000000e-07  5.00000000e-01  2.00000000e-01 
 5.00000000e-07  1.09041812e+00  5.00000000e-07  5.00000000e-01  2.00000000e-01 
 6.00000000e-07  1.09908289e+00  6.00000000e-07  5.00000000e-01  2.00000000e-01 
 7.00000000e-07  1.10649016e+00  7.00000000e-07  5.00000000e-01  2.00000000e-01 
 8.00000000e-07  1.11298324e+00  8.00000000e-07  5.00000000e-01  2.00000000e-01 
 9.00000000e-07  1.11878169e+00  9.00000000e-07  5.00000000e-01  2.00000000e-01 
 1.00000000e-06  1.12403431e+00  1.00000000e-06  5.00000000e-01  2.00000000e-01 
 1.10000000e-06  1.12884660e+00  1.10000000e-06  5.00000000e-01  2.00000000e-01 
 1.20000000e-06  1.13329602e+00  1.20000000e-06  5.00000000e-01  2.00000000e-01 
 1.30000000e-06  1.13744114e+00  1.30000000e-06  5.00000000e-01  2.00000000e-01 
 1.40000000e-06  1.14132731e+00  1.40000000e-06  5.00000000e-01  2.00000000e-01 
 1.50000000e-06  1.14499036e+00  1.50000000e-06  5.00000000e-01  2.00000000e-01 
 1.60000000e-06  1.14845909e+00  1.60000000e-06  5.00000000e-01  2.00000000e-01 
 1.70000000e-06  1.15175700e+00  1.70000000e-06  5.00000000e-01  2.00000000e-01 
 1.80000000e-06  1.15490351e+00  1.80000000e-06  5.00000000e-01  2.00000000e-01 
 1.90000000e-06  1.15791489e+00  1.90000000e-06  5.00000000e-01  2.00000000e-01 
 2.00000000e-06  1.16080484e+00  2.00000000e-06  5.00000000e-01  2.00000000e-01 
 2.10000000e-06  1.16358508e+00  2.10000000e-06  5.00000000e-01  2.00000000e-01 
 2.20000000e-06  1.16626566e+00  2.20000000e-06  5.00000000e-01  2.00000000e-01 
 2.30000000e-06  1.16885529e+00  2.30000000e-06  5.00000000e-01  2.00000000e-01 
 2.40000000e-06  1.17136157e+00  2.40000000e-06  5.00000000e-01  2.00000000e-01 
 2.50000000e-06  1.17379115e+00  2.50000000e-06  5.00000000e-01  2.00000000e-01 
 2.60000000e-06  1.17614991e+00  2.60000000e-06  5.00000000e-01  2.00000000e-01 
 2.70000000e-06  1.17844306e+00  2.70000000e-06  5.00000000e-01  2.00000000e-01 
 2.80000000e-06  1.18067523e+00  2.80000000e-06  5.00000000e-01  2.00000000e-01 
 2.90000000e-06  1.18285059e+00  2.90000000e-06  5.00000000e-01  2.00000000e-01 
 3.00000000e-06  1.18497285e+00  3.00000000e-06  5.00000000e-01  2.00000000e-01 
 3.10000000e-06  1.18704539e+00  3.10000000e-06  5.00000000e-01  2.00000000e-01 
 3.20000000e-06  1.18907126e+00  3.20000000e-06  5.00000000e-01  2.00000000e-01 
 3.30000000e-06  1.19105320e+00  3.30000000e-06  5.00000000e-01  2.00000000e-01 
 3.40000000e-06  1.19299376e+00  3.40000000e-06  5.00000000e-01  2.00000000e-01 
 3.50000000e-06  1.19489521e+00  3.50000000e-06  5.00000000e-01  2.00000000e-01 
 3.60000000e-06  1.19675969e+00  3.60000000e-06  5.00000000e-01  2.00000000e-01 
 3.70000000e-06  1.19858911e+00  3.70000000e-06  5.00000000e-01  2.00000000e-01 
 3.80000000e-06  1.20038527e+00  3.80000000e-06  5.00000000e-01  2.00000000e-01 
 3.90000000e-06  1.20214980e+00  3.90000000e-06  5.00000000e-01  2.00000000e-01 
 4.00000000e-06  1.20388423e+00  4.00000000e-06  5.00000000e-01  2.00000000e-01 
 4.10000000e-06  1.20558997e+00  4.10000000e-06  5.00000000e-01  2.00000000e-01 
 4.20000000e-06  1.20726833e+00  4.20000000e-06  5.00000000e-01  2.00000000e-01 
 4.30000000e-06  1.20892053e+00  4.30000000e-06  5.00000000e-01  2.00000000e-01 
 4.40000000e-06  1.21054770e+00  4.40000000e-06  5.00000000e-01  2.00000000e-01 
 4.50000000e-06  1.21215090e+00  4.50000000e-06  5.00000000e-01  2.00000000e-01 
 4.60000000e-06  1.21373111e+00  4.60000000e-06  5.00000000e-01  2.00000000e-01 
 4.70000000e-06  1.21528928e+00  4.70000000e-06  5.00000000e-01  2.00000000e-01 
 4.80000000e-06  1.21682627e+00  4.80000000e-06  5.00000000e-01  2.00000000e-01 
 4.90000000e-06  1.21834289e+00  4.90000000e-06  5.00000000e-01  2.00000000e-01 
 5.00000000e-06  1.21983992e+00  5.00000000e-06  5.00000000e-01  2.00000000e-01 
 5.10000000e-06  1.22131808e+00  5.10000000e-06  5.00000000e-01  2.00000000e-01 
 5.20000000e-06  1.22277805e+00  5.20000000e-06  5.00000000e-01  2.00000000e-01 
 5.30000000e-06  1.22422047e+00  5.30000000e-06  5.00000000e-01  2.00000000e-01 
 5.40000000e-06  1.22564596e+00  5.40000000e-06  5.00000000e-01  2.00000000e-01 
 5.50000000e-06  1.22705509e+00  5.50000000e-06  5.00000000e-01  2.00000000e-01 
 5.60000000e-06  1.22844840e+00  5.60000000e-06  5.00000000e-01  2.00000000e-01 
 5.70000000e-06  1.22982642e+00  5.70000000e-06  5.00000000e-01  2.00000000e-01 
 5.80000000e-06  1.23118963e+00  5.80000000e-06  5.00000000e-01  2.00000000e-01 
 5.90000000e-06  1.23253850e+00  5.90000000e-06  5.00000000e-01  2.00000000e-01 
 6.00000000e-06  1.23387347e+00  6.00000000e-06  5.00000000e-01  2.00000000e-01 
