 i-sweep         v(vout)         i(viin)         v(vgate)        v(vmid)        
-6.00000000e-06  1.36994731e-01 -6.00000000e-06  1.20000000e+00  1.80000000e+00 
-5.90000000e-06  1.40520172e-01 -5.90000000e-06  1.20000000e+00  1.80000000e+00 
-5.80000000e-06  1.44073586e-01 -5.80000000e-06  1.20000000e+00  1.80000000e+00 
-5.70000000e-06  1.47655666e-01 -5.70000000e-06  1.20000000e+00  1.80000000e+00 
-5.60000000e-06  1.51267133e-01 -5.60000000e-06  1.20000000e+00  1.80000000e+00 
-5.50000000e-06  1.54908738e-01 -5.50000000e-06  1.20000000e+00  1.80000000e+00 
-5.40000000e-06  1.58581266e-01 -5.40000000e-06  1.20000000e+00  1.80000000e+00 
-5.30000000e-06  1.62285537e-01 -5.30000000e-06  1.20000000e+00  1.80000000e+00 
-5.20000000e-06  1.66022407e-01 -5.20000000e-06  1.20000000e+00  1.80000000e+00 
-5.10000000e-06  1.69792773e-01 -5.10000000e-06  1.20000000e+00  1.80000000e+00 
-5.00000000e-06  1.73597574e-01 -5.00000000e-06  1.20000000e+00  1.80000000e+00 
-4.90000000e-06  1.77437793e-01 -4.90000000e-06  1.20000000e+00  1.80000000e+00 
-4.80000000e-06  1.81314464e-01 -4.80000000e-06  1.20000000e+00  1.80000000e+00 
-4.70000000e-06  1.85228671e-01 -4.70000000e-06  1.20000000e+00  1.80000000e+00 
-4.60000000e-06  1.89181554e-01 -4.60000000e-06  1.20000000e+00  1.80000000e+00 
-4.50000000e-06  1.93174316e-01 -4.50000000e-06  1.20000000e+00  1.80000000e+00 
-4.40000000e-06  1.97208223e-01 -4.40000000e-06  1.20000000e+00  1.80000000e+00 
-4.30000000e-06  2.01284611e-01 -4.30000000e-06  1.20000000e+00  1.80000000e+00 
-4.20000000e-06  2.05404895e-01 -4.20000000e-06  1.20000000e+00  1.80000000e+00 
-4.10000000e-06  2.09570571e-01 -4.10000000e-06  1.20000000e+00  1.80000000e+00 
-4.00000000e-06  2.13783224e-01 -4.00000000e-06  1.20000000e+00  1.80000000e+00 
-3.90000000e-06  2.18044542e-01 -3.90000000e-06  1.20000000e+00  1.80000000e+00 
-3.80000000e-06  2.22356317e-01 -3.80000000e-06  1.20000000e+00  1.80000000e+00 
-3.70000000e-06  2.26720459e-01 -3.70000000e-06  1.20000000e+00  1.80000000e+00 
-3.60000000e-06  2.31139012e-01 -3.60000000e-06  1.20000000e+00  1.80000000e+00 
-3.50000000e-06  2.35614160e-01 -3.50000000e-06  1.20000000e+00  1.80000000e+00 
-3.40000000e-06  2.40148246e-01 -3.40000000e-06  1.20000000e+00  1.80000000e+00 
-3.30000000e-06  2.44743792e-01 -3.30000000e-06  1.20000000e+00  1.80000000e+00 
-3.20000000e-06  2.49403515e-01 -3.20000000e-06  1.20000000e+00  1.80000000e+00 
-3.10000000e-06  2.54130351e-01 -3.10000000e-06  1.20000000e+00  1.80000000e+00 
-3.00000000e-06  2.58927485e-01 -3.00000000e-06  1.20000000e+00  1.80000000e+00 
-2.90000000e-06  2.63798379e-01 -2.90000000e-06  1.20000000e+00  1.80000000e+00 
-2.80000000e-06  2.68746812e-01 -2.80000000e-06  1.20000000e+00  1.80000000e+00 
-2.70000000e-06  2.73776921e-01 -2.70000000e-06  1.20000000e+00  1.80000000e+00 
-2.60000000e-06  2.78893254e-01 -2.60000000e-06  1.20000000e+00  1.80000000e+00 
-2.50000000e-06  2.84100832e-01 -2.50000000e-06  1.20000000e+00  1.80000000e+00 
-2.40000000e-06  2.89405222e-01 -2.40000000e-06  1.20000000e+00  1.80000000e+00 
-2.30000000e-06  2.94812628e-01 -2.30000000e-06  1.20000000e+00  1.80000000e+00 
-2.20000000e-06  3.00329997e-01 -2.20000000e-06  1.20000000e+00  1.80000000e+00 
-2.10000000e-06  3.05965157e-01 -2.10000000e-06  1.20000000e+00  1.80000000e+00 
-2.00000000e-06  3.11726980e-01 -2.00000000e-06  1.20000000e+00  1.80000000e+00 
-1.90000000e-06  3.17625595e-01 -1.90000000e-06  1.20000000e+00  1.80000000e+00 
-1.80000000e-06  3.23672643e-01 -1.80000000e-06  1.20000000e+00  1.80000000e+00 
-1.70000000e-06  3.29881625e-01 -1.70000000e-06  1.20000000e+00  1.80000000e+00 
-1.60000000e-06  3.36268331e-01 -1.60000000e-06  1.20000000e+00  1.80000000e+00 
-1.50000000e-06  3.42851423e-01 -1.50000000e-06  1.20000000e+00  1.80000000e+00 
-1.40000000e-06  3.49653205e-01 -1.40000000e-06  1.20000000e+00  1.80000000e+00 
-1.30000000e-06  3.56700675e-01 -1.30000000e-06  1.20000000e+00  1.80000000e+00 
-1.20000000e-06  3.64026991e-01 -1.20000000e-06  1.20000000e+00  1.80000000e+00 
-1.10000000e-06  3.71673565e-01 -1.10000000e-06  1.20000000e+00  1.80000000e+00 
-1.00000000e-06  3.79693128e-01 -1.00000000e-06  1.20000000e+00  1.80000000e+00 
-9.00000000e-07  3.88154392e-01 -9.00000000e-07  1.20000000e+00  1.80000000e+00 
-8.00000000e-07  3.97149395e-01 -8.00000000e-07  1.20000000e+00  1.80000000e+00 
-7.00000000e-07  4.06805685e-01 -7.00000000e-07  1.20000000e+00  1.80000000e+00 
-6.00000000e-07  4.17307757e-01 -6.00000000e-07  1.20000000e+00  1.80000000e+00 
-5.00000000e-07  4.28937826e-01 -5.00000000e-07  1.20000000e+00  1.80000000e+00 
-4.00000000e-07  4.42161821e-01 -4.00000000e-07  1.20000000e+00  1.80000000e+00 
-3.00000000e-07  4.57839307e-01 -3.00000000e-07  1.20000000e+00  1.80000000e+00 
-2.00000000e-07  4.77866138e-01 -2.00000000e-07  1.20000000e+00  1.80000000e+00 
-1.00000000e-07  5.08174898e-01 -1.00000000e-07  1.20000000e+00  1.80000000e+00 
-5.71747239e-21  9.40406344e-01 -5.71747239e-21  1.20000000e+00  1.80000000e+00 
 1.00000000e-07  1.52368399e+00  1.00000000e-07  1.20000000e+00  1.80000000e+00 
 2.00000000e-07  1.55582460e+00  2.00000000e-07  1.20000000e+00  1.80000000e+00 
 3.00000000e-07  1.57456757e+00  3.00000000e-07  1.20000000e+00  1.80000000e+00 
 4.00000000e-07  1.58791819e+00  4.00000000e-07  1.20000000e+00  1.80000000e+00 
 5.00000000e-07  1.59832551e+00  5.00000000e-07  1.20000000e+00  1.80000000e+00 
 6.00000000e-07  1.60691216e+00  6.00000000e-07  1.20000000e+00  1.80000000e+00 
 7.00000000e-07  1.61424960e+00  7.00000000e-07  1.20000000e+00  1.80000000e+00 
 8.00000000e-07  1.62067800e+00  8.00000000e-07  1.20000000e+00  1.80000000e+00 
 9.00000000e-07  1.62641545e+00  9.00000000e-07  1.20000000e+00  1.80000000e+00 
 1.00000000e-06  1.63160994e+00  1.00000000e-06  1.20000000e+00  1.80000000e+00 
 1.10000000e-06  1.63636639e+00  1.10000000e-06  1.20000000e+00  1.80000000e+00 
 1.20000000e-06  1.64076188e+00  1.20000000e-06  1.20000000e+00  1.80000000e+00 
 1.30000000e-06  1.64485469e+00  1.30000000e-06  1.20000000e+00  1.80000000e+00 
 1.40000000e-06  1.64868993e+00  1.40000000e-06  1.20000000e+00  1.80000000e+00 
 1.50000000e-06  1.65230327e+00  1.50000000e-06  1.20000000e+00  1.80000000e+00 
 1.60000000e-06  1.65572336e+00  1.60000000e-06  1.20000000e+00  1.80000000e+00 
 1.70000000e-06  1.65897359e+00  1.70000000e-06  1.20000000e+00  1.80000000e+00 
 1.80000000e-06  1.66207329e+00  1.80000000e-06  1.20000000e+00  1.80000000e+00 
 1.90000000e-06  1.66503862e+00  1.90000000e-06  1.20000000e+00  1.80000000e+00 
 2.00000000e-06  1.66788324e+00  2.00000000e-06  1.20000000e+00  1.80000000e+00 
 2.10000000e-06  1.67061879e+00  2.10000000e-06  1.20000000e+00  1.80000000e+00 
 2.20000000e-06  1.67325529e+00  2.20000000e-06  1.20000000e+00  1.80000000e+00 
 2.30000000e-06  1.67580139e+00  2.30000000e-06  1.20000000e+00  1.80000000e+00 
 2.40000000e-06  1.67826464e+00  2.40000000e-06  1.20000000e+00  1.80000000e+00 
 2.50000000e-06  1.68065168e+00  2.50000000e-06  1.20000000e+00  1.80000000e+00 
 2.60000000e-06  1.68296835e+00  2.60000000e-06  1.20000000e+00  1.80000000e+00 
 2.70000000e-06  1.68521983e+00  2.70000000e-06  1.20000000e+00  1.80000000e+00 
 2.80000000e-06  1.68741073e+00  2.80000000e-06  1.20000000e+00  1.80000000e+00 
 2.90000000e-06  1.68954518e+00  2.90000000e-06  1.20000000e+00  1.80000000e+00 
 3.00000000e-06  1.69162690e+00  3.00000000e-06  1.20000000e+00  1.80000000e+00 
 3.10000000e-06  1.69365922e+00  3.10000000e-06  1.20000000e+00  1.80000000e+00 
 3.20000000e-06  1.69564519e+00  3.20000000e-06  1.20000000e+00  1.80000000e+00 
 3.30000000e-06  1.69758754e+00  3.30000000e-06  1.20000000e+00  1.80000000e+00 
 3.40000000e-06  1.69948879e+00  3.40000000e-06  1.20000000e+00  1.80000000e+00 
 3.50000000e-06  1.70135122e+00  3.50000000e-06  1.20000000e+00  1.80000000e+00 
 3.60000000e-06  1.70317692e+00  3.60000000e-06  1.20000000e+00  1.80000000e+00 
 3.70000000e-06  1.70496783e+00  3.70000000e-06  1.20000000e+00  1.80000000e+00 
 3.80000000e-06  1.70672571e+00  3.80000000e-06  1.20000000e+00  1.80000000e+00 
 3.90000000e-06  1.70845220e+00  3.90000000e-06  1.20000000e+00  1.80000000e+00 
 4.00000000e-06  1.71014881e+00  4.00000000e-06  1.20000000e+00  1.80000000e+00 
 4.10000000e-06  1.71181694e+00  4.10000000e-06  1.20000000e+00  1.80000000e+00 
 4.20000000e-06  1.71345790e+00  4.20000000e-06  1.20000000e+00  1.80000000e+00 
 4.30000000e-06  1.71507290e+00  4.30000000e-06  1.20000000e+00  1.80000000e+00 
 4.40000000e-06  1.71666306e+00  4.40000000e-06  1.20000000e+00  1.80000000e+00 
 4.50000000e-06  1.71822944e+00  4.50000000e-06  1.20000000e+00  1.80000000e+00 
 4.60000000e-06  1.71977302e+00  4.60000000e-06  1.20000000e+00  1.80000000e+00 
 4.70000000e-06  1.72129472e+00  4.70000000e-06  1.20000000e+00  1.80000000e+00 
 4.80000000e-06  1.72279541e+00  4.80000000e-06  1.20000000e+00  1.80000000e+00 
 4.90000000e-06  1.72427590e+00  4.90000000e-06  1.20000000e+00  1.80000000e+00 
 5.00000000e-06  1.72573695e+00  5.00000000e-06  1.20000000e+00  1.80000000e+00 
 5.10000000e-06  1.72717929e+00  5.10000000e-06  1.20000000e+00  1.80000000e+00 
 5.20000000e-06  1.72860359e+00  5.20000000e-06  1.20000000e+00  1.80000000e+00 
 5.30000000e-06  1.73001049e+00  5.30000000e-06  1.20000000e+00  1.80000000e+00 
 5.40000000e-06  1.73140060e+00  5.40000000e-06  1.20000000e+00  1.80000000e+00 
 5.50000000e-06  1.73277449e+00  5.50000000e-06  1.20000000e+00  1.80000000e+00 
 5.60000000e-06  1.73413269e+00  5.60000000e-06  1.20000000e+00  1.80000000e+00 
 5.70000000e-06  1.73547573e+00  5.70000000e-06  1.20000000e+00  1.80000000e+00 
 5.80000000e-06  1.73680410e+00  5.80000000e-06  1.20000000e+00  1.80000000e+00 
 5.90000000e-06  1.73811825e+00  5.90000000e-06  1.20000000e+00  1.80000000e+00 
 6.00000000e-06  1.73941862e+00  6.00000000e-06  1.20000000e+00  1.80000000e+00 
