 i-sweep         v(vout)         i(viin)         v(vgate)        v(vmid)        
-6.00000000e-06 -2.64243905e-01 -6.00000000e-06  7.00000000e-01  1.80000000e+00 
-5.90000000e-06 -2.60835634e-01 -5.90000000e-06  7.00000000e-01  1.80000000e+00 
-5.80000000e-06 -2.57400681e-01 -5.80000000e-06  7.00000000e-01  1.80000000e+00 
-5.70000000e-06 -2.53938388e-01 -5.70000000e-06  7.00000000e-01  1.80000000e+00 
-5.60000000e-06 -2.50448070e-01 -5.60000000e-06  7.00000000e-01  1.80000000e+00 
-5.50000000e-06 -2.46929014e-01 -5.50000000e-06  7.00000000e-01  1.80000000e+00 
-5.40000000e-06 -2.43380475e-01 -5.40000000e-06  7.00000000e-01  1.80000000e+00 
-5.30000000e-06 -2.39801676e-01 -5.30000000e-06  7.00000000e-01  1.80000000e+00 
-5.20000000e-06 -2.36191804e-01 -5.20000000e-06  7.00000000e-01  1.80000000e+00 
-5.10000000e-06 -2.32550011e-01 -5.10000000e-06  7.00000000e-01  1.80000000e+00 
-5.00000000e-06 -2.28875405e-01 -5.00000000e-06  7.00000000e-01  1.80000000e+00 
-4.90000000e-06 -2.25167056e-01 -4.90000000e-06  7.00000000e-01  1.80000000e+00 
-4.80000000e-06 -2.21423984e-01 -4.80000000e-06  7.00000000e-01  1.80000000e+00 
-4.70000000e-06 -2.17645160e-01 -4.70000000e-06  7.00000000e-01  1.80000000e+00 
-4.60000000e-06 -2.13829506e-01 -4.60000000e-06  7.00000000e-01  1.80000000e+00 
-4.50000000e-06 -2.09975880e-01 -4.50000000e-06  7.00000000e-01  1.80000000e+00 
-4.40000000e-06 -2.06083084e-01 -4.40000000e-06  7.00000000e-01  1.80000000e+00 
-4.30000000e-06 -2.02149849e-01 -4.30000000e-06  7.00000000e-01  1.80000000e+00 
-4.20000000e-06 -1.98174834e-01 -4.20000000e-06  7.00000000e-01  1.80000000e+00 
-4.10000000e-06 -1.94156619e-01 -4.10000000e-06  7.00000000e-01  1.80000000e+00 
-4.00000000e-06 -1.90093698e-01 -4.00000000e-06  7.00000000e-01  1.80000000e+00 
-3.90000000e-06 -1.85984468e-01 -3.90000000e-06  7.00000000e-01  1.80000000e+00 
-3.80000000e-06 -1.81827226e-01 -3.80000000e-06  7.00000000e-01  1.80000000e+00 
-3.70000000e-06 -1.77620150e-01 -3.70000000e-06  7.00000000e-01  1.80000000e+00 
-3.60000000e-06 -1.73361297e-01 -3.60000000e-06  7.00000000e-01  1.80000000e+00 
-3.50000000e-06 -1.69048582e-01 -3.50000000e-06  7.00000000e-01  1.80000000e+00 
-3.40000000e-06 -1.64679768e-01 -3.40000000e-06  7.00000000e-01  1.80000000e+00 
-3.30000000e-06 -1.60252444e-01 -3.30000000e-06  7.00000000e-01  1.80000000e+00 
-3.20000000e-06 -1.55764009e-01 -3.20000000e-06  7.00000000e-01  1.80000000e+00 
-3.10000000e-06 -1.51211647e-01 -3.10000000e-06  7.00000000e-01  1.80000000e+00 
-3.00000000e-06 -1.46592300e-01 -3.00000000e-06  7.00000000e-01  1.80000000e+00 
-2.90000000e-06 -1.41902638e-01 -2.90000000e-06  7.00000000e-01  1.80000000e+00 
-2.80000000e-06 -1.37139019e-01 -2.80000000e-06  7.00000000e-01  1.80000000e+00 
-2.70000000e-06 -1.32297449e-01 -2.70000000e-06  7.00000000e-01  1.80000000e+00 
-2.60000000e-06 -1.27373529e-01 -2.60000000e-06  7.00000000e-01  1.80000000e+00 
-2.50000000e-06 -1.22362392e-01 -2.50000000e-06  7.00000000e-01  1.80000000e+00 
-2.40000000e-06 -1.17258633e-01 -2.40000000e-06  7.00000000e-01  1.80000000e+00 
-2.30000000e-06 -1.12056213e-01 -2.30000000e-06  7.00000000e-01  1.80000000e+00 
-2.20000000e-06 -1.06748358e-01 -2.20000000e-06  7.00000000e-01  1.80000000e+00 
-2.10000000e-06 -1.01327416e-01 -2.10000000e-06  7.00000000e-01  1.80000000e+00 
-2.00000000e-06 -9.57846998e-02 -2.00000000e-06  7.00000000e-01  1.80000000e+00 
-1.90000000e-06 -9.01102702e-02 -1.90000000e-06  7.00000000e-01  1.80000000e+00 
-1.80000000e-06 -8.42926777e-02 -1.80000000e-06  7.00000000e-01  1.80000000e+00 
-1.70000000e-06 -7.83186231e-02 -1.70000000e-06  7.00000000e-01  1.80000000e+00 
-1.60000000e-06 -7.21725185e-02 -1.60000000e-06  7.00000000e-01  1.80000000e+00 
-1.50000000e-06 -6.58359112e-02 -1.50000000e-06  7.00000000e-01  1.80000000e+00 
-1.40000000e-06 -5.92867102e-02 -1.40000000e-06  7.00000000e-01  1.80000000e+00 
-1.30000000e-06 -5.24981340e-02 -1.30000000e-06  7.00000000e-01  1.80000000e+00 
-1.20000000e-06 -4.54372429e-02 -1.20000000e-06  7.00000000e-01  1.80000000e+00 
-1.10000000e-06 -3.80628470e-02 -1.10000000e-06  7.00000000e-01  1.80000000e+00 
-1.00000000e-06 -3.03224340e-02 -1.00000000e-06  7.00000000e-01  1.80000000e+00 
-9.00000000e-07 -2.21475084e-02 -9.00000000e-07  7.00000000e-01  1.80000000e+00 
-8.00000000e-07 -1.34462295e-02 -8.00000000e-07  7.00000000e-01  1.80000000e+00 
-7.00000000e-07 -4.09120766e-03 -7.00000000e-07  7.00000000e-01  1.80000000e+00 
-6.00000000e-07  6.10199040e-03 -6.00000000e-07  7.00000000e-01  1.80000000e+00 
-5.00000000e-07  1.74157522e-02 -5.00000000e-07  7.00000000e-01  1.80000000e+00 
-4.00000000e-07  3.03167851e-02 -4.00000000e-07  7.00000000e-01  1.80000000e+00 
-3.00000000e-07  4.56671854e-02 -3.00000000e-07  7.00000000e-01  1.80000000e+00 
-2.00000000e-07  6.53715903e-02 -2.00000000e-07  7.00000000e-01  1.80000000e+00 
-1.00000000e-07  9.54026534e-02 -1.00000000e-07  7.00000000e-01  1.80000000e+00 
-5.71747239e-21  9.00361545e-01 -5.71747239e-21  7.00000000e-01  1.80000000e+00 
 1.00000000e-07  1.52368396e+00  1.00000000e-07  7.00000000e-01  1.80000000e+00 
 2.00000000e-07  1.55582423e+00  2.00000000e-07  7.00000000e-01  1.80000000e+00 
 3.00000000e-07  1.57456755e+00  3.00000000e-07  7.00000000e-01  1.80000000e+00 
 4.00000000e-07  1.58791578e+00  4.00000000e-07  7.00000000e-01  1.80000000e+00 
 5.00000000e-07  1.59832490e+00  5.00000000e-07  7.00000000e-01  1.80000000e+00 
 6.00000000e-07  1.60691199e+00  6.00000000e-07  7.00000000e-01  1.80000000e+00 
 7.00000000e-07  1.61424955e+00  7.00000000e-07  7.00000000e-01  1.80000000e+00 
 8.00000000e-07  1.62067799e+00  8.00000000e-07  7.00000000e-01  1.80000000e+00 
 9.00000000e-07  1.62641545e+00  9.00000000e-07  7.00000000e-01  1.80000000e+00 
 1.00000000e-06  1.63160994e+00  1.00000000e-06  7.00000000e-01  1.80000000e+00 
 1.10000000e-06  1.63636639e+00  1.10000000e-06  7.00000000e-01  1.80000000e+00 
 1.20000000e-06  1.64076188e+00  1.20000000e-06  7.00000000e-01  1.80000000e+00 
 1.30000000e-06  1.64485469e+00  1.30000000e-06  7.00000000e-01  1.80000000e+00 
 1.40000000e-06  1.64868993e+00  1.40000000e-06  7.00000000e-01  1.80000000e+00 
 1.50000000e-06  1.65230327e+00  1.50000000e-06  7.00000000e-01  1.80000000e+00 
 1.60000000e-06  1.65572336e+00  1.60000000e-06  7.00000000e-01  1.80000000e+00 
 1.70000000e-06  1.65897359e+00  1.70000000e-06  7.00000000e-01  1.80000000e+00 
 1.80000000e-06  1.66207329e+00  1.80000000e-06  7.00000000e-01  1.80000000e+00 
 1.90000000e-06  1.66503862e+00  1.90000000e-06  7.00000000e-01  1.80000000e+00 
 2.00000000e-06  1.66788324e+00  2.00000000e-06  7.00000000e-01  1.80000000e+00 
 2.10000000e-06  1.67061879e+00  2.10000000e-06  7.00000000e-01  1.80000000e+00 
 2.20000000e-06  1.67325529e+00  2.20000000e-06  7.00000000e-01  1.80000000e+00 
 2.30000000e-06  1.67580139e+00  2.30000000e-06  7.00000000e-01  1.80000000e+00 
 2.40000000e-06  1.67826464e+00  2.40000000e-06  7.00000000e-01  1.80000000e+00 
 2.50000000e-06  1.68065168e+00  2.50000000e-06  7.00000000e-01  1.80000000e+00 
 2.60000000e-06  1.68296835e+00  2.60000000e-06  7.00000000e-01  1.80000000e+00 
 2.70000000e-06  1.68521983e+00  2.70000000e-06  7.00000000e-01  1.80000000e+00 
 2.80000000e-06  1.68741073e+00  2.80000000e-06  7.00000000e-01  1.80000000e+00 
 2.90000000e-06  1.68954518e+00  2.90000000e-06  7.00000000e-01  1.80000000e+00 
 3.00000000e-06  1.69162690e+00  3.00000000e-06  7.00000000e-01  1.80000000e+00 
 3.10000000e-06  1.69365922e+00  3.10000000e-06  7.00000000e-01  1.80000000e+00 
 3.20000000e-06  1.69564519e+00  3.20000000e-06  7.00000000e-01  1.80000000e+00 
 3.30000000e-06  1.69758754e+00  3.30000000e-06  7.00000000e-01  1.80000000e+00 
 3.40000000e-06  1.69948879e+00  3.40000000e-06  7.00000000e-01  1.80000000e+00 
 3.50000000e-06  1.70135122e+00  3.50000000e-06  7.00000000e-01  1.80000000e+00 
 3.60000000e-06  1.70317692e+00  3.60000000e-06  7.00000000e-01  1.80000000e+00 
 3.70000000e-06  1.70496783e+00  3.70000000e-06  7.00000000e-01  1.80000000e+00 
 3.80000000e-06  1.70672571e+00  3.80000000e-06  7.00000000e-01  1.80000000e+00 
 3.90000000e-06  1.70845220e+00  3.90000000e-06  7.00000000e-01  1.80000000e+00 
 4.00000000e-06  1.71014881e+00  4.00000000e-06  7.00000000e-01  1.80000000e+00 
 4.10000000e-06  1.71181694e+00  4.10000000e-06  7.00000000e-01  1.80000000e+00 
 4.20000000e-06  1.71345790e+00  4.20000000e-06  7.00000000e-01  1.80000000e+00 
 4.30000000e-06  1.71507290e+00  4.30000000e-06  7.00000000e-01  1.80000000e+00 
 4.40000000e-06  1.71666306e+00  4.40000000e-06  7.00000000e-01  1.80000000e+00 
 4.50000000e-06  1.71822944e+00  4.50000000e-06  7.00000000e-01  1.80000000e+00 
 4.60000000e-06  1.71977302e+00  4.60000000e-06  7.00000000e-01  1.80000000e+00 
 4.70000000e-06  1.72129472e+00  4.70000000e-06  7.00000000e-01  1.80000000e+00 
 4.80000000e-06  1.72279541e+00  4.80000000e-06  7.00000000e-01  1.80000000e+00 
 4.90000000e-06  1.72427590e+00  4.90000000e-06  7.00000000e-01  1.80000000e+00 
 5.00000000e-06  1.72573695e+00  5.00000000e-06  7.00000000e-01  1.80000000e+00 
 5.10000000e-06  1.72717929e+00  5.10000000e-06  7.00000000e-01  1.80000000e+00 
 5.20000000e-06  1.72860359e+00  5.20000000e-06  7.00000000e-01  1.80000000e+00 
 5.30000000e-06  1.73001049e+00  5.30000000e-06  7.00000000e-01  1.80000000e+00 
 5.40000000e-06  1.73140060e+00  5.40000000e-06  7.00000000e-01  1.80000000e+00 
 5.50000000e-06  1.73277449e+00  5.50000000e-06  7.00000000e-01  1.80000000e+00 
 5.60000000e-06  1.73413269e+00  5.60000000e-06  7.00000000e-01  1.80000000e+00 
 5.70000000e-06  1.73547573e+00  5.70000000e-06  7.00000000e-01  1.80000000e+00 
 5.80000000e-06  1.73680410e+00  5.80000000e-06  7.00000000e-01  1.80000000e+00 
 5.90000000e-06  1.73811825e+00  5.90000000e-06  7.00000000e-01  1.80000000e+00 
 6.00000000e-06  1.73941862e+00  6.00000000e-06  7.00000000e-01  1.80000000e+00 
