 i-sweep         v(vout)         i(viin)         v(vgate)        v(vmid)        
 0.00000000e+00  1.04635516e+00  0.00000000e+00  1.50000000e+00  1.60000000e+00 
 1.00000000e-07  1.36372145e+00  1.00000000e-07  1.50000000e+00  1.60000000e+00 
 2.00000000e-07  1.39598647e+00  2.00000000e-07  1.50000000e+00  1.60000000e+00 
 3.00000000e-07  1.41478861e+00  3.00000000e-07  1.50000000e+00  1.60000000e+00 
 4.00000000e-07  1.42817161e+00  4.00000000e-07  1.50000000e+00  1.60000000e+00 
 5.00000000e-07  1.43863293e+00  5.00000000e-07  1.50000000e+00  1.60000000e+00 
 6.00000000e-07  1.44724586e+00  6.00000000e-07  1.50000000e+00  1.60000000e+00 
 7.00000000e-07  1.45460931e+00  7.00000000e-07  1.50000000e+00  1.60000000e+00 
 8.00000000e-07  1.46106223e+00  8.00000000e-07  1.50000000e+00  1.60000000e+00 
 9.00000000e-07  1.46682270e+00  9.00000000e-07  1.50000000e+00  1.60000000e+00 
 1.00000000e-06  1.47203892e+00  1.00000000e-06  1.50000000e+00  1.60000000e+00 
 1.10000000e-06  1.47681603e+00  1.10000000e-06  1.50000000e+00  1.60000000e+00 
 1.20000000e-06  1.48123128e+00  1.20000000e-06  1.50000000e+00  1.60000000e+00 
 1.30000000e-06  1.48535614e+00  1.30000000e-06  1.50000000e+00  1.60000000e+00 
 1.40000000e-06  1.48920495e+00  1.40000000e-06  1.50000000e+00  1.60000000e+00 
 1.50000000e-06  1.49283312e+00  1.50000000e-06  1.50000000e+00  1.60000000e+00 
 1.60000000e-06  1.49626867e+00  1.60000000e-06  1.50000000e+00  1.60000000e+00 
 1.70000000e-06  1.49953461e+00  1.70000000e-06  1.50000000e+00  1.60000000e+00 
 1.80000000e-06  1.50265007e+00  1.80000000e-06  1.50000000e+00  1.60000000e+00 
 1.90000000e-06  1.50563108e+00  1.90000000e-06  1.50000000e+00  1.60000000e+00 
 2.00000000e-06  1.50849125e+00  2.00000000e-06  1.50000000e+00  1.60000000e+00 
 2.10000000e-06  1.51124218e+00  2.10000000e-06  1.50000000e+00  1.60000000e+00 
 2.20000000e-06  1.51389387e+00  2.20000000e-06  1.50000000e+00  1.60000000e+00 
 2.30000000e-06  1.51645497e+00  2.30000000e-06  1.50000000e+00  1.60000000e+00 
 2.40000000e-06  1.51893305e+00  2.40000000e-06  1.50000000e+00  1.60000000e+00 
 2.50000000e-06  1.52133473e+00  2.50000000e-06  1.50000000e+00  1.60000000e+00 
 2.60000000e-06  1.52366587e+00  2.60000000e-06  1.50000000e+00  1.60000000e+00 
 2.70000000e-06  1.52593165e+00  2.70000000e-06  1.50000000e+00  1.60000000e+00 
 2.80000000e-06  1.52813670e+00  2.80000000e-06  1.50000000e+00  1.60000000e+00 
 2.90000000e-06  1.53028516e+00  2.90000000e-06  1.50000000e+00  1.60000000e+00 
 3.00000000e-06  1.53238074e+00  3.00000000e-06  1.50000000e+00  1.60000000e+00 
 3.10000000e-06  1.53442680e+00  3.10000000e-06  1.50000000e+00  1.60000000e+00 
 3.20000000e-06  1.53642637e+00  3.20000000e-06  1.50000000e+00  1.60000000e+00 
 3.30000000e-06  1.53838222e+00  3.30000000e-06  1.50000000e+00  1.60000000e+00 
 3.40000000e-06  1.54029684e+00  3.40000000e-06  1.50000000e+00  1.60000000e+00 
 3.50000000e-06  1.54217254e+00  3.50000000e-06  1.50000000e+00  1.60000000e+00 
 3.60000000e-06  1.54401141e+00  3.60000000e-06  1.50000000e+00  1.60000000e+00 
 3.70000000e-06  1.54581539e+00  3.70000000e-06  1.50000000e+00  1.60000000e+00 
 3.80000000e-06  1.54758625e+00  3.80000000e-06  1.50000000e+00  1.60000000e+00 
 3.90000000e-06  1.54932564e+00  3.90000000e-06  1.50000000e+00  1.60000000e+00 
 4.00000000e-06  1.55104614e+00  4.00000000e-06  1.50000000e+00  1.60000000e+00 
 4.10000000e-06  1.55272550e+00  4.10000000e-06  1.50000000e+00  1.60000000e+00 
 4.20000000e-06  1.55437782e+00  4.20000000e-06  1.50000000e+00  1.60000000e+00 
 4.30000000e-06  1.55600428e+00  4.30000000e-06  1.50000000e+00  1.60000000e+00 
 4.40000000e-06  1.55760599e+00  4.40000000e-06  1.50000000e+00  1.60000000e+00 
 4.50000000e-06  1.55918398e+00  4.50000000e-06  1.50000000e+00  1.60000000e+00 
 4.60000000e-06  1.56073922e+00  4.60000000e-06  1.50000000e+00  1.60000000e+00 
 4.70000000e-06  1.56227261e+00  4.70000000e-06  1.50000000e+00  1.60000000e+00 
 4.80000000e-06  1.56378501e+00  4.80000000e-06  1.50000000e+00  1.60000000e+00 
 4.90000000e-06  1.56527723e+00  4.90000000e-06  1.50000000e+00  1.60000000e+00 
 5.00000000e-06  1.56675001e+00  5.00000000e-06  1.50000000e+00  1.60000000e+00 
 5.10000000e-06  1.56820407e+00  5.10000000e-06  1.50000000e+00  1.60000000e+00 
 5.20000000e-06  1.56964008e+00  5.20000000e-06  1.50000000e+00  1.60000000e+00 
 5.30000000e-06  1.57105868e+00  5.30000000e-06  1.50000000e+00  1.60000000e+00 
 5.40000000e-06  1.57246046e+00  5.40000000e-06  1.50000000e+00  1.60000000e+00 
 5.50000000e-06  1.57384601e+00  5.50000000e-06  1.50000000e+00  1.60000000e+00 
 5.60000000e-06  1.57521585e+00  5.60000000e-06  1.50000000e+00  1.60000000e+00 
 5.70000000e-06  1.57657050e+00  5.70000000e-06  1.50000000e+00  1.60000000e+00 
 5.80000000e-06  1.57791045e+00  5.80000000e-06  1.50000000e+00  1.60000000e+00 
 5.90000000e-06  1.57923615e+00  5.90000000e-06  1.50000000e+00  1.60000000e+00 
 6.00000000e-06  1.58054805e+00  6.00000000e-06  1.50000000e+00  1.60000000e+00 
 6.10000000e-06  1.58184656e+00  6.10000000e-06  1.50000000e+00  1.60000000e+00 
 6.20000000e-06  1.58313209e+00  6.20000000e-06  1.50000000e+00  1.60000000e+00 
 6.30000000e-06  1.58440500e+00  6.30000000e-06  1.50000000e+00  1.60000000e+00 
 6.40000000e-06  1.58566568e+00  6.40000000e-06  1.50000000e+00  1.60000000e+00 
 6.50000000e-06  1.58691446e+00  6.50000000e-06  1.50000000e+00  1.60000000e+00 
 6.60000000e-06  1.58815167e+00  6.60000000e-06  1.50000000e+00  1.60000000e+00 
 6.70000000e-06  1.58937763e+00  6.70000000e-06  1.50000000e+00  1.60000000e+00 
 6.80000000e-06  1.59059264e+00  6.80000000e-06  1.50000000e+00  1.60000000e+00 
 6.90000000e-06  1.59179700e+00  6.90000000e-06  1.50000000e+00  1.60000000e+00 
 7.00000000e-06  1.59299098e+00  7.00000000e-06  1.50000000e+00  1.60000000e+00 
 7.10000000e-06  1.59417485e+00  7.10000000e-06  1.50000000e+00  1.60000000e+00 
 7.20000000e-06  1.59534886e+00  7.20000000e-06  1.50000000e+00  1.60000000e+00 
 7.30000000e-06  1.59651326e+00  7.30000000e-06  1.50000000e+00  1.60000000e+00 
 7.40000000e-06  1.59766829e+00  7.40000000e-06  1.50000000e+00  1.60000000e+00 
 7.50000000e-06  1.59881417e+00  7.50000000e-06  1.50000000e+00  1.60000000e+00 
 7.60000000e-06  1.59995112e+00  7.60000000e-06  1.50000000e+00  1.60000000e+00 
 7.70000000e-06  1.60107935e+00  7.70000000e-06  1.50000000e+00  1.60000000e+00 
 7.80000000e-06  1.60219906e+00  7.80000000e-06  1.50000000e+00  1.60000000e+00 
 7.90000000e-06  1.60331045e+00  7.90000000e-06  1.50000000e+00  1.60000000e+00 
 8.00000000e-06  1.60441371e+00  8.00000000e-06  1.50000000e+00  1.60000000e+00 
 8.10000000e-06  1.60550901e+00  8.10000000e-06  1.50000000e+00  1.60000000e+00 
 8.20000000e-06  1.60659653e+00  8.20000000e-06  1.50000000e+00  1.60000000e+00 
 8.30000000e-06  1.60767644e+00  8.30000000e-06  1.50000000e+00  1.60000000e+00 
 8.40000000e-06  1.60874890e+00  8.40000000e-06  1.50000000e+00  1.60000000e+00 
 8.50000000e-06  1.60981406e+00  8.50000000e-06  1.50000000e+00  1.60000000e+00 
 8.60000000e-06  1.61087209e+00  8.60000000e-06  1.50000000e+00  1.60000000e+00 
 8.70000000e-06  1.61192312e+00  8.70000000e-06  1.50000000e+00  1.60000000e+00 
 8.80000000e-06  1.61296730e+00  8.80000000e-06  1.50000000e+00  1.60000000e+00 
 8.90000000e-06  1.61400477e+00  8.90000000e-06  1.50000000e+00  1.60000000e+00 
 9.00000000e-06  1.61503565e+00  9.00000000e-06  1.50000000e+00  1.60000000e+00 
 9.10000000e-06  1.61606008e+00  9.10000000e-06  1.50000000e+00  1.60000000e+00 
 9.20000000e-06  1.61707819e+00  9.20000000e-06  1.50000000e+00  1.60000000e+00 
 9.30000000e-06  1.61809008e+00  9.30000000e-06  1.50000000e+00  1.60000000e+00 
 9.40000000e-06  1.61909588e+00  9.40000000e-06  1.50000000e+00  1.60000000e+00 
 9.50000000e-06  1.62009571e+00  9.50000000e-06  1.50000000e+00  1.60000000e+00 
 9.60000000e-06  1.62108966e+00  9.60000000e-06  1.50000000e+00  1.60000000e+00 
 9.70000000e-06  1.62207786e+00  9.70000000e-06  1.50000000e+00  1.60000000e+00 
 9.80000000e-06  1.62306040e+00  9.80000000e-06  1.50000000e+00  1.60000000e+00 
 9.90000000e-06  1.62403738e+00  9.90000000e-06  1.50000000e+00  1.60000000e+00 
 1.00000000e-05  1.62500890e+00  1.00000000e-05  1.50000000e+00  1.60000000e+00 
 1.01000000e-05  1.62597506e+00  1.01000000e-05  1.50000000e+00  1.60000000e+00 
 1.02000000e-05  1.62693600e+00  1.02000000e-05  1.50000000e+00  1.60000000e+00 
 1.03000000e-05  1.62789170e+00  1.03000000e-05  1.50000000e+00  1.60000000e+00 
 1.04000000e-05  1.62884230e+00  1.04000000e-05  1.50000000e+00  1.60000000e+00 
 1.05000000e-05  1.62978790e+00  1.05000000e-05  1.50000000e+00  1.60000000e+00 
 1.06000000e-05  1.63072857e+00  1.06000000e-05  1.50000000e+00  1.60000000e+00 
 1.07000000e-05  1.63166439e+00  1.07000000e-05  1.50000000e+00  1.60000000e+00 
 1.08000000e-05  1.63259545e+00  1.08000000e-05  1.50000000e+00  1.60000000e+00 
 1.09000000e-05  1.63352181e+00  1.09000000e-05  1.50000000e+00  1.60000000e+00 
 1.10000000e-05  1.63444355e+00  1.10000000e-05  1.50000000e+00  1.60000000e+00 
 1.11000000e-05  1.63536075e+00  1.11000000e-05  1.50000000e+00  1.60000000e+00 
 1.12000000e-05  1.63627347e+00  1.12000000e-05  1.50000000e+00  1.60000000e+00 
 1.13000000e-05  1.63718178e+00  1.13000000e-05  1.50000000e+00  1.60000000e+00 
 1.14000000e-05  1.63808576e+00  1.14000000e-05  1.50000000e+00  1.60000000e+00 
 1.15000000e-05  1.63898546e+00  1.15000000e-05  1.50000000e+00  1.60000000e+00 
 1.16000000e-05  1.63988095e+00  1.16000000e-05  1.50000000e+00  1.60000000e+00 
 1.17000000e-05  1.64077229e+00  1.17000000e-05  1.50000000e+00  1.60000000e+00 
 1.18000000e-05  1.64165954e+00  1.18000000e-05  1.50000000e+00  1.60000000e+00 
 1.19000000e-05  1.64254276e+00  1.19000000e-05  1.50000000e+00  1.60000000e+00 
 1.20000000e-05  1.64342202e+00  1.20000000e-05  1.50000000e+00  1.60000000e+00 
 1.21000000e-05  1.64429735e+00  1.21000000e-05  1.50000000e+00  1.60000000e+00 
 1.22000000e-05  1.64516883e+00  1.22000000e-05  1.50000000e+00  1.60000000e+00 
 1.23000000e-05  1.64603650e+00  1.23000000e-05  1.50000000e+00  1.60000000e+00 
 1.24000000e-05  1.64690042e+00  1.24000000e-05  1.50000000e+00  1.60000000e+00 
 1.25000000e-05  1.64776063e+00  1.25000000e-05  1.50000000e+00  1.60000000e+00 
 1.26000000e-05  1.64861720e+00  1.26000000e-05  1.50000000e+00  1.60000000e+00 
 1.27000000e-05  1.64947016e+00  1.27000000e-05  1.50000000e+00  1.60000000e+00 
 1.28000000e-05  1.65031957e+00  1.28000000e-05  1.50000000e+00  1.60000000e+00 
 1.29000000e-05  1.65116547e+00  1.29000000e-05  1.50000000e+00  1.60000000e+00 
 1.30000000e-05  1.65200790e+00  1.30000000e-05  1.50000000e+00  1.60000000e+00 
 1.31000000e-05  1.65284693e+00  1.31000000e-05  1.50000000e+00  1.60000000e+00 
 1.32000000e-05  1.65368258e+00  1.32000000e-05  1.50000000e+00  1.60000000e+00 
 1.33000000e-05  1.65451490e+00  1.33000000e-05  1.50000000e+00  1.60000000e+00 
 1.34000000e-05  1.65534393e+00  1.34000000e-05  1.50000000e+00  1.60000000e+00 
 1.35000000e-05  1.65616972e+00  1.35000000e-05  1.50000000e+00  1.60000000e+00 
 1.36000000e-05  1.65699230e+00  1.36000000e-05  1.50000000e+00  1.60000000e+00 
 1.37000000e-05  1.65781171e+00  1.37000000e-05  1.50000000e+00  1.60000000e+00 
 1.38000000e-05  1.65862800e+00  1.38000000e-05  1.50000000e+00  1.60000000e+00 
 1.39000000e-05  1.65944120e+00  1.39000000e-05  1.50000000e+00  1.60000000e+00 
 1.40000000e-05  1.66025135e+00  1.40000000e-05  1.50000000e+00  1.60000000e+00 
 1.41000000e-05  1.66105848e+00  1.41000000e-05  1.50000000e+00  1.60000000e+00 
 1.42000000e-05  1.66186264e+00  1.42000000e-05  1.50000000e+00  1.60000000e+00 
 1.43000000e-05  1.66266385e+00  1.43000000e-05  1.50000000e+00  1.60000000e+00 
 1.44000000e-05  1.66346215e+00  1.44000000e-05  1.50000000e+00  1.60000000e+00 
 1.45000000e-05  1.66425757e+00  1.45000000e-05  1.50000000e+00  1.60000000e+00 
 1.46000000e-05  1.66505015e+00  1.46000000e-05  1.50000000e+00  1.60000000e+00 
 1.47000000e-05  1.66583992e+00  1.47000000e-05  1.50000000e+00  1.60000000e+00 
 1.48000000e-05  1.66662692e+00  1.48000000e-05  1.50000000e+00  1.60000000e+00 
 1.49000000e-05  1.66741116e+00  1.49000000e-05  1.50000000e+00  1.60000000e+00 
 1.50000000e-05  1.66819269e+00  1.50000000e-05  1.50000000e+00  1.60000000e+00 
 1.51000000e-05  1.66897153e+00  1.51000000e-05  1.50000000e+00  1.60000000e+00 
 1.52000000e-05  1.66974771e+00  1.52000000e-05  1.50000000e+00  1.60000000e+00 
 1.53000000e-05  1.67052127e+00  1.53000000e-05  1.50000000e+00  1.60000000e+00 
 1.54000000e-05  1.67129223e+00  1.54000000e-05  1.50000000e+00  1.60000000e+00 
 1.55000000e-05  1.67206061e+00  1.55000000e-05  1.50000000e+00  1.60000000e+00 
 1.56000000e-05  1.67282645e+00  1.56000000e-05  1.50000000e+00  1.60000000e+00 
 1.57000000e-05  1.67358977e+00  1.57000000e-05  1.50000000e+00  1.60000000e+00 
 1.58000000e-05  1.67435061e+00  1.58000000e-05  1.50000000e+00  1.60000000e+00 
 1.59000000e-05  1.67510898e+00  1.59000000e-05  1.50000000e+00  1.60000000e+00 
 1.60000000e-05  1.67586491e+00  1.60000000e-05  1.50000000e+00  1.60000000e+00 
 1.61000000e-05  1.67661842e+00  1.61000000e-05  1.50000000e+00  1.60000000e+00 
 1.62000000e-05  1.67736955e+00  1.62000000e-05  1.50000000e+00  1.60000000e+00 
 1.63000000e-05  1.67811831e+00  1.63000000e-05  1.50000000e+00  1.60000000e+00 
 1.64000000e-05  1.67886473e+00  1.64000000e-05  1.50000000e+00  1.60000000e+00 
 1.65000000e-05  1.67960883e+00  1.65000000e-05  1.50000000e+00  1.60000000e+00 
 1.66000000e-05  1.68035064e+00  1.66000000e-05  1.50000000e+00  1.60000000e+00 
 1.67000000e-05  1.68109018e+00  1.67000000e-05  1.50000000e+00  1.60000000e+00 
 1.68000000e-05  1.68182747e+00  1.68000000e-05  1.50000000e+00  1.60000000e+00 
 1.69000000e-05  1.68256253e+00  1.69000000e-05  1.50000000e+00  1.60000000e+00 
 1.70000000e-05  1.68329539e+00  1.70000000e-05  1.50000000e+00  1.60000000e+00 
 1.71000000e-05  1.68402606e+00  1.71000000e-05  1.50000000e+00  1.60000000e+00 
 1.72000000e-05  1.68475456e+00  1.72000000e-05  1.50000000e+00  1.60000000e+00 
 1.73000000e-05  1.68548093e+00  1.73000000e-05  1.50000000e+00  1.60000000e+00 
 1.74000000e-05  1.68620517e+00  1.74000000e-05  1.50000000e+00  1.60000000e+00 
 1.75000000e-05  1.68692731e+00  1.75000000e-05  1.50000000e+00  1.60000000e+00 
 1.76000000e-05  1.68764737e+00  1.76000000e-05  1.50000000e+00  1.60000000e+00 
 1.77000000e-05  1.68836536e+00  1.77000000e-05  1.50000000e+00  1.60000000e+00 
 1.78000000e-05  1.68908131e+00  1.78000000e-05  1.50000000e+00  1.60000000e+00 
 1.79000000e-05  1.68979523e+00  1.79000000e-05  1.50000000e+00  1.60000000e+00 
 1.80000000e-05  1.69050714e+00  1.80000000e-05  1.50000000e+00  1.60000000e+00 
 1.81000000e-05  1.69121706e+00  1.81000000e-05  1.50000000e+00  1.60000000e+00 
 1.82000000e-05  1.69192502e+00  1.82000000e-05  1.50000000e+00  1.60000000e+00 
 1.83000000e-05  1.69263102e+00  1.83000000e-05  1.50000000e+00  1.60000000e+00 
 1.84000000e-05  1.69333508e+00  1.84000000e-05  1.50000000e+00  1.60000000e+00 
 1.85000000e-05  1.69403722e+00  1.85000000e-05  1.50000000e+00  1.60000000e+00 
 1.86000000e-05  1.69473746e+00  1.86000000e-05  1.50000000e+00  1.60000000e+00 
 1.87000000e-05  1.69543582e+00  1.87000000e-05  1.50000000e+00  1.60000000e+00 
 1.88000000e-05  1.69613230e+00  1.88000000e-05  1.50000000e+00  1.60000000e+00 
 1.89000000e-05  1.69682693e+00  1.89000000e-05  1.50000000e+00  1.60000000e+00 
 1.90000000e-05  1.69752619e+00  1.90000000e-05  1.50000000e+00  1.60000000e+00 
 1.91000000e-05  1.69821695e+00  1.91000000e-05  1.50000000e+00  1.60000000e+00 
 1.92000000e-05  1.69890592e+00  1.92000000e-05  1.50000000e+00  1.60000000e+00 
 1.93000000e-05  1.69959310e+00  1.93000000e-05  1.50000000e+00  1.60000000e+00 
 1.94000000e-05  1.70027851e+00  1.94000000e-05  1.50000000e+00  1.60000000e+00 
 1.95000000e-05  1.70096216e+00  1.95000000e-05  1.50000000e+00  1.60000000e+00 
 1.96000000e-05  1.70164408e+00  1.96000000e-05  1.50000000e+00  1.60000000e+00 
 1.97000000e-05  1.70232426e+00  1.97000000e-05  1.50000000e+00  1.60000000e+00 
 1.98000000e-05  1.70300273e+00  1.98000000e-05  1.50000000e+00  1.60000000e+00 
 1.99000000e-05  1.70367951e+00  1.99000000e-05  1.50000000e+00  1.60000000e+00 
 2.00000000e-05  1.70435460e+00  2.00000000e-05  1.50000000e+00  1.60000000e+00 
 2.01000000e-05  1.70502801e+00  2.01000000e-05  1.50000000e+00  1.60000000e+00 
 2.02000000e-05  1.70569610e+00  2.02000000e-05  1.50000000e+00  1.60000000e+00 
 2.03000000e-05  1.70636632e+00  2.03000000e-05  1.50000000e+00  1.60000000e+00 
 2.04000000e-05  1.70703491e+00  2.04000000e-05  1.50000000e+00  1.60000000e+00 
 2.05000000e-05  1.70770187e+00  2.05000000e-05  1.50000000e+00  1.60000000e+00 
 2.06000000e-05  1.70836722e+00  2.06000000e-05  1.50000000e+00  1.60000000e+00 
 2.07000000e-05  1.70903097e+00  2.07000000e-05  1.50000000e+00  1.60000000e+00 
 2.08000000e-05  1.70969314e+00  2.08000000e-05  1.50000000e+00  1.60000000e+00 
 2.09000000e-05  1.71035373e+00  2.09000000e-05  1.50000000e+00  1.60000000e+00 
 2.10000000e-05  1.71101276e+00  2.10000000e-05  1.50000000e+00  1.60000000e+00 
 2.11000000e-05  1.71167024e+00  2.11000000e-05  1.50000000e+00  1.60000000e+00 
 2.12000000e-05  1.71232618e+00  2.12000000e-05  1.50000000e+00  1.60000000e+00 
 2.13000000e-05  1.71298060e+00  2.13000000e-05  1.50000000e+00  1.60000000e+00 
 2.14000000e-05  1.71363350e+00  2.14000000e-05  1.50000000e+00  1.60000000e+00 
 2.15000000e-05  1.71428490e+00  2.15000000e-05  1.50000000e+00  1.60000000e+00 
 2.16000000e-05  1.71493480e+00  2.16000000e-05  1.50000000e+00  1.60000000e+00 
 2.17000000e-05  1.71558323e+00  2.17000000e-05  1.50000000e+00  1.60000000e+00 
 2.18000000e-05  1.71623018e+00  2.18000000e-05  1.50000000e+00  1.60000000e+00 
 2.19000000e-05  1.71687567e+00  2.19000000e-05  1.50000000e+00  1.60000000e+00 
 2.20000000e-05  1.71751971e+00  2.20000000e-05  1.50000000e+00  1.60000000e+00 
 2.21000000e-05  1.71816232e+00  2.21000000e-05  1.50000000e+00  1.60000000e+00 
 2.22000000e-05  1.71880349e+00  2.22000000e-05  1.50000000e+00  1.60000000e+00 
 2.23000000e-05  1.71944354e+00  2.23000000e-05  1.50000000e+00  1.60000000e+00 
 2.24000000e-05  1.72008209e+00  2.24000000e-05  1.50000000e+00  1.60000000e+00 
 2.25000000e-05  1.72071906e+00  2.25000000e-05  1.50000000e+00  1.60000000e+00 
 2.26000000e-05  1.72135461e+00  2.26000000e-05  1.50000000e+00  1.60000000e+00 
 2.27000000e-05  1.72198867e+00  2.27000000e-05  1.50000000e+00  1.60000000e+00 
 2.28000000e-05  1.72262139e+00  2.28000000e-05  1.50000000e+00  1.60000000e+00 
 2.29000000e-05  1.72325276e+00  2.29000000e-05  1.50000000e+00  1.60000000e+00 
 2.30000000e-05  1.72388280e+00  2.30000000e-05  1.50000000e+00  1.60000000e+00 
 2.31000000e-05  1.72451151e+00  2.31000000e-05  1.50000000e+00  1.60000000e+00 
 2.32000000e-05  1.72513890e+00  2.32000000e-05  1.50000000e+00  1.60000000e+00 
 2.33000000e-05  1.72576497e+00  2.33000000e-05  1.50000000e+00  1.60000000e+00 
 2.34000000e-05  1.72638976e+00  2.34000000e-05  1.50000000e+00  1.60000000e+00 
 2.35000000e-05  1.72701332e+00  2.35000000e-05  1.50000000e+00  1.60000000e+00 
 2.36000000e-05  1.72763559e+00  2.36000000e-05  1.50000000e+00  1.60000000e+00 
 2.37000000e-05  1.72825659e+00  2.37000000e-05  1.50000000e+00  1.60000000e+00 
 2.38000000e-05  1.72887584e+00  2.38000000e-05  1.50000000e+00  1.60000000e+00 
 2.39000000e-05  1.72949421e+00  2.39000000e-05  1.50000000e+00  1.60000000e+00 
 2.40000000e-05  1.73011132e+00  2.40000000e-05  1.50000000e+00  1.60000000e+00 
 2.41000000e-05  1.73072717e+00  2.41000000e-05  1.50000000e+00  1.60000000e+00 
 2.42000000e-05  1.73134177e+00  2.42000000e-05  1.50000000e+00  1.60000000e+00 
 2.43000000e-05  1.73195514e+00  2.43000000e-05  1.50000000e+00  1.60000000e+00 
 2.44000000e-05  1.73256728e+00  2.44000000e-05  1.50000000e+00  1.60000000e+00 
 2.45000000e-05  1.73317820e+00  2.45000000e-05  1.50000000e+00  1.60000000e+00 
 2.46000000e-05  1.73378791e+00  2.46000000e-05  1.50000000e+00  1.60000000e+00 
 2.47000000e-05  1.73439640e+00  2.47000000e-05  1.50000000e+00  1.60000000e+00 
 2.48000000e-05  1.73500371e+00  2.48000000e-05  1.50000000e+00  1.60000000e+00 
 2.49000000e-05  1.73560982e+00  2.49000000e-05  1.50000000e+00  1.60000000e+00 
 2.50000000e-05  1.73621474e+00  2.50000000e-05  1.50000000e+00  1.60000000e+00 
