 i-sweep         v(vout)         i(viin)         v(vgate)        v(vmid)        
 0.00000000e+00  1.00000040e-01  0.00000000e+00  1.40000000e+00  1.00000000e-01 
 1.00000000e-07  1.02530009e-01  1.00000000e-07  1.40000000e+00  1.00000000e-01 
 2.00000000e-07  1.05070675e-01  2.00000000e-07  1.40000000e+00  1.00000000e-01 
 3.00000000e-07  1.07622174e-01  3.00000000e-07  1.40000000e+00  1.00000000e-01 
 4.00000000e-07  1.10184642e-01  4.00000000e-07  1.40000000e+00  1.00000000e-01 
 5.00000000e-07  1.12758220e-01  5.00000000e-07  1.40000000e+00  1.00000000e-01 
 6.00000000e-07  1.15343049e-01  6.00000000e-07  1.40000000e+00  1.00000000e-01 
 7.00000000e-07  1.17939277e-01  7.00000000e-07  1.40000000e+00  1.00000000e-01 
 8.00000000e-07  1.20547051e-01  8.00000000e-07  1.40000000e+00  1.00000000e-01 
 9.00000000e-07  1.23166526e-01  9.00000000e-07  1.40000000e+00  1.00000000e-01 
 1.00000000e-06  1.25797855e-01  1.00000000e-06  1.40000000e+00  1.00000000e-01 
 1.10000000e-06  1.28441199e-01  1.10000000e-06  1.40000000e+00  1.00000000e-01 
 1.20000000e-06  1.31096721e-01  1.20000000e-06  1.40000000e+00  1.00000000e-01 
 1.30000000e-06  1.33764586e-01  1.30000000e-06  1.40000000e+00  1.00000000e-01 
 1.40000000e-06  1.36444966e-01  1.40000000e-06  1.40000000e+00  1.00000000e-01 
 1.50000000e-06  1.39138034e-01  1.50000000e-06  1.40000000e+00  1.00000000e-01 
 1.60000000e-06  1.41843969e-01  1.60000000e-06  1.40000000e+00  1.00000000e-01 
 1.70000000e-06  1.44562954e-01  1.70000000e-06  1.40000000e+00  1.00000000e-01 
 1.80000000e-06  1.47295176e-01  1.80000000e-06  1.40000000e+00  1.00000000e-01 
 1.90000000e-06  1.50040826e-01  1.90000000e-06  1.40000000e+00  1.00000000e-01 
 2.00000000e-06  1.52800101e-01  2.00000000e-06  1.40000000e+00  1.00000000e-01 
 2.10000000e-06  1.55573200e-01  2.10000000e-06  1.40000000e+00  1.00000000e-01 
 2.20000000e-06  1.58360331e-01  2.20000000e-06  1.40000000e+00  1.00000000e-01 
 2.30000000e-06  1.61161705e-01  2.30000000e-06  1.40000000e+00  1.00000000e-01 
 2.40000000e-06  1.63977537e-01  2.40000000e-06  1.40000000e+00  1.00000000e-01 
 2.50000000e-06  1.66808050e-01  2.50000000e-06  1.40000000e+00  1.00000000e-01 
 2.60000000e-06  1.69653472e-01  2.60000000e-06  1.40000000e+00  1.00000000e-01 
 2.70000000e-06  1.72514036e-01  2.70000000e-06  1.40000000e+00  1.00000000e-01 
 2.80000000e-06  1.75389982e-01  2.80000000e-06  1.40000000e+00  1.00000000e-01 
 2.90000000e-06  1.78281557e-01  2.90000000e-06  1.40000000e+00  1.00000000e-01 
 3.00000000e-06  1.81189012e-01  3.00000000e-06  1.40000000e+00  1.00000000e-01 
 3.10000000e-06  1.84112609e-01  3.10000000e-06  1.40000000e+00  1.00000000e-01 
 3.20000000e-06  1.87052613e-01  3.20000000e-06  1.40000000e+00  1.00000000e-01 
 3.30000000e-06  1.90009300e-01  3.30000000e-06  1.40000000e+00  1.00000000e-01 
 3.40000000e-06  1.92982950e-01  3.40000000e-06  1.40000000e+00  1.00000000e-01 
 3.50000000e-06  1.95973855e-01  3.50000000e-06  1.40000000e+00  1.00000000e-01 
 3.60000000e-06  1.98982313e-01  3.60000000e-06  1.40000000e+00  1.00000000e-01 
 3.70000000e-06  2.02008631e-01  3.70000000e-06  1.40000000e+00  1.00000000e-01 
 3.80000000e-06  2.05053124e-01  3.80000000e-06  1.40000000e+00  1.00000000e-01 
 3.90000000e-06  2.08116119e-01  3.90000000e-06  1.40000000e+00  1.00000000e-01 
 4.00000000e-06  2.11197952e-01  4.00000000e-06  1.40000000e+00  1.00000000e-01 
 4.10000000e-06  2.14298966e-01  4.10000000e-06  1.40000000e+00  1.00000000e-01 
 4.20000000e-06  2.17419520e-01  4.20000000e-06  1.40000000e+00  1.00000000e-01 
 4.30000000e-06  2.20559980e-01  4.30000000e-06  1.40000000e+00  1.00000000e-01 
 4.40000000e-06  2.23720727e-01  4.40000000e-06  1.40000000e+00  1.00000000e-01 
 4.50000000e-06  2.26902150e-01  4.50000000e-06  1.40000000e+00  1.00000000e-01 
 4.60000000e-06  2.30104654e-01  4.60000000e-06  1.40000000e+00  1.00000000e-01 
 4.70000000e-06  2.33328657e-01  4.70000000e-06  1.40000000e+00  1.00000000e-01 
 4.80000000e-06  2.36574589e-01  4.80000000e-06  1.40000000e+00  1.00000000e-01 
 4.90000000e-06  2.39842897e-01  4.90000000e-06  1.40000000e+00  1.00000000e-01 
 5.00000000e-06  2.43134042e-01  5.00000000e-06  1.40000000e+00  1.00000000e-01 
 5.10000000e-06  2.46448502e-01  5.10000000e-06  1.40000000e+00  1.00000000e-01 
 5.20000000e-06  2.49786769e-01  5.20000000e-06  1.40000000e+00  1.00000000e-01 
 5.30000000e-06  2.53149357e-01  5.30000000e-06  1.40000000e+00  1.00000000e-01 
 5.40000000e-06  2.56536795e-01  5.40000000e-06  1.40000000e+00  1.00000000e-01 
 5.50000000e-06  2.59949633e-01  5.50000000e-06  1.40000000e+00  1.00000000e-01 
 5.60000000e-06  2.63388441e-01  5.60000000e-06  1.40000000e+00  1.00000000e-01 
 5.70000000e-06  2.66853812e-01  5.70000000e-06  1.40000000e+00  1.00000000e-01 
 5.80000000e-06  2.70346360e-01  5.80000000e-06  1.40000000e+00  1.00000000e-01 
 5.90000000e-06  2.73866725e-01  5.90000000e-06  1.40000000e+00  1.00000000e-01 
 6.00000000e-06  2.77415570e-01  6.00000000e-06  1.40000000e+00  1.00000000e-01 
 6.10000000e-06  2.80993586e-01  6.10000000e-06  1.40000000e+00  1.00000000e-01 
 6.20000000e-06  2.84601493e-01  6.20000000e-06  1.40000000e+00  1.00000000e-01 
 6.30000000e-06  2.88240040e-01  6.30000000e-06  1.40000000e+00  1.00000000e-01 
 6.40000000e-06  2.91910008e-01  6.40000000e-06  1.40000000e+00  1.00000000e-01 
 6.50000000e-06  2.95612212e-01  6.50000000e-06  1.40000000e+00  1.00000000e-01 
 6.60000000e-06  2.99347503e-01  6.60000000e-06  1.40000000e+00  1.00000000e-01 
 6.70000000e-06  3.03116768e-01  6.70000000e-06  1.40000000e+00  1.00000000e-01 
 6.80000000e-06  3.06920938e-01  6.80000000e-06  1.40000000e+00  1.00000000e-01 
 6.90000000e-06  3.10760984e-01  6.90000000e-06  1.40000000e+00  1.00000000e-01 
 7.00000000e-06  3.14637923e-01  7.00000000e-06  1.40000000e+00  1.00000000e-01 
 7.10000000e-06  3.18552823e-01  7.10000000e-06  1.40000000e+00  1.00000000e-01 
 7.20000000e-06  3.22506801e-01  7.20000000e-06  1.40000000e+00  1.00000000e-01 
 7.30000000e-06  3.26501034e-01  7.30000000e-06  1.40000000e+00  1.00000000e-01 
 7.40000000e-06  3.30536755e-01  7.40000000e-06  1.40000000e+00  1.00000000e-01 
 7.50000000e-06  3.34615264e-01  7.50000000e-06  1.40000000e+00  1.00000000e-01 
 7.60000000e-06  3.38737928e-01  7.60000000e-06  1.40000000e+00  1.00000000e-01 
 7.70000000e-06  3.42906190e-01  7.70000000e-06  1.40000000e+00  1.00000000e-01 
 7.80000000e-06  3.47121570e-01  7.80000000e-06  1.40000000e+00  1.00000000e-01 
 7.90000000e-06  3.51385679e-01  7.90000000e-06  1.40000000e+00  1.00000000e-01 
 8.00000000e-06  3.55700216e-01  8.00000000e-06  1.40000000e+00  1.00000000e-01 
 8.10000000e-06  3.60066985e-01  8.10000000e-06  1.40000000e+00  1.00000000e-01 
 8.20000000e-06  3.64487897e-01  8.20000000e-06  1.40000000e+00  1.00000000e-01 
 8.30000000e-06  3.68964983e-01  8.30000000e-06  1.40000000e+00  1.00000000e-01 
 8.40000000e-06  3.73500404e-01  8.40000000e-06  1.40000000e+00  1.00000000e-01 
 8.50000000e-06  3.78096461e-01  8.50000000e-06  1.40000000e+00  1.00000000e-01 
 8.60000000e-06  3.82755611e-01  8.60000000e-06  1.40000000e+00  1.00000000e-01 
 8.70000000e-06  3.87480480e-01  8.70000000e-06  1.40000000e+00  1.00000000e-01 
 8.80000000e-06  3.92273880e-01  8.80000000e-06  1.40000000e+00  1.00000000e-01 
 8.90000000e-06  3.97138827e-01  8.90000000e-06  1.40000000e+00  1.00000000e-01 
 9.00000000e-06  4.02078565e-01  9.00000000e-06  1.40000000e+00  1.00000000e-01 
 9.10000000e-06  4.07096590e-01  9.10000000e-06  1.40000000e+00  1.00000000e-01 
 9.20000000e-06  4.12196678e-01  9.20000000e-06  1.40000000e+00  1.00000000e-01 
 9.30000000e-06  4.17382915e-01  9.30000000e-06  1.40000000e+00  1.00000000e-01 
 9.40000000e-06  4.22659733e-01  9.40000000e-06  1.40000000e+00  1.00000000e-01 
 9.50000000e-06  4.28031956e-01  9.50000000e-06  1.40000000e+00  1.00000000e-01 
 9.60000000e-06  4.33504844e-01  9.60000000e-06  1.40000000e+00  1.00000000e-01 
 9.70000000e-06  4.39084162e-01  9.70000000e-06  1.40000000e+00  1.00000000e-01 
 9.80000000e-06  4.44776232e-01  9.80000000e-06  1.40000000e+00  1.00000000e-01 
 9.90000000e-06  4.50588014e-01  9.90000000e-06  1.40000000e+00  1.00000000e-01 
 1.00000000e-05  4.56527218e-01  1.00000000e-05  1.40000000e+00  1.00000000e-01 
 1.01000000e-05  4.62602407e-01  1.01000000e-05  1.40000000e+00  1.00000000e-01 
 1.02000000e-05  4.68823136e-01  1.02000000e-05  1.40000000e+00  1.00000000e-01 
 1.03000000e-05  4.75200111e-01  1.03000000e-05  1.40000000e+00  1.00000000e-01 
 1.04000000e-05  4.81745395e-01  1.04000000e-05  1.40000000e+00  1.00000000e-01 
 1.05000000e-05  4.88472662e-01  1.05000000e-05  1.40000000e+00  1.00000000e-01 
 1.06000000e-05  4.95397502e-01  1.06000000e-05  1.40000000e+00  1.00000000e-01 
 1.07000000e-05  5.02537816e-01  1.07000000e-05  1.40000000e+00  1.00000000e-01 
 1.08000000e-05  5.09914314e-01  1.08000000e-05  1.40000000e+00  1.00000000e-01 
 1.09000000e-05  5.17551162e-01  1.09000000e-05  1.40000000e+00  1.00000000e-01 
 1.10000000e-05  5.25476821e-01  1.10000000e-05  1.40000000e+00  1.00000000e-01 
 1.11000000e-05  5.33725170e-01  1.11000000e-05  1.40000000e+00  1.00000000e-01 
 1.12000000e-05  5.42337017e-01  1.12000000e-05  1.40000000e+00  1.00000000e-01 
 1.13000000e-05  5.51361856e-01  1.13000000e-05  1.40000000e+00  1.00000000e-01 
 1.14000000e-05  5.60862518e-01  1.14000000e-05  1.40000000e+00  1.00000000e-01 
 1.15000000e-05  5.70915987e-01  1.15000000e-05  1.40000000e+00  1.00000000e-01 
 1.16000000e-05  5.81623170e-01  1.16000000e-05  1.40000000e+00  1.00000000e-01 
 1.17000000e-05  5.93117419e-01  1.17000000e-05  1.40000000e+00  1.00000000e-01 
 1.18000000e-05  6.05579890e-01  1.18000000e-05  1.40000000e+00  1.00000000e-01 
 1.19000000e-05  6.19265973e-01  1.19000000e-05  1.40000000e+00  1.00000000e-01 
 1.20000000e-05  6.34552876e-01  1.20000000e-05  1.40000000e+00  1.00000000e-01 
 1.21000000e-05  6.52028212e-01  1.21000000e-05  1.40000000e+00  1.00000000e-01 
 1.22000000e-05  6.72672836e-01  1.22000000e-05  1.40000000e+00  1.00000000e-01 
 1.23000000e-05  6.98285258e-01  1.23000000e-05  1.40000000e+00  1.00000000e-01 
 1.24000000e-05  7.32549445e-01  1.24000000e-05  1.40000000e+00  1.00000000e-01 
 1.25000000e-05  7.84096198e-01  1.25000000e-05  1.40000000e+00  1.00000000e-01 
 1.26000000e-05  8.71965255e-01  1.26000000e-05  1.40000000e+00  1.00000000e-01 
 1.27000000e-05  9.73271632e-01  1.27000000e-05  1.40000000e+00  1.00000000e-01 
 1.28000000e-05  1.02305367e+00  1.28000000e-05  1.40000000e+00  1.00000000e-01 
 1.29000000e-05  1.04933043e+00  1.29000000e-05  1.40000000e+00  1.00000000e-01 
 1.30000000e-05  1.06662967e+00  1.30000000e-05  1.40000000e+00  1.00000000e-01 
 1.31000000e-05  1.07947715e+00  1.31000000e-05  1.40000000e+00  1.00000000e-01 
 1.32000000e-05  1.08971414e+00  1.32000000e-05  1.40000000e+00  1.00000000e-01 
 1.33000000e-05  1.09824881e+00  1.33000000e-05  1.40000000e+00  1.00000000e-01 
 1.34000000e-05  1.10559024e+00  1.34000000e-05  1.40000000e+00  1.00000000e-01 
 1.35000000e-05  1.11205065e+00  1.35000000e-05  1.40000000e+00  1.00000000e-01 
 1.36000000e-05  1.11783461e+00  1.36000000e-05  1.40000000e+00  1.00000000e-01 
 1.37000000e-05  1.12308313e+00  1.37000000e-05  1.40000000e+00  1.00000000e-01 
 1.38000000e-05  1.12789738e+00  1.38000000e-05  1.40000000e+00  1.00000000e-01 
 1.39000000e-05  1.13235235e+00  1.39000000e-05  1.40000000e+00  1.00000000e-01 
 1.40000000e-05  1.13650511e+00  1.40000000e-05  1.40000000e+00  1.00000000e-01 
 1.41000000e-05  1.14040010e+00  1.41000000e-05  1.40000000e+00  1.00000000e-01 
 1.42000000e-05  1.14407256e+00  1.42000000e-05  1.40000000e+00  1.00000000e-01 
 1.43000000e-05  1.14755095e+00  1.43000000e-05  1.40000000e+00  1.00000000e-01 
 1.44000000e-05  1.15085853e+00  1.44000000e-05  1.40000000e+00  1.00000000e-01 
 1.45000000e-05  1.15401459e+00  1.45000000e-05  1.40000000e+00  1.00000000e-01 
 1.46000000e-05  1.15703528e+00  1.46000000e-05  1.40000000e+00  1.00000000e-01 
 1.47000000e-05  1.15993427e+00  1.47000000e-05  1.40000000e+00  1.00000000e-01 
 1.48000000e-05  1.16272324e+00  1.48000000e-05  1.40000000e+00  1.00000000e-01 
 1.49000000e-05  1.16541222e+00  1.49000000e-05  1.40000000e+00  1.00000000e-01 
 1.50000000e-05  1.16800993e+00  1.50000000e-05  1.40000000e+00  1.00000000e-01 
 1.51000000e-05  1.17052396e+00  1.51000000e-05  1.40000000e+00  1.00000000e-01 
 1.52000000e-05  1.17296097e+00  1.52000000e-05  1.40000000e+00  1.00000000e-01 
 1.53000000e-05  1.17532686e+00  1.53000000e-05  1.40000000e+00  1.00000000e-01 
 1.54000000e-05  1.17762684e+00  1.54000000e-05  1.40000000e+00  1.00000000e-01 
 1.55000000e-05  1.17986556e+00  1.55000000e-05  1.40000000e+00  1.00000000e-01 
 1.56000000e-05  1.18204719e+00  1.56000000e-05  1.40000000e+00  1.00000000e-01 
 1.57000000e-05  1.18417548e+00  1.57000000e-05  1.40000000e+00  1.00000000e-01 
 1.58000000e-05  1.18625380e+00  1.58000000e-05  1.40000000e+00  1.00000000e-01 
 1.59000000e-05  1.18828520e+00  1.59000000e-05  1.40000000e+00  1.00000000e-01 
 1.60000000e-05  1.19027248e+00  1.60000000e-05  1.40000000e+00  1.00000000e-01 
 1.61000000e-05  1.19221815e+00  1.61000000e-05  1.40000000e+00  1.00000000e-01 
 1.62000000e-05  1.19412453e+00  1.62000000e-05  1.40000000e+00  1.00000000e-01 
 1.63000000e-05  1.19599374e+00  1.63000000e-05  1.40000000e+00  1.00000000e-01 
 1.64000000e-05  1.19782772e+00  1.64000000e-05  1.40000000e+00  1.00000000e-01 
 1.65000000e-05  1.19962826e+00  1.65000000e-05  1.40000000e+00  1.00000000e-01 
 1.66000000e-05  1.20139703e+00  1.66000000e-05  1.40000000e+00  1.00000000e-01 
 1.67000000e-05  1.20313554e+00  1.67000000e-05  1.40000000e+00  1.00000000e-01 
 1.68000000e-05  1.20484522e+00  1.68000000e-05  1.40000000e+00  1.00000000e-01 
 1.69000000e-05  1.20652738e+00  1.69000000e-05  1.40000000e+00  1.00000000e-01 
 1.70000000e-05  1.20818324e+00  1.70000000e-05  1.40000000e+00  1.00000000e-01 
 1.71000000e-05  1.20981396e+00  1.71000000e-05  1.40000000e+00  1.00000000e-01 
 1.72000000e-05  1.21142058e+00  1.72000000e-05  1.40000000e+00  1.00000000e-01 
 1.73000000e-05  1.21300412e+00  1.73000000e-05  1.40000000e+00  1.00000000e-01 
 1.74000000e-05  1.21456550e+00  1.74000000e-05  1.40000000e+00  1.00000000e-01 
 1.75000000e-05  1.21610559e+00  1.75000000e-05  1.40000000e+00  1.00000000e-01 
 1.76000000e-05  1.21762523e+00  1.76000000e-05  1.40000000e+00  1.00000000e-01 
 1.77000000e-05  1.21912518e+00  1.77000000e-05  1.40000000e+00  1.00000000e-01 
 1.78000000e-05  1.22060617e+00  1.78000000e-05  1.40000000e+00  1.00000000e-01 
 1.79000000e-05  1.22206889e+00  1.79000000e-05  1.40000000e+00  1.00000000e-01 
 1.80000000e-05  1.22351398e+00  1.80000000e-05  1.40000000e+00  1.00000000e-01 
 1.81000000e-05  1.22494206e+00  1.81000000e-05  1.40000000e+00  1.00000000e-01 
 1.82000000e-05  1.22635370e+00  1.82000000e-05  1.40000000e+00  1.00000000e-01 
 1.83000000e-05  1.22774946e+00  1.83000000e-05  1.40000000e+00  1.00000000e-01 
 1.84000000e-05  1.22912985e+00  1.84000000e-05  1.40000000e+00  1.00000000e-01 
 1.85000000e-05  1.23049538e+00  1.85000000e-05  1.40000000e+00  1.00000000e-01 
 1.86000000e-05  1.23184650e+00  1.86000000e-05  1.40000000e+00  1.00000000e-01 
 1.87000000e-05  1.23318366e+00  1.87000000e-05  1.40000000e+00  1.00000000e-01 
 1.88000000e-05  1.23450729e+00  1.88000000e-05  1.40000000e+00  1.00000000e-01 
 1.89000000e-05  1.23581779e+00  1.89000000e-05  1.40000000e+00  1.00000000e-01 
 1.90000000e-05  1.23711555e+00  1.90000000e-05  1.40000000e+00  1.00000000e-01 
 1.91000000e-05  1.23840094e+00  1.91000000e-05  1.40000000e+00  1.00000000e-01 
 1.92000000e-05  1.23967430e+00  1.92000000e-05  1.40000000e+00  1.00000000e-01 
 1.93000000e-05  1.24093596e+00  1.93000000e-05  1.40000000e+00  1.00000000e-01 
 1.94000000e-05  1.24218626e+00  1.94000000e-05  1.40000000e+00  1.00000000e-01 
 1.95000000e-05  1.24342550e+00  1.95000000e-05  1.40000000e+00  1.00000000e-01 
 1.96000000e-05  1.24465397e+00  1.96000000e-05  1.40000000e+00  1.00000000e-01 
 1.97000000e-05  1.24587195e+00  1.97000000e-05  1.40000000e+00  1.00000000e-01 
 1.98000000e-05  1.24707972e+00  1.98000000e-05  1.40000000e+00  1.00000000e-01 
 1.99000000e-05  1.24827752e+00  1.99000000e-05  1.40000000e+00  1.00000000e-01 
 2.00000000e-05  1.24946561e+00  2.00000000e-05  1.40000000e+00  1.00000000e-01 
 2.01000000e-05  1.25064423e+00  2.01000000e-05  1.40000000e+00  1.00000000e-01 
 2.02000000e-05  1.25181361e+00  2.02000000e-05  1.40000000e+00  1.00000000e-01 
 2.03000000e-05  1.25297397e+00  2.03000000e-05  1.40000000e+00  1.00000000e-01 
 2.04000000e-05  1.25412552e+00  2.04000000e-05  1.40000000e+00  1.00000000e-01 
 2.05000000e-05  1.25526846e+00  2.05000000e-05  1.40000000e+00  1.00000000e-01 
 2.06000000e-05  1.25640299e+00  2.06000000e-05  1.40000000e+00  1.00000000e-01 
 2.07000000e-05  1.25752930e+00  2.07000000e-05  1.40000000e+00  1.00000000e-01 
 2.08000000e-05  1.25864757e+00  2.08000000e-05  1.40000000e+00  1.00000000e-01 
 2.09000000e-05  1.25975799e+00  2.09000000e-05  1.40000000e+00  1.00000000e-01 
 2.10000000e-05  1.26086071e+00  2.10000000e-05  1.40000000e+00  1.00000000e-01 
 2.11000000e-05  1.26195591e+00  2.11000000e-05  1.40000000e+00  1.00000000e-01 
 2.12000000e-05  1.26304374e+00  2.12000000e-05  1.40000000e+00  1.00000000e-01 
 2.13000000e-05  1.26412435e+00  2.13000000e-05  1.40000000e+00  1.00000000e-01 
 2.14000000e-05  1.26519790e+00  2.14000000e-05  1.40000000e+00  1.00000000e-01 
 2.15000000e-05  1.26626452e+00  2.15000000e-05  1.40000000e+00  1.00000000e-01 
 2.16000000e-05  1.26732436e+00  2.16000000e-05  1.40000000e+00  1.00000000e-01 
 2.17000000e-05  1.26837755e+00  2.17000000e-05  1.40000000e+00  1.00000000e-01 
 2.18000000e-05  1.26942421e+00  2.18000000e-05  1.40000000e+00  1.00000000e-01 
 2.19000000e-05  1.27046449e+00  2.19000000e-05  1.40000000e+00  1.00000000e-01 
 2.20000000e-05  1.27149849e+00  2.20000000e-05  1.40000000e+00  1.00000000e-01 
 2.21000000e-05  1.27252633e+00  2.21000000e-05  1.40000000e+00  1.00000000e-01 
 2.22000000e-05  1.27354813e+00  2.22000000e-05  1.40000000e+00  1.00000000e-01 
 2.23000000e-05  1.27456401e+00  2.23000000e-05  1.40000000e+00  1.00000000e-01 
 2.24000000e-05  1.27557406e+00  2.24000000e-05  1.40000000e+00  1.00000000e-01 
 2.25000000e-05  1.27657840e+00  2.25000000e-05  1.40000000e+00  1.00000000e-01 
 2.26000000e-05  1.27757712e+00  2.26000000e-05  1.40000000e+00  1.00000000e-01 
 2.27000000e-05  1.27857033e+00  2.27000000e-05  1.40000000e+00  1.00000000e-01 
 2.28000000e-05  1.27955811e+00  2.28000000e-05  1.40000000e+00  1.00000000e-01 
 2.29000000e-05  1.28054057e+00  2.29000000e-05  1.40000000e+00  1.00000000e-01 
 2.30000000e-05  1.28151779e+00  2.30000000e-05  1.40000000e+00  1.00000000e-01 
 2.31000000e-05  1.28248986e+00  2.31000000e-05  1.40000000e+00  1.00000000e-01 
 2.32000000e-05  1.28345687e+00  2.32000000e-05  1.40000000e+00  1.00000000e-01 
 2.33000000e-05  1.28441890e+00  2.33000000e-05  1.40000000e+00  1.00000000e-01 
 2.34000000e-05  1.28537603e+00  2.34000000e-05  1.40000000e+00  1.00000000e-01 
 2.35000000e-05  1.28632834e+00  2.35000000e-05  1.40000000e+00  1.00000000e-01 
 2.36000000e-05  1.28727591e+00  2.36000000e-05  1.40000000e+00  1.00000000e-01 
 2.37000000e-05  1.28821881e+00  2.37000000e-05  1.40000000e+00  1.00000000e-01 
 2.38000000e-05  1.28915712e+00  2.38000000e-05  1.40000000e+00  1.00000000e-01 
 2.39000000e-05  1.29009090e+00  2.39000000e-05  1.40000000e+00  1.00000000e-01 
 2.40000000e-05  1.29102023e+00  2.40000000e-05  1.40000000e+00  1.00000000e-01 
 2.41000000e-05  1.29194517e+00  2.41000000e-05  1.40000000e+00  1.00000000e-01 
 2.42000000e-05  1.29286579e+00  2.42000000e-05  1.40000000e+00  1.00000000e-01 
 2.43000000e-05  1.29378216e+00  2.43000000e-05  1.40000000e+00  1.00000000e-01 
 2.44000000e-05  1.29469433e+00  2.44000000e-05  1.40000000e+00  1.00000000e-01 
 2.45000000e-05  1.29560237e+00  2.45000000e-05  1.40000000e+00  1.00000000e-01 
 2.46000000e-05  1.29650633e+00  2.46000000e-05  1.40000000e+00  1.00000000e-01 
 2.47000000e-05  1.29740629e+00  2.47000000e-05  1.40000000e+00  1.00000000e-01 
 2.48000000e-05  1.29830228e+00  2.48000000e-05  1.40000000e+00  1.00000000e-01 
 2.49000000e-05  1.29919438e+00  2.49000000e-05  1.40000000e+00  1.00000000e-01 
 2.50000000e-05  1.30008262e+00  2.50000000e-05  1.40000000e+00  1.00000000e-01 
