 i-sweep         v(vout)         i(viin)         v(vgate)        v(vmid)        
 0.00000000e+00  2.00000037e-01  0.00000000e+00  1.50000000e+00  2.00000000e-01 
 1.00000000e-07  2.02619804e-01  1.00000000e-07  1.50000000e+00  2.00000000e-01 
 2.00000000e-07  2.05252412e-01  2.00000000e-07  1.50000000e+00  2.00000000e-01 
 3.00000000e-07  2.07892130e-01  3.00000000e-07  1.50000000e+00  2.00000000e-01 
 4.00000000e-07  2.10548656e-01  4.00000000e-07  1.50000000e+00  2.00000000e-01 
 5.00000000e-07  2.13217438e-01  5.00000000e-07  1.50000000e+00  2.00000000e-01 
 6.00000000e-07  2.15898623e-01  6.00000000e-07  1.50000000e+00  2.00000000e-01 
 7.00000000e-07  2.18592381e-01  7.00000000e-07  1.50000000e+00  2.00000000e-01 
 8.00000000e-07  2.21298888e-01  8.00000000e-07  1.50000000e+00  2.00000000e-01 
 9.00000000e-07  2.24018323e-01  9.00000000e-07  1.50000000e+00  2.00000000e-01 
 1.00000000e-06  2.26750869e-01  1.00000000e-06  1.50000000e+00  2.00000000e-01 
 1.10000000e-06  2.29496713e-01  1.10000000e-06  1.50000000e+00  2.00000000e-01 
 1.20000000e-06  2.32256049e-01  1.20000000e-06  1.50000000e+00  2.00000000e-01 
 1.30000000e-06  2.35029074e-01  1.30000000e-06  1.50000000e+00  2.00000000e-01 
 1.40000000e-06  2.37815988e-01  1.40000000e-06  1.50000000e+00  2.00000000e-01 
 1.50000000e-06  2.40616999e-01  1.50000000e-06  1.50000000e+00  2.00000000e-01 
 1.60000000e-06  2.43432319e-01  1.60000000e-06  1.50000000e+00  2.00000000e-01 
 1.70000000e-06  2.46262166e-01  1.70000000e-06  1.50000000e+00  2.00000000e-01 
 1.80000000e-06  2.49106761e-01  1.80000000e-06  1.50000000e+00  2.00000000e-01 
 1.90000000e-06  2.51966334e-01  1.90000000e-06  1.50000000e+00  2.00000000e-01 
 2.00000000e-06  2.54841120e-01  2.00000000e-06  1.50000000e+00  2.00000000e-01 
 2.10000000e-06  2.57731359e-01  2.10000000e-06  1.50000000e+00  2.00000000e-01 
 2.20000000e-06  2.60637299e-01  2.20000000e-06  1.50000000e+00  2.00000000e-01 
 2.30000000e-06  2.63559193e-01  2.30000000e-06  1.50000000e+00  2.00000000e-01 
 2.40000000e-06  2.66497302e-01  2.40000000e-06  1.50000000e+00  2.00000000e-01 
 2.50000000e-06  2.69451895e-01  2.50000000e-06  1.50000000e+00  2.00000000e-01 
 2.60000000e-06  2.72423246e-01  2.60000000e-06  1.50000000e+00  2.00000000e-01 
 2.70000000e-06  2.75411638e-01  2.70000000e-06  1.50000000e+00  2.00000000e-01 
 2.80000000e-06  2.78417364e-01  2.80000000e-06  1.50000000e+00  2.00000000e-01 
 2.90000000e-06  2.81440723e-01  2.90000000e-06  1.50000000e+00  2.00000000e-01 
 3.00000000e-06  2.84482022e-01  3.00000000e-06  1.50000000e+00  2.00000000e-01 
 3.10000000e-06  2.87541579e-01  3.10000000e-06  1.50000000e+00  2.00000000e-01 
 3.20000000e-06  2.90619722e-01  3.20000000e-06  1.50000000e+00  2.00000000e-01 
 3.30000000e-06  2.93716787e-01  3.30000000e-06  1.50000000e+00  2.00000000e-01 
 3.40000000e-06  2.96833121e-01  3.40000000e-06  1.50000000e+00  2.00000000e-01 
 3.50000000e-06  2.99969081e-01  3.50000000e-06  1.50000000e+00  2.00000000e-01 
 3.60000000e-06  3.03125037e-01  3.60000000e-06  1.50000000e+00  2.00000000e-01 
 3.70000000e-06  3.06301369e-01  3.70000000e-06  1.50000000e+00  2.00000000e-01 
 3.80000000e-06  3.09498470e-01  3.80000000e-06  1.50000000e+00  2.00000000e-01 
 3.90000000e-06  3.12716746e-01  3.90000000e-06  1.50000000e+00  2.00000000e-01 
 4.00000000e-06  3.15956615e-01  4.00000000e-06  1.50000000e+00  2.00000000e-01 
 4.10000000e-06  3.19218510e-01  4.10000000e-06  1.50000000e+00  2.00000000e-01 
 4.20000000e-06  3.22502879e-01  4.20000000e-06  1.50000000e+00  2.00000000e-01 
 4.30000000e-06  3.25810185e-01  4.30000000e-06  1.50000000e+00  2.00000000e-01 
 4.40000000e-06  3.29140907e-01  4.40000000e-06  1.50000000e+00  2.00000000e-01 
 4.50000000e-06  3.32495540e-01  4.50000000e-06  1.50000000e+00  2.00000000e-01 
 4.60000000e-06  3.35874598e-01  4.60000000e-06  1.50000000e+00  2.00000000e-01 
 4.70000000e-06  3.39278614e-01  4.70000000e-06  1.50000000e+00  2.00000000e-01 
 4.80000000e-06  3.42708138e-01  4.80000000e-06  1.50000000e+00  2.00000000e-01 
 4.90000000e-06  3.46163744e-01  4.90000000e-06  1.50000000e+00  2.00000000e-01 
 5.00000000e-06  3.49646025e-01  5.00000000e-06  1.50000000e+00  2.00000000e-01 
 5.10000000e-06  3.53155598e-01  5.10000000e-06  1.50000000e+00  2.00000000e-01 
 5.20000000e-06  3.56693105e-01  5.20000000e-06  1.50000000e+00  2.00000000e-01 
 5.30000000e-06  3.60259210e-01  5.30000000e-06  1.50000000e+00  2.00000000e-01 
 5.40000000e-06  3.63854609e-01  5.40000000e-06  1.50000000e+00  2.00000000e-01 
 5.50000000e-06  3.67480022e-01  5.50000000e-06  1.50000000e+00  2.00000000e-01 
 5.60000000e-06  3.71136200e-01  5.60000000e-06  1.50000000e+00  2.00000000e-01 
 5.70000000e-06  3.74823928e-01  5.70000000e-06  1.50000000e+00  2.00000000e-01 
 5.80000000e-06  3.78544023e-01  5.80000000e-06  1.50000000e+00  2.00000000e-01 
 5.90000000e-06  3.82297338e-01  5.90000000e-06  1.50000000e+00  2.00000000e-01 
 6.00000000e-06  3.86084764e-01  6.00000000e-06  1.50000000e+00  2.00000000e-01 
 6.10000000e-06  3.89907232e-01  6.10000000e-06  1.50000000e+00  2.00000000e-01 
 6.20000000e-06  3.93765717e-01  6.20000000e-06  1.50000000e+00  2.00000000e-01 
 6.30000000e-06  3.97661240e-01  6.30000000e-06  1.50000000e+00  2.00000000e-01 
 6.40000000e-06  4.01594870e-01  6.40000000e-06  1.50000000e+00  2.00000000e-01 
 6.50000000e-06  4.05567729e-01  6.50000000e-06  1.50000000e+00  2.00000000e-01 
 6.60000000e-06  4.09580994e-01  6.60000000e-06  1.50000000e+00  2.00000000e-01 
 6.70000000e-06  4.13635904e-01  6.70000000e-06  1.50000000e+00  2.00000000e-01 
 6.80000000e-06  4.17733760e-01  6.80000000e-06  1.50000000e+00  2.00000000e-01 
 6.90000000e-06  4.21875932e-01  6.90000000e-06  1.50000000e+00  2.00000000e-01 
 7.00000000e-06  4.26063868e-01  7.00000000e-06  1.50000000e+00  2.00000000e-01 
 7.10000000e-06  4.30299090e-01  7.10000000e-06  1.50000000e+00  2.00000000e-01 
 7.20000000e-06  4.34583211e-01  7.20000000e-06  1.50000000e+00  2.00000000e-01 
 7.30000000e-06  4.38917936e-01  7.30000000e-06  1.50000000e+00  2.00000000e-01 
 7.40000000e-06  4.43305070e-01  7.40000000e-06  1.50000000e+00  2.00000000e-01 
 7.50000000e-06  4.47746528e-01  7.50000000e-06  1.50000000e+00  2.00000000e-01 
 7.60000000e-06  4.52244344e-01  7.60000000e-06  1.50000000e+00  2.00000000e-01 
 7.70000000e-06  4.56800681e-01  7.70000000e-06  1.50000000e+00  2.00000000e-01 
 7.80000000e-06  4.61417845e-01  7.80000000e-06  1.50000000e+00  2.00000000e-01 
 7.90000000e-06  4.66098295e-01  7.90000000e-06  1.50000000e+00  2.00000000e-01 
 8.00000000e-06  4.70844659e-01  8.00000000e-06  1.50000000e+00  2.00000000e-01 
 8.10000000e-06  4.75659751e-01  8.10000000e-06  1.50000000e+00  2.00000000e-01 
 8.20000000e-06  4.80546591e-01  8.20000000e-06  1.50000000e+00  2.00000000e-01 
 8.30000000e-06  4.85508425e-01  8.30000000e-06  1.50000000e+00  2.00000000e-01 
 8.40000000e-06  4.90548747e-01  8.40000000e-06  1.50000000e+00  2.00000000e-01 
 8.50000000e-06  4.95671332e-01  8.50000000e-06  1.50000000e+00  2.00000000e-01 
 8.60000000e-06  5.00880263e-01  8.60000000e-06  1.50000000e+00  2.00000000e-01 
 8.70000000e-06  5.06179972e-01  8.70000000e-06  1.50000000e+00  2.00000000e-01 
 8.80000000e-06  5.11575275e-01  8.80000000e-06  1.50000000e+00  2.00000000e-01 
 8.90000000e-06  5.17071429e-01  8.90000000e-06  1.50000000e+00  2.00000000e-01 
 9.00000000e-06  5.22674186e-01  9.00000000e-06  1.50000000e+00  2.00000000e-01 
 9.10000000e-06  5.28389858e-01  9.10000000e-06  1.50000000e+00  2.00000000e-01 
 9.20000000e-06  5.34225398e-01  9.20000000e-06  1.50000000e+00  2.00000000e-01 
 9.30000000e-06  5.40188494e-01  9.30000000e-06  1.50000000e+00  2.00000000e-01 
 9.40000000e-06  5.46287680e-01  9.40000000e-06  1.50000000e+00  2.00000000e-01 
 9.50000000e-06  5.52532474e-01  9.50000000e-06  1.50000000e+00  2.00000000e-01 
 9.60000000e-06  5.58933533e-01  9.60000000e-06  1.50000000e+00  2.00000000e-01 
 9.70000000e-06  5.65502863e-01  9.70000000e-06  1.50000000e+00  2.00000000e-01 
 9.80000000e-06  5.72254055e-01  9.80000000e-06  1.50000000e+00  2.00000000e-01 
 9.90000000e-06  5.79202596e-01  9.90000000e-06  1.50000000e+00  2.00000000e-01 
 1.00000000e-05  5.86366251e-01  1.00000000e-05  1.50000000e+00  2.00000000e-01 
 1.01000000e-05  5.93765548e-01  1.01000000e-05  1.50000000e+00  2.00000000e-01 
 1.02000000e-05  6.01424408e-01  1.02000000e-05  1.50000000e+00  2.00000000e-01 
 1.03000000e-05  6.09370963e-01  1.03000000e-05  1.50000000e+00  2.00000000e-01 
 1.04000000e-05  6.17638636e-01  1.04000000e-05  1.50000000e+00  2.00000000e-01 
 1.05000000e-05  6.26267607e-01  1.05000000e-05  1.50000000e+00  2.00000000e-01 
 1.06000000e-05  6.35306811e-01  1.06000000e-05  1.50000000e+00  2.00000000e-01 
 1.07000000e-05  6.44816753e-01  1.07000000e-05  1.50000000e+00  2.00000000e-01 
 1.08000000e-05  6.54873544e-01  1.08000000e-05  1.50000000e+00  2.00000000e-01 
 1.09000000e-05  6.65574870e-01  1.09000000e-05  1.50000000e+00  2.00000000e-01 
 1.10000000e-05  6.77049076e-01  1.10000000e-05  1.50000000e+00  2.00000000e-01 
 1.11000000e-05  6.89469541e-01  1.11000000e-05  1.50000000e+00  2.00000000e-01 
 1.12000000e-05  7.03801382e-01  1.12000000e-05  1.50000000e+00  2.00000000e-01 
 1.13000000e-05  7.19197762e-01  1.13000000e-05  1.50000000e+00  2.00000000e-01 
 1.14000000e-05  7.36824018e-01  1.14000000e-05  1.50000000e+00  2.00000000e-01 
 1.15000000e-05  7.57698438e-01  1.15000000e-05  1.50000000e+00  2.00000000e-01 
 1.16000000e-05  7.83692091e-01  1.16000000e-05  1.50000000e+00  2.00000000e-01 
 1.17000000e-05  8.18613530e-01  1.17000000e-05  1.50000000e+00  2.00000000e-01 
 1.18000000e-05  8.70583706e-01  1.18000000e-05  1.50000000e+00  2.00000000e-01 
 1.19000000e-05  9.46111537e-01  1.19000000e-05  1.50000000e+00  2.00000000e-01 
 1.20000000e-05  1.00561687e+00  1.20000000e-05  1.50000000e+00  2.00000000e-01 
 1.21000000e-05  1.03917427e+00  1.21000000e-05  1.50000000e+00  2.00000000e-01 
 1.22000000e-05  1.05879688e+00  1.22000000e-05  1.50000000e+00  2.00000000e-01 
 1.23000000e-05  1.07329221e+00  1.23000000e-05  1.50000000e+00  2.00000000e-01 
 1.24000000e-05  1.08460499e+00  1.24000000e-05  1.50000000e+00  2.00000000e-01 
 1.25000000e-05  1.09476128e+00  1.25000000e-05  1.50000000e+00  2.00000000e-01 
 1.26000000e-05  1.10225388e+00  1.26000000e-05  1.50000000e+00  2.00000000e-01 
 1.27000000e-05  1.10903661e+00  1.27000000e-05  1.50000000e+00  2.00000000e-01 
 1.28000000e-05  1.11505754e+00  1.28000000e-05  1.50000000e+00  2.00000000e-01 
 1.29000000e-05  1.12050754e+00  1.29000000e-05  1.50000000e+00  2.00000000e-01 
 1.30000000e-05  1.12549201e+00  1.30000000e-05  1.50000000e+00  2.00000000e-01 
 1.31000000e-05  1.13009287e+00  1.31000000e-05  1.50000000e+00  2.00000000e-01 
 1.32000000e-05  1.13437195e+00  1.32000000e-05  1.50000000e+00  2.00000000e-01 
 1.33000000e-05  1.13837735e+00  1.33000000e-05  1.50000000e+00  2.00000000e-01 
 1.34000000e-05  1.14214714e+00  1.34000000e-05  1.50000000e+00  2.00000000e-01 
 1.35000000e-05  1.14571196e+00  1.35000000e-05  1.50000000e+00  2.00000000e-01 
 1.36000000e-05  1.14909682e+00  1.36000000e-05  1.50000000e+00  2.00000000e-01 
 1.37000000e-05  1.15232239e+00  1.37000000e-05  1.50000000e+00  2.00000000e-01 
 1.38000000e-05  1.15540595e+00  1.38000000e-05  1.50000000e+00  2.00000000e-01 
 1.39000000e-05  1.15836208e+00  1.39000000e-05  1.50000000e+00  2.00000000e-01 
 1.40000000e-05  1.16120323e+00  1.40000000e-05  1.50000000e+00  2.00000000e-01 
 1.41000000e-05  1.16394005e+00  1.41000000e-05  1.50000000e+00  2.00000000e-01 
 1.42000000e-05  1.16658179e+00  1.42000000e-05  1.50000000e+00  2.00000000e-01 
 1.43000000e-05  1.16913649e+00  1.43000000e-05  1.50000000e+00  2.00000000e-01 
 1.44000000e-05  1.17161118e+00  1.44000000e-05  1.50000000e+00  2.00000000e-01 
 1.45000000e-05  1.17401209e+00  1.45000000e-05  1.50000000e+00  2.00000000e-01 
 1.46000000e-05  1.17634471e+00  1.46000000e-05  1.50000000e+00  2.00000000e-01 
 1.47000000e-05  1.17861393e+00  1.47000000e-05  1.50000000e+00  2.00000000e-01 
 1.48000000e-05  1.18082414e+00  1.48000000e-05  1.50000000e+00  2.00000000e-01 
 1.49000000e-05  1.18297924e+00  1.49000000e-05  1.50000000e+00  2.00000000e-01 
 1.50000000e-05  1.18508279e+00  1.50000000e-05  1.50000000e+00  2.00000000e-01 
 1.51000000e-05  1.18713798e+00  1.51000000e-05  1.50000000e+00  2.00000000e-01 
 1.52000000e-05  1.18914772e+00  1.52000000e-05  1.50000000e+00  2.00000000e-01 
 1.53000000e-05  1.19111464e+00  1.53000000e-05  1.50000000e+00  2.00000000e-01 
 1.54000000e-05  1.19304116e+00  1.54000000e-05  1.50000000e+00  2.00000000e-01 
 1.55000000e-05  1.19492948e+00  1.55000000e-05  1.50000000e+00  2.00000000e-01 
 1.56000000e-05  1.19678163e+00  1.56000000e-05  1.50000000e+00  2.00000000e-01 
 1.57000000e-05  1.19859947e+00  1.57000000e-05  1.50000000e+00  2.00000000e-01 
 1.58000000e-05  1.20038472e+00  1.58000000e-05  1.50000000e+00  2.00000000e-01 
 1.59000000e-05  1.20213897e+00  1.59000000e-05  1.50000000e+00  2.00000000e-01 
 1.60000000e-05  1.20386368e+00  1.60000000e-05  1.50000000e+00  2.00000000e-01 
 1.61000000e-05  1.20556022e+00  1.61000000e-05  1.50000000e+00  2.00000000e-01 
 1.62000000e-05  1.20722986e+00  1.62000000e-05  1.50000000e+00  2.00000000e-01 
 1.63000000e-05  1.20887378e+00  1.63000000e-05  1.50000000e+00  2.00000000e-01 
 1.64000000e-05  1.21049308e+00  1.64000000e-05  1.50000000e+00  2.00000000e-01 
 1.65000000e-05  1.21208878e+00  1.65000000e-05  1.50000000e+00  2.00000000e-01 
 1.66000000e-05  1.21366186e+00  1.66000000e-05  1.50000000e+00  2.00000000e-01 
 1.67000000e-05  1.21521322e+00  1.67000000e-05  1.50000000e+00  2.00000000e-01 
 1.68000000e-05  1.21674370e+00  1.68000000e-05  1.50000000e+00  2.00000000e-01 
 1.69000000e-05  1.21825411e+00  1.69000000e-05  1.50000000e+00  2.00000000e-01 
 1.70000000e-05  1.21974518e+00  1.70000000e-05  1.50000000e+00  2.00000000e-01 
 1.71000000e-05  1.22121763e+00  1.71000000e-05  1.50000000e+00  2.00000000e-01 
 1.72000000e-05  1.22267212e+00  1.72000000e-05  1.50000000e+00  2.00000000e-01 
 1.73000000e-05  1.22410929e+00  1.73000000e-05  1.50000000e+00  2.00000000e-01 
 1.74000000e-05  1.22552973e+00  1.74000000e-05  1.50000000e+00  2.00000000e-01 
 1.75000000e-05  1.22693400e+00  1.75000000e-05  1.50000000e+00  2.00000000e-01 
 1.76000000e-05  1.22832264e+00  1.76000000e-05  1.50000000e+00  2.00000000e-01 
 1.77000000e-05  1.22969615e+00  1.77000000e-05  1.50000000e+00  2.00000000e-01 
 1.78000000e-05  1.23105502e+00  1.78000000e-05  1.50000000e+00  2.00000000e-01 
 1.79000000e-05  1.23239970e+00  1.79000000e-05  1.50000000e+00  2.00000000e-01 
 1.80000000e-05  1.23373063e+00  1.80000000e-05  1.50000000e+00  2.00000000e-01 
 1.81000000e-05  1.23504822e+00  1.81000000e-05  1.50000000e+00  2.00000000e-01 
 1.82000000e-05  1.23635287e+00  1.82000000e-05  1.50000000e+00  2.00000000e-01 
 1.83000000e-05  1.23764495e+00  1.83000000e-05  1.50000000e+00  2.00000000e-01 
 1.84000000e-05  1.23892482e+00  1.84000000e-05  1.50000000e+00  2.00000000e-01 
 1.85000000e-05  1.24019283e+00  1.85000000e-05  1.50000000e+00  2.00000000e-01 
 1.86000000e-05  1.24144930e+00  1.86000000e-05  1.50000000e+00  2.00000000e-01 
 1.87000000e-05  1.24269455e+00  1.87000000e-05  1.50000000e+00  2.00000000e-01 
 1.88000000e-05  1.24392888e+00  1.88000000e-05  1.50000000e+00  2.00000000e-01 
 1.89000000e-05  1.24515257e+00  1.89000000e-05  1.50000000e+00  2.00000000e-01 
 1.90000000e-05  1.24636590e+00  1.90000000e-05  1.50000000e+00  2.00000000e-01 
 1.91000000e-05  1.24756913e+00  1.91000000e-05  1.50000000e+00  2.00000000e-01 
 1.92000000e-05  1.24876253e+00  1.92000000e-05  1.50000000e+00  2.00000000e-01 
 1.93000000e-05  1.24994632e+00  1.93000000e-05  1.50000000e+00  2.00000000e-01 
 1.94000000e-05  1.25112076e+00  1.94000000e-05  1.50000000e+00  2.00000000e-01 
 1.95000000e-05  1.25228605e+00  1.95000000e-05  1.50000000e+00  2.00000000e-01 
 1.96000000e-05  1.25344242e+00  1.96000000e-05  1.50000000e+00  2.00000000e-01 
 1.97000000e-05  1.25459008e+00  1.97000000e-05  1.50000000e+00  2.00000000e-01 
 1.98000000e-05  1.25572923e+00  1.98000000e-05  1.50000000e+00  2.00000000e-01 
 1.99000000e-05  1.25686005e+00  1.99000000e-05  1.50000000e+00  2.00000000e-01 
 2.00000000e-05  1.25798274e+00  2.00000000e-05  1.50000000e+00  2.00000000e-01 
 2.01000000e-05  1.25909748e+00  2.01000000e-05  1.50000000e+00  2.00000000e-01 
 2.02000000e-05  1.26020443e+00  2.02000000e-05  1.50000000e+00  2.00000000e-01 
 2.03000000e-05  1.26130377e+00  2.03000000e-05  1.50000000e+00  2.00000000e-01 
 2.04000000e-05  1.26239566e+00  2.04000000e-05  1.50000000e+00  2.00000000e-01 
 2.05000000e-05  1.26348025e+00  2.05000000e-05  1.50000000e+00  2.00000000e-01 
 2.06000000e-05  1.26455770e+00  2.06000000e-05  1.50000000e+00  2.00000000e-01 
 2.07000000e-05  1.26562815e+00  2.07000000e-05  1.50000000e+00  2.00000000e-01 
 2.08000000e-05  1.26669173e+00  2.08000000e-05  1.50000000e+00  2.00000000e-01 
 2.09000000e-05  1.26774860e+00  2.09000000e-05  1.50000000e+00  2.00000000e-01 
 2.10000000e-05  1.26879887e+00  2.10000000e-05  1.50000000e+00  2.00000000e-01 
 2.11000000e-05  1.26984268e+00  2.11000000e-05  1.50000000e+00  2.00000000e-01 
 2.12000000e-05  1.27088016e+00  2.12000000e-05  1.50000000e+00  2.00000000e-01 
 2.13000000e-05  1.27191141e+00  2.13000000e-05  1.50000000e+00  2.00000000e-01 
 2.14000000e-05  1.27293657e+00  2.14000000e-05  1.50000000e+00  2.00000000e-01 
 2.15000000e-05  1.27395573e+00  2.15000000e-05  1.50000000e+00  2.00000000e-01 
 2.16000000e-05  1.27496902e+00  2.16000000e-05  1.50000000e+00  2.00000000e-01 
 2.17000000e-05  1.27597653e+00  2.17000000e-05  1.50000000e+00  2.00000000e-01 
 2.18000000e-05  1.27697837e+00  2.18000000e-05  1.50000000e+00  2.00000000e-01 
 2.19000000e-05  1.27797465e+00  2.19000000e-05  1.50000000e+00  2.00000000e-01 
 2.20000000e-05  1.27896545e+00  2.20000000e-05  1.50000000e+00  2.00000000e-01 
 2.21000000e-05  1.27995087e+00  2.21000000e-05  1.50000000e+00  2.00000000e-01 
 2.22000000e-05  1.28093101e+00  2.22000000e-05  1.50000000e+00  2.00000000e-01 
 2.23000000e-05  1.28190595e+00  2.23000000e-05  1.50000000e+00  2.00000000e-01 
 2.24000000e-05  1.28287578e+00  2.24000000e-05  1.50000000e+00  2.00000000e-01 
 2.25000000e-05  1.28384059e+00  2.25000000e-05  1.50000000e+00  2.00000000e-01 
 2.26000000e-05  1.28480045e+00  2.26000000e-05  1.50000000e+00  2.00000000e-01 
 2.27000000e-05  1.28575545e+00  2.27000000e-05  1.50000000e+00  2.00000000e-01 
 2.28000000e-05  1.28670567e+00  2.28000000e-05  1.50000000e+00  2.00000000e-01 
 2.29000000e-05  1.28765118e+00  2.29000000e-05  1.50000000e+00  2.00000000e-01 
 2.30000000e-05  1.28859206e+00  2.30000000e-05  1.50000000e+00  2.00000000e-01 
 2.31000000e-05  1.28952837e+00  2.31000000e-05  1.50000000e+00  2.00000000e-01 
 2.32000000e-05  1.29046019e+00  2.32000000e-05  1.50000000e+00  2.00000000e-01 
 2.33000000e-05  1.29138759e+00  2.33000000e-05  1.50000000e+00  2.00000000e-01 
 2.34000000e-05  1.29231064e+00  2.34000000e-05  1.50000000e+00  2.00000000e-01 
 2.35000000e-05  1.29322939e+00  2.35000000e-05  1.50000000e+00  2.00000000e-01 
 2.36000000e-05  1.29414391e+00  2.36000000e-05  1.50000000e+00  2.00000000e-01 
 2.37000000e-05  1.29505427e+00  2.37000000e-05  1.50000000e+00  2.00000000e-01 
 2.38000000e-05  1.29596052e+00  2.38000000e-05  1.50000000e+00  2.00000000e-01 
 2.39000000e-05  1.29686273e+00  2.39000000e-05  1.50000000e+00  2.00000000e-01 
 2.40000000e-05  1.29776095e+00  2.40000000e-05  1.50000000e+00  2.00000000e-01 
 2.41000000e-05  1.29865523e+00  2.41000000e-05  1.50000000e+00  2.00000000e-01 
 2.42000000e-05  1.29954564e+00  2.42000000e-05  1.50000000e+00  2.00000000e-01 
 2.43000000e-05  1.30043223e+00  2.43000000e-05  1.50000000e+00  2.00000000e-01 
 2.44000000e-05  1.30131505e+00  2.44000000e-05  1.50000000e+00  2.00000000e-01 
 2.45000000e-05  1.30219414e+00  2.45000000e-05  1.50000000e+00  2.00000000e-01 
 2.46000000e-05  1.30306957e+00  2.46000000e-05  1.50000000e+00  2.00000000e-01 
 2.47000000e-05  1.30394138e+00  2.47000000e-05  1.50000000e+00  2.00000000e-01 
 2.48000000e-05  1.30480962e+00  2.48000000e-05  1.50000000e+00  2.00000000e-01 
 2.49000000e-05  1.30567433e+00  2.49000000e-05  1.50000000e+00  2.00000000e-01 
 2.50000000e-05  1.30653557e+00  2.50000000e-05  1.50000000e+00  2.00000000e-01 
 2.51000000e-05  1.30739337e+00  2.51000000e-05  1.50000000e+00  2.00000000e-01 
 2.52000000e-05  1.30824778e+00  2.52000000e-05  1.50000000e+00  2.00000000e-01 
 2.53000000e-05  1.30909884e+00  2.53000000e-05  1.50000000e+00  2.00000000e-01 
 2.54000000e-05  1.30994660e+00  2.54000000e-05  1.50000000e+00  2.00000000e-01 
 2.55000000e-05  1.31079110e+00  2.55000000e-05  1.50000000e+00  2.00000000e-01 
 2.56000000e-05  1.31163237e+00  2.56000000e-05  1.50000000e+00  2.00000000e-01 
 2.57000000e-05  1.31247046e+00  2.57000000e-05  1.50000000e+00  2.00000000e-01 
 2.58000000e-05  1.31330541e+00  2.58000000e-05  1.50000000e+00  2.00000000e-01 
 2.59000000e-05  1.31413725e+00  2.59000000e-05  1.50000000e+00  2.00000000e-01 
 2.60000000e-05  1.31496603e+00  2.60000000e-05  1.50000000e+00  2.00000000e-01 
 2.61000000e-05  1.31579177e+00  2.61000000e-05  1.50000000e+00  2.00000000e-01 
 2.62000000e-05  1.31661451e+00  2.62000000e-05  1.50000000e+00  2.00000000e-01 
 2.63000000e-05  1.31743430e+00  2.63000000e-05  1.50000000e+00  2.00000000e-01 
 2.64000000e-05  1.31825115e+00  2.64000000e-05  1.50000000e+00  2.00000000e-01 
 2.65000000e-05  1.31906512e+00  2.65000000e-05  1.50000000e+00  2.00000000e-01 
 2.66000000e-05  1.31987622e+00  2.66000000e-05  1.50000000e+00  2.00000000e-01 
 2.67000000e-05  1.32068450e+00  2.67000000e-05  1.50000000e+00  2.00000000e-01 
 2.68000000e-05  1.32148998e+00  2.68000000e-05  1.50000000e+00  2.00000000e-01 
 2.69000000e-05  1.32229270e+00  2.69000000e-05  1.50000000e+00  2.00000000e-01 
 2.70000000e-05  1.32309268e+00  2.70000000e-05  1.50000000e+00  2.00000000e-01 
 2.71000000e-05  1.32388996e+00  2.71000000e-05  1.50000000e+00  2.00000000e-01 
 2.72000000e-05  1.32468457e+00  2.72000000e-05  1.50000000e+00  2.00000000e-01 
 2.73000000e-05  1.32547653e+00  2.73000000e-05  1.50000000e+00  2.00000000e-01 
 2.74000000e-05  1.32626588e+00  2.74000000e-05  1.50000000e+00  2.00000000e-01 
 2.75000000e-05  1.32705264e+00  2.75000000e-05  1.50000000e+00  2.00000000e-01 
 2.76000000e-05  1.32783684e+00  2.76000000e-05  1.50000000e+00  2.00000000e-01 
 2.77000000e-05  1.32861850e+00  2.77000000e-05  1.50000000e+00  2.00000000e-01 
 2.78000000e-05  1.32939766e+00  2.78000000e-05  1.50000000e+00  2.00000000e-01 
 2.79000000e-05  1.33017434e+00  2.79000000e-05  1.50000000e+00  2.00000000e-01 
 2.80000000e-05  1.33094856e+00  2.80000000e-05  1.50000000e+00  2.00000000e-01 
 2.81000000e-05  1.33172035e+00  2.81000000e-05  1.50000000e+00  2.00000000e-01 
 2.82000000e-05  1.33248974e+00  2.82000000e-05  1.50000000e+00  2.00000000e-01 
 2.83000000e-05  1.33325675e+00  2.83000000e-05  1.50000000e+00  2.00000000e-01 
 2.84000000e-05  1.33402140e+00  2.84000000e-05  1.50000000e+00  2.00000000e-01 
 2.85000000e-05  1.33478372e+00  2.85000000e-05  1.50000000e+00  2.00000000e-01 
 2.86000000e-05  1.33554372e+00  2.86000000e-05  1.50000000e+00  2.00000000e-01 
 2.87000000e-05  1.33630144e+00  2.87000000e-05  1.50000000e+00  2.00000000e-01 
 2.88000000e-05  1.33705690e+00  2.88000000e-05  1.50000000e+00  2.00000000e-01 
 2.89000000e-05  1.33781011e+00  2.89000000e-05  1.50000000e+00  2.00000000e-01 
 2.90000000e-05  1.33856110e+00  2.90000000e-05  1.50000000e+00  2.00000000e-01 
 2.91000000e-05  1.33930990e+00  2.91000000e-05  1.50000000e+00  2.00000000e-01 
 2.92000000e-05  1.34005651e+00  2.92000000e-05  1.50000000e+00  2.00000000e-01 
 2.93000000e-05  1.34080096e+00  2.93000000e-05  1.50000000e+00  2.00000000e-01 
 2.94000000e-05  1.34154328e+00  2.94000000e-05  1.50000000e+00  2.00000000e-01 
 2.95000000e-05  1.34228348e+00  2.95000000e-05  1.50000000e+00  2.00000000e-01 
 2.96000000e-05  1.34302158e+00  2.96000000e-05  1.50000000e+00  2.00000000e-01 
 2.97000000e-05  1.34375760e+00  2.97000000e-05  1.50000000e+00  2.00000000e-01 
 2.98000000e-05  1.34449157e+00  2.98000000e-05  1.50000000e+00  2.00000000e-01 
 2.99000000e-05  1.34522349e+00  2.99000000e-05  1.50000000e+00  2.00000000e-01 
 3.00000000e-05  1.34595339e+00  3.00000000e-05  1.50000000e+00  2.00000000e-01 
