 i-sweep         v(vout)         i(viin)         v(vgate)        v(vmid)        
 0.00000000e+00  8.25652246e-01  0.00000000e+00  1.40000000e+00  9.00000000e-01 
 1.00000000e-07  1.01705541e+00  1.00000000e-07  1.40000000e+00  9.00000000e-01 
 2.00000000e-07  1.04906726e+00  2.00000000e-07  1.40000000e+00  9.00000000e-01 
 3.00000000e-07  1.06811949e+00  3.00000000e-07  1.40000000e+00  9.00000000e-01 
 4.00000000e-07  1.08140918e+00  4.00000000e-07  1.40000000e+00  9.00000000e-01 
 5.00000000e-07  1.09188630e+00  5.00000000e-07  1.40000000e+00  9.00000000e-01 
 6.00000000e-07  1.10132809e+00  6.00000000e-07  1.40000000e+00  9.00000000e-01 
 7.00000000e-07  1.10838658e+00  7.00000000e-07  1.40000000e+00  9.00000000e-01 
 8.00000000e-07  1.11479583e+00  8.00000000e-07  1.40000000e+00  9.00000000e-01 
 9.00000000e-07  1.12051661e+00  9.00000000e-07  1.40000000e+00  9.00000000e-01 
 1.00000000e-06  1.12571620e+00  1.00000000e-06  1.40000000e+00  9.00000000e-01 
 1.10000000e-06  1.13048908e+00  1.10000000e-06  1.40000000e+00  9.00000000e-01 
 1.20000000e-06  1.13490864e+00  1.20000000e-06  1.40000000e+00  9.00000000e-01 
 1.30000000e-06  1.13903057e+00  1.30000000e-06  1.40000000e+00  9.00000000e-01 
 1.40000000e-06  1.14289839e+00  1.40000000e-06  1.40000000e+00  9.00000000e-01 
 1.50000000e-06  1.14654667e+00  1.50000000e-06  1.40000000e+00  9.00000000e-01 
 1.60000000e-06  1.15000333e+00  1.60000000e-06  1.40000000e+00  9.00000000e-01 
 1.70000000e-06  1.15329124e+00  1.70000000e-06  1.40000000e+00  9.00000000e-01 
 1.80000000e-06  1.15642939e+00  1.80000000e-06  1.40000000e+00  9.00000000e-01 
 1.90000000e-06  1.15943369e+00  1.90000000e-06  1.40000000e+00  9.00000000e-01 
 2.00000000e-06  1.16231760e+00  2.00000000e-06  1.40000000e+00  9.00000000e-01 
 2.10000000e-06  1.16509264e+00  2.10000000e-06  1.40000000e+00  9.00000000e-01 
 2.20000000e-06  1.16776870e+00  2.20000000e-06  1.40000000e+00  9.00000000e-01 
 2.30000000e-06  1.17035439e+00  2.30000000e-06  1.40000000e+00  9.00000000e-01 
 2.40000000e-06  1.17285720e+00  2.40000000e-06  1.40000000e+00  9.00000000e-01 
 2.50000000e-06  1.17528371e+00  2.50000000e-06  1.40000000e+00  9.00000000e-01 
 2.60000000e-06  1.17763974e+00  2.60000000e-06  1.40000000e+00  9.00000000e-01 
 2.70000000e-06  1.17993045e+00  2.70000000e-06  1.40000000e+00  9.00000000e-01 
 2.80000000e-06  1.18216043e+00  2.80000000e-06  1.40000000e+00  9.00000000e-01 
 2.90000000e-06  1.18433381e+00  2.90000000e-06  1.40000000e+00  9.00000000e-01 
 3.00000000e-06  1.18645429e+00  3.00000000e-06  1.40000000e+00  9.00000000e-01 
 3.10000000e-06  1.18852520e+00  3.10000000e-06  1.40000000e+00  9.00000000e-01 
 3.20000000e-06  1.19054958e+00  3.20000000e-06  1.40000000e+00  9.00000000e-01 
 3.30000000e-06  1.19253017e+00  3.30000000e-06  1.40000000e+00  9.00000000e-01 
 3.40000000e-06  1.19446947e+00  3.40000000e-06  1.40000000e+00  9.00000000e-01 
 3.50000000e-06  1.19636978e+00  3.50000000e-06  1.40000000e+00  9.00000000e-01 
 3.60000000e-06  1.19823318e+00  3.60000000e-06  1.40000000e+00  9.00000000e-01 
 3.70000000e-06  1.20006162e+00  3.70000000e-06  1.40000000e+00  9.00000000e-01 
 3.80000000e-06  1.20185686e+00  3.80000000e-06  1.40000000e+00  9.00000000e-01 
 3.90000000e-06  1.20362054e+00  3.90000000e-06  1.40000000e+00  9.00000000e-01 
 4.00000000e-06  1.20535418e+00  4.00000000e-06  1.40000000e+00  9.00000000e-01 
 4.10000000e-06  1.20705917e+00  4.10000000e-06  1.40000000e+00  9.00000000e-01 
 4.20000000e-06  1.20873683e+00  4.20000000e-06  1.40000000e+00  9.00000000e-01 
 4.30000000e-06  1.21038837e+00  4.30000000e-06  1.40000000e+00  9.00000000e-01 
 4.40000000e-06  1.21201492e+00  4.40000000e-06  1.40000000e+00  9.00000000e-01 
 4.50000000e-06  1.21361753e+00  4.50000000e-06  1.40000000e+00  9.00000000e-01 
 4.60000000e-06  1.21519719e+00  4.60000000e-06  1.40000000e+00  9.00000000e-01 
 4.70000000e-06  1.21675484e+00  4.70000000e-06  1.40000000e+00  9.00000000e-01 
 4.80000000e-06  1.21829133e+00  4.80000000e-06  1.40000000e+00  9.00000000e-01 
 4.90000000e-06  1.21980748e+00  4.90000000e-06  1.40000000e+00  9.00000000e-01 
 5.00000000e-06  1.22130406e+00  5.00000000e-06  1.40000000e+00  9.00000000e-01 
 5.10000000e-06  1.22278179e+00  5.10000000e-06  1.40000000e+00  9.00000000e-01 
 5.20000000e-06  1.22424135e+00  5.20000000e-06  1.40000000e+00  9.00000000e-01 
 5.30000000e-06  1.22568338e+00  5.30000000e-06  1.40000000e+00  9.00000000e-01 
 5.40000000e-06  1.22710849e+00  5.40000000e-06  1.40000000e+00  9.00000000e-01 
 5.50000000e-06  1.22851726e+00  5.50000000e-06  1.40000000e+00  9.00000000e-01 
 5.60000000e-06  1.22991023e+00  5.60000000e-06  1.40000000e+00  9.00000000e-01 
 5.70000000e-06  1.23128791e+00  5.70000000e-06  1.40000000e+00  9.00000000e-01 
 5.80000000e-06  1.23265080e+00  5.80000000e-06  1.40000000e+00  9.00000000e-01 
 5.90000000e-06  1.23399936e+00  5.90000000e-06  1.40000000e+00  9.00000000e-01 
 6.00000000e-06  1.23533404e+00  6.00000000e-06  1.40000000e+00  9.00000000e-01 
 6.10000000e-06  1.23665525e+00  6.10000000e-06  1.40000000e+00  9.00000000e-01 
 6.20000000e-06  1.23796340e+00  6.20000000e-06  1.40000000e+00  9.00000000e-01 
 6.30000000e-06  1.23925887e+00  6.30000000e-06  1.40000000e+00  9.00000000e-01 
 6.40000000e-06  1.24054202e+00  6.40000000e-06  1.40000000e+00  9.00000000e-01 
 6.50000000e-06  1.24181320e+00  6.50000000e-06  1.40000000e+00  9.00000000e-01 
 6.60000000e-06  1.24307275e+00  6.60000000e-06  1.40000000e+00  9.00000000e-01 
 6.70000000e-06  1.24432098e+00  6.70000000e-06  1.40000000e+00  9.00000000e-01 
 6.80000000e-06  1.24555820e+00  6.80000000e-06  1.40000000e+00  9.00000000e-01 
 6.90000000e-06  1.24678469e+00  6.90000000e-06  1.40000000e+00  9.00000000e-01 
 7.00000000e-06  1.24800075e+00  7.00000000e-06  1.40000000e+00  9.00000000e-01 
 7.10000000e-06  1.24920664e+00  7.10000000e-06  1.40000000e+00  9.00000000e-01 
 7.20000000e-06  1.25040261e+00  7.20000000e-06  1.40000000e+00  9.00000000e-01 
 7.30000000e-06  1.25158891e+00  7.30000000e-06  1.40000000e+00  9.00000000e-01 
 7.40000000e-06  1.25276578e+00  7.40000000e-06  1.40000000e+00  9.00000000e-01 
 7.50000000e-06  1.25393344e+00  7.50000000e-06  1.40000000e+00  9.00000000e-01 
 7.60000000e-06  1.25509212e+00  7.60000000e-06  1.40000000e+00  9.00000000e-01 
 7.70000000e-06  1.25624203e+00  7.70000000e-06  1.40000000e+00  9.00000000e-01 
 7.80000000e-06  1.25738336e+00  7.80000000e-06  1.40000000e+00  9.00000000e-01 
 7.90000000e-06  1.25851632e+00  7.90000000e-06  1.40000000e+00  9.00000000e-01 
 8.00000000e-06  1.25964109e+00  8.00000000e-06  1.40000000e+00  9.00000000e-01 
 8.10000000e-06  1.26075786e+00  8.10000000e-06  1.40000000e+00  9.00000000e-01 
 8.20000000e-06  1.26186679e+00  8.20000000e-06  1.40000000e+00  9.00000000e-01 
 8.30000000e-06  1.26296807e+00  8.30000000e-06  1.40000000e+00  9.00000000e-01 
 8.40000000e-06  1.26406184e+00  8.40000000e-06  1.40000000e+00  9.00000000e-01 
 8.50000000e-06  1.26514828e+00  8.50000000e-06  1.40000000e+00  9.00000000e-01 
 8.60000000e-06  1.26622753e+00  8.60000000e-06  1.40000000e+00  9.00000000e-01 
 8.70000000e-06  1.26729973e+00  8.70000000e-06  1.40000000e+00  9.00000000e-01 
 8.80000000e-06  1.26836504e+00  8.80000000e-06  1.40000000e+00  9.00000000e-01 
 8.90000000e-06  1.26942359e+00  8.90000000e-06  1.40000000e+00  9.00000000e-01 
 9.00000000e-06  1.27047551e+00  9.00000000e-06  1.40000000e+00  9.00000000e-01 
 9.10000000e-06  1.27152094e+00  9.10000000e-06  1.40000000e+00  9.00000000e-01 
 9.20000000e-06  1.27255999e+00  9.20000000e-06  1.40000000e+00  9.00000000e-01 
 9.30000000e-06  1.27359279e+00  9.30000000e-06  1.40000000e+00  9.00000000e-01 
 9.40000000e-06  1.27461945e+00  9.40000000e-06  1.40000000e+00  9.00000000e-01 
 9.50000000e-06  1.27564010e+00  9.50000000e-06  1.40000000e+00  9.00000000e-01 
 9.60000000e-06  1.27665483e+00  9.60000000e-06  1.40000000e+00  9.00000000e-01 
 9.70000000e-06  1.27766377e+00  9.70000000e-06  1.40000000e+00  9.00000000e-01 
 9.80000000e-06  1.27866700e+00  9.80000000e-06  1.40000000e+00  9.00000000e-01 
 9.90000000e-06  1.27966464e+00  9.90000000e-06  1.40000000e+00  9.00000000e-01 
 1.00000000e-05  1.28065678e+00  1.00000000e-05  1.40000000e+00  9.00000000e-01 
 1.01000000e-05  1.28164351e+00  1.01000000e-05  1.40000000e+00  9.00000000e-01 
 1.02000000e-05  1.28262494e+00  1.02000000e-05  1.40000000e+00  9.00000000e-01 
 1.03000000e-05  1.28360114e+00  1.03000000e-05  1.40000000e+00  9.00000000e-01 
 1.04000000e-05  1.28457222e+00  1.04000000e-05  1.40000000e+00  9.00000000e-01 
 1.05000000e-05  1.28553824e+00  1.05000000e-05  1.40000000e+00  9.00000000e-01 
 1.06000000e-05  1.28649930e+00  1.06000000e-05  1.40000000e+00  9.00000000e-01 
 1.07000000e-05  1.28745548e+00  1.07000000e-05  1.40000000e+00  9.00000000e-01 
 1.08000000e-05  1.28840685e+00  1.08000000e-05  1.40000000e+00  9.00000000e-01 
 1.09000000e-05  1.28935349e+00  1.09000000e-05  1.40000000e+00  9.00000000e-01 
 1.10000000e-05  1.29029548e+00  1.10000000e-05  1.40000000e+00  9.00000000e-01 
 1.11000000e-05  1.29123288e+00  1.11000000e-05  1.40000000e+00  9.00000000e-01 
 1.12000000e-05  1.29216578e+00  1.12000000e-05  1.40000000e+00  9.00000000e-01 
 1.13000000e-05  1.29309423e+00  1.13000000e-05  1.40000000e+00  9.00000000e-01 
 1.14000000e-05  1.29401831e+00  1.14000000e-05  1.40000000e+00  9.00000000e-01 
 1.15000000e-05  1.29493808e+00  1.15000000e-05  1.40000000e+00  9.00000000e-01 
 1.16000000e-05  1.29585361e+00  1.16000000e-05  1.40000000e+00  9.00000000e-01 
 1.17000000e-05  1.29676496e+00  1.17000000e-05  1.40000000e+00  9.00000000e-01 
 1.18000000e-05  1.29767218e+00  1.18000000e-05  1.40000000e+00  9.00000000e-01 
 1.19000000e-05  1.29857534e+00  1.19000000e-05  1.40000000e+00  9.00000000e-01 
 1.20000000e-05  1.29947450e+00  1.20000000e-05  1.40000000e+00  9.00000000e-01 
 1.21000000e-05  1.30036971e+00  1.21000000e-05  1.40000000e+00  9.00000000e-01 
 1.22000000e-05  1.30126103e+00  1.22000000e-05  1.40000000e+00  9.00000000e-01 
 1.23000000e-05  1.30214852e+00  1.23000000e-05  1.40000000e+00  9.00000000e-01 
 1.24000000e-05  1.30303221e+00  1.24000000e-05  1.40000000e+00  9.00000000e-01 
 1.25000000e-05  1.30391218e+00  1.25000000e-05  1.40000000e+00  9.00000000e-01 
 1.26000000e-05  1.30478846e+00  1.26000000e-05  1.40000000e+00  9.00000000e-01 
 1.27000000e-05  1.30566112e+00  1.27000000e-05  1.40000000e+00  9.00000000e-01 
 1.28000000e-05  1.30653018e+00  1.28000000e-05  1.40000000e+00  9.00000000e-01 
 1.29000000e-05  1.30739571e+00  1.29000000e-05  1.40000000e+00  9.00000000e-01 
 1.30000000e-05  1.30825775e+00  1.30000000e-05  1.40000000e+00  9.00000000e-01 
 1.31000000e-05  1.30911635e+00  1.31000000e-05  1.40000000e+00  9.00000000e-01 
 1.32000000e-05  1.30997154e+00  1.32000000e-05  1.40000000e+00  9.00000000e-01 
 1.33000000e-05  1.31082338e+00  1.33000000e-05  1.40000000e+00  9.00000000e-01 
 1.34000000e-05  1.31167190e+00  1.34000000e-05  1.40000000e+00  9.00000000e-01 
 1.35000000e-05  1.31251714e+00  1.35000000e-05  1.40000000e+00  9.00000000e-01 
 1.36000000e-05  1.31335916e+00  1.36000000e-05  1.40000000e+00  9.00000000e-01 
 1.37000000e-05  1.31419798e+00  1.37000000e-05  1.40000000e+00  9.00000000e-01 
 1.38000000e-05  1.31503364e+00  1.38000000e-05  1.40000000e+00  9.00000000e-01 
 1.39000000e-05  1.31586619e+00  1.39000000e-05  1.40000000e+00  9.00000000e-01 
 1.40000000e-05  1.31669566e+00  1.40000000e-05  1.40000000e+00  9.00000000e-01 
 1.41000000e-05  1.31752209e+00  1.41000000e-05  1.40000000e+00  9.00000000e-01 
 1.42000000e-05  1.31834552e+00  1.42000000e-05  1.40000000e+00  9.00000000e-01 
 1.43000000e-05  1.31916597e+00  1.43000000e-05  1.40000000e+00  9.00000000e-01 
 1.44000000e-05  1.31998349e+00  1.44000000e-05  1.40000000e+00  9.00000000e-01 
 1.45000000e-05  1.32079811e+00  1.45000000e-05  1.40000000e+00  9.00000000e-01 
 1.46000000e-05  1.32160985e+00  1.46000000e-05  1.40000000e+00  9.00000000e-01 
 1.47000000e-05  1.32241877e+00  1.47000000e-05  1.40000000e+00  9.00000000e-01 
 1.48000000e-05  1.32322487e+00  1.48000000e-05  1.40000000e+00  9.00000000e-01 
 1.49000000e-05  1.32402821e+00  1.49000000e-05  1.40000000e+00  9.00000000e-01 
 1.50000000e-05  1.32482881e+00  1.50000000e-05  1.40000000e+00  9.00000000e-01 
 1.51000000e-05  1.32562669e+00  1.51000000e-05  1.40000000e+00  9.00000000e-01 
 1.52000000e-05  1.32642190e+00  1.52000000e-05  1.40000000e+00  9.00000000e-01 
 1.53000000e-05  1.32721445e+00  1.53000000e-05  1.40000000e+00  9.00000000e-01 
 1.54000000e-05  1.32800437e+00  1.54000000e-05  1.40000000e+00  9.00000000e-01 
 1.55000000e-05  1.32879171e+00  1.55000000e-05  1.40000000e+00  9.00000000e-01 
 1.56000000e-05  1.32957647e+00  1.56000000e-05  1.40000000e+00  9.00000000e-01 
 1.57000000e-05  1.33035870e+00  1.57000000e-05  1.40000000e+00  9.00000000e-01 
 1.58000000e-05  1.33113841e+00  1.58000000e-05  1.40000000e+00  9.00000000e-01 
 1.59000000e-05  1.33191563e+00  1.59000000e-05  1.40000000e+00  9.00000000e-01 
 1.60000000e-05  1.33269040e+00  1.60000000e-05  1.40000000e+00  9.00000000e-01 
 1.61000000e-05  1.33346272e+00  1.61000000e-05  1.40000000e+00  9.00000000e-01 
 1.62000000e-05  1.33423264e+00  1.62000000e-05  1.40000000e+00  9.00000000e-01 
 1.63000000e-05  1.33500017e+00  1.63000000e-05  1.40000000e+00  9.00000000e-01 
 1.64000000e-05  1.33576533e+00  1.64000000e-05  1.40000000e+00  9.00000000e-01 
 1.65000000e-05  1.33652816e+00  1.65000000e-05  1.40000000e+00  9.00000000e-01 
 1.66000000e-05  1.33728867e+00  1.66000000e-05  1.40000000e+00  9.00000000e-01 
 1.67000000e-05  1.33804688e+00  1.67000000e-05  1.40000000e+00  9.00000000e-01 
 1.68000000e-05  1.33880283e+00  1.68000000e-05  1.40000000e+00  9.00000000e-01 
 1.69000000e-05  1.33955653e+00  1.69000000e-05  1.40000000e+00  9.00000000e-01 
 1.70000000e-05  1.34030800e+00  1.70000000e-05  1.40000000e+00  9.00000000e-01 
 1.71000000e-05  1.34105726e+00  1.71000000e-05  1.40000000e+00  9.00000000e-01 
 1.72000000e-05  1.34180435e+00  1.72000000e-05  1.40000000e+00  9.00000000e-01 
 1.73000000e-05  1.34254926e+00  1.73000000e-05  1.40000000e+00  9.00000000e-01 
 1.74000000e-05  1.34329204e+00  1.74000000e-05  1.40000000e+00  9.00000000e-01 
 1.75000000e-05  1.34403269e+00  1.75000000e-05  1.40000000e+00  9.00000000e-01 
 1.76000000e-05  1.34477124e+00  1.76000000e-05  1.40000000e+00  9.00000000e-01 
 1.77000000e-05  1.34550771e+00  1.77000000e-05  1.40000000e+00  9.00000000e-01 
 1.78000000e-05  1.34624211e+00  1.78000000e-05  1.40000000e+00  9.00000000e-01 
 1.79000000e-05  1.34697446e+00  1.79000000e-05  1.40000000e+00  9.00000000e-01 
 1.80000000e-05  1.34770479e+00  1.80000000e-05  1.40000000e+00  9.00000000e-01 
 1.81000000e-05  1.34843311e+00  1.81000000e-05  1.40000000e+00  9.00000000e-01 
 1.82000000e-05  1.34915944e+00  1.82000000e-05  1.40000000e+00  9.00000000e-01 
 1.83000000e-05  1.34988380e+00  1.83000000e-05  1.40000000e+00  9.00000000e-01 
 1.84000000e-05  1.35060620e+00  1.84000000e-05  1.40000000e+00  9.00000000e-01 
 1.85000000e-05  1.35132666e+00  1.85000000e-05  1.40000000e+00  9.00000000e-01 
 1.86000000e-05  1.35204520e+00  1.86000000e-05  1.40000000e+00  9.00000000e-01 
 1.87000000e-05  1.35276184e+00  1.87000000e-05  1.40000000e+00  9.00000000e-01 
 1.88000000e-05  1.35347659e+00  1.88000000e-05  1.40000000e+00  9.00000000e-01 
 1.89000000e-05  1.35418946e+00  1.89000000e-05  1.40000000e+00  9.00000000e-01 
 1.90000000e-05  1.35490048e+00  1.90000000e-05  1.40000000e+00  9.00000000e-01 
 1.91000000e-05  1.35560967e+00  1.91000000e-05  1.40000000e+00  9.00000000e-01 
 1.92000000e-05  1.35631702e+00  1.92000000e-05  1.40000000e+00  9.00000000e-01 
 1.93000000e-05  1.35702257e+00  1.93000000e-05  1.40000000e+00  9.00000000e-01 
 1.94000000e-05  1.35772632e+00  1.94000000e-05  1.40000000e+00  9.00000000e-01 
 1.95000000e-05  1.35842830e+00  1.95000000e-05  1.40000000e+00  9.00000000e-01 
 1.96000000e-05  1.35912850e+00  1.96000000e-05  1.40000000e+00  9.00000000e-01 
 1.97000000e-05  1.35982696e+00  1.97000000e-05  1.40000000e+00  9.00000000e-01 
 1.98000000e-05  1.36052369e+00  1.98000000e-05  1.40000000e+00  9.00000000e-01 
 1.99000000e-05  1.36121869e+00  1.99000000e-05  1.40000000e+00  9.00000000e-01 
 2.00000000e-05  1.36191199e+00  2.00000000e-05  1.40000000e+00  9.00000000e-01 
 2.01000000e-05  1.36260359e+00  2.01000000e-05  1.40000000e+00  9.00000000e-01 
 2.02000000e-05  1.36329351e+00  2.02000000e-05  1.40000000e+00  9.00000000e-01 
 2.03000000e-05  1.36398176e+00  2.03000000e-05  1.40000000e+00  9.00000000e-01 
 2.04000000e-05  1.36466836e+00  2.04000000e-05  1.40000000e+00  9.00000000e-01 
 2.05000000e-05  1.36535332e+00  2.05000000e-05  1.40000000e+00  9.00000000e-01 
 2.06000000e-05  1.36603665e+00  2.06000000e-05  1.40000000e+00  9.00000000e-01 
 2.07000000e-05  1.36671837e+00  2.07000000e-05  1.40000000e+00  9.00000000e-01 
 2.08000000e-05  1.36739848e+00  2.08000000e-05  1.40000000e+00  9.00000000e-01 
 2.09000000e-05  1.36807700e+00  2.09000000e-05  1.40000000e+00  9.00000000e-01 
 2.10000000e-05  1.36875394e+00  2.10000000e-05  1.40000000e+00  9.00000000e-01 
 2.11000000e-05  1.36942932e+00  2.11000000e-05  1.40000000e+00  9.00000000e-01 
 2.12000000e-05  1.37010315e+00  2.12000000e-05  1.40000000e+00  9.00000000e-01 
 2.13000000e-05  1.37077543e+00  2.13000000e-05  1.40000000e+00  9.00000000e-01 
 2.14000000e-05  1.37144617e+00  2.14000000e-05  1.40000000e+00  9.00000000e-01 
 2.15000000e-05  1.37211540e+00  2.15000000e-05  1.40000000e+00  9.00000000e-01 
 2.16000000e-05  1.37278312e+00  2.16000000e-05  1.40000000e+00  9.00000000e-01 
 2.17000000e-05  1.37344935e+00  2.17000000e-05  1.40000000e+00  9.00000000e-01 
 2.18000000e-05  1.37411409e+00  2.18000000e-05  1.40000000e+00  9.00000000e-01 
 2.19000000e-05  1.37477735e+00  2.19000000e-05  1.40000000e+00  9.00000000e-01 
 2.20000000e-05  1.37543914e+00  2.20000000e-05  1.40000000e+00  9.00000000e-01 
 2.21000000e-05  1.37609949e+00  2.21000000e-05  1.40000000e+00  9.00000000e-01 
 2.22000000e-05  1.37675839e+00  2.22000000e-05  1.40000000e+00  9.00000000e-01 
 2.23000000e-05  1.37741585e+00  2.23000000e-05  1.40000000e+00  9.00000000e-01 
 2.24000000e-05  1.37807189e+00  2.24000000e-05  1.40000000e+00  9.00000000e-01 
 2.25000000e-05  1.37872652e+00  2.25000000e-05  1.40000000e+00  9.00000000e-01 
 2.26000000e-05  1.37937975e+00  2.26000000e-05  1.40000000e+00  9.00000000e-01 
 2.27000000e-05  1.38003158e+00  2.27000000e-05  1.40000000e+00  9.00000000e-01 
 2.28000000e-05  1.38068203e+00  2.28000000e-05  1.40000000e+00  9.00000000e-01 
 2.29000000e-05  1.38133111e+00  2.29000000e-05  1.40000000e+00  9.00000000e-01 
 2.30000000e-05  1.38197882e+00  2.30000000e-05  1.40000000e+00  9.00000000e-01 
 2.31000000e-05  1.38262518e+00  2.31000000e-05  1.40000000e+00  9.00000000e-01 
 2.32000000e-05  1.38327019e+00  2.32000000e-05  1.40000000e+00  9.00000000e-01 
 2.33000000e-05  1.38391386e+00  2.33000000e-05  1.40000000e+00  9.00000000e-01 
 2.34000000e-05  1.38455621e+00  2.34000000e-05  1.40000000e+00  9.00000000e-01 
 2.35000000e-05  1.38519724e+00  2.35000000e-05  1.40000000e+00  9.00000000e-01 
 2.36000000e-05  1.38583695e+00  2.36000000e-05  1.40000000e+00  9.00000000e-01 
 2.37000000e-05  1.38647537e+00  2.37000000e-05  1.40000000e+00  9.00000000e-01 
 2.38000000e-05  1.38711250e+00  2.38000000e-05  1.40000000e+00  9.00000000e-01 
 2.39000000e-05  1.38774834e+00  2.39000000e-05  1.40000000e+00  9.00000000e-01 
 2.40000000e-05  1.38838291e+00  2.40000000e-05  1.40000000e+00  9.00000000e-01 
 2.41000000e-05  1.38901621e+00  2.41000000e-05  1.40000000e+00  9.00000000e-01 
 2.42000000e-05  1.38964825e+00  2.42000000e-05  1.40000000e+00  9.00000000e-01 
 2.43000000e-05  1.39027904e+00  2.43000000e-05  1.40000000e+00  9.00000000e-01 
 2.44000000e-05  1.39090859e+00  2.44000000e-05  1.40000000e+00  9.00000000e-01 
 2.45000000e-05  1.39153691e+00  2.45000000e-05  1.40000000e+00  9.00000000e-01 
 2.46000000e-05  1.39216400e+00  2.46000000e-05  1.40000000e+00  9.00000000e-01 
 2.47000000e-05  1.39278987e+00  2.47000000e-05  1.40000000e+00  9.00000000e-01 
 2.48000000e-05  1.39341453e+00  2.48000000e-05  1.40000000e+00  9.00000000e-01 
 2.49000000e-05  1.39403799e+00  2.49000000e-05  1.40000000e+00  9.00000000e-01 
 2.50000000e-05  1.39466025e+00  2.50000000e-05  1.40000000e+00  9.00000000e-01 
 2.51000000e-05  1.39528133e+00  2.51000000e-05  1.40000000e+00  9.00000000e-01 
 2.52000000e-05  1.39590122e+00  2.52000000e-05  1.40000000e+00  9.00000000e-01 
 2.53000000e-05  1.39651994e+00  2.53000000e-05  1.40000000e+00  9.00000000e-01 
 2.54000000e-05  1.39713750e+00  2.54000000e-05  1.40000000e+00  9.00000000e-01 
 2.55000000e-05  1.39775390e+00  2.55000000e-05  1.40000000e+00  9.00000000e-01 
 2.56000000e-05  1.39836915e+00  2.56000000e-05  1.40000000e+00  9.00000000e-01 
 2.57000000e-05  1.39898325e+00  2.57000000e-05  1.40000000e+00  9.00000000e-01 
 2.58000000e-05  1.39959621e+00  2.58000000e-05  1.40000000e+00  9.00000000e-01 
 2.59000000e-05  1.40020805e+00  2.59000000e-05  1.40000000e+00  9.00000000e-01 
 2.60000000e-05  1.40081876e+00  2.60000000e-05  1.40000000e+00  9.00000000e-01 
 2.61000000e-05  1.40142835e+00  2.61000000e-05  1.40000000e+00  9.00000000e-01 
 2.62000000e-05  1.40203684e+00  2.62000000e-05  1.40000000e+00  9.00000000e-01 
 2.63000000e-05  1.40264422e+00  2.63000000e-05  1.40000000e+00  9.00000000e-01 
 2.64000000e-05  1.40325050e+00  2.64000000e-05  1.40000000e+00  9.00000000e-01 
 2.65000000e-05  1.40385570e+00  2.65000000e-05  1.40000000e+00  9.00000000e-01 
 2.66000000e-05  1.40445981e+00  2.66000000e-05  1.40000000e+00  9.00000000e-01 
 2.67000000e-05  1.40506284e+00  2.67000000e-05  1.40000000e+00  9.00000000e-01 
 2.68000000e-05  1.40566480e+00  2.68000000e-05  1.40000000e+00  9.00000000e-01 
 2.69000000e-05  1.40626570e+00  2.69000000e-05  1.40000000e+00  9.00000000e-01 
 2.70000000e-05  1.40686554e+00  2.70000000e-05  1.40000000e+00  9.00000000e-01 
 2.71000000e-05  1.40746432e+00  2.71000000e-05  1.40000000e+00  9.00000000e-01 
 2.72000000e-05  1.40806206e+00  2.72000000e-05  1.40000000e+00  9.00000000e-01 
 2.73000000e-05  1.40865876e+00  2.73000000e-05  1.40000000e+00  9.00000000e-01 
 2.74000000e-05  1.40925442e+00  2.74000000e-05  1.40000000e+00  9.00000000e-01 
 2.75000000e-05  1.40984906e+00  2.75000000e-05  1.40000000e+00  9.00000000e-01 
 2.76000000e-05  1.41044267e+00  2.76000000e-05  1.40000000e+00  9.00000000e-01 
 2.77000000e-05  1.41103526e+00  2.77000000e-05  1.40000000e+00  9.00000000e-01 
 2.78000000e-05  1.41162685e+00  2.78000000e-05  1.40000000e+00  9.00000000e-01 
 2.79000000e-05  1.41221742e+00  2.79000000e-05  1.40000000e+00  9.00000000e-01 
 2.80000000e-05  1.41280700e+00  2.80000000e-05  1.40000000e+00  9.00000000e-01 
 2.81000000e-05  1.41339558e+00  2.81000000e-05  1.40000000e+00  9.00000000e-01 
 2.82000000e-05  1.41398318e+00  2.82000000e-05  1.40000000e+00  9.00000000e-01 
 2.83000000e-05  1.41456979e+00  2.83000000e-05  1.40000000e+00  9.00000000e-01 
 2.84000000e-05  1.41515542e+00  2.84000000e-05  1.40000000e+00  9.00000000e-01 
 2.85000000e-05  1.41574008e+00  2.85000000e-05  1.40000000e+00  9.00000000e-01 
 2.86000000e-05  1.41632377e+00  2.86000000e-05  1.40000000e+00  9.00000000e-01 
 2.87000000e-05  1.41690650e+00  2.87000000e-05  1.40000000e+00  9.00000000e-01 
 2.88000000e-05  1.41748827e+00  2.88000000e-05  1.40000000e+00  9.00000000e-01 
 2.89000000e-05  1.41806909e+00  2.89000000e-05  1.40000000e+00  9.00000000e-01 
 2.90000000e-05  1.41864897e+00  2.90000000e-05  1.40000000e+00  9.00000000e-01 
 2.91000000e-05  1.41922790e+00  2.91000000e-05  1.40000000e+00  9.00000000e-01 
 2.92000000e-05  1.41980589e+00  2.92000000e-05  1.40000000e+00  9.00000000e-01 
 2.93000000e-05  1.42038296e+00  2.93000000e-05  1.40000000e+00  9.00000000e-01 
 2.94000000e-05  1.42095910e+00  2.94000000e-05  1.40000000e+00  9.00000000e-01 
 2.95000000e-05  1.42153431e+00  2.95000000e-05  1.40000000e+00  9.00000000e-01 
 2.96000000e-05  1.42210861e+00  2.96000000e-05  1.40000000e+00  9.00000000e-01 
 2.97000000e-05  1.42268199e+00  2.97000000e-05  1.40000000e+00  9.00000000e-01 
 2.98000000e-05  1.42325447e+00  2.98000000e-05  1.40000000e+00  9.00000000e-01 
 2.99000000e-05  1.42382605e+00  2.99000000e-05  1.40000000e+00  9.00000000e-01 
 3.00000000e-05  1.42439673e+00  3.00000000e-05  1.40000000e+00  9.00000000e-01 
