 i-sweep         v(vout)         i(viin)         v(vgate)        v(vmid)        
-6.00000000e-06  1.67896358e-01 -6.00000000e-06  1.70000000e+00  3.00000000e-01 
-5.90000000e-06  1.69941658e-01 -5.90000000e-06  1.70000000e+00  3.00000000e-01 
-5.80000000e-06  1.71991431e-01 -5.80000000e-06  1.70000000e+00  3.00000000e-01 
-5.70000000e-06  1.74045713e-01 -5.70000000e-06  1.70000000e+00  3.00000000e-01 
-5.60000000e-06  1.76104539e-01 -5.60000000e-06  1.70000000e+00  3.00000000e-01 
-5.50000000e-06  1.78167942e-01 -5.50000000e-06  1.70000000e+00  3.00000000e-01 
-5.40000000e-06  1.80235961e-01 -5.40000000e-06  1.70000000e+00  3.00000000e-01 
-5.30000000e-06  1.82308629e-01 -5.30000000e-06  1.70000000e+00  3.00000000e-01 
-5.20000000e-06  1.84385986e-01 -5.20000000e-06  1.70000000e+00  3.00000000e-01 
-5.10000000e-06  1.86468067e-01 -5.10000000e-06  1.70000000e+00  3.00000000e-01 
-5.00000000e-06  1.88554911e-01 -5.00000000e-06  1.70000000e+00  3.00000000e-01 
-4.90000000e-06  1.90646557e-01 -4.90000000e-06  1.70000000e+00  3.00000000e-01 
-4.80000000e-06  1.92743042e-01 -4.80000000e-06  1.70000000e+00  3.00000000e-01 
-4.70000000e-06  1.94844407e-01 -4.70000000e-06  1.70000000e+00  3.00000000e-01 
-4.60000000e-06  1.96950692e-01 -4.60000000e-06  1.70000000e+00  3.00000000e-01 
-4.50000000e-06  1.99061936e-01 -4.50000000e-06  1.70000000e+00  3.00000000e-01 
-4.40000000e-06  2.01178183e-01 -4.40000000e-06  1.70000000e+00  3.00000000e-01 
-4.30000000e-06  2.03299472e-01 -4.30000000e-06  1.70000000e+00  3.00000000e-01 
-4.20000000e-06  2.05425847e-01 -4.20000000e-06  1.70000000e+00  3.00000000e-01 
-4.10000000e-06  2.07557351e-01 -4.10000000e-06  1.70000000e+00  3.00000000e-01 
-4.00000000e-06  2.09694027e-01 -4.00000000e-06  1.70000000e+00  3.00000000e-01 
-3.90000000e-06  2.11835920e-01 -3.90000000e-06  1.70000000e+00  3.00000000e-01 
-3.80000000e-06  2.13983075e-01 -3.80000000e-06  1.70000000e+00  3.00000000e-01 
-3.70000000e-06  2.16135537e-01 -3.70000000e-06  1.70000000e+00  3.00000000e-01 
-3.60000000e-06  2.18293353e-01 -3.60000000e-06  1.70000000e+00  3.00000000e-01 
-3.50000000e-06  2.20456569e-01 -3.50000000e-06  1.70000000e+00  3.00000000e-01 
-3.40000000e-06  2.22625234e-01 -3.40000000e-06  1.70000000e+00  3.00000000e-01 
-3.30000000e-06  2.24799397e-01 -3.30000000e-06  1.70000000e+00  3.00000000e-01 
-3.20000000e-06  2.26979105e-01 -3.20000000e-06  1.70000000e+00  3.00000000e-01 
-3.10000000e-06  2.29164410e-01 -3.10000000e-06  1.70000000e+00  3.00000000e-01 
-3.00000000e-06  2.31355362e-01 -3.00000000e-06  1.70000000e+00  3.00000000e-01 
-2.90000000e-06  2.33552014e-01 -2.90000000e-06  1.70000000e+00  3.00000000e-01 
-2.80000000e-06  2.35754416e-01 -2.80000000e-06  1.70000000e+00  3.00000000e-01 
-2.70000000e-06  2.37962623e-01 -2.70000000e-06  1.70000000e+00  3.00000000e-01 
-2.60000000e-06  2.40176690e-01 -2.60000000e-06  1.70000000e+00  3.00000000e-01 
-2.50000000e-06  2.42396670e-01 -2.50000000e-06  1.70000000e+00  3.00000000e-01 
-2.40000000e-06  2.44622619e-01 -2.40000000e-06  1.70000000e+00  3.00000000e-01 
-2.30000000e-06  2.46854596e-01 -2.30000000e-06  1.70000000e+00  3.00000000e-01 
-2.20000000e-06  2.49092657e-01 -2.20000000e-06  1.70000000e+00  3.00000000e-01 
-2.10000000e-06  2.51336861e-01 -2.10000000e-06  1.70000000e+00  3.00000000e-01 
-2.00000000e-06  2.53587269e-01 -2.00000000e-06  1.70000000e+00  3.00000000e-01 
-1.90000000e-06  2.55843941e-01 -1.90000000e-06  1.70000000e+00  3.00000000e-01 
-1.80000000e-06  2.58106938e-01 -1.80000000e-06  1.70000000e+00  3.00000000e-01 
-1.70000000e-06  2.60376324e-01 -1.70000000e-06  1.70000000e+00  3.00000000e-01 
-1.60000000e-06  2.62652162e-01 -1.60000000e-06  1.70000000e+00  3.00000000e-01 
-1.50000000e-06  2.64934518e-01 -1.50000000e-06  1.70000000e+00  3.00000000e-01 
-1.40000000e-06  2.67223458e-01 -1.40000000e-06  1.70000000e+00  3.00000000e-01 
-1.30000000e-06  2.69519050e-01 -1.30000000e-06  1.70000000e+00  3.00000000e-01 
-1.20000000e-06  2.71821361e-01 -1.20000000e-06  1.70000000e+00  3.00000000e-01 
-1.10000000e-06  2.74130463e-01 -1.10000000e-06  1.70000000e+00  3.00000000e-01 
-1.00000000e-06  2.76446425e-01 -1.00000000e-06  1.70000000e+00  3.00000000e-01 
-9.00000000e-07  2.78769321e-01 -9.00000000e-07  1.70000000e+00  3.00000000e-01 
-8.00000000e-07  2.81099224e-01 -8.00000000e-07  1.70000000e+00  3.00000000e-01 
-7.00000000e-07  2.83436210e-01 -7.00000000e-07  1.70000000e+00  3.00000000e-01 
-6.00000000e-07  2.85780354e-01 -6.00000000e-07  1.70000000e+00  3.00000000e-01 
-5.00000000e-07  2.88131735e-01 -5.00000000e-07  1.70000000e+00  3.00000000e-01 
-4.00000000e-07  2.90490433e-01 -4.00000000e-07  1.70000000e+00  3.00000000e-01 
-3.00000000e-07  2.92856527e-01 -3.00000000e-07  1.70000000e+00  3.00000000e-01 
-2.00000000e-07  2.95230102e-01 -2.00000000e-07  1.70000000e+00  3.00000000e-01 
-1.00000000e-07  2.97611240e-01 -1.00000000e-07  1.70000000e+00  3.00000000e-01 
-5.71747239e-21  3.00000029e-01 -5.71747239e-21  1.70000000e+00  3.00000000e-01 
 1.00000000e-07  3.02397046e-01  1.00000000e-07  1.70000000e+00  3.00000000e-01 
 2.00000000e-07  3.04802875e-01  2.00000000e-07  1.70000000e+00  3.00000000e-01 
 3.00000000e-07  3.07217613e-01  3.00000000e-07  1.70000000e+00  3.00000000e-01 
 4.00000000e-07  3.09641356e-01  4.00000000e-07  1.70000000e+00  3.00000000e-01 
 5.00000000e-07  3.12074205e-01  5.00000000e-07  1.70000000e+00  3.00000000e-01 
 6.00000000e-07  3.14516261e-01  6.00000000e-07  1.70000000e+00  3.00000000e-01 
 7.00000000e-07  3.16967626e-01  7.00000000e-07  1.70000000e+00  3.00000000e-01 
 8.00000000e-07  3.19428406e-01  8.00000000e-07  1.70000000e+00  3.00000000e-01 
 9.00000000e-07  3.21898707e-01  9.00000000e-07  1.70000000e+00  3.00000000e-01 
 1.00000000e-06  3.24378640e-01  1.00000000e-06  1.70000000e+00  3.00000000e-01 
 1.10000000e-06  3.26868315e-01  1.10000000e-06  1.70000000e+00  3.00000000e-01 
 1.20000000e-06  3.29367845e-01  1.20000000e-06  1.70000000e+00  3.00000000e-01 
 1.30000000e-06  3.31877346e-01  1.30000000e-06  1.70000000e+00  3.00000000e-01 
 1.40000000e-06  3.34396936e-01  1.40000000e-06  1.70000000e+00  3.00000000e-01 
 1.50000000e-06  3.36926735e-01  1.50000000e-06  1.70000000e+00  3.00000000e-01 
 1.60000000e-06  3.39466866e-01  1.60000000e-06  1.70000000e+00  3.00000000e-01 
 1.70000000e-06  3.42017453e-01  1.70000000e-06  1.70000000e+00  3.00000000e-01 
 1.80000000e-06  3.44578625e-01  1.80000000e-06  1.70000000e+00  3.00000000e-01 
 1.90000000e-06  3.47150511e-01  1.90000000e-06  1.70000000e+00  3.00000000e-01 
 2.00000000e-06  3.49733245e-01  2.00000000e-06  1.70000000e+00  3.00000000e-01 
 2.10000000e-06  3.52326962e-01  2.10000000e-06  1.70000000e+00  3.00000000e-01 
 2.20000000e-06  3.54931800e-01  2.20000000e-06  1.70000000e+00  3.00000000e-01 
 2.30000000e-06  3.57547902e-01  2.30000000e-06  1.70000000e+00  3.00000000e-01 
 2.40000000e-06  3.60175410e-01  2.40000000e-06  1.70000000e+00  3.00000000e-01 
 2.50000000e-06  3.62814474e-01  2.50000000e-06  1.70000000e+00  3.00000000e-01 
 2.60000000e-06  3.65465244e-01  2.60000000e-06  1.70000000e+00  3.00000000e-01 
 2.70000000e-06  3.68127874e-01  2.70000000e-06  1.70000000e+00  3.00000000e-01 
 2.80000000e-06  3.70802522e-01  2.80000000e-06  1.70000000e+00  3.00000000e-01 
 2.90000000e-06  3.73489348e-01  2.90000000e-06  1.70000000e+00  3.00000000e-01 
 3.00000000e-06  3.76188517e-01  3.00000000e-06  1.70000000e+00  3.00000000e-01 
 3.10000000e-06  3.78900197e-01  3.10000000e-06  1.70000000e+00  3.00000000e-01 
 3.20000000e-06  3.81624562e-01  3.20000000e-06  1.70000000e+00  3.00000000e-01 
 3.30000000e-06  3.84361786e-01  3.30000000e-06  1.70000000e+00  3.00000000e-01 
 3.40000000e-06  3.87112051e-01  3.40000000e-06  1.70000000e+00  3.00000000e-01 
 3.50000000e-06  3.89875541e-01  3.50000000e-06  1.70000000e+00  3.00000000e-01 
 3.60000000e-06  3.92652445e-01  3.60000000e-06  1.70000000e+00  3.00000000e-01 
 3.70000000e-06  3.95442956e-01  3.70000000e-06  1.70000000e+00  3.00000000e-01 
 3.80000000e-06  3.98247273e-01  3.80000000e-06  1.70000000e+00  3.00000000e-01 
 3.90000000e-06  4.01065599e-01  3.90000000e-06  1.70000000e+00  3.00000000e-01 
 4.00000000e-06  4.03898142e-01  4.00000000e-06  1.70000000e+00  3.00000000e-01 
 4.10000000e-06  4.06745115e-01  4.10000000e-06  1.70000000e+00  3.00000000e-01 
 4.20000000e-06  4.09606737e-01  4.20000000e-06  1.70000000e+00  3.00000000e-01 
 4.30000000e-06  4.12483232e-01  4.30000000e-06  1.70000000e+00  3.00000000e-01 
 4.40000000e-06  4.15374830e-01  4.40000000e-06  1.70000000e+00  3.00000000e-01 
 4.50000000e-06  4.18281767e-01  4.50000000e-06  1.70000000e+00  3.00000000e-01 
 4.60000000e-06  4.21204286e-01  4.60000000e-06  1.70000000e+00  3.00000000e-01 
 4.70000000e-06  4.24142634e-01  4.70000000e-06  1.70000000e+00  3.00000000e-01 
 4.80000000e-06  4.27097068e-01  4.80000000e-06  1.70000000e+00  3.00000000e-01 
 4.90000000e-06  4.30067850e-01  4.90000000e-06  1.70000000e+00  3.00000000e-01 
 5.00000000e-06  4.33055249e-01  5.00000000e-06  1.70000000e+00  3.00000000e-01 
 5.10000000e-06  4.36059542e-01  5.10000000e-06  1.70000000e+00  3.00000000e-01 
 5.20000000e-06  4.39081014e-01  5.20000000e-06  1.70000000e+00  3.00000000e-01 
 5.30000000e-06  4.42119957e-01  5.30000000e-06  1.70000000e+00  3.00000000e-01 
 5.40000000e-06  4.45176673e-01  5.40000000e-06  1.70000000e+00  3.00000000e-01 
 5.50000000e-06  4.48251471e-01  5.50000000e-06  1.70000000e+00  3.00000000e-01 
 5.60000000e-06  4.51344671e-01  5.60000000e-06  1.70000000e+00  3.00000000e-01 
 5.70000000e-06  4.54456602e-01  5.70000000e-06  1.70000000e+00  3.00000000e-01 
 5.80000000e-06  4.57587601e-01  5.80000000e-06  1.70000000e+00  3.00000000e-01 
 5.90000000e-06  4.60738017e-01  5.90000000e-06  1.70000000e+00  3.00000000e-01 
 6.00000000e-06  4.63908210e-01  6.00000000e-06  1.70000000e+00  3.00000000e-01 
