 i-sweep         v(vout)         i(viin)         v(vgate)        v(vmid)        
 0.00000000e+00  4.00000033e-01  0.00000000e+00  1.60000000e+00  4.00000000e-01 
 1.00000000e-07  4.03274452e-01  1.00000000e-07  1.60000000e+00  4.00000000e-01 
 2.00000000e-07  4.06571466e-01  2.00000000e-07  1.60000000e+00  4.00000000e-01 
 3.00000000e-07  4.09891541e-01  3.00000000e-07  1.60000000e+00  4.00000000e-01 
 4.00000000e-07  4.13235160e-01  4.00000000e-07  1.60000000e+00  4.00000000e-01 
 5.00000000e-07  4.16602821e-01  5.00000000e-07  1.60000000e+00  4.00000000e-01 
 6.00000000e-07  4.19995041e-01  6.00000000e-07  1.60000000e+00  4.00000000e-01 
 7.00000000e-07  4.23412358e-01  7.00000000e-07  1.60000000e+00  4.00000000e-01 
 8.00000000e-07  4.26855325e-01  8.00000000e-07  1.60000000e+00  4.00000000e-01 
 9.00000000e-07  4.30324520e-01  9.00000000e-07  1.60000000e+00  4.00000000e-01 
 1.00000000e-06  4.33820542e-01  1.00000000e-06  1.60000000e+00  4.00000000e-01 
 1.10000000e-06  4.37344010e-01  1.10000000e-06  1.60000000e+00  4.00000000e-01 
 1.20000000e-06  4.40895572e-01  1.20000000e-06  1.60000000e+00  4.00000000e-01 
 1.30000000e-06  4.44475898e-01  1.30000000e-06  1.60000000e+00  4.00000000e-01 
 1.40000000e-06  4.48085688e-01  1.40000000e-06  1.60000000e+00  4.00000000e-01 
 1.50000000e-06  4.51725667e-01  1.50000000e-06  1.60000000e+00  4.00000000e-01 
 1.60000000e-06  4.55396595e-01  1.60000000e-06  1.60000000e+00  4.00000000e-01 
 1.70000000e-06  4.59099260e-01  1.70000000e-06  1.60000000e+00  4.00000000e-01 
 1.80000000e-06  4.62834488e-01  1.80000000e-06  1.60000000e+00  4.00000000e-01 
 1.90000000e-06  4.66603136e-01  1.90000000e-06  1.60000000e+00  4.00000000e-01 
 2.00000000e-06  4.70406106e-01  2.00000000e-06  1.60000000e+00  4.00000000e-01 
 2.10000000e-06  4.74244335e-01  2.10000000e-06  1.60000000e+00  4.00000000e-01 
 2.20000000e-06  4.78118806e-01  2.20000000e-06  1.60000000e+00  4.00000000e-01 
 2.30000000e-06  4.82030551e-01  2.30000000e-06  1.60000000e+00  4.00000000e-01 
 2.40000000e-06  4.85980646e-01  2.40000000e-06  1.60000000e+00  4.00000000e-01 
 2.50000000e-06  4.89970226e-01  2.50000000e-06  1.60000000e+00  4.00000000e-01 
 2.60000000e-06  4.94000478e-01  2.60000000e-06  1.60000000e+00  4.00000000e-01 
 2.70000000e-06  4.98072651e-01  2.70000000e-06  1.60000000e+00  4.00000000e-01 
 2.80000000e-06  5.02188061e-01  2.80000000e-06  1.60000000e+00  4.00000000e-01 
 2.90000000e-06  5.06348092e-01  2.90000000e-06  1.60000000e+00  4.00000000e-01 
 3.00000000e-06  5.10554205e-01  3.00000000e-06  1.60000000e+00  4.00000000e-01 
 3.10000000e-06  5.14807939e-01  3.10000000e-06  1.60000000e+00  4.00000000e-01 
 3.20000000e-06  5.19110925e-01  3.20000000e-06  1.60000000e+00  4.00000000e-01 
 3.30000000e-06  5.23464885e-01  3.30000000e-06  1.60000000e+00  4.00000000e-01 
 3.40000000e-06  5.27871646e-01  3.40000000e-06  1.60000000e+00  4.00000000e-01 
 3.50000000e-06  5.32333145e-01  3.50000000e-06  1.60000000e+00  4.00000000e-01 
 3.60000000e-06  5.36851440e-01  3.60000000e-06  1.60000000e+00  4.00000000e-01 
 3.70000000e-06  5.41428722e-01  3.70000000e-06  1.60000000e+00  4.00000000e-01 
 3.80000000e-06  5.46067326e-01  3.80000000e-06  1.60000000e+00  4.00000000e-01 
 3.90000000e-06  5.50769742e-01  3.90000000e-06  1.60000000e+00  4.00000000e-01 
 4.00000000e-06  5.55538636e-01  4.00000000e-06  1.60000000e+00  4.00000000e-01 
 4.10000000e-06  5.60376862e-01  4.10000000e-06  1.60000000e+00  4.00000000e-01 
 4.20000000e-06  5.65287485e-01  4.20000000e-06  1.60000000e+00  4.00000000e-01 
 4.30000000e-06  5.70273799e-01  4.30000000e-06  1.60000000e+00  4.00000000e-01 
 4.40000000e-06  5.75339356e-01  4.40000000e-06  1.60000000e+00  4.00000000e-01 
 4.50000000e-06  5.80487995e-01  4.50000000e-06  1.60000000e+00  4.00000000e-01 
 4.60000000e-06  5.85723869e-01  4.60000000e-06  1.60000000e+00  4.00000000e-01 
 4.70000000e-06  5.91051491e-01  4.70000000e-06  1.60000000e+00  4.00000000e-01 
 4.80000000e-06  5.96475774e-01  4.80000000e-06  1.60000000e+00  4.00000000e-01 
 4.90000000e-06  6.02002079e-01  4.90000000e-06  1.60000000e+00  4.00000000e-01 
 5.00000000e-06  6.07636284e-01  5.00000000e-06  1.60000000e+00  4.00000000e-01 
 5.10000000e-06  6.13384844e-01  5.10000000e-06  1.60000000e+00  4.00000000e-01 
 5.20000000e-06  6.19254881e-01  5.20000000e-06  1.60000000e+00  4.00000000e-01 
 5.30000000e-06  6.25254284e-01  5.30000000e-06  1.60000000e+00  4.00000000e-01 
 5.40000000e-06  6.31391823e-01  5.40000000e-06  1.60000000e+00  4.00000000e-01 
 5.50000000e-06  6.37677297e-01  5.50000000e-06  1.60000000e+00  4.00000000e-01 
 5.60000000e-06  6.44121707e-01  5.60000000e-06  1.60000000e+00  4.00000000e-01 
 5.70000000e-06  6.50737471e-01  5.70000000e-06  1.60000000e+00  4.00000000e-01 
 5.80000000e-06  6.57538694e-01  5.80000000e-06  1.60000000e+00  4.00000000e-01 
 5.90000000e-06  6.64541498e-01  5.90000000e-06  1.60000000e+00  4.00000000e-01 
 6.00000000e-06  6.71764445e-01  6.00000000e-06  1.60000000e+00  4.00000000e-01 
 6.10000000e-06  6.79229082e-01  6.10000000e-06  1.60000000e+00  4.00000000e-01 
 6.20000000e-06  6.86960647e-01  6.20000000e-06  1.60000000e+00  4.00000000e-01 
 6.30000000e-06  6.94988996e-01  6.30000000e-06  1.60000000e+00  4.00000000e-01 
 6.40000000e-06  7.03349861e-01  6.40000000e-06  1.60000000e+00  4.00000000e-01 
 6.50000000e-06  7.12086562e-01  6.50000000e-06  1.60000000e+00  4.00000000e-01 
 6.60000000e-06  7.21252407e-01  6.60000000e-06  1.60000000e+00  4.00000000e-01 
 6.70000000e-06  7.30914143e-01  6.70000000e-06  1.60000000e+00  4.00000000e-01 
 6.80000000e-06  7.41157047e-01  6.80000000e-06  1.60000000e+00  4.00000000e-01 
 6.90000000e-06  7.52092713e-01  6.90000000e-06  1.60000000e+00  4.00000000e-01 
 7.00000000e-06  7.63871420e-01  7.00000000e-06  1.60000000e+00  4.00000000e-01 
 7.10000000e-06  7.76702737e-01  7.10000000e-06  1.60000000e+00  4.00000000e-01 
 7.20000000e-06  7.90891812e-01  7.20000000e-06  1.60000000e+00  4.00000000e-01 
 7.30000000e-06  8.06907734e-01  7.30000000e-06  1.60000000e+00  4.00000000e-01 
 7.40000000e-06  8.25523196e-01  7.40000000e-06  1.60000000e+00  4.00000000e-01 
 7.50000000e-06  8.48126708e-01  7.50000000e-06  1.60000000e+00  4.00000000e-01 
 7.60000000e-06  8.77464722e-01  7.60000000e-06  1.60000000e+00  4.00000000e-01 
 7.70000000e-06  9.18900241e-01  7.70000000e-06  1.60000000e+00  4.00000000e-01 
 7.80000000e-06  9.73567769e-01  7.80000000e-06  1.60000000e+00  4.00000000e-01 
 7.90000000e-06  1.01778916e+00  7.90000000e-06  1.60000000e+00  4.00000000e-01 
 8.00000000e-06  1.04501067e+00  8.00000000e-06  1.60000000e+00  4.00000000e-01 
 8.10000000e-06  1.06321912e+00  8.10000000e-06  1.60000000e+00  4.00000000e-01 
 8.20000000e-06  1.07669042e+00  8.20000000e-06  1.60000000e+00  4.00000000e-01 
 8.30000000e-06  1.08736071e+00  8.30000000e-06  1.60000000e+00  4.00000000e-01 
 8.40000000e-06  1.09620902e+00  8.40000000e-06  1.60000000e+00  4.00000000e-01 
 8.50000000e-06  1.10378649e+00  8.50000000e-06  1.60000000e+00  4.00000000e-01 
 8.60000000e-06  1.11043042e+00  8.60000000e-06  1.60000000e+00  4.00000000e-01 
 8.70000000e-06  1.11636090e+00  8.70000000e-06  1.60000000e+00  4.00000000e-01 
 8.80000000e-06  1.12172904e+00  8.80000000e-06  1.60000000e+00  4.00000000e-01 
 8.90000000e-06  1.12664280e+00  8.90000000e-06  1.60000000e+00  4.00000000e-01 
 9.00000000e-06  1.13118185e+00  9.00000000e-06  1.60000000e+00  4.00000000e-01 
 9.10000000e-06  1.13540659e+00  9.10000000e-06  1.60000000e+00  4.00000000e-01 
 9.20000000e-06  1.13936392e+00  9.20000000e-06  1.60000000e+00  4.00000000e-01 
 9.30000000e-06  1.14309092e+00  9.30000000e-06  1.60000000e+00  4.00000000e-01 
 9.40000000e-06  1.14661743e+00  9.40000000e-06  1.60000000e+00  4.00000000e-01 
 9.50000000e-06  1.14996780e+00  9.50000000e-06  1.60000000e+00  4.00000000e-01 
 9.60000000e-06  1.15316218e+00  9.60000000e-06  1.60000000e+00  4.00000000e-01 
 9.70000000e-06  1.15621739e+00  9.70000000e-06  1.60000000e+00  4.00000000e-01 
 9.80000000e-06  1.15914765e+00  9.80000000e-06  1.60000000e+00  4.00000000e-01 
 9.90000000e-06  1.16196509e+00  9.90000000e-06  1.60000000e+00  4.00000000e-01 
 1.00000000e-05  1.16468011e+00  1.00000000e-05  1.60000000e+00  4.00000000e-01 
 1.01000000e-05  1.16730173e+00  1.01000000e-05  1.60000000e+00  4.00000000e-01 
 1.02000000e-05  1.16983781e+00  1.02000000e-05  1.60000000e+00  4.00000000e-01 
 1.03000000e-05  1.17229522e+00  1.03000000e-05  1.60000000e+00  4.00000000e-01 
 1.04000000e-05  1.17468003e+00  1.04000000e-05  1.60000000e+00  4.00000000e-01 
 1.05000000e-05  1.17699763e+00  1.05000000e-05  1.60000000e+00  4.00000000e-01 
 1.06000000e-05  1.17925280e+00  1.06000000e-05  1.60000000e+00  4.00000000e-01 
 1.07000000e-05  1.18144982e+00  1.07000000e-05  1.60000000e+00  4.00000000e-01 
 1.08000000e-05  1.18359254e+00  1.08000000e-05  1.60000000e+00  4.00000000e-01 
 1.09000000e-05  1.18568443e+00  1.09000000e-05  1.60000000e+00  4.00000000e-01 
 1.10000000e-05  1.18772863e+00  1.10000000e-05  1.60000000e+00  4.00000000e-01 
 1.11000000e-05  1.18972797e+00  1.11000000e-05  1.60000000e+00  4.00000000e-01 
 1.12000000e-05  1.19168506e+00  1.12000000e-05  1.60000000e+00  4.00000000e-01 
 1.13000000e-05  1.19360226e+00  1.13000000e-05  1.60000000e+00  4.00000000e-01 
 1.14000000e-05  1.19548173e+00  1.14000000e-05  1.60000000e+00  4.00000000e-01 
 1.15000000e-05  1.19732546e+00  1.15000000e-05  1.60000000e+00  4.00000000e-01 
 1.16000000e-05  1.19913529e+00  1.16000000e-05  1.60000000e+00  4.00000000e-01 
 1.17000000e-05  1.20091290e+00  1.17000000e-05  1.60000000e+00  4.00000000e-01 
 1.18000000e-05  1.20265985e+00  1.18000000e-05  1.60000000e+00  4.00000000e-01 
 1.19000000e-05  1.20437760e+00  1.19000000e-05  1.60000000e+00  4.00000000e-01 
 1.20000000e-05  1.20606748e+00  1.20000000e-05  1.60000000e+00  4.00000000e-01 
 1.21000000e-05  1.20773074e+00  1.21000000e-05  1.60000000e+00  4.00000000e-01 
 1.22000000e-05  1.20936854e+00  1.22000000e-05  1.60000000e+00  4.00000000e-01 
 1.23000000e-05  1.21098197e+00  1.23000000e-05  1.60000000e+00  4.00000000e-01 
 1.24000000e-05  1.21257204e+00  1.24000000e-05  1.60000000e+00  4.00000000e-01 
 1.25000000e-05  1.21413971e+00  1.25000000e-05  1.60000000e+00  4.00000000e-01 
 1.26000000e-05  1.21568586e+00  1.26000000e-05  1.60000000e+00  4.00000000e-01 
 1.27000000e-05  1.21721132e+00  1.27000000e-05  1.60000000e+00  4.00000000e-01 
 1.28000000e-05  1.21871689e+00  1.28000000e-05  1.60000000e+00  4.00000000e-01 
 1.29000000e-05  1.22020331e+00  1.29000000e-05  1.60000000e+00  4.00000000e-01 
 1.30000000e-05  1.22167126e+00  1.30000000e-05  1.60000000e+00  4.00000000e-01 
 1.31000000e-05  1.22312141e+00  1.31000000e-05  1.60000000e+00  4.00000000e-01 
 1.32000000e-05  1.22455438e+00  1.32000000e-05  1.60000000e+00  4.00000000e-01 
 1.33000000e-05  1.22597076e+00  1.33000000e-05  1.60000000e+00  4.00000000e-01 
 1.34000000e-05  1.22737111e+00  1.34000000e-05  1.60000000e+00  4.00000000e-01 
 1.35000000e-05  1.22875595e+00  1.35000000e-05  1.60000000e+00  4.00000000e-01 
 1.36000000e-05  1.23012578e+00  1.36000000e-05  1.60000000e+00  4.00000000e-01 
 1.37000000e-05  1.23148108e+00  1.37000000e-05  1.60000000e+00  4.00000000e-01 
 1.38000000e-05  1.23282230e+00  1.38000000e-05  1.60000000e+00  4.00000000e-01 
 1.39000000e-05  1.23414987e+00  1.39000000e-05  1.60000000e+00  4.00000000e-01 
 1.40000000e-05  1.23546421e+00  1.40000000e-05  1.60000000e+00  4.00000000e-01 
 1.41000000e-05  1.23676569e+00  1.41000000e-05  1.60000000e+00  4.00000000e-01 
 1.42000000e-05  1.23805470e+00  1.42000000e-05  1.60000000e+00  4.00000000e-01 
 1.43000000e-05  1.23933158e+00  1.43000000e-05  1.60000000e+00  4.00000000e-01 
 1.44000000e-05  1.24059668e+00  1.44000000e-05  1.60000000e+00  4.00000000e-01 
 1.45000000e-05  1.24185032e+00  1.45000000e-05  1.60000000e+00  4.00000000e-01 
 1.46000000e-05  1.24309282e+00  1.46000000e-05  1.60000000e+00  4.00000000e-01 
 1.47000000e-05  1.24432446e+00  1.47000000e-05  1.60000000e+00  4.00000000e-01 
 1.48000000e-05  1.24554554e+00  1.48000000e-05  1.60000000e+00  4.00000000e-01 
 1.49000000e-05  1.24675633e+00  1.49000000e-05  1.60000000e+00  4.00000000e-01 
 1.50000000e-05  1.24795708e+00  1.50000000e-05  1.60000000e+00  4.00000000e-01 
 1.51000000e-05  1.24914805e+00  1.51000000e-05  1.60000000e+00  4.00000000e-01 
 1.52000000e-05  1.25032949e+00  1.52000000e-05  1.60000000e+00  4.00000000e-01 
 1.53000000e-05  1.25150162e+00  1.53000000e-05  1.60000000e+00  4.00000000e-01 
 1.54000000e-05  1.25266466e+00  1.54000000e-05  1.60000000e+00  4.00000000e-01 
 1.55000000e-05  1.25381884e+00  1.55000000e-05  1.60000000e+00  4.00000000e-01 
 1.56000000e-05  1.25496435e+00  1.56000000e-05  1.60000000e+00  4.00000000e-01 
 1.57000000e-05  1.25610139e+00  1.57000000e-05  1.60000000e+00  4.00000000e-01 
 1.58000000e-05  1.25723017e+00  1.58000000e-05  1.60000000e+00  4.00000000e-01 
 1.59000000e-05  1.25835085e+00  1.59000000e-05  1.60000000e+00  4.00000000e-01 
 1.60000000e-05  1.25946363e+00  1.60000000e-05  1.60000000e+00  4.00000000e-01 
 1.61000000e-05  1.26056866e+00  1.61000000e-05  1.60000000e+00  4.00000000e-01 
 1.62000000e-05  1.26166612e+00  1.62000000e-05  1.60000000e+00  4.00000000e-01 
 1.63000000e-05  1.26275617e+00  1.63000000e-05  1.60000000e+00  4.00000000e-01 
 1.64000000e-05  1.26383896e+00  1.64000000e-05  1.60000000e+00  4.00000000e-01 
 1.65000000e-05  1.26491465e+00  1.65000000e-05  1.60000000e+00  4.00000000e-01 
 1.66000000e-05  1.26598337e+00  1.66000000e-05  1.60000000e+00  4.00000000e-01 
 1.67000000e-05  1.26704526e+00  1.67000000e-05  1.60000000e+00  4.00000000e-01 
 1.68000000e-05  1.26810047e+00  1.68000000e-05  1.60000000e+00  4.00000000e-01 
 1.69000000e-05  1.26914911e+00  1.69000000e-05  1.60000000e+00  4.00000000e-01 
 1.70000000e-05  1.27019133e+00  1.70000000e-05  1.60000000e+00  4.00000000e-01 
 1.71000000e-05  1.27122724e+00  1.71000000e-05  1.60000000e+00  4.00000000e-01 
 1.72000000e-05  1.27225696e+00  1.72000000e-05  1.60000000e+00  4.00000000e-01 
 1.73000000e-05  1.27328061e+00  1.73000000e-05  1.60000000e+00  4.00000000e-01 
 1.74000000e-05  1.27429829e+00  1.74000000e-05  1.60000000e+00  4.00000000e-01 
 1.75000000e-05  1.27531013e+00  1.75000000e-05  1.60000000e+00  4.00000000e-01 
 1.76000000e-05  1.27631621e+00  1.76000000e-05  1.60000000e+00  4.00000000e-01 
 1.77000000e-05  1.27731666e+00  1.77000000e-05  1.60000000e+00  4.00000000e-01 
 1.78000000e-05  1.27831155e+00  1.78000000e-05  1.60000000e+00  4.00000000e-01 
 1.79000000e-05  1.27930100e+00  1.79000000e-05  1.60000000e+00  4.00000000e-01 
 1.80000000e-05  1.28028510e+00  1.80000000e-05  1.60000000e+00  4.00000000e-01 
 1.81000000e-05  1.28126393e+00  1.81000000e-05  1.60000000e+00  4.00000000e-01 
 1.82000000e-05  1.28223759e+00  1.82000000e-05  1.60000000e+00  4.00000000e-01 
 1.83000000e-05  1.28320616e+00  1.83000000e-05  1.60000000e+00  4.00000000e-01 
 1.84000000e-05  1.28416973e+00  1.84000000e-05  1.60000000e+00  4.00000000e-01 
 1.85000000e-05  1.28512837e+00  1.85000000e-05  1.60000000e+00  4.00000000e-01 
 1.86000000e-05  1.28608218e+00  1.86000000e-05  1.60000000e+00  4.00000000e-01 
 1.87000000e-05  1.28703122e+00  1.87000000e-05  1.60000000e+00  4.00000000e-01 
 1.88000000e-05  1.28797556e+00  1.88000000e-05  1.60000000e+00  4.00000000e-01 
 1.89000000e-05  1.28891530e+00  1.89000000e-05  1.60000000e+00  4.00000000e-01 
 1.90000000e-05  1.28985049e+00  1.90000000e-05  1.60000000e+00  4.00000000e-01 
 1.91000000e-05  1.29078120e+00  1.91000000e-05  1.60000000e+00  4.00000000e-01 
 1.92000000e-05  1.29170751e+00  1.92000000e-05  1.60000000e+00  4.00000000e-01 
 1.93000000e-05  1.29262948e+00  1.93000000e-05  1.60000000e+00  4.00000000e-01 
 1.94000000e-05  1.29354717e+00  1.94000000e-05  1.60000000e+00  4.00000000e-01 
 1.95000000e-05  1.29446065e+00  1.95000000e-05  1.60000000e+00  4.00000000e-01 
 1.96000000e-05  1.29536999e+00  1.96000000e-05  1.60000000e+00  4.00000000e-01 
 1.97000000e-05  1.29627523e+00  1.97000000e-05  1.60000000e+00  4.00000000e-01 
 1.98000000e-05  1.29717644e+00  1.98000000e-05  1.60000000e+00  4.00000000e-01 
 1.99000000e-05  1.29807367e+00  1.99000000e-05  1.60000000e+00  4.00000000e-01 
 2.00000000e-05  1.29896699e+00  2.00000000e-05  1.60000000e+00  4.00000000e-01 
 2.01000000e-05  1.29985645e+00  2.01000000e-05  1.60000000e+00  4.00000000e-01 
 2.02000000e-05  1.30074210e+00  2.02000000e-05  1.60000000e+00  4.00000000e-01 
 2.03000000e-05  1.30162398e+00  2.03000000e-05  1.60000000e+00  4.00000000e-01 
 2.04000000e-05  1.30250217e+00  2.04000000e-05  1.60000000e+00  4.00000000e-01 
 2.05000000e-05  1.30337669e+00  2.05000000e-05  1.60000000e+00  4.00000000e-01 
 2.06000000e-05  1.30424761e+00  2.06000000e-05  1.60000000e+00  4.00000000e-01 
 2.07000000e-05  1.30511497e+00  2.07000000e-05  1.60000000e+00  4.00000000e-01 
 2.08000000e-05  1.30597882e+00  2.08000000e-05  1.60000000e+00  4.00000000e-01 
 2.09000000e-05  1.30683920e+00  2.09000000e-05  1.60000000e+00  4.00000000e-01 
 2.10000000e-05  1.30769616e+00  2.10000000e-05  1.60000000e+00  4.00000000e-01 
 2.11000000e-05  1.30854973e+00  2.11000000e-05  1.60000000e+00  4.00000000e-01 
 2.12000000e-05  1.30939998e+00  2.12000000e-05  1.60000000e+00  4.00000000e-01 
 2.13000000e-05  1.31024693e+00  2.13000000e-05  1.60000000e+00  4.00000000e-01 
 2.14000000e-05  1.31109062e+00  2.14000000e-05  1.60000000e+00  4.00000000e-01 
 2.15000000e-05  1.31193111e+00  2.15000000e-05  1.60000000e+00  4.00000000e-01 
 2.16000000e-05  1.31276842e+00  2.16000000e-05  1.60000000e+00  4.00000000e-01 
 2.17000000e-05  1.31360259e+00  2.17000000e-05  1.60000000e+00  4.00000000e-01 
 2.18000000e-05  1.31443367e+00  2.18000000e-05  1.60000000e+00  4.00000000e-01 
 2.19000000e-05  1.31526169e+00  2.19000000e-05  1.60000000e+00  4.00000000e-01 
 2.20000000e-05  1.31608669e+00  2.20000000e-05  1.60000000e+00  4.00000000e-01 
 2.21000000e-05  1.31690870e+00  2.21000000e-05  1.60000000e+00  4.00000000e-01 
 2.22000000e-05  1.31772776e+00  2.22000000e-05  1.60000000e+00  4.00000000e-01 
 2.23000000e-05  1.31854390e+00  2.23000000e-05  1.60000000e+00  4.00000000e-01 
 2.24000000e-05  1.31935715e+00  2.24000000e-05  1.60000000e+00  4.00000000e-01 
 2.25000000e-05  1.32016756e+00  2.25000000e-05  1.60000000e+00  4.00000000e-01 
 2.26000000e-05  1.32097514e+00  2.26000000e-05  1.60000000e+00  4.00000000e-01 
 2.27000000e-05  1.32177994e+00  2.27000000e-05  1.60000000e+00  4.00000000e-01 
 2.28000000e-05  1.32258198e+00  2.28000000e-05  1.60000000e+00  4.00000000e-01 
 2.29000000e-05  1.32338130e+00  2.29000000e-05  1.60000000e+00  4.00000000e-01 
 2.30000000e-05  1.32417792e+00  2.30000000e-05  1.60000000e+00  4.00000000e-01 
 2.31000000e-05  1.32497187e+00  2.31000000e-05  1.60000000e+00  4.00000000e-01 
 2.32000000e-05  1.32576319e+00  2.32000000e-05  1.60000000e+00  4.00000000e-01 
 2.33000000e-05  1.32655190e+00  2.33000000e-05  1.60000000e+00  4.00000000e-01 
 2.34000000e-05  1.32733802e+00  2.34000000e-05  1.60000000e+00  4.00000000e-01 
 2.35000000e-05  1.32812160e+00  2.35000000e-05  1.60000000e+00  4.00000000e-01 
 2.36000000e-05  1.32890264e+00  2.36000000e-05  1.60000000e+00  4.00000000e-01 
 2.37000000e-05  1.32968119e+00  2.37000000e-05  1.60000000e+00  4.00000000e-01 
 2.38000000e-05  1.33045726e+00  2.38000000e-05  1.60000000e+00  4.00000000e-01 
 2.39000000e-05  1.33123089e+00  2.39000000e-05  1.60000000e+00  4.00000000e-01 
 2.40000000e-05  1.33200209e+00  2.40000000e-05  1.60000000e+00  4.00000000e-01 
 2.41000000e-05  1.33277089e+00  2.41000000e-05  1.60000000e+00  4.00000000e-01 
 2.42000000e-05  1.33353731e+00  2.42000000e-05  1.60000000e+00  4.00000000e-01 
 2.43000000e-05  1.33430139e+00  2.43000000e-05  1.60000000e+00  4.00000000e-01 
 2.44000000e-05  1.33506314e+00  2.44000000e-05  1.60000000e+00  4.00000000e-01 
 2.45000000e-05  1.33582258e+00  2.45000000e-05  1.60000000e+00  4.00000000e-01 
 2.46000000e-05  1.33657975e+00  2.46000000e-05  1.60000000e+00  4.00000000e-01 
 2.47000000e-05  1.33733465e+00  2.47000000e-05  1.60000000e+00  4.00000000e-01 
 2.48000000e-05  1.33808732e+00  2.48000000e-05  1.60000000e+00  4.00000000e-01 
 2.49000000e-05  1.33883777e+00  2.49000000e-05  1.60000000e+00  4.00000000e-01 
 2.50000000e-05  1.33958602e+00  2.50000000e-05  1.60000000e+00  4.00000000e-01 
