 i-sweep         v(vout)         i(viin)         v(vgate)        v(vmid)        
 0.00000000e+00  3.53108697e-05  0.00000000e+00  4.00000000e-01  0.00000000e+00 
 1.00000000e-07  1.01448236e+00  1.00000000e-07  4.00000000e-01  0.00000000e+00 
 2.00000000e-07  1.04724346e+00  2.00000000e-07  4.00000000e-01  0.00000000e+00 
 3.00000000e-07  1.06624471e+00  3.00000000e-07  4.00000000e-01  0.00000000e+00 
 4.00000000e-07  1.07974356e+00  4.00000000e-07  4.00000000e-01  0.00000000e+00 
 5.00000000e-07  1.09027970e+00  5.00000000e-07  4.00000000e-01  0.00000000e+00 
 6.00000000e-07  1.09896624e+00  6.00000000e-07  4.00000000e-01  0.00000000e+00 
 7.00000000e-07  1.10638895e+00  7.00000000e-07  4.00000000e-01  0.00000000e+00 
 8.00000000e-07  1.11289354e+00  8.00000000e-07  4.00000000e-01  0.00000000e+00 
 9.00000000e-07  1.11870091e+00  9.00000000e-07  4.00000000e-01  0.00000000e+00 
 1.00000000e-06  1.12396064e+00  1.00000000e-06  4.00000000e-01  0.00000000e+00 
 1.10000000e-06  1.12877874e+00  1.10000000e-06  4.00000000e-01  0.00000000e+00 
 1.20000000e-06  1.13323299e+00  1.20000000e-06  4.00000000e-01  0.00000000e+00 
 1.30000000e-06  1.13738220e+00  1.30000000e-06  4.00000000e-01  0.00000000e+00 
 1.40000000e-06  1.14127187e+00  1.40000000e-06  4.00000000e-01  0.00000000e+00 
 1.50000000e-06  1.14493795e+00  1.50000000e-06  4.00000000e-01  0.00000000e+00 
 1.60000000e-06  1.14840934e+00  1.60000000e-06  4.00000000e-01  0.00000000e+00 
 1.70000000e-06  1.15170959e+00  1.70000000e-06  4.00000000e-01  0.00000000e+00 
 1.80000000e-06  1.15485820e+00  1.80000000e-06  4.00000000e-01  0.00000000e+00 
 1.90000000e-06  1.15787144e+00  1.90000000e-06  4.00000000e-01  0.00000000e+00 
 2.00000000e-06  1.16076308e+00  2.00000000e-06  4.00000000e-01  0.00000000e+00 
 2.10000000e-06  1.16354485e+00  2.10000000e-06  4.00000000e-01  0.00000000e+00 
 2.20000000e-06  1.16622682e+00  2.20000000e-06  4.00000000e-01  0.00000000e+00 
 2.30000000e-06  1.16881772e+00  2.30000000e-06  4.00000000e-01  0.00000000e+00 
 2.40000000e-06  1.17132517e+00  2.40000000e-06  4.00000000e-01  0.00000000e+00 
 2.50000000e-06  1.17375582e+00  2.50000000e-06  4.00000000e-01  0.00000000e+00 
 2.60000000e-06  1.17611558e+00  2.60000000e-06  4.00000000e-01  0.00000000e+00 
 2.70000000e-06  1.17840965e+00  2.70000000e-06  4.00000000e-01  0.00000000e+00 
 2.80000000e-06  1.18064269e+00  2.80000000e-06  4.00000000e-01  0.00000000e+00 
 2.90000000e-06  1.18281884e+00  2.90000000e-06  4.00000000e-01  0.00000000e+00 
 3.00000000e-06  1.18494186e+00  3.00000000e-06  4.00000000e-01  0.00000000e+00 
 3.10000000e-06  1.18701511e+00  3.10000000e-06  4.00000000e-01  0.00000000e+00 
 3.20000000e-06  1.18904163e+00  3.20000000e-06  4.00000000e-01  0.00000000e+00 
 3.30000000e-06  1.19102420e+00  3.30000000e-06  4.00000000e-01  0.00000000e+00 
 3.40000000e-06  1.19296534e+00  3.40000000e-06  4.00000000e-01  0.00000000e+00 
 3.50000000e-06  1.19486736e+00  3.50000000e-06  4.00000000e-01  0.00000000e+00 
 3.60000000e-06  1.19673236e+00  3.60000000e-06  4.00000000e-01  0.00000000e+00 
 3.70000000e-06  1.19856228e+00  3.70000000e-06  4.00000000e-01  0.00000000e+00 
 3.80000000e-06  1.20035891e+00  3.80000000e-06  4.00000000e-01  0.00000000e+00 
 3.90000000e-06  1.20212390e+00  3.90000000e-06  4.00000000e-01  0.00000000e+00 
 4.00000000e-06  1.20385876e+00  4.00000000e-06  4.00000000e-01  0.00000000e+00 
 4.10000000e-06  1.20556491e+00  4.10000000e-06  4.00000000e-01  0.00000000e+00 
 4.20000000e-06  1.20724366e+00  4.20000000e-06  4.00000000e-01  0.00000000e+00 
 4.30000000e-06  1.20889623e+00  4.30000000e-06  4.00000000e-01  0.00000000e+00 
 4.40000000e-06  1.21052376e+00  4.40000000e-06  4.00000000e-01  0.00000000e+00 
 4.50000000e-06  1.21212730e+00  4.50000000e-06  4.00000000e-01  0.00000000e+00 
 4.60000000e-06  1.21370785e+00  4.60000000e-06  4.00000000e-01  0.00000000e+00 
 4.70000000e-06  1.21526633e+00  4.70000000e-06  4.00000000e-01  0.00000000e+00 
 4.80000000e-06  1.21680363e+00  4.80000000e-06  4.00000000e-01  0.00000000e+00 
 4.90000000e-06  1.21832054e+00  4.90000000e-06  4.00000000e-01  0.00000000e+00 
 5.00000000e-06  1.21981785e+00  5.00000000e-06  4.00000000e-01  0.00000000e+00 
 5.10000000e-06  1.22129628e+00  5.10000000e-06  4.00000000e-01  0.00000000e+00 
 5.20000000e-06  1.22275651e+00  5.20000000e-06  4.00000000e-01  0.00000000e+00 
 5.30000000e-06  1.22419919e+00  5.30000000e-06  4.00000000e-01  0.00000000e+00 
 5.40000000e-06  1.22562492e+00  5.40000000e-06  4.00000000e-01  0.00000000e+00 
 5.50000000e-06  1.22703428e+00  5.50000000e-06  4.00000000e-01  0.00000000e+00 
 5.60000000e-06  1.22842782e+00  5.60000000e-06  4.00000000e-01  0.00000000e+00 
 5.70000000e-06  1.22980606e+00  5.70000000e-06  4.00000000e-01  0.00000000e+00 
 5.80000000e-06  1.23116948e+00  5.80000000e-06  4.00000000e-01  0.00000000e+00 
 5.90000000e-06  1.23251856e+00  5.90000000e-06  4.00000000e-01  0.00000000e+00 
 6.00000000e-06  1.23385373e+00  6.00000000e-06  4.00000000e-01  0.00000000e+00 
 6.10000000e-06  1.23517542e+00  6.10000000e-06  4.00000000e-01  0.00000000e+00 
 6.20000000e-06  1.23648404e+00  6.20000000e-06  4.00000000e-01  0.00000000e+00 
 6.30000000e-06  1.23777996e+00  6.30000000e-06  4.00000000e-01  0.00000000e+00 
 6.40000000e-06  1.23906354e+00  6.40000000e-06  4.00000000e-01  0.00000000e+00 
 6.50000000e-06  1.24033515e+00  6.50000000e-06  4.00000000e-01  0.00000000e+00 
 6.60000000e-06  1.24159511e+00  6.60000000e-06  4.00000000e-01  0.00000000e+00 
 6.70000000e-06  1.24284374e+00  6.70000000e-06  4.00000000e-01  0.00000000e+00 
 6.80000000e-06  1.24408135e+00  6.80000000e-06  4.00000000e-01  0.00000000e+00 
 6.90000000e-06  1.24530823e+00  6.90000000e-06  4.00000000e-01  0.00000000e+00 
 7.00000000e-06  1.24652466e+00  7.00000000e-06  4.00000000e-01  0.00000000e+00 
 7.10000000e-06  1.24773090e+00  7.10000000e-06  4.00000000e-01  0.00000000e+00 
 7.20000000e-06  1.24892722e+00  7.20000000e-06  4.00000000e-01  0.00000000e+00 
 7.30000000e-06  1.25011386e+00  7.30000000e-06  4.00000000e-01  0.00000000e+00 
 7.40000000e-06  1.25129107e+00  7.40000000e-06  4.00000000e-01  0.00000000e+00 
 7.50000000e-06  1.25245906e+00  7.50000000e-06  4.00000000e-01  0.00000000e+00 
 7.60000000e-06  1.25361806e+00  7.60000000e-06  4.00000000e-01  0.00000000e+00 
 7.70000000e-06  1.25476828e+00  7.70000000e-06  4.00000000e-01  0.00000000e+00 
 7.80000000e-06  1.25590991e+00  7.80000000e-06  4.00000000e-01  0.00000000e+00 
 7.90000000e-06  1.25704317e+00  7.90000000e-06  4.00000000e-01  0.00000000e+00 
 8.00000000e-06  1.25816824e+00  8.00000000e-06  4.00000000e-01  0.00000000e+00 
 8.10000000e-06  1.25928529e+00  8.10000000e-06  4.00000000e-01  0.00000000e+00 
 8.20000000e-06  1.26039451e+00  8.20000000e-06  4.00000000e-01  0.00000000e+00 
 8.30000000e-06  1.26149606e+00  8.30000000e-06  4.00000000e-01  0.00000000e+00 
 8.40000000e-06  1.26259010e+00  8.40000000e-06  4.00000000e-01  0.00000000e+00 
 8.50000000e-06  1.26367680e+00  8.50000000e-06  4.00000000e-01  0.00000000e+00 
 8.60000000e-06  1.26475631e+00  8.60000000e-06  4.00000000e-01  0.00000000e+00 
 8.70000000e-06  1.26582877e+00  8.70000000e-06  4.00000000e-01  0.00000000e+00 
 8.80000000e-06  1.26689433e+00  8.80000000e-06  4.00000000e-01  0.00000000e+00 
 8.90000000e-06  1.26795313e+00  8.90000000e-06  4.00000000e-01  0.00000000e+00 
 9.00000000e-06  1.26900529e+00  9.00000000e-06  4.00000000e-01  0.00000000e+00 
 9.10000000e-06  1.27005095e+00  9.10000000e-06  4.00000000e-01  0.00000000e+00 
 9.20000000e-06  1.27109024e+00  9.20000000e-06  4.00000000e-01  0.00000000e+00 
 9.30000000e-06  1.27212327e+00  9.30000000e-06  4.00000000e-01  0.00000000e+00 
 9.40000000e-06  1.27315016e+00  9.40000000e-06  4.00000000e-01  0.00000000e+00 
 9.50000000e-06  1.27417103e+00  9.50000000e-06  4.00000000e-01  0.00000000e+00 
 9.60000000e-06  1.27518599e+00  9.60000000e-06  4.00000000e-01  0.00000000e+00 
 9.70000000e-06  1.27619514e+00  9.70000000e-06  4.00000000e-01  0.00000000e+00 
 9.80000000e-06  1.27719859e+00  9.80000000e-06  4.00000000e-01  0.00000000e+00 
 9.90000000e-06  1.27819643e+00  9.90000000e-06  4.00000000e-01  0.00000000e+00 
 1.00000000e-05  1.27918878e+00  1.00000000e-05  4.00000000e-01  0.00000000e+00 
 1.01000000e-05  1.28017572e+00  1.01000000e-05  4.00000000e-01  0.00000000e+00 
 1.02000000e-05  1.28115735e+00  1.02000000e-05  4.00000000e-01  0.00000000e+00 
 1.03000000e-05  1.28213375e+00  1.03000000e-05  4.00000000e-01  0.00000000e+00 
 1.04000000e-05  1.28310502e+00  1.04000000e-05  4.00000000e-01  0.00000000e+00 
 1.05000000e-05  1.28407124e+00  1.05000000e-05  4.00000000e-01  0.00000000e+00 
 1.06000000e-05  1.28503250e+00  1.06000000e-05  4.00000000e-01  0.00000000e+00 
 1.07000000e-05  1.28598886e+00  1.07000000e-05  4.00000000e-01  0.00000000e+00 
 1.08000000e-05  1.28694042e+00  1.08000000e-05  4.00000000e-01  0.00000000e+00 
 1.09000000e-05  1.28788725e+00  1.09000000e-05  4.00000000e-01  0.00000000e+00 
 1.10000000e-05  1.28882942e+00  1.10000000e-05  4.00000000e-01  0.00000000e+00 
 1.11000000e-05  1.28976701e+00  1.11000000e-05  4.00000000e-01  0.00000000e+00 
 1.12000000e-05  1.29070008e+00  1.12000000e-05  4.00000000e-01  0.00000000e+00 
 1.13000000e-05  1.29162871e+00  1.13000000e-05  4.00000000e-01  0.00000000e+00 
 1.14000000e-05  1.29255297e+00  1.14000000e-05  4.00000000e-01  0.00000000e+00 
 1.15000000e-05  1.29347291e+00  1.15000000e-05  4.00000000e-01  0.00000000e+00 
 1.16000000e-05  1.29438861e+00  1.16000000e-05  4.00000000e-01  0.00000000e+00 
 1.17000000e-05  1.29530013e+00  1.17000000e-05  4.00000000e-01  0.00000000e+00 
 1.18000000e-05  1.29620752e+00  1.18000000e-05  4.00000000e-01  0.00000000e+00 
 1.19000000e-05  1.29711085e+00  1.19000000e-05  4.00000000e-01  0.00000000e+00 
 1.20000000e-05  1.29801017e+00  1.20000000e-05  4.00000000e-01  0.00000000e+00 
 1.21000000e-05  1.29890555e+00  1.21000000e-05  4.00000000e-01  0.00000000e+00 
 1.22000000e-05  1.29979703e+00  1.22000000e-05  4.00000000e-01  0.00000000e+00 
 1.23000000e-05  1.30068467e+00  1.23000000e-05  4.00000000e-01  0.00000000e+00 
 1.24000000e-05  1.30156853e+00  1.24000000e-05  4.00000000e-01  0.00000000e+00 
 1.25000000e-05  1.30244865e+00  1.25000000e-05  4.00000000e-01  0.00000000e+00 
 1.26000000e-05  1.30332509e+00  1.26000000e-05  4.00000000e-01  0.00000000e+00 
 1.27000000e-05  1.30419790e+00  1.27000000e-05  4.00000000e-01  0.00000000e+00 
 1.28000000e-05  1.30506712e+00  1.28000000e-05  4.00000000e-01  0.00000000e+00 
 1.29000000e-05  1.30593280e+00  1.29000000e-05  4.00000000e-01  0.00000000e+00 
 1.30000000e-05  1.30679499e+00  1.30000000e-05  4.00000000e-01  0.00000000e+00 
 1.31000000e-05  1.30765374e+00  1.31000000e-05  4.00000000e-01  0.00000000e+00 
 1.32000000e-05  1.30850908e+00  1.32000000e-05  4.00000000e-01  0.00000000e+00 
 1.33000000e-05  1.30936106e+00  1.33000000e-05  4.00000000e-01  0.00000000e+00 
 1.34000000e-05  1.31020972e+00  1.34000000e-05  4.00000000e-01  0.00000000e+00 
 1.35000000e-05  1.31105512e+00  1.35000000e-05  4.00000000e-01  0.00000000e+00 
 1.36000000e-05  1.31189727e+00  1.36000000e-05  4.00000000e-01  0.00000000e+00 
 1.37000000e-05  1.31273624e+00  1.37000000e-05  4.00000000e-01  0.00000000e+00 
 1.38000000e-05  1.31357204e+00  1.38000000e-05  4.00000000e-01  0.00000000e+00 
 1.39000000e-05  1.31440473e+00  1.39000000e-05  4.00000000e-01  0.00000000e+00 
 1.40000000e-05  1.31523434e+00  1.40000000e-05  4.00000000e-01  0.00000000e+00 
 1.41000000e-05  1.31606091e+00  1.41000000e-05  4.00000000e-01  0.00000000e+00 
 1.42000000e-05  1.31688447e+00  1.42000000e-05  4.00000000e-01  0.00000000e+00 
 1.43000000e-05  1.31770506e+00  1.43000000e-05  4.00000000e-01  0.00000000e+00 
 1.44000000e-05  1.31852272e+00  1.44000000e-05  4.00000000e-01  0.00000000e+00 
 1.45000000e-05  1.31933747e+00  1.45000000e-05  4.00000000e-01  0.00000000e+00 
 1.46000000e-05  1.32014935e+00  1.46000000e-05  4.00000000e-01  0.00000000e+00 
 1.47000000e-05  1.32095840e+00  1.47000000e-05  4.00000000e-01  0.00000000e+00 
 1.48000000e-05  1.32176464e+00  1.48000000e-05  4.00000000e-01  0.00000000e+00 
 1.49000000e-05  1.32256811e+00  1.49000000e-05  4.00000000e-01  0.00000000e+00 
 1.50000000e-05  1.32336883e+00  1.50000000e-05  4.00000000e-01  0.00000000e+00 
 1.51000000e-05  1.32416685e+00  1.51000000e-05  4.00000000e-01  0.00000000e+00 
 1.52000000e-05  1.32496218e+00  1.52000000e-05  4.00000000e-01  0.00000000e+00 
 1.53000000e-05  1.32575486e+00  1.53000000e-05  4.00000000e-01  0.00000000e+00 
 1.54000000e-05  1.32654491e+00  1.54000000e-05  4.00000000e-01  0.00000000e+00 
 1.55000000e-05  1.32733237e+00  1.55000000e-05  4.00000000e-01  0.00000000e+00 
 1.56000000e-05  1.32811727e+00  1.56000000e-05  4.00000000e-01  0.00000000e+00 
 1.57000000e-05  1.32889962e+00  1.57000000e-05  4.00000000e-01  0.00000000e+00 
 1.58000000e-05  1.32967945e+00  1.58000000e-05  4.00000000e-01  0.00000000e+00 
 1.59000000e-05  1.33045680e+00  1.59000000e-05  4.00000000e-01  0.00000000e+00 
 1.60000000e-05  1.33123169e+00  1.60000000e-05  4.00000000e-01  0.00000000e+00 
 1.61000000e-05  1.33200413e+00  1.61000000e-05  4.00000000e-01  0.00000000e+00 
 1.62000000e-05  1.33277417e+00  1.62000000e-05  4.00000000e-01  0.00000000e+00 
 1.63000000e-05  1.33354182e+00  1.63000000e-05  4.00000000e-01  0.00000000e+00 
 1.64000000e-05  1.33430711e+00  1.64000000e-05  4.00000000e-01  0.00000000e+00 
 1.65000000e-05  1.33507005e+00  1.65000000e-05  4.00000000e-01  0.00000000e+00 
 1.66000000e-05  1.33583068e+00  1.66000000e-05  4.00000000e-01  0.00000000e+00 
 1.67000000e-05  1.33658902e+00  1.67000000e-05  4.00000000e-01  0.00000000e+00 
 1.68000000e-05  1.33734508e+00  1.68000000e-05  4.00000000e-01  0.00000000e+00 
 1.69000000e-05  1.33809890e+00  1.69000000e-05  4.00000000e-01  0.00000000e+00 
 1.70000000e-05  1.33885048e+00  1.70000000e-05  4.00000000e-01  0.00000000e+00 
 1.71000000e-05  1.33959987e+00  1.71000000e-05  4.00000000e-01  0.00000000e+00 
 1.72000000e-05  1.34034706e+00  1.72000000e-05  4.00000000e-01  0.00000000e+00 
 1.73000000e-05  1.34109210e+00  1.73000000e-05  4.00000000e-01  0.00000000e+00 
 1.74000000e-05  1.34183499e+00  1.74000000e-05  4.00000000e-01  0.00000000e+00 
 1.75000000e-05  1.34257576e+00  1.75000000e-05  4.00000000e-01  0.00000000e+00 
 1.76000000e-05  1.34331442e+00  1.76000000e-05  4.00000000e-01  0.00000000e+00 
 1.77000000e-05  1.34405100e+00  1.77000000e-05  4.00000000e-01  0.00000000e+00 
 1.78000000e-05  1.34478551e+00  1.78000000e-05  4.00000000e-01  0.00000000e+00 
 1.79000000e-05  1.34551798e+00  1.79000000e-05  4.00000000e-01  0.00000000e+00 
 1.80000000e-05  1.34624842e+00  1.80000000e-05  4.00000000e-01  0.00000000e+00 
 1.81000000e-05  1.34697685e+00  1.81000000e-05  4.00000000e-01  0.00000000e+00 
 1.82000000e-05  1.34770329e+00  1.82000000e-05  4.00000000e-01  0.00000000e+00 
 1.83000000e-05  1.34842776e+00  1.83000000e-05  4.00000000e-01  0.00000000e+00 
 1.84000000e-05  1.34915027e+00  1.84000000e-05  4.00000000e-01  0.00000000e+00 
 1.85000000e-05  1.34987084e+00  1.85000000e-05  4.00000000e-01  0.00000000e+00 
 1.86000000e-05  1.35058949e+00  1.86000000e-05  4.00000000e-01  0.00000000e+00 
 1.87000000e-05  1.35130623e+00  1.87000000e-05  4.00000000e-01  0.00000000e+00 
 1.88000000e-05  1.35202109e+00  1.88000000e-05  4.00000000e-01  0.00000000e+00 
 1.89000000e-05  1.35273408e+00  1.89000000e-05  4.00000000e-01  0.00000000e+00 
 1.90000000e-05  1.35344520e+00  1.90000000e-05  4.00000000e-01  0.00000000e+00 
 1.91000000e-05  1.35415449e+00  1.91000000e-05  4.00000000e-01  0.00000000e+00 
 1.92000000e-05  1.35486195e+00  1.92000000e-05  4.00000000e-01  0.00000000e+00 
 1.93000000e-05  1.35556761e+00  1.93000000e-05  4.00000000e-01  0.00000000e+00 
 1.94000000e-05  1.35627147e+00  1.94000000e-05  4.00000000e-01  0.00000000e+00 
 1.95000000e-05  1.35697354e+00  1.95000000e-05  4.00000000e-01  0.00000000e+00 
 1.96000000e-05  1.35767386e+00  1.96000000e-05  4.00000000e-01  0.00000000e+00 
 1.97000000e-05  1.35837242e+00  1.97000000e-05  4.00000000e-01  0.00000000e+00 
 1.98000000e-05  1.35906925e+00  1.98000000e-05  4.00000000e-01  0.00000000e+00 
 1.99000000e-05  1.35976436e+00  1.99000000e-05  4.00000000e-01  0.00000000e+00 
 2.00000000e-05  1.36045776e+00  2.00000000e-05  4.00000000e-01  0.00000000e+00 
 2.01000000e-05  1.36114946e+00  2.01000000e-05  4.00000000e-01  0.00000000e+00 
 2.02000000e-05  1.36183948e+00  2.02000000e-05  4.00000000e-01  0.00000000e+00 
 2.03000000e-05  1.36252784e+00  2.03000000e-05  4.00000000e-01  0.00000000e+00 
 2.04000000e-05  1.36321454e+00  2.04000000e-05  4.00000000e-01  0.00000000e+00 
 2.05000000e-05  1.36389960e+00  2.05000000e-05  4.00000000e-01  0.00000000e+00 
 2.06000000e-05  1.36458303e+00  2.06000000e-05  4.00000000e-01  0.00000000e+00 
 2.07000000e-05  1.36526485e+00  2.07000000e-05  4.00000000e-01  0.00000000e+00 
 2.08000000e-05  1.36594506e+00  2.08000000e-05  4.00000000e-01  0.00000000e+00 
 2.09000000e-05  1.36662369e+00  2.09000000e-05  4.00000000e-01  0.00000000e+00 
 2.10000000e-05  1.36730073e+00  2.10000000e-05  4.00000000e-01  0.00000000e+00 
 2.11000000e-05  1.36797621e+00  2.11000000e-05  4.00000000e-01  0.00000000e+00 
 2.12000000e-05  1.36865013e+00  2.12000000e-05  4.00000000e-01  0.00000000e+00 
 2.13000000e-05  1.36932251e+00  2.13000000e-05  4.00000000e-01  0.00000000e+00 
 2.14000000e-05  1.36999336e+00  2.14000000e-05  4.00000000e-01  0.00000000e+00 
 2.15000000e-05  1.37066269e+00  2.15000000e-05  4.00000000e-01  0.00000000e+00 
 2.16000000e-05  1.37133051e+00  2.16000000e-05  4.00000000e-01  0.00000000e+00 
 2.17000000e-05  1.37199683e+00  2.17000000e-05  4.00000000e-01  0.00000000e+00 
 2.18000000e-05  1.37266166e+00  2.18000000e-05  4.00000000e-01  0.00000000e+00 
 2.19000000e-05  1.37332502e+00  2.19000000e-05  4.00000000e-01  0.00000000e+00 
 2.20000000e-05  1.37398691e+00  2.20000000e-05  4.00000000e-01  0.00000000e+00 
 2.21000000e-05  1.37464735e+00  2.21000000e-05  4.00000000e-01  0.00000000e+00 
 2.22000000e-05  1.37530635e+00  2.22000000e-05  4.00000000e-01  0.00000000e+00 
 2.23000000e-05  1.37596391e+00  2.23000000e-05  4.00000000e-01  0.00000000e+00 
 2.24000000e-05  1.37662005e+00  2.24000000e-05  4.00000000e-01  0.00000000e+00 
 2.25000000e-05  1.37727478e+00  2.25000000e-05  4.00000000e-01  0.00000000e+00 
 2.26000000e-05  1.37792810e+00  2.26000000e-05  4.00000000e-01  0.00000000e+00 
 2.27000000e-05  1.37858003e+00  2.27000000e-05  4.00000000e-01  0.00000000e+00 
 2.28000000e-05  1.37923057e+00  2.28000000e-05  4.00000000e-01  0.00000000e+00 
 2.29000000e-05  1.37987974e+00  2.29000000e-05  4.00000000e-01  0.00000000e+00 
 2.30000000e-05  1.38052755e+00  2.30000000e-05  4.00000000e-01  0.00000000e+00 
 2.31000000e-05  1.38117400e+00  2.31000000e-05  4.00000000e-01  0.00000000e+00 
 2.32000000e-05  1.38181910e+00  2.32000000e-05  4.00000000e-01  0.00000000e+00 
 2.33000000e-05  1.38246287e+00  2.33000000e-05  4.00000000e-01  0.00000000e+00 
 2.34000000e-05  1.38310531e+00  2.34000000e-05  4.00000000e-01  0.00000000e+00 
 2.35000000e-05  1.38374643e+00  2.35000000e-05  4.00000000e-01  0.00000000e+00 
 2.36000000e-05  1.38438624e+00  2.36000000e-05  4.00000000e-01  0.00000000e+00 
 2.37000000e-05  1.38502475e+00  2.37000000e-05  4.00000000e-01  0.00000000e+00 
 2.38000000e-05  1.38566197e+00  2.38000000e-05  4.00000000e-01  0.00000000e+00 
 2.39000000e-05  1.38629791e+00  2.39000000e-05  4.00000000e-01  0.00000000e+00 
 2.40000000e-05  1.38693257e+00  2.40000000e-05  4.00000000e-01  0.00000000e+00 
 2.41000000e-05  1.38756596e+00  2.41000000e-05  4.00000000e-01  0.00000000e+00 
 2.42000000e-05  1.38819809e+00  2.42000000e-05  4.00000000e-01  0.00000000e+00 
 2.43000000e-05  1.38882898e+00  2.43000000e-05  4.00000000e-01  0.00000000e+00 
 2.44000000e-05  1.38945862e+00  2.44000000e-05  4.00000000e-01  0.00000000e+00 
 2.45000000e-05  1.39008703e+00  2.45000000e-05  4.00000000e-01  0.00000000e+00 
 2.46000000e-05  1.39071421e+00  2.46000000e-05  4.00000000e-01  0.00000000e+00 
 2.47000000e-05  1.39134017e+00  2.47000000e-05  4.00000000e-01  0.00000000e+00 
 2.48000000e-05  1.39196492e+00  2.48000000e-05  4.00000000e-01  0.00000000e+00 
 2.49000000e-05  1.39258847e+00  2.49000000e-05  4.00000000e-01  0.00000000e+00 
 2.50000000e-05  1.39321082e+00  2.50000000e-05  4.00000000e-01  0.00000000e+00 
