 i-sweep         v(vout)         i(viin)         v(vgate)        v(vmid)        
-6.00000000e-06 -4.98539029e-01 -6.00000000e-06  4.00000000e-01  1.70000000e+00 
-5.90000000e-06 -4.95182914e-01 -5.90000000e-06  4.00000000e-01  1.70000000e+00 
-5.80000000e-06 -4.91801844e-01 -5.80000000e-06  4.00000000e-01  1.70000000e+00 
-5.70000000e-06 -4.88395215e-01 -5.70000000e-06  4.00000000e-01  1.70000000e+00 
-5.60000000e-06 -4.84962394e-01 -5.60000000e-06  4.00000000e-01  1.70000000e+00 
-5.50000000e-06 -4.81502717e-01 -5.50000000e-06  4.00000000e-01  1.70000000e+00 
-5.40000000e-06 -4.78015489e-01 -5.40000000e-06  4.00000000e-01  1.70000000e+00 
-5.30000000e-06 -4.74499977e-01 -5.30000000e-06  4.00000000e-01  1.70000000e+00 
-5.20000000e-06 -4.70955417e-01 -5.20000000e-06  4.00000000e-01  1.70000000e+00 
-5.10000000e-06 -4.67381001e-01 -5.10000000e-06  4.00000000e-01  1.70000000e+00 
-5.00000000e-06 -4.63775885e-01 -5.00000000e-06  4.00000000e-01  1.70000000e+00 
-4.90000000e-06 -4.60139178e-01 -4.90000000e-06  4.00000000e-01  1.70000000e+00 
-4.80000000e-06 -4.56469946e-01 -4.80000000e-06  4.00000000e-01  1.70000000e+00 
-4.70000000e-06 -4.52767202e-01 -4.70000000e-06  4.00000000e-01  1.70000000e+00 
-4.60000000e-06 -4.49029908e-01 -4.60000000e-06  4.00000000e-01  1.70000000e+00 
-4.50000000e-06 -4.45256969e-01 -4.50000000e-06  4.00000000e-01  1.70000000e+00 
-4.40000000e-06 -4.41447228e-01 -4.40000000e-06  4.00000000e-01  1.70000000e+00 
-4.30000000e-06 -4.37599460e-01 -4.30000000e-06  4.00000000e-01  1.70000000e+00 
-4.20000000e-06 -4.33712368e-01 -4.20000000e-06  4.00000000e-01  1.70000000e+00 
-4.10000000e-06 -4.29784578e-01 -4.10000000e-06  4.00000000e-01  1.70000000e+00 
-4.00000000e-06 -4.25814628e-01 -4.00000000e-06  4.00000000e-01  1.70000000e+00 
-3.90000000e-06 -4.21800964e-01 -3.90000000e-06  4.00000000e-01  1.70000000e+00 
-3.80000000e-06 -4.17741929e-01 -3.80000000e-06  4.00000000e-01  1.70000000e+00 
-3.70000000e-06 -4.13635750e-01 -3.70000000e-06  4.00000000e-01  1.70000000e+00 
-3.60000000e-06 -4.09480533e-01 -3.60000000e-06  4.00000000e-01  1.70000000e+00 
-3.50000000e-06 -4.05274245e-01 -3.50000000e-06  4.00000000e-01  1.70000000e+00 
-3.40000000e-06 -4.01014697e-01 -3.40000000e-06  4.00000000e-01  1.70000000e+00 
-3.30000000e-06 -3.96699533e-01 -3.30000000e-06  4.00000000e-01  1.70000000e+00 
-3.20000000e-06 -3.92326204e-01 -3.20000000e-06  4.00000000e-01  1.70000000e+00 
-3.10000000e-06 -3.87891946e-01 -3.10000000e-06  4.00000000e-01  1.70000000e+00 
-3.00000000e-06 -3.83393758e-01 -3.00000000e-06  4.00000000e-01  1.70000000e+00 
-2.90000000e-06 -3.78828360e-01 -2.90000000e-06  4.00000000e-01  1.70000000e+00 
-2.80000000e-06 -3.74192167e-01 -2.80000000e-06  4.00000000e-01  1.70000000e+00 
-2.70000000e-06 -3.69481237e-01 -2.70000000e-06  4.00000000e-01  1.70000000e+00 
-2.60000000e-06 -3.64691224e-01 -2.60000000e-06  4.00000000e-01  1.70000000e+00 
-2.50000000e-06 -3.59817313e-01 -2.50000000e-06  4.00000000e-01  1.70000000e+00 
-2.40000000e-06 -3.54854148e-01 -2.40000000e-06  4.00000000e-01  1.70000000e+00 
-2.30000000e-06 -3.49795738e-01 -2.30000000e-06  4.00000000e-01  1.70000000e+00 
-2.20000000e-06 -3.44635352e-01 -2.20000000e-06  4.00000000e-01  1.70000000e+00 
-2.10000000e-06 -3.39365379e-01 -2.10000000e-06  4.00000000e-01  1.70000000e+00 
-2.00000000e-06 -3.33977166e-01 -2.00000000e-06  4.00000000e-01  1.70000000e+00 
-1.90000000e-06 -3.28460802e-01 -1.90000000e-06  4.00000000e-01  1.70000000e+00 
-1.80000000e-06 -3.22804859e-01 -1.80000000e-06  4.00000000e-01  1.70000000e+00 
-1.70000000e-06 -3.16996048e-01 -1.70000000e-06  4.00000000e-01  1.70000000e+00 
-1.60000000e-06 -3.11018781e-01 -1.60000000e-06  4.00000000e-01  1.70000000e+00 
-1.50000000e-06 -3.04854589e-01 -1.50000000e-06  4.00000000e-01  1.70000000e+00 
-1.40000000e-06 -2.98481348e-01 -1.40000000e-06  4.00000000e-01  1.70000000e+00 
-1.30000000e-06 -2.91872221e-01 -1.30000000e-06  4.00000000e-01  1.70000000e+00 
-1.20000000e-06 -2.84994183e-01 -1.20000000e-06  4.00000000e-01  1.70000000e+00 
-1.10000000e-06 -2.77805922e-01 -1.10000000e-06  4.00000000e-01  1.70000000e+00 
-1.00000000e-06 -2.70254755e-01 -1.00000000e-06  4.00000000e-01  1.70000000e+00 
-9.00000000e-07 -2.62271943e-01 -9.00000000e-07  4.00000000e-01  1.70000000e+00 
-8.00000000e-07 -2.53765304e-01 -8.00000000e-07  4.00000000e-01  1.70000000e+00 
-7.00000000e-07 -2.44606948e-01 -7.00000000e-07  4.00000000e-01  1.70000000e+00 
-6.00000000e-07 -2.34611687e-01 -6.00000000e-07  4.00000000e-01  1.70000000e+00 
-5.00000000e-07 -2.23495955e-01 -5.00000000e-07  4.00000000e-01  1.70000000e+00 
-4.00000000e-07 -2.10790438e-01 -4.00000000e-07  4.00000000e-01  1.70000000e+00 
-3.00000000e-07 -1.95628899e-01 -3.00000000e-07  4.00000000e-01  1.70000000e+00 
-2.00000000e-07 -1.76094990e-01 -2.00000000e-07  4.00000000e-01  1.70000000e+00 
-1.00000000e-07 -1.46172791e-01 -1.00000000e-07  4.00000000e-01  1.70000000e+00 
-5.71747239e-21  8.99594214e-01 -5.71747239e-21  4.00000000e-01  1.70000000e+00 
 1.00000000e-07  1.44384332e+00  1.00000000e-07  4.00000000e-01  1.70000000e+00 
 2.00000000e-07  1.47605966e+00  2.00000000e-07  4.00000000e-01  1.70000000e+00 
 3.00000000e-07  1.49482571e+00  3.00000000e-07  4.00000000e-01  1.70000000e+00 
 4.00000000e-07  1.50818781e+00  4.00000000e-07  4.00000000e-01  1.70000000e+00 
 5.00000000e-07  1.51864159e+00  5.00000000e-07  4.00000000e-01  1.70000000e+00 
 6.00000000e-07  1.52723402e+00  6.00000000e-07  4.00000000e-01  1.70000000e+00 
 7.00000000e-07  1.53458271e+00  7.00000000e-07  4.00000000e-01  1.70000000e+00 
 8.00000000e-07  1.54102325e+00  8.00000000e-07  4.00000000e-01  1.70000000e+00 
 9.00000000e-07  1.54677254e+00  9.00000000e-07  4.00000000e-01  1.70000000e+00 
 1.00000000e-06  1.55197834e+00  1.00000000e-06  4.00000000e-01  1.70000000e+00 
 1.10000000e-06  1.55674556e+00  1.10000000e-06  4.00000000e-01  1.70000000e+00 
 1.20000000e-06  1.56115136e+00  1.20000000e-06  4.00000000e-01  1.70000000e+00 
 1.30000000e-06  1.56525407e+00  1.30000000e-06  4.00000000e-01  1.70000000e+00 
 1.40000000e-06  1.56909886e+00  1.40000000e-06  4.00000000e-01  1.70000000e+00 
 1.50000000e-06  1.57272145e+00  1.50000000e-06  4.00000000e-01  1.70000000e+00 
 1.60000000e-06  1.57615052e+00  1.60000000e-06  4.00000000e-01  1.70000000e+00 
 1.70000000e-06  1.57940950e+00  1.70000000e-06  4.00000000e-01  1.70000000e+00 
 1.80000000e-06  1.58251774e+00  1.80000000e-06  4.00000000e-01  1.70000000e+00 
 1.90000000e-06  1.58549143e+00  1.90000000e-06  4.00000000e-01  1.70000000e+00 
 2.00000000e-06  1.58834424e+00  2.00000000e-06  4.00000000e-01  1.70000000e+00 
 2.10000000e-06  1.59108784e+00  2.10000000e-06  4.00000000e-01  1.70000000e+00 
 2.20000000e-06  1.59373223e+00  2.20000000e-06  4.00000000e-01  1.70000000e+00 
 2.30000000e-06  1.59628611e+00  2.30000000e-06  4.00000000e-01  1.70000000e+00 
 2.40000000e-06  1.59875702e+00  2.40000000e-06  4.00000000e-01  1.70000000e+00 
 2.50000000e-06  1.60115162e+00  2.50000000e-06  4.00000000e-01  1.70000000e+00 
 2.60000000e-06  1.60347574e+00  2.60000000e-06  4.00000000e-01  1.70000000e+00 
 2.70000000e-06  1.60573457e+00  2.70000000e-06  4.00000000e-01  1.70000000e+00 
 2.80000000e-06  1.60793275e+00  2.80000000e-06  4.00000000e-01  1.70000000e+00 
 2.90000000e-06  1.61007440e+00  2.90000000e-06  4.00000000e-01  1.70000000e+00 
 3.00000000e-06  1.61216323e+00  3.00000000e-06  4.00000000e-01  1.70000000e+00 
 3.10000000e-06  1.61420261e+00  3.10000000e-06  4.00000000e-01  1.70000000e+00 
 3.20000000e-06  1.61619555e+00  3.20000000e-06  4.00000000e-01  1.70000000e+00 
 3.30000000e-06  1.61814482e+00  3.30000000e-06  4.00000000e-01  1.70000000e+00 
 3.40000000e-06  1.62005292e+00  3.40000000e-06  4.00000000e-01  1.70000000e+00 
 3.50000000e-06  1.62192215e+00  3.50000000e-06  4.00000000e-01  1.70000000e+00 
 3.60000000e-06  1.62375460e+00  3.60000000e-06  4.00000000e-01  1.70000000e+00 
 3.70000000e-06  1.62555220e+00  3.70000000e-06  4.00000000e-01  1.70000000e+00 
 3.80000000e-06  1.62731673e+00  3.80000000e-06  4.00000000e-01  1.70000000e+00 
 3.90000000e-06  1.62904982e+00  3.90000000e-06  4.00000000e-01  1.70000000e+00 
 4.00000000e-06  1.63075298e+00  4.00000000e-06  4.00000000e-01  1.70000000e+00 
 4.10000000e-06  1.63242763e+00  4.10000000e-06  4.00000000e-01  1.70000000e+00 
 4.20000000e-06  1.63407506e+00  4.20000000e-06  4.00000000e-01  1.70000000e+00 
 4.30000000e-06  1.63569649e+00  4.30000000e-06  4.00000000e-01  1.70000000e+00 
 4.40000000e-06  1.63729304e+00  4.40000000e-06  4.00000000e-01  1.70000000e+00 
 4.50000000e-06  1.63886577e+00  4.50000000e-06  4.00000000e-01  1.70000000e+00 
 4.60000000e-06  1.64041567e+00  4.60000000e-06  4.00000000e-01  1.70000000e+00 
 4.70000000e-06  1.64194366e+00  4.70000000e-06  4.00000000e-01  1.70000000e+00 
 4.80000000e-06  1.64345061e+00  4.80000000e-06  4.00000000e-01  1.70000000e+00 
 4.90000000e-06  1.64493732e+00  4.90000000e-06  4.00000000e-01  1.70000000e+00 
 5.00000000e-06  1.64640457e+00  5.00000000e-06  4.00000000e-01  1.70000000e+00 
 5.10000000e-06  1.64785307e+00  5.10000000e-06  4.00000000e-01  1.70000000e+00 
 5.20000000e-06  1.64928351e+00  5.20000000e-06  4.00000000e-01  1.70000000e+00 
 5.30000000e-06  1.65069651e+00  5.30000000e-06  4.00000000e-01  1.70000000e+00 
 5.40000000e-06  1.65209270e+00  5.40000000e-06  4.00000000e-01  1.70000000e+00 
 5.50000000e-06  1.65347264e+00  5.50000000e-06  4.00000000e-01  1.70000000e+00 
 5.60000000e-06  1.65483688e+00  5.60000000e-06  4.00000000e-01  1.70000000e+00 
 5.70000000e-06  1.65618592e+00  5.70000000e-06  4.00000000e-01  1.70000000e+00 
 5.80000000e-06  1.65752027e+00  5.80000000e-06  4.00000000e-01  1.70000000e+00 
 5.90000000e-06  1.65884037e+00  5.90000000e-06  4.00000000e-01  1.70000000e+00 
 6.00000000e-06  1.66014668e+00  6.00000000e-06  4.00000000e-01  1.70000000e+00 
