 i-sweep         v(vout)         i(viin)         v(vgate)        v(vmid)        
-6.00000000e-06 -4.22285371e-01 -6.00000000e-06  5.00000000e-01  1.30000000e+00 
-5.90000000e-06 -4.18912531e-01 -5.90000000e-06  5.00000000e-01  1.30000000e+00 
-5.80000000e-06 -4.15514123e-01 -5.80000000e-06  5.00000000e-01  1.30000000e+00 
-5.70000000e-06 -4.12089500e-01 -5.70000000e-06  5.00000000e-01  1.30000000e+00 
-5.60000000e-06 -4.08637988e-01 -5.60000000e-06  5.00000000e-01  1.30000000e+00 
-5.50000000e-06 -4.05158884e-01 -5.50000000e-06  5.00000000e-01  1.30000000e+00 
-5.40000000e-06 -4.01651457e-01 -5.40000000e-06  5.00000000e-01  1.30000000e+00 
-5.30000000e-06 -3.98114941e-01 -5.30000000e-06  5.00000000e-01  1.30000000e+00 
-5.20000000e-06 -3.94548539e-01 -5.20000000e-06  5.00000000e-01  1.30000000e+00 
-5.10000000e-06 -3.90951414e-01 -5.10000000e-06  5.00000000e-01  1.30000000e+00 
-5.00000000e-06 -3.87322692e-01 -5.00000000e-06  5.00000000e-01  1.30000000e+00 
-4.90000000e-06 -3.83661456e-01 -4.90000000e-06  5.00000000e-01  1.30000000e+00 
-4.80000000e-06 -3.79966746e-01 -4.80000000e-06  5.00000000e-01  1.30000000e+00 
-4.70000000e-06 -3.76237550e-01 -4.70000000e-06  5.00000000e-01  1.30000000e+00 
-4.60000000e-06 -3.72472807e-01 -4.60000000e-06  5.00000000e-01  1.30000000e+00 
-4.50000000e-06 -3.68671398e-01 -4.50000000e-06  5.00000000e-01  1.30000000e+00 
-4.40000000e-06 -3.64832144e-01 -4.40000000e-06  5.00000000e-01  1.30000000e+00 
-4.30000000e-06 -3.60953798e-01 -4.30000000e-06  5.00000000e-01  1.30000000e+00 
-4.20000000e-06 -3.57035043e-01 -4.20000000e-06  5.00000000e-01  1.30000000e+00 
-4.10000000e-06 -3.53074484e-01 -4.10000000e-06  5.00000000e-01  1.30000000e+00 
-4.00000000e-06 -3.49070637e-01 -4.00000000e-06  5.00000000e-01  1.30000000e+00 
-3.90000000e-06 -3.45021930e-01 -3.90000000e-06  5.00000000e-01  1.30000000e+00 
-3.80000000e-06 -3.40926684e-01 -3.80000000e-06  5.00000000e-01  1.30000000e+00 
-3.70000000e-06 -3.36783110e-01 -3.70000000e-06  5.00000000e-01  1.30000000e+00 
-3.60000000e-06 -3.32589292e-01 -3.60000000e-06  5.00000000e-01  1.30000000e+00 
-3.50000000e-06 -3.28343178e-01 -3.50000000e-06  5.00000000e-01  1.30000000e+00 
-3.40000000e-06 -3.24042562e-01 -3.40000000e-06  5.00000000e-01  1.30000000e+00 
-3.30000000e-06 -3.19685069e-01 -3.30000000e-06  5.00000000e-01  1.30000000e+00 
-3.20000000e-06 -3.15268132e-01 -3.20000000e-06  5.00000000e-01  1.30000000e+00 
-3.10000000e-06 -3.10788972e-01 -3.10000000e-06  5.00000000e-01  1.30000000e+00 
-3.00000000e-06 -3.06244567e-01 -3.00000000e-06  5.00000000e-01  1.30000000e+00 
-2.90000000e-06 -3.01631626e-01 -2.90000000e-06  5.00000000e-01  1.30000000e+00 
-2.80000000e-06 -2.96946546e-01 -2.80000000e-06  5.00000000e-01  1.30000000e+00 
-2.70000000e-06 -2.92185375e-01 -2.70000000e-06  5.00000000e-01  1.30000000e+00 
-2.60000000e-06 -2.87343753e-01 -2.60000000e-06  5.00000000e-01  1.30000000e+00 
-2.50000000e-06 -2.82416856e-01 -2.50000000e-06  5.00000000e-01  1.30000000e+00 
-2.40000000e-06 -2.77399322e-01 -2.40000000e-06  5.00000000e-01  1.30000000e+00 
-2.30000000e-06 -2.72285155e-01 -2.30000000e-06  5.00000000e-01  1.30000000e+00 
-2.20000000e-06 -2.67067623e-01 -2.20000000e-06  5.00000000e-01  1.30000000e+00 
-2.10000000e-06 -2.61739123e-01 -2.10000000e-06  5.00000000e-01  1.30000000e+00 
-2.00000000e-06 -2.56291009e-01 -2.00000000e-06  5.00000000e-01  1.30000000e+00 
-1.90000000e-06 -2.50713389e-01 -1.90000000e-06  5.00000000e-01  1.30000000e+00 
-1.80000000e-06 -2.44994860e-01 -1.80000000e-06  5.00000000e-01  1.30000000e+00 
-1.70000000e-06 -2.39122170e-01 -1.70000000e-06  5.00000000e-01  1.30000000e+00 
-1.60000000e-06 -2.33079782e-01 -1.60000000e-06  5.00000000e-01  1.30000000e+00 
-1.50000000e-06 -2.26849293e-01 -1.50000000e-06  5.00000000e-01  1.30000000e+00 
-1.40000000e-06 -2.20408669e-01 -1.40000000e-06  5.00000000e-01  1.30000000e+00 
-1.30000000e-06 -2.13731191e-01 -1.30000000e-06  5.00000000e-01  1.30000000e+00 
-1.20000000e-06 -2.06783990e-01 -1.20000000e-06  5.00000000e-01  1.30000000e+00 
-1.10000000e-06 -1.99525962e-01 -1.10000000e-06  5.00000000e-01  1.30000000e+00 
-1.00000000e-06 -1.91904704e-01 -1.00000000e-06  5.00000000e-01  1.30000000e+00 
-9.00000000e-07 -1.83851865e-01 -9.00000000e-07  5.00000000e-01  1.30000000e+00 
-8.00000000e-07 -1.75275806e-01 -8.00000000e-07  5.00000000e-01  1.30000000e+00 
-7.00000000e-07 -1.66049432e-01 -7.00000000e-07  5.00000000e-01  1.30000000e+00 
-6.00000000e-07 -1.55988771e-01 -6.00000000e-07  5.00000000e-01  1.30000000e+00 
-5.00000000e-07 -1.44812095e-01 -5.00000000e-07  5.00000000e-01  1.30000000e+00 
-4.00000000e-07 -1.32054031e-01 -4.00000000e-07  5.00000000e-01  1.30000000e+00 
-3.00000000e-07 -1.16854829e-01 -3.00000000e-07  5.00000000e-01  1.30000000e+00 
-2.00000000e-07 -9.73149487e-02 -2.00000000e-07  5.00000000e-01  1.30000000e+00 
-1.00000000e-07 -6.74746663e-02 -1.00000000e-07  5.00000000e-01  1.30000000e+00 
-5.71747239e-21  7.16227298e-01 -5.71747239e-21  5.00000000e-01  1.30000000e+00 
 1.00000000e-07  1.12813680e+00  1.00000000e-07  5.00000000e-01  1.30000000e+00 
 2.00000000e-07  1.16051219e+00  2.00000000e-07  5.00000000e-01  1.30000000e+00 
 3.00000000e-07  1.17937850e+00  3.00000000e-07  5.00000000e-01  1.30000000e+00 
 4.00000000e-07  1.19281580e+00  4.00000000e-07  5.00000000e-01  1.30000000e+00 
 5.00000000e-07  1.20329758e+00  5.00000000e-07  5.00000000e-01  1.30000000e+00 
 6.00000000e-07  1.21194811e+00  6.00000000e-07  5.00000000e-01  1.30000000e+00 
 7.00000000e-07  1.21934312e+00  7.00000000e-07  5.00000000e-01  1.30000000e+00 
 8.00000000e-07  1.22582473e+00  8.00000000e-07  5.00000000e-01  1.30000000e+00 
 9.00000000e-07  1.23161217e+00  9.00000000e-07  5.00000000e-01  1.30000000e+00 
 1.00000000e-06  1.23685412e+00  1.00000000e-06  5.00000000e-01  1.30000000e+00 
 1.10000000e-06  1.24166787e+00  1.10000000e-06  5.00000000e-01  1.30000000e+00 
 1.20000000e-06  1.24610221e+00  1.20000000e-06  5.00000000e-01  1.30000000e+00 
 1.30000000e-06  1.25023453e+00  1.30000000e-06  5.00000000e-01  1.30000000e+00 
 1.40000000e-06  1.25410924e+00  1.40000000e-06  5.00000000e-01  1.30000000e+00 
 1.50000000e-06  1.25776164e+00  1.50000000e-06  5.00000000e-01  1.30000000e+00 
 1.60000000e-06  1.26122025e+00  1.60000000e-06  5.00000000e-01  1.30000000e+00 
 1.70000000e-06  1.26450840e+00  1.70000000e-06  5.00000000e-01  1.30000000e+00 
 1.80000000e-06  1.26764541e+00  1.80000000e-06  5.00000000e-01  1.30000000e+00 
 1.90000000e-06  1.27064748e+00  1.90000000e-06  5.00000000e-01  1.30000000e+00 
 2.00000000e-06  1.27352827e+00  2.00000000e-06  5.00000000e-01  1.30000000e+00 
 2.10000000e-06  1.27629947e+00  2.10000000e-06  5.00000000e-01  1.30000000e+00 
 2.20000000e-06  1.27897113e+00  2.20000000e-06  5.00000000e-01  1.30000000e+00 
 2.30000000e-06  1.28155193e+00  2.30000000e-06  5.00000000e-01  1.30000000e+00 
 2.40000000e-06  1.28404946e+00  2.40000000e-06  5.00000000e-01  1.30000000e+00 
 2.50000000e-06  1.28647038e+00  2.50000000e-06  5.00000000e-01  1.30000000e+00 
 2.60000000e-06  1.28882055e+00  2.60000000e-06  5.00000000e-01  1.30000000e+00 
 2.70000000e-06  1.29110517e+00  2.70000000e-06  5.00000000e-01  1.30000000e+00 
 2.80000000e-06  1.29332889e+00  2.80000000e-06  5.00000000e-01  1.30000000e+00 
 2.90000000e-06  1.29549585e+00  2.90000000e-06  5.00000000e-01  1.30000000e+00 
 3.00000000e-06  1.29760978e+00  3.00000000e-06  5.00000000e-01  1.30000000e+00 
 3.10000000e-06  1.29967405e+00  3.10000000e-06  5.00000000e-01  1.30000000e+00 
 3.20000000e-06  1.30169169e+00  3.20000000e-06  5.00000000e-01  1.30000000e+00 
 3.30000000e-06  1.30366546e+00  3.30000000e-06  5.00000000e-01  1.30000000e+00 
 3.40000000e-06  1.30559789e+00  3.40000000e-06  5.00000000e-01  1.30000000e+00 
 3.50000000e-06  1.30749127e+00  3.50000000e-06  5.00000000e-01  1.30000000e+00 
 3.60000000e-06  1.30934772e+00  3.60000000e-06  5.00000000e-01  1.30000000e+00 
 3.70000000e-06  1.31117699e+00  3.70000000e-06  5.00000000e-01  1.30000000e+00 
 3.80000000e-06  1.31296409e+00  3.80000000e-06  5.00000000e-01  1.30000000e+00 
 3.90000000e-06  1.31471978e+00  3.90000000e-06  5.00000000e-01  1.30000000e+00 
 4.00000000e-06  1.31644556e+00  4.00000000e-06  5.00000000e-01  1.30000000e+00 
 4.10000000e-06  1.31814280e+00  4.10000000e-06  5.00000000e-01  1.30000000e+00 
 4.20000000e-06  1.31981279e+00  4.20000000e-06  5.00000000e-01  1.30000000e+00 
 4.30000000e-06  1.32145674e+00  4.30000000e-06  5.00000000e-01  1.30000000e+00 
 4.40000000e-06  1.32307577e+00  4.40000000e-06  5.00000000e-01  1.30000000e+00 
 4.50000000e-06  1.32467093e+00  4.50000000e-06  5.00000000e-01  1.30000000e+00 
 4.60000000e-06  1.32624319e+00  4.60000000e-06  5.00000000e-01  1.30000000e+00 
 4.70000000e-06  1.32779347e+00  4.70000000e-06  5.00000000e-01  1.30000000e+00 
 4.80000000e-06  1.32932265e+00  4.80000000e-06  5.00000000e-01  1.30000000e+00 
 4.90000000e-06  1.33083152e+00  4.90000000e-06  5.00000000e-01  1.30000000e+00 
 5.00000000e-06  1.33232086e+00  5.00000000e-06  5.00000000e-01  1.30000000e+00 
 5.10000000e-06  1.33379137e+00  5.10000000e-06  5.00000000e-01  1.30000000e+00 
 5.20000000e-06  1.33524375e+00  5.20000000e-06  5.00000000e-01  1.30000000e+00 
 5.30000000e-06  1.33667863e+00  5.30000000e-06  5.00000000e-01  1.30000000e+00 
 5.40000000e-06  1.33809661e+00  5.40000000e-06  5.00000000e-01  1.30000000e+00 
 5.50000000e-06  1.33949828e+00  5.50000000e-06  5.00000000e-01  1.30000000e+00 
 5.60000000e-06  1.34088416e+00  5.60000000e-06  5.00000000e-01  1.30000000e+00 
 5.70000000e-06  1.34225479e+00  5.70000000e-06  5.00000000e-01  1.30000000e+00 
 5.80000000e-06  1.34361064e+00  5.80000000e-06  5.00000000e-01  1.30000000e+00 
 5.90000000e-06  1.34495219e+00  5.90000000e-06  5.00000000e-01  1.30000000e+00 
 6.00000000e-06  1.34627986e+00  6.00000000e-06  5.00000000e-01  1.30000000e+00 
