 i-sweep         v(vout)         i(viin)         v(vgate)        v(vmid)        
-6.00000000e-06  2.99729311e-01 -6.00000000e-06  1.40000000e+00  1.50000000e+00 
-5.90000000e-06  3.03303256e-01 -5.90000000e-06  1.40000000e+00  1.50000000e+00 
-5.80000000e-06  3.06905535e-01 -5.80000000e-06  1.40000000e+00  1.50000000e+00 
-5.70000000e-06  3.10536853e-01 -5.70000000e-06  1.40000000e+00  1.50000000e+00 
-5.60000000e-06  3.14197945e-01 -5.60000000e-06  1.40000000e+00  1.50000000e+00 
-5.50000000e-06  3.17889578e-01 -5.50000000e-06  1.40000000e+00  1.50000000e+00 
-5.40000000e-06  3.21612551e-01 -5.40000000e-06  1.40000000e+00  1.50000000e+00 
-5.30000000e-06  3.25367700e-01 -5.30000000e-06  1.40000000e+00  1.50000000e+00 
-5.20000000e-06  3.29155899e-01 -5.20000000e-06  1.40000000e+00  1.50000000e+00 
-5.10000000e-06  3.32978061e-01 -5.10000000e-06  1.40000000e+00  1.50000000e+00 
-5.00000000e-06  3.36835145e-01 -5.00000000e-06  1.40000000e+00  1.50000000e+00 
-4.90000000e-06  3.40728153e-01 -4.90000000e-06  1.40000000e+00  1.50000000e+00 
-4.80000000e-06  3.44658139e-01 -4.80000000e-06  1.40000000e+00  1.50000000e+00 
-4.70000000e-06  3.48626210e-01 -4.70000000e-06  1.40000000e+00  1.50000000e+00 
-4.60000000e-06  3.52633530e-01 -4.60000000e-06  1.40000000e+00  1.50000000e+00 
-4.50000000e-06  3.56681322e-01 -4.50000000e-06  1.40000000e+00  1.50000000e+00 
-4.40000000e-06  3.60770881e-01 -4.40000000e-06  1.40000000e+00  1.50000000e+00 
-4.30000000e-06  3.64903568e-01 -4.30000000e-06  1.40000000e+00  1.50000000e+00 
-4.20000000e-06  3.69080827e-01 -4.20000000e-06  1.40000000e+00  1.50000000e+00 
-4.10000000e-06  3.73304182e-01 -4.10000000e-06  1.40000000e+00  1.50000000e+00 
-4.00000000e-06  3.77575252e-01 -4.00000000e-06  1.40000000e+00  1.50000000e+00 
-3.90000000e-06  3.81895754e-01 -3.90000000e-06  1.40000000e+00  1.50000000e+00 
-3.80000000e-06  3.86267518e-01 -3.80000000e-06  1.40000000e+00  1.50000000e+00 
-3.70000000e-06  3.90692490e-01 -3.70000000e-06  1.40000000e+00  1.50000000e+00 
-3.60000000e-06  3.95172752e-01 -3.60000000e-06  1.40000000e+00  1.50000000e+00 
-3.50000000e-06  3.99710527e-01 -3.50000000e-06  1.40000000e+00  1.50000000e+00 
-3.40000000e-06  4.04308204e-01 -3.40000000e-06  1.40000000e+00  1.50000000e+00 
-3.30000000e-06  4.08968348e-01 -3.30000000e-06  1.40000000e+00  1.50000000e+00 
-3.20000000e-06  4.13693723e-01 -3.20000000e-06  1.40000000e+00  1.50000000e+00 
-3.10000000e-06  4.18487316e-01 -3.10000000e-06  1.40000000e+00  1.50000000e+00 
-3.00000000e-06  4.23352364e-01 -3.00000000e-06  1.40000000e+00  1.50000000e+00 
-2.90000000e-06  4.28292384e-01 -2.90000000e-06  1.40000000e+00  1.50000000e+00 
-2.80000000e-06  4.33311214e-01 -2.80000000e-06  1.40000000e+00  1.50000000e+00 
-2.70000000e-06  4.38413052e-01 -2.70000000e-06  1.40000000e+00  1.50000000e+00 
-2.60000000e-06  4.43602509e-01 -2.60000000e-06  1.40000000e+00  1.50000000e+00 
-2.50000000e-06  4.48884673e-01 -2.50000000e-06  1.40000000e+00  1.50000000e+00 
-2.40000000e-06  4.54265182e-01 -2.40000000e-06  1.40000000e+00  1.50000000e+00 
-2.30000000e-06  4.59750313e-01 -2.30000000e-06  1.40000000e+00  1.50000000e+00 
-2.20000000e-06  4.65347089e-01 -2.20000000e-06  1.40000000e+00  1.50000000e+00 
-2.10000000e-06  4.71063419e-01 -2.10000000e-06  1.40000000e+00  1.50000000e+00 
-2.00000000e-06  4.76908258e-01 -2.00000000e-06  1.40000000e+00  1.50000000e+00 
-1.90000000e-06  4.82891817e-01 -1.90000000e-06  1.40000000e+00  1.50000000e+00 
-1.80000000e-06  4.89025830e-01 -1.80000000e-06  1.40000000e+00  1.50000000e+00 
-1.70000000e-06  4.95323885e-01 -1.70000000e-06  1.40000000e+00  1.50000000e+00 
-1.60000000e-06  5.01801865e-01 -1.60000000e-06  1.40000000e+00  1.50000000e+00 
-1.50000000e-06  5.08478525e-01 -1.50000000e-06  1.40000000e+00  1.50000000e+00 
-1.40000000e-06  5.15376260e-01 -1.40000000e-06  1.40000000e+00  1.50000000e+00 
-1.30000000e-06  5.22522156e-01 -1.30000000e-06  1.40000000e+00  1.50000000e+00 
-1.20000000e-06  5.29949456e-01 -1.20000000e-06  1.40000000e+00  1.50000000e+00 
-1.10000000e-06  5.37699645e-01 -1.10000000e-06  1.40000000e+00  1.50000000e+00 
-1.00000000e-06  5.45825509e-01 -1.00000000e-06  1.40000000e+00  1.50000000e+00 
-9.00000000e-07  5.54395783e-01 -9.00000000e-07  1.40000000e+00  1.50000000e+00 
-8.00000000e-07  5.63502477e-01 -8.00000000e-07  1.40000000e+00  1.50000000e+00 
-7.00000000e-07  5.73273012e-01 -7.00000000e-07  1.40000000e+00  1.50000000e+00 
-6.00000000e-07  5.83891580e-01 -6.00000000e-07  1.40000000e+00  1.50000000e+00 
-5.00000000e-07  5.95639735e-01 -5.00000000e-07  1.40000000e+00  1.50000000e+00 
-4.00000000e-07  6.08981957e-01 -4.00000000e-07  1.40000000e+00  1.50000000e+00 
-3.00000000e-07  6.24774371e-01 -3.00000000e-07  1.40000000e+00  1.50000000e+00 
-2.00000000e-07  6.44902638e-01 -2.00000000e-07  1.40000000e+00  1.50000000e+00 
-1.00000000e-07  6.75265030e-01 -1.00000000e-07  1.40000000e+00  1.50000000e+00 
-5.71747239e-21  9.63608930e-01 -5.71747239e-21  1.40000000e+00  1.50000000e+00 
 1.00000000e-07  1.28354422e+00  1.00000000e-07  1.40000000e+00  1.50000000e+00 
 2.00000000e-07  1.31585117e+00  2.00000000e-07  1.40000000e+00  1.50000000e+00 
 3.00000000e-07  1.33468184e+00  3.00000000e-07  1.40000000e+00  1.50000000e+00 
 4.00000000e-07  1.34809022e+00  4.00000000e-07  1.40000000e+00  1.50000000e+00 
 5.00000000e-07  1.35855091e+00  5.00000000e-07  1.40000000e+00  1.50000000e+00 
 6.00000000e-07  1.36718151e+00  6.00000000e-07  1.40000000e+00  1.50000000e+00 
 7.00000000e-07  1.37455781e+00  7.00000000e-07  1.40000000e+00  1.50000000e+00 
 8.00000000e-07  1.38102172e+00  8.00000000e-07  1.40000000e+00  1.50000000e+00 
 9.00000000e-07  1.38679227e+00  9.00000000e-07  1.40000000e+00  1.50000000e+00 
 1.00000000e-06  1.39203358e+00  1.00000000e-06  1.40000000e+00  1.50000000e+00 
 1.10000000e-06  1.39681293e+00  1.10000000e-06  1.40000000e+00  1.50000000e+00 
 1.20000000e-06  1.40123316e+00  1.20000000e-06  1.40000000e+00  1.50000000e+00 
 1.30000000e-06  1.40535131e+00  1.30000000e-06  1.40000000e+00  1.50000000e+00 
 1.40000000e-06  1.40921191e+00  1.40000000e-06  1.40000000e+00  1.50000000e+00 
 1.50000000e-06  1.41285035e+00  1.50000000e-06  1.40000000e+00  1.50000000e+00 
 1.60000000e-06  1.41629516e+00  1.60000000e-06  1.40000000e+00  1.50000000e+00 
 1.70000000e-06  1.41956968e+00  1.70000000e-06  1.40000000e+00  1.50000000e+00 
 1.80000000e-06  1.42269325e+00  1.80000000e-06  1.40000000e+00  1.50000000e+00 
 1.90000000e-06  1.42568203e+00  1.90000000e-06  1.40000000e+00  1.50000000e+00 
 2.00000000e-06  1.42854971e+00  2.00000000e-06  1.40000000e+00  1.50000000e+00 
 2.10000000e-06  1.43130796e+00  2.10000000e-06  1.40000000e+00  1.50000000e+00 
 2.20000000e-06  1.43396680e+00  2.20000000e-06  1.40000000e+00  1.50000000e+00 
 2.30000000e-06  1.43653493e+00  2.30000000e-06  1.40000000e+00  1.50000000e+00 
 2.40000000e-06  1.43901992e+00  2.40000000e-06  1.40000000e+00  1.50000000e+00 
 2.50000000e-06  1.44142842e+00  2.50000000e-06  1.40000000e+00  1.50000000e+00 
 2.60000000e-06  1.44376629e+00  2.60000000e-06  1.40000000e+00  1.50000000e+00 
 2.70000000e-06  1.44603873e+00  2.70000000e-06  1.40000000e+00  1.50000000e+00 
 2.80000000e-06  1.44825036e+00  2.80000000e-06  1.40000000e+00  1.50000000e+00 
 2.90000000e-06  1.45040534e+00  2.90000000e-06  1.40000000e+00  1.50000000e+00 
 3.00000000e-06  1.45250738e+00  3.00000000e-06  1.40000000e+00  1.50000000e+00 
 3.10000000e-06  1.45455984e+00  3.10000000e-06  1.40000000e+00  1.50000000e+00 
 3.20000000e-06  1.45657744e+00  3.20000000e-06  1.40000000e+00  1.50000000e+00 
 3.30000000e-06  1.45853771e+00  3.30000000e-06  1.40000000e+00  1.50000000e+00 
 3.40000000e-06  1.46045703e+00  3.40000000e-06  1.40000000e+00  1.50000000e+00 
 3.50000000e-06  1.46233764e+00  3.50000000e-06  1.40000000e+00  1.50000000e+00 
 3.60000000e-06  1.46418160e+00  3.60000000e-06  1.40000000e+00  1.50000000e+00 
 3.70000000e-06  1.46599080e+00  3.70000000e-06  1.40000000e+00  1.50000000e+00 
 3.80000000e-06  1.46776699e+00  3.80000000e-06  1.40000000e+00  1.50000000e+00 
 3.90000000e-06  1.46951178e+00  3.90000000e-06  1.40000000e+00  1.50000000e+00 
 4.00000000e-06  1.47122668e+00  4.00000000e-06  1.40000000e+00  1.50000000e+00 
 4.10000000e-06  1.47291306e+00  4.10000000e-06  1.40000000e+00  1.50000000e+00 
 4.20000000e-06  1.47457223e+00  4.20000000e-06  1.40000000e+00  1.50000000e+00 
 4.30000000e-06  1.47620538e+00  4.30000000e-06  1.40000000e+00  1.50000000e+00 
 4.40000000e-06  1.47781365e+00  4.40000000e-06  1.40000000e+00  1.50000000e+00 
 4.50000000e-06  1.47939807e+00  4.50000000e-06  1.40000000e+00  1.50000000e+00 
 4.60000000e-06  1.48095963e+00  4.60000000e-06  1.40000000e+00  1.50000000e+00 
 4.70000000e-06  1.48249925e+00  4.70000000e-06  1.40000000e+00  1.50000000e+00 
 4.80000000e-06  1.48401780e+00  4.80000000e-06  1.40000000e+00  1.50000000e+00 
 4.90000000e-06  1.48551608e+00  4.90000000e-06  1.40000000e+00  1.50000000e+00 
 5.00000000e-06  1.48699486e+00  5.00000000e-06  1.40000000e+00  1.50000000e+00 
 5.10000000e-06  1.48845485e+00  5.10000000e-06  1.40000000e+00  1.50000000e+00 
 5.20000000e-06  1.48989674e+00  5.20000000e-06  1.40000000e+00  1.50000000e+00 
 5.30000000e-06  1.49132117e+00  5.30000000e-06  1.40000000e+00  1.50000000e+00 
 5.40000000e-06  1.49272873e+00  5.40000000e-06  1.40000000e+00  1.50000000e+00 
 5.50000000e-06  1.49412001e+00  5.50000000e-06  1.40000000e+00  1.50000000e+00 
 5.60000000e-06  1.49549555e+00  5.60000000e-06  1.40000000e+00  1.50000000e+00 
 5.70000000e-06  1.49685586e+00  5.70000000e-06  1.40000000e+00  1.50000000e+00 
 5.80000000e-06  1.49820143e+00  5.80000000e-06  1.40000000e+00  1.50000000e+00 
 5.90000000e-06  1.49953273e+00  5.90000000e-06  1.40000000e+00  1.50000000e+00 
 6.00000000e-06  1.50085019e+00  6.00000000e-06  1.40000000e+00  1.50000000e+00 
