 i-sweep         v(vout)         i(viin)         v(vgate)        v(vmid)        
 0.00000000e+00  5.00606583e-08  0.00000000e+00  1.20000000e+00  0.00000000e+00 
 1.00000000e-07  2.78533454e-03  1.00000000e-07  1.20000000e+00  0.00000000e+00 
 2.00000000e-07  5.58519583e-03  2.00000000e-07  1.20000000e+00  0.00000000e+00 
 3.00000000e-07  8.39986086e-03  3.00000000e-07  1.20000000e+00  0.00000000e+00 
 4.00000000e-07  1.12295625e-02  4.00000000e-07  1.20000000e+00  0.00000000e+00 
 5.00000000e-07  1.40745398e-02  5.00000000e-07  1.20000000e+00  0.00000000e+00 
 6.00000000e-07  1.69350381e-02  6.00000000e-07  1.20000000e+00  0.00000000e+00 
 7.00000000e-07  1.98113096e-02  7.00000000e-07  1.20000000e+00  0.00000000e+00 
 8.00000000e-07  2.27036132e-02  8.00000000e-07  1.20000000e+00  0.00000000e+00 
 9.00000000e-07  2.56122151e-02  9.00000000e-07  1.20000000e+00  0.00000000e+00 
 1.00000000e-06  2.85373887e-02  1.00000000e-06  1.20000000e+00  0.00000000e+00 
 1.10000000e-06  3.14794153e-02  1.10000000e-06  1.20000000e+00  0.00000000e+00 
 1.20000000e-06  3.44385844e-02  1.20000000e-06  1.20000000e+00  0.00000000e+00 
 1.30000000e-06  3.74151935e-02  1.30000000e-06  1.20000000e+00  0.00000000e+00 
 1.40000000e-06  4.04095491e-02  1.40000000e-06  1.20000000e+00  0.00000000e+00 
 1.50000000e-06  4.34219666e-02  1.50000000e-06  1.20000000e+00  0.00000000e+00 
 1.60000000e-06  4.64527709e-02  1.60000000e-06  1.20000000e+00  0.00000000e+00 
 1.70000000e-06  4.95022969e-02  1.70000000e-06  1.20000000e+00  0.00000000e+00 
 1.80000000e-06  5.25708895e-02  1.80000000e-06  1.20000000e+00  0.00000000e+00 
 1.90000000e-06  5.56589044e-02  1.90000000e-06  1.20000000e+00  0.00000000e+00 
 2.00000000e-06  5.87667087e-02  2.00000000e-06  1.20000000e+00  0.00000000e+00 
 2.10000000e-06  6.18946809e-02  2.10000000e-06  1.20000000e+00  0.00000000e+00 
 2.20000000e-06  6.50432119e-02  2.20000000e-06  1.20000000e+00  0.00000000e+00 
 2.30000000e-06  6.82127053e-02  2.30000000e-06  1.20000000e+00  0.00000000e+00 
 2.40000000e-06  7.14035780e-02  2.40000000e-06  1.20000000e+00  0.00000000e+00 
 2.50000000e-06  7.46162610e-02  2.50000000e-06  1.20000000e+00  0.00000000e+00 
 2.60000000e-06  7.78512000e-02  2.60000000e-06  1.20000000e+00  0.00000000e+00 
 2.70000000e-06  8.11088558e-02  2.70000000e-06  1.20000000e+00  0.00000000e+00 
 2.80000000e-06  8.43897057e-02  2.80000000e-06  1.20000000e+00  0.00000000e+00 
 2.90000000e-06  8.76942435e-02  2.90000000e-06  1.20000000e+00  0.00000000e+00 
 3.00000000e-06  9.10229811e-02  3.00000000e-06  1.20000000e+00  0.00000000e+00 
 3.10000000e-06  9.43764489e-02  3.10000000e-06  1.20000000e+00  0.00000000e+00 
 3.20000000e-06  9.77551969e-02  3.20000000e-06  1.20000000e+00  0.00000000e+00 
 3.30000000e-06  1.01159796e-01  3.30000000e-06  1.20000000e+00  0.00000000e+00 
 3.40000000e-06  1.04590838e-01  3.40000000e-06  1.20000000e+00  0.00000000e+00 
 3.50000000e-06  1.08048940e-01  3.50000000e-06  1.20000000e+00  0.00000000e+00 
 3.60000000e-06  1.11534739e-01  3.60000000e-06  1.20000000e+00  0.00000000e+00 
 3.70000000e-06  1.15048903e-01  3.70000000e-06  1.20000000e+00  0.00000000e+00 
 3.80000000e-06  1.18592122e-01  3.80000000e-06  1.20000000e+00  0.00000000e+00 
 3.90000000e-06  1.22165119e-01  3.90000000e-06  1.20000000e+00  0.00000000e+00 
 4.00000000e-06  1.25768642e-01  4.00000000e-06  1.20000000e+00  0.00000000e+00 
 4.10000000e-06  1.29403477e-01  4.10000000e-06  1.20000000e+00  0.00000000e+00 
 4.20000000e-06  1.33070439e-01  4.20000000e-06  1.20000000e+00  0.00000000e+00 
 4.30000000e-06  1.36770382e-01  4.30000000e-06  1.20000000e+00  0.00000000e+00 
 4.40000000e-06  1.40504197e-01  4.40000000e-06  1.20000000e+00  0.00000000e+00 
 4.50000000e-06  1.44272817e-01  4.50000000e-06  1.20000000e+00  0.00000000e+00 
 4.60000000e-06  1.48077218e-01  4.60000000e-06  1.20000000e+00  0.00000000e+00 
 4.70000000e-06  1.51918420e-01  4.70000000e-06  1.20000000e+00  0.00000000e+00 
 4.80000000e-06  1.55797496e-01  4.80000000e-06  1.20000000e+00  0.00000000e+00 
 4.90000000e-06  1.59715571e-01  4.90000000e-06  1.20000000e+00  0.00000000e+00 
 5.00000000e-06  1.63673824e-01  5.00000000e-06  1.20000000e+00  0.00000000e+00 
 5.10000000e-06  1.67673499e-01  5.10000000e-06  1.20000000e+00  0.00000000e+00 
 5.20000000e-06  1.71715901e-01  5.20000000e-06  1.20000000e+00  0.00000000e+00 
 5.30000000e-06  1.75802407e-01  5.30000000e-06  1.20000000e+00  0.00000000e+00 
 5.40000000e-06  1.79934470e-01  5.40000000e-06  1.20000000e+00  0.00000000e+00 
 5.50000000e-06  1.84113622e-01  5.50000000e-06  1.20000000e+00  0.00000000e+00 
 5.60000000e-06  1.88341484e-01  5.60000000e-06  1.20000000e+00  0.00000000e+00 
 5.70000000e-06  1.92619773e-01  5.70000000e-06  1.20000000e+00  0.00000000e+00 
 5.80000000e-06  1.96950306e-01  5.80000000e-06  1.20000000e+00  0.00000000e+00 
 5.90000000e-06  2.01335013e-01  5.90000000e-06  1.20000000e+00  0.00000000e+00 
 6.00000000e-06  2.05775946e-01  6.00000000e-06  1.20000000e+00  0.00000000e+00 
 6.10000000e-06  2.10275288e-01  6.10000000e-06  1.20000000e+00  0.00000000e+00 
 6.20000000e-06  2.14835367e-01  6.20000000e-06  1.20000000e+00  0.00000000e+00 
 6.30000000e-06  2.19458669e-01  6.30000000e-06  1.20000000e+00  0.00000000e+00 
 6.40000000e-06  2.24147853e-01  6.40000000e-06  1.20000000e+00  0.00000000e+00 
 6.50000000e-06  2.28905769e-01  6.50000000e-06  1.20000000e+00  0.00000000e+00 
 6.60000000e-06  2.33735478e-01  6.60000000e-06  1.20000000e+00  0.00000000e+00 
 6.70000000e-06  2.38640274e-01  6.70000000e-06  1.20000000e+00  0.00000000e+00 
 6.80000000e-06  2.43623708e-01  6.80000000e-06  1.20000000e+00  0.00000000e+00 
 6.90000000e-06  2.48689617e-01  6.90000000e-06  1.20000000e+00  0.00000000e+00 
 7.00000000e-06  2.53842162e-01  7.00000000e-06  1.20000000e+00  0.00000000e+00 
 7.10000000e-06  2.59085860e-01  7.10000000e-06  1.20000000e+00  0.00000000e+00 
 7.20000000e-06  2.64425633e-01  7.20000000e-06  1.20000000e+00  0.00000000e+00 
 7.30000000e-06  2.69866859e-01  7.30000000e-06  1.20000000e+00  0.00000000e+00 
 7.40000000e-06  2.75415431e-01  7.40000000e-06  1.20000000e+00  0.00000000e+00 
 7.50000000e-06  2.81077830e-01  7.50000000e-06  1.20000000e+00  0.00000000e+00 
 7.60000000e-06  2.86861141e-01  7.60000000e-06  1.20000000e+00  0.00000000e+00 
 7.70000000e-06  2.92773498e-01  7.70000000e-06  1.20000000e+00  0.00000000e+00 
 7.80000000e-06  2.98823532e-01  7.80000000e-06  1.20000000e+00  0.00000000e+00 
 7.90000000e-06  3.05021155e-01  7.90000000e-06  1.20000000e+00  0.00000000e+00 
 8.00000000e-06  3.11377459e-01  8.00000000e-06  1.20000000e+00  0.00000000e+00 
 8.10000000e-06  3.17904967e-01  8.10000000e-06  1.20000000e+00  0.00000000e+00 
 8.20000000e-06  3.24617910e-01  8.20000000e-06  1.20000000e+00  0.00000000e+00 
 8.30000000e-06  3.31532574e-01  8.30000000e-06  1.20000000e+00  0.00000000e+00 
 8.40000000e-06  3.38667725e-01  8.40000000e-06  1.20000000e+00  0.00000000e+00 
 8.50000000e-06  3.46045162e-01  8.50000000e-06  1.20000000e+00  0.00000000e+00 
 8.60000000e-06  3.53690456e-01  8.60000000e-06  1.20000000e+00  0.00000000e+00 
 8.70000000e-06  3.61633879e-01  8.70000000e-06  1.20000000e+00  0.00000000e+00 
 8.80000000e-06  3.69911685e-01  8.80000000e-06  1.20000000e+00  0.00000000e+00 
 8.90000000e-06  3.78567883e-01  8.90000000e-06  1.20000000e+00  0.00000000e+00 
 9.00000000e-06  3.87656680e-01  9.00000000e-06  1.20000000e+00  0.00000000e+00 
 9.10000000e-06  3.97246000e-01  9.10000000e-06  1.20000000e+00  0.00000000e+00 
 9.20000000e-06  4.07422696e-01  9.20000000e-06  1.20000000e+00  0.00000000e+00 
 9.30000000e-06  4.18300443e-01  9.30000000e-06  1.20000000e+00  0.00000000e+00 
 9.40000000e-06  4.30032570e-01  9.40000000e-06  1.20000000e+00  0.00000000e+00 
 9.50000000e-06  4.42832584e-01  9.50000000e-06  1.20000000e+00  0.00000000e+00 
 9.60000000e-06  4.57011478e-01  9.60000000e-06  1.20000000e+00  0.00000000e+00 
 9.70000000e-06  4.73046918e-01  9.70000000e-06  1.20000000e+00  0.00000000e+00 
 9.80000000e-06  4.91725777e-01  9.80000000e-06  1.20000000e+00  0.00000000e+00 
 9.90000000e-06  5.14470231e-01  9.90000000e-06  1.20000000e+00  0.00000000e+00 
 1.00000000e-05  5.44198145e-01  1.00000000e-05  1.20000000e+00  0.00000000e+00 
 1.01000000e-05  5.88044021e-01  1.01000000e-05  1.20000000e+00  0.00000000e+00 
 1.02000000e-05  6.67637013e-01  1.02000000e-05  1.20000000e+00  0.00000000e+00 
 1.03000000e-05  8.46928139e-01  1.03000000e-05  1.20000000e+00  0.00000000e+00 
 1.04000000e-05  9.90070856e-01  1.04000000e-05  1.20000000e+00  0.00000000e+00 
 1.05000000e-05  1.03345419e+00  1.05000000e-05  1.20000000e+00  0.00000000e+00 
 1.06000000e-05  1.05651005e+00  1.06000000e-05  1.20000000e+00  0.00000000e+00 
 1.07000000e-05  1.07212135e+00  1.07000000e-05  1.20000000e+00  0.00000000e+00 
 1.08000000e-05  1.08395204e+00  1.08000000e-05  1.20000000e+00  0.00000000e+00 
 1.09000000e-05  1.09351379e+00  1.09000000e-05  1.20000000e+00  0.00000000e+00 
 1.10000000e-05  1.10156843e+00  1.10000000e-05  1.20000000e+00  0.00000000e+00 
 1.11000000e-05  1.10855129e+00  1.11000000e-05  1.20000000e+00  0.00000000e+00 
 1.12000000e-05  1.11473364e+00  1.12000000e-05  1.20000000e+00  0.00000000e+00 
 1.13000000e-05  1.12029558e+00  1.13000000e-05  1.20000000e+00  0.00000000e+00 
 1.14000000e-05  1.12536264e+00  1.14000000e-05  1.20000000e+00  0.00000000e+00 
 1.15000000e-05  1.13002573e+00  1.15000000e-05  1.20000000e+00  0.00000000e+00 
 1.16000000e-05  1.13435275e+00  1.16000000e-05  1.20000000e+00  0.00000000e+00 
 1.17000000e-05  1.13839576e+00  1.17000000e-05  1.20000000e+00  0.00000000e+00 
 1.18000000e-05  1.14219551e+00  1.18000000e-05  1.20000000e+00  0.00000000e+00 
 1.19000000e-05  1.14578451e+00  1.19000000e-05  1.20000000e+00  0.00000000e+00 
 1.20000000e-05  1.14918912e+00  1.20000000e-05  1.20000000e+00  0.00000000e+00 
 1.21000000e-05  1.15243099e+00  1.21000000e-05  1.20000000e+00  0.00000000e+00 
 1.22000000e-05  1.15552811e+00  1.22000000e-05  1.20000000e+00  0.00000000e+00 
 1.23000000e-05  1.15849563e+00  1.23000000e-05  1.20000000e+00  0.00000000e+00 
 1.24000000e-05  1.16134639e+00  1.24000000e-05  1.20000000e+00  0.00000000e+00 
 1.25000000e-05  1.16409139e+00  1.25000000e-05  1.20000000e+00  0.00000000e+00 
 1.26000000e-05  1.16674011e+00  1.26000000e-05  1.20000000e+00  0.00000000e+00 
 1.27000000e-05  1.16930081e+00  1.27000000e-05  1.20000000e+00  0.00000000e+00 
 1.28000000e-05  1.17178069e+00  1.28000000e-05  1.20000000e+00  0.00000000e+00 
 1.29000000e-05  1.17418609e+00  1.29000000e-05  1.20000000e+00  0.00000000e+00 
 1.30000000e-05  1.17652260e+00  1.30000000e-05  1.20000000e+00  0.00000000e+00 
 1.31000000e-05  1.17879523e+00  1.31000000e-05  1.20000000e+00  0.00000000e+00 
 1.32000000e-05  1.18100840e+00  1.32000000e-05  1.20000000e+00  0.00000000e+00 
 1.33000000e-05  1.18316612e+00  1.33000000e-05  1.20000000e+00  0.00000000e+00 
 1.34000000e-05  1.18527195e+00  1.34000000e-05  1.20000000e+00  0.00000000e+00 
 1.35000000e-05  1.18732916e+00  1.35000000e-05  1.20000000e+00  0.00000000e+00 
 1.36000000e-05  1.18934067e+00  1.36000000e-05  1.20000000e+00  0.00000000e+00 
 1.37000000e-05  1.19130915e+00  1.37000000e-05  1.20000000e+00  0.00000000e+00 
 1.38000000e-05  1.19323705e+00  1.38000000e-05  1.20000000e+00  0.00000000e+00 
 1.39000000e-05  1.19512659e+00  1.39000000e-05  1.20000000e+00  0.00000000e+00 
 1.40000000e-05  1.19697981e+00  1.40000000e-05  1.20000000e+00  0.00000000e+00 
 1.41000000e-05  1.19879860e+00  1.41000000e-05  1.20000000e+00  0.00000000e+00 
 1.42000000e-05  1.20058469e+00  1.42000000e-05  1.20000000e+00  0.00000000e+00 
 1.43000000e-05  1.20233967e+00  1.43000000e-05  1.20000000e+00  0.00000000e+00 
 1.44000000e-05  1.20406503e+00  1.44000000e-05  1.20000000e+00  0.00000000e+00 
 1.45000000e-05  1.20576214e+00  1.45000000e-05  1.20000000e+00  0.00000000e+00 
 1.46000000e-05  1.20743228e+00  1.46000000e-05  1.20000000e+00  0.00000000e+00 
 1.47000000e-05  1.20907663e+00  1.47000000e-05  1.20000000e+00  0.00000000e+00 
 1.48000000e-05  1.21069630e+00  1.48000000e-05  1.20000000e+00  0.00000000e+00 
 1.49000000e-05  1.21229234e+00  1.49000000e-05  1.20000000e+00  0.00000000e+00 
 1.50000000e-05  1.21386570e+00  1.50000000e-05  1.20000000e+00  0.00000000e+00 
 1.51000000e-05  1.21541730e+00  1.51000000e-05  1.20000000e+00  0.00000000e+00 
 1.52000000e-05  1.21694798e+00  1.52000000e-05  1.20000000e+00  0.00000000e+00 
 1.53000000e-05  1.21845855e+00  1.53000000e-05  1.20000000e+00  0.00000000e+00 
 1.54000000e-05  1.21994977e+00  1.54000000e-05  1.20000000e+00  0.00000000e+00 
 1.55000000e-05  1.22142233e+00  1.55000000e-05  1.20000000e+00  0.00000000e+00 
 1.56000000e-05  1.22287691e+00  1.56000000e-05  1.20000000e+00  0.00000000e+00 
 1.57000000e-05  1.22431414e+00  1.57000000e-05  1.20000000e+00  0.00000000e+00 
 1.58000000e-05  1.22573461e+00  1.58000000e-05  1.20000000e+00  0.00000000e+00 
 1.59000000e-05  1.22713891e+00  1.59000000e-05  1.20000000e+00  0.00000000e+00 
 1.60000000e-05  1.22852755e+00  1.60000000e-05  1.20000000e+00  0.00000000e+00 
 1.61000000e-05  1.22990105e+00  1.61000000e-05  1.20000000e+00  0.00000000e+00 
 1.62000000e-05  1.23125990e+00  1.62000000e-05  1.20000000e+00  0.00000000e+00 
 1.63000000e-05  1.23260454e+00  1.63000000e-05  1.20000000e+00  0.00000000e+00 
 1.64000000e-05  1.23393542e+00  1.64000000e-05  1.20000000e+00  0.00000000e+00 
 1.65000000e-05  1.23525295e+00  1.65000000e-05  1.20000000e+00  0.00000000e+00 
 1.66000000e-05  1.23655753e+00  1.66000000e-05  1.20000000e+00  0.00000000e+00 
 1.67000000e-05  1.23784953e+00  1.67000000e-05  1.20000000e+00  0.00000000e+00 
 1.68000000e-05  1.23912931e+00  1.68000000e-05  1.20000000e+00  0.00000000e+00 
 1.69000000e-05  1.24039723e+00  1.69000000e-05  1.20000000e+00  0.00000000e+00 
 1.70000000e-05  1.24165360e+00  1.70000000e-05  1.20000000e+00  0.00000000e+00 
 1.71000000e-05  1.24289874e+00  1.71000000e-05  1.20000000e+00  0.00000000e+00 
 1.72000000e-05  1.24413295e+00  1.72000000e-05  1.20000000e+00  0.00000000e+00 
 1.73000000e-05  1.24535652e+00  1.73000000e-05  1.20000000e+00  0.00000000e+00 
 1.74000000e-05  1.24656973e+00  1.74000000e-05  1.20000000e+00  0.00000000e+00 
 1.75000000e-05  1.24777284e+00  1.75000000e-05  1.20000000e+00  0.00000000e+00 
 1.76000000e-05  1.24896610e+00  1.76000000e-05  1.20000000e+00  0.00000000e+00 
 1.77000000e-05  1.25014976e+00  1.77000000e-05  1.20000000e+00  0.00000000e+00 
 1.78000000e-05  1.25132406e+00  1.78000000e-05  1.20000000e+00  0.00000000e+00 
 1.79000000e-05  1.25248921e+00  1.79000000e-05  1.20000000e+00  0.00000000e+00 
 1.80000000e-05  1.25364544e+00  1.80000000e-05  1.20000000e+00  0.00000000e+00 
 1.81000000e-05  1.25479295e+00  1.81000000e-05  1.20000000e+00  0.00000000e+00 
 1.82000000e-05  1.25593195e+00  1.82000000e-05  1.20000000e+00  0.00000000e+00 
 1.83000000e-05  1.25706263e+00  1.83000000e-05  1.20000000e+00  0.00000000e+00 
 1.84000000e-05  1.25818517e+00  1.84000000e-05  1.20000000e+00  0.00000000e+00 
 1.85000000e-05  1.25929975e+00  1.85000000e-05  1.20000000e+00  0.00000000e+00 
 1.86000000e-05  1.26040655e+00  1.86000000e-05  1.20000000e+00  0.00000000e+00 
 1.87000000e-05  1.26150574e+00  1.87000000e-05  1.20000000e+00  0.00000000e+00 
 1.88000000e-05  1.26259747e+00  1.88000000e-05  1.20000000e+00  0.00000000e+00 
 1.89000000e-05  1.26368190e+00  1.89000000e-05  1.20000000e+00  0.00000000e+00 
 1.90000000e-05  1.26475919e+00  1.90000000e-05  1.20000000e+00  0.00000000e+00 
 1.91000000e-05  1.26582948e+00  1.91000000e-05  1.20000000e+00  0.00000000e+00 
 1.92000000e-05  1.26689291e+00  1.92000000e-05  1.20000000e+00  0.00000000e+00 
 1.93000000e-05  1.26794961e+00  1.93000000e-05  1.20000000e+00  0.00000000e+00 
 1.94000000e-05  1.26899973e+00  1.94000000e-05  1.20000000e+00  0.00000000e+00 
 1.95000000e-05  1.27004338e+00  1.95000000e-05  1.20000000e+00  0.00000000e+00 
 1.96000000e-05  1.27108070e+00  1.96000000e-05  1.20000000e+00  0.00000000e+00 
 1.97000000e-05  1.27211179e+00  1.97000000e-05  1.20000000e+00  0.00000000e+00 
 1.98000000e-05  1.27313679e+00  1.98000000e-05  1.20000000e+00  0.00000000e+00 
 1.99000000e-05  1.27415579e+00  1.99000000e-05  1.20000000e+00  0.00000000e+00 
 2.00000000e-05  1.27516892e+00  2.00000000e-05  1.20000000e+00  0.00000000e+00 
 2.01000000e-05  1.27617627e+00  2.01000000e-05  1.20000000e+00  0.00000000e+00 
 2.02000000e-05  1.27717795e+00  2.02000000e-05  1.20000000e+00  0.00000000e+00 
 2.03000000e-05  1.27817407e+00  2.03000000e-05  1.20000000e+00  0.00000000e+00 
 2.04000000e-05  1.27916471e+00  2.04000000e-05  1.20000000e+00  0.00000000e+00 
 2.05000000e-05  1.28014997e+00  2.05000000e-05  1.20000000e+00  0.00000000e+00 
 2.06000000e-05  1.28112995e+00  2.06000000e-05  1.20000000e+00  0.00000000e+00 
 2.07000000e-05  1.28210473e+00  2.07000000e-05  1.20000000e+00  0.00000000e+00 
 2.08000000e-05  1.28307441e+00  2.08000000e-05  1.20000000e+00  0.00000000e+00 
 2.09000000e-05  1.28403906e+00  2.09000000e-05  1.20000000e+00  0.00000000e+00 
 2.10000000e-05  1.28499877e+00  2.10000000e-05  1.20000000e+00  0.00000000e+00 
 2.11000000e-05  1.28595361e+00  2.11000000e-05  1.20000000e+00  0.00000000e+00 
 2.12000000e-05  1.28690367e+00  2.12000000e-05  1.20000000e+00  0.00000000e+00 
 2.13000000e-05  1.28784903e+00  2.13000000e-05  1.20000000e+00  0.00000000e+00 
 2.14000000e-05  1.28878975e+00  2.14000000e-05  1.20000000e+00  0.00000000e+00 
 2.15000000e-05  1.28972591e+00  2.15000000e-05  1.20000000e+00  0.00000000e+00 
 2.16000000e-05  1.29065758e+00  2.16000000e-05  1.20000000e+00  0.00000000e+00 
 2.17000000e-05  1.29158482e+00  2.17000000e-05  1.20000000e+00  0.00000000e+00 
 2.18000000e-05  1.29250771e+00  2.18000000e-05  1.20000000e+00  0.00000000e+00 
 2.19000000e-05  1.29342631e+00  2.19000000e-05  1.20000000e+00  0.00000000e+00 
 2.20000000e-05  1.29434069e+00  2.20000000e-05  1.20000000e+00  0.00000000e+00 
 2.21000000e-05  1.29525089e+00  2.21000000e-05  1.20000000e+00  0.00000000e+00 
 2.22000000e-05  1.29615700e+00  2.22000000e-05  1.20000000e+00  0.00000000e+00 
 2.23000000e-05  1.29705905e+00  2.23000000e-05  1.20000000e+00  0.00000000e+00 
 2.24000000e-05  1.29795712e+00  2.24000000e-05  1.20000000e+00  0.00000000e+00 
 2.25000000e-05  1.29885126e+00  2.25000000e-05  1.20000000e+00  0.00000000e+00 
 2.26000000e-05  1.29974152e+00  2.26000000e-05  1.20000000e+00  0.00000000e+00 
 2.27000000e-05  1.30062796e+00  2.27000000e-05  1.20000000e+00  0.00000000e+00 
 2.28000000e-05  1.30151063e+00  2.28000000e-05  1.20000000e+00  0.00000000e+00 
 2.29000000e-05  1.30238959e+00  2.29000000e-05  1.20000000e+00  0.00000000e+00 
 2.30000000e-05  1.30326487e+00  2.30000000e-05  1.20000000e+00  0.00000000e+00 
 2.31000000e-05  1.30413653e+00  2.31000000e-05  1.20000000e+00  0.00000000e+00 
 2.32000000e-05  1.30500463e+00  2.32000000e-05  1.20000000e+00  0.00000000e+00 
 2.33000000e-05  1.30586920e+00  2.33000000e-05  1.20000000e+00  0.00000000e+00 
 2.34000000e-05  1.30673029e+00  2.34000000e-05  1.20000000e+00  0.00000000e+00 
 2.35000000e-05  1.30758795e+00  2.35000000e-05  1.20000000e+00  0.00000000e+00 
 2.36000000e-05  1.30844222e+00  2.36000000e-05  1.20000000e+00  0.00000000e+00 
 2.37000000e-05  1.30929314e+00  2.37000000e-05  1.20000000e+00  0.00000000e+00 
 2.38000000e-05  1.31014076e+00  2.38000000e-05  1.20000000e+00  0.00000000e+00 
 2.39000000e-05  1.31098512e+00  2.39000000e-05  1.20000000e+00  0.00000000e+00 
 2.40000000e-05  1.31182626e+00  2.40000000e-05  1.20000000e+00  0.00000000e+00 
 2.41000000e-05  1.31266421e+00  2.41000000e-05  1.20000000e+00  0.00000000e+00 
 2.42000000e-05  1.31349902e+00  2.42000000e-05  1.20000000e+00  0.00000000e+00 
 2.43000000e-05  1.31433073e+00  2.43000000e-05  1.20000000e+00  0.00000000e+00 
 2.44000000e-05  1.31515936e+00  2.44000000e-05  1.20000000e+00  0.00000000e+00 
 2.45000000e-05  1.31598497e+00  2.45000000e-05  1.20000000e+00  0.00000000e+00 
 2.46000000e-05  1.31680758e+00  2.46000000e-05  1.20000000e+00  0.00000000e+00 
 2.47000000e-05  1.31762723e+00  2.47000000e-05  1.20000000e+00  0.00000000e+00 
 2.48000000e-05  1.31844395e+00  2.48000000e-05  1.20000000e+00  0.00000000e+00 
 2.49000000e-05  1.31925778e+00  2.49000000e-05  1.20000000e+00  0.00000000e+00 
 2.50000000e-05  1.32006875e+00  2.50000000e-05  1.20000000e+00  0.00000000e+00 
