 i-sweep         v(vout)         i(viin)         v(vgate)        v(vmid)        
-6.00000000e-06 -5.76122928e-01 -6.00000000e-06  3.00000000e-01  1.40000000e+00 
-5.90000000e-06 -5.72823405e-01 -5.90000000e-06  3.00000000e-01  1.40000000e+00 
-5.80000000e-06 -5.69494346e-01 -5.80000000e-06  3.00000000e-01  1.40000000e+00 
-5.70000000e-06 -5.66135613e-01 -5.70000000e-06  3.00000000e-01  1.40000000e+00 
-5.60000000e-06 -5.62747012e-01 -5.60000000e-06  3.00000000e-01  1.40000000e+00 
-5.50000000e-06 -5.59328287e-01 -5.50000000e-06  3.00000000e-01  1.40000000e+00 
-5.40000000e-06 -5.55879121e-01 -5.40000000e-06  3.00000000e-01  1.40000000e+00 
-5.30000000e-06 -5.52399141e-01 -5.30000000e-06  3.00000000e-01  1.40000000e+00 
-5.20000000e-06 -5.48887908e-01 -5.20000000e-06  3.00000000e-01  1.40000000e+00 
-5.10000000e-06 -5.45344923e-01 -5.10000000e-06  3.00000000e-01  1.40000000e+00 
-5.00000000e-06 -5.41769625e-01 -5.00000000e-06  3.00000000e-01  1.40000000e+00 
-4.90000000e-06 -5.38161387e-01 -4.90000000e-06  3.00000000e-01  1.40000000e+00 
-4.80000000e-06 -5.34519516e-01 -4.80000000e-06  3.00000000e-01  1.40000000e+00 
-4.70000000e-06 -5.30843252e-01 -4.70000000e-06  3.00000000e-01  1.40000000e+00 
-4.60000000e-06 -5.27131761e-01 -4.60000000e-06  3.00000000e-01  1.40000000e+00 
-4.50000000e-06 -5.23384139e-01 -4.50000000e-06  3.00000000e-01  1.40000000e+00 
-4.40000000e-06 -5.19599404e-01 -4.40000000e-06  3.00000000e-01  1.40000000e+00 
-4.30000000e-06 -5.15776493e-01 -4.30000000e-06  3.00000000e-01  1.40000000e+00 
-4.20000000e-06 -5.11914255e-01 -4.20000000e-06  3.00000000e-01  1.40000000e+00 
-4.10000000e-06 -5.08011452e-01 -4.10000000e-06  3.00000000e-01  1.40000000e+00 
-4.00000000e-06 -5.04066745e-01 -4.00000000e-06  3.00000000e-01  1.40000000e+00 
-3.90000000e-06 -5.00078694e-01 -3.90000000e-06  3.00000000e-01  1.40000000e+00 
-3.80000000e-06 -4.96045743e-01 -3.80000000e-06  3.00000000e-01  1.40000000e+00 
-3.70000000e-06 -4.91966216e-01 -3.70000000e-06  3.00000000e-01  1.40000000e+00 
-3.60000000e-06 -4.87838303e-01 -3.60000000e-06  3.00000000e-01  1.40000000e+00 
-3.50000000e-06 -4.83660047e-01 -3.50000000e-06  3.00000000e-01  1.40000000e+00 
-3.40000000e-06 -4.79429331e-01 -3.40000000e-06  3.00000000e-01  1.40000000e+00 
-3.30000000e-06 -4.75143861e-01 -3.30000000e-06  3.00000000e-01  1.40000000e+00 
-3.20000000e-06 -4.70801146e-01 -3.20000000e-06  3.00000000e-01  1.40000000e+00 
-3.10000000e-06 -4.66398472e-01 -3.10000000e-06  3.00000000e-01  1.40000000e+00 
-3.00000000e-06 -4.61932881e-01 -3.00000000e-06  3.00000000e-01  1.40000000e+00 
-2.90000000e-06 -4.57401135e-01 -2.90000000e-06  3.00000000e-01  1.40000000e+00 
-2.80000000e-06 -4.52799680e-01 -2.80000000e-06  3.00000000e-01  1.40000000e+00 
-2.70000000e-06 -4.48124606e-01 -2.70000000e-06  3.00000000e-01  1.40000000e+00 
-2.60000000e-06 -4.43371589e-01 -2.60000000e-06  3.00000000e-01  1.40000000e+00 
-2.50000000e-06 -4.38535834e-01 -2.50000000e-06  3.00000000e-01  1.40000000e+00 
-2.40000000e-06 -4.33611997e-01 -2.40000000e-06  3.00000000e-01  1.40000000e+00 
-2.30000000e-06 -4.28594099e-01 -2.30000000e-06  3.00000000e-01  1.40000000e+00 
-2.20000000e-06 -4.23475411e-01 -2.20000000e-06  3.00000000e-01  1.40000000e+00 
-2.10000000e-06 -4.18248324e-01 -2.10000000e-06  3.00000000e-01  1.40000000e+00 
-2.00000000e-06 -4.12904175e-01 -2.00000000e-06  3.00000000e-01  1.40000000e+00 
-1.90000000e-06 -4.07433045e-01 -1.90000000e-06  3.00000000e-01  1.40000000e+00 
-1.80000000e-06 -4.01823485e-01 -1.80000000e-06  3.00000000e-01  1.40000000e+00 
-1.70000000e-06 -3.96062184e-01 -1.70000000e-06  3.00000000e-01  1.40000000e+00 
-1.60000000e-06 -3.90133522e-01 -1.60000000e-06  3.00000000e-01  1.40000000e+00 
-1.50000000e-06 -3.84018991e-01 -1.50000000e-06  3.00000000e-01  1.40000000e+00 
-1.40000000e-06 -3.77696421e-01 -1.40000000e-06  3.00000000e-01  1.40000000e+00 
-1.30000000e-06 -3.71138917e-01 -1.30000000e-06  3.00000000e-01  1.40000000e+00 
-1.20000000e-06 -3.64313388e-01 -1.20000000e-06  3.00000000e-01  1.40000000e+00 
-1.10000000e-06 -3.57178445e-01 -1.10000000e-06  3.00000000e-01  1.40000000e+00 
-1.00000000e-06 -3.49681312e-01 -1.00000000e-06  3.00000000e-01  1.40000000e+00 
-9.00000000e-07 -3.41753144e-01 -9.00000000e-07  3.00000000e-01  1.40000000e+00 
-8.00000000e-07 -3.33301633e-01 -8.00000000e-07  3.00000000e-01  1.40000000e+00 
-7.00000000e-07 -3.24198742e-01 -7.00000000e-07  3.00000000e-01  1.40000000e+00 
-6.00000000e-07 -3.14259111e-01 -6.00000000e-07  3.00000000e-01  1.40000000e+00 
-5.00000000e-07 -3.03198960e-01 -5.00000000e-07  3.00000000e-01  1.40000000e+00 
-4.00000000e-07 -2.90548833e-01 -4.00000000e-07  3.00000000e-01  1.40000000e+00 
-3.00000000e-07 -2.75442094e-01 -3.00000000e-07  3.00000000e-01  1.40000000e+00 
-2.00000000e-07 -2.55962040e-01 -2.00000000e-07  3.00000000e-01  1.40000000e+00 
-1.00000000e-07 -2.26090836e-01 -1.00000000e-07  3.00000000e-01  1.40000000e+00 
-5.71747239e-21  7.81814661e-01 -5.71747239e-21  3.00000000e-01  1.40000000e+00 
 1.00000000e-07  1.20390800e+00  1.00000000e-07  3.00000000e-01  1.40000000e+00 
 2.00000000e-07  1.23625334e+00  2.00000000e-07  3.00000000e-01  1.40000000e+00 
 3.00000000e-07  1.25510373e+00  3.00000000e-07  3.00000000e-01  1.40000000e+00 
 4.00000000e-07  1.26852926e+00  4.00000000e-07  3.00000000e-01  1.40000000e+00 
 5.00000000e-07  1.27900056e+00  5.00000000e-07  3.00000000e-01  1.40000000e+00 
 6.00000000e-07  1.28764172e+00  6.00000000e-07  3.00000000e-01  1.40000000e+00 
 7.00000000e-07  1.29502801e+00  7.00000000e-07  3.00000000e-01  1.40000000e+00 
 8.00000000e-07  1.30150138e+00  8.00000000e-07  3.00000000e-01  1.40000000e+00 
 9.00000000e-07  1.30728091e+00  9.00000000e-07  3.00000000e-01  1.40000000e+00 
 1.00000000e-06  1.31251523e+00  1.00000000e-06  3.00000000e-01  1.40000000e+00 
 1.10000000e-06  1.31732175e+00  1.10000000e-06  3.00000000e-01  1.40000000e+00 
 1.20000000e-06  1.32174882e+00  1.20000000e-06  3.00000000e-01  1.40000000e+00 
 1.30000000e-06  1.32587405e+00  1.30000000e-06  3.00000000e-01  1.40000000e+00 
 1.40000000e-06  1.32974184e+00  1.40000000e-06  3.00000000e-01  1.40000000e+00 
 1.50000000e-06  1.33338746e+00  1.50000000e-06  3.00000000e-01  1.40000000e+00 
 1.60000000e-06  1.33683941e+00  1.60000000e-06  3.00000000e-01  1.40000000e+00 
 1.70000000e-06  1.34012100e+00  1.70000000e-06  3.00000000e-01  1.40000000e+00 
 1.80000000e-06  1.34325156e+00  1.80000000e-06  3.00000000e-01  1.40000000e+00 
 1.90000000e-06  1.34624725e+00  1.90000000e-06  3.00000000e-01  1.40000000e+00 
 2.00000000e-06  1.34912176e+00  2.00000000e-06  3.00000000e-01  1.40000000e+00 
 2.10000000e-06  1.35188676e+00  2.10000000e-06  3.00000000e-01  1.40000000e+00 
 2.20000000e-06  1.35455227e+00  2.20000000e-06  3.00000000e-01  1.40000000e+00 
 2.30000000e-06  1.35712700e+00  2.30000000e-06  3.00000000e-01  1.40000000e+00 
 2.40000000e-06  1.35961852e+00  2.40000000e-06  3.00000000e-01  1.40000000e+00 
 2.50000000e-06  1.36203347e+00  2.50000000e-06  3.00000000e-01  1.40000000e+00 
 2.60000000e-06  1.36437774e+00  2.60000000e-06  3.00000000e-01  1.40000000e+00 
 2.70000000e-06  1.36665651e+00  2.70000000e-06  3.00000000e-01  1.40000000e+00 
 2.80000000e-06  1.36887443e+00  2.80000000e-06  3.00000000e-01  1.40000000e+00 
 2.90000000e-06  1.37103563e+00  2.90000000e-06  3.00000000e-01  1.40000000e+00 
 3.00000000e-06  1.37314385e+00  3.00000000e-06  3.00000000e-01  1.40000000e+00 
 3.10000000e-06  1.37520244e+00  3.10000000e-06  3.00000000e-01  1.40000000e+00 
 3.20000000e-06  1.37721444e+00  3.20000000e-06  3.00000000e-01  1.40000000e+00 
 3.30000000e-06  1.37918262e+00  3.30000000e-06  3.00000000e-01  1.40000000e+00 
 3.40000000e-06  1.38110949e+00  3.40000000e-06  3.00000000e-01  1.40000000e+00 
 3.50000000e-06  1.38299735e+00  3.50000000e-06  3.00000000e-01  1.40000000e+00 
 3.60000000e-06  1.38485762e+00  3.60000000e-06  3.00000000e-01  1.40000000e+00 
 3.70000000e-06  1.38667227e+00  3.70000000e-06  3.00000000e-01  1.40000000e+00 
 3.80000000e-06  1.38845394e+00  3.80000000e-06  3.00000000e-01  1.40000000e+00 
 3.90000000e-06  1.39020422e+00  3.90000000e-06  3.00000000e-01  1.40000000e+00 
 4.00000000e-06  1.39192461e+00  4.00000000e-06  3.00000000e-01  1.40000000e+00 
 4.10000000e-06  1.39361650e+00  4.10000000e-06  3.00000000e-01  1.40000000e+00 
 4.20000000e-06  1.39528117e+00  4.20000000e-06  3.00000000e-01  1.40000000e+00 
 4.30000000e-06  1.39691983e+00  4.30000000e-06  3.00000000e-01  1.40000000e+00 
 4.40000000e-06  1.39853358e+00  4.40000000e-06  3.00000000e-01  1.40000000e+00 
 4.50000000e-06  1.40012349e+00  4.50000000e-06  3.00000000e-01  1.40000000e+00 
 4.60000000e-06  1.40169053e+00  4.60000000e-06  3.00000000e-01  1.40000000e+00 
 4.70000000e-06  1.40323562e+00  4.70000000e-06  3.00000000e-01  1.40000000e+00 
 4.80000000e-06  1.40475963e+00  4.80000000e-06  3.00000000e-01  1.40000000e+00 
 4.90000000e-06  1.40626335e+00  4.90000000e-06  3.00000000e-01  1.40000000e+00 
 5.00000000e-06  1.40774755e+00  5.00000000e-06  3.00000000e-01  1.40000000e+00 
 5.10000000e-06  1.40921296e+00  5.10000000e-06  3.00000000e-01  1.40000000e+00 
 5.20000000e-06  1.41066025e+00  5.20000000e-06  3.00000000e-01  1.40000000e+00 
 5.30000000e-06  1.41209006e+00  5.30000000e-06  3.00000000e-01  1.40000000e+00 
 5.40000000e-06  1.41350300e+00  5.40000000e-06  3.00000000e-01  1.40000000e+00 
 5.50000000e-06  1.41489964e+00  5.50000000e-06  3.00000000e-01  1.40000000e+00 
 5.60000000e-06  1.41628051e+00  5.60000000e-06  3.00000000e-01  1.40000000e+00 
 5.70000000e-06  1.41764614e+00  5.70000000e-06  3.00000000e-01  1.40000000e+00 
 5.80000000e-06  1.41899702e+00  5.80000000e-06  3.00000000e-01  1.40000000e+00 
 5.90000000e-06  1.42033361e+00  5.90000000e-06  3.00000000e-01  1.40000000e+00 
 6.00000000e-06  1.42165635e+00  6.00000000e-06  3.00000000e-01  1.40000000e+00 
