 i-sweep         v(vout)         i(viin)         v(vgate)        v(vmid)        
 0.00000000e+00  8.91479258e-01  0.00000000e+00  1.60000000e+00  9.00000000e-01 
 1.00000000e-07  1.00542934e+00  1.00000000e-07  1.60000000e+00  9.00000000e-01 
 2.00000000e-07  1.04373138e+00  2.00000000e-07  1.60000000e+00  9.00000000e-01 
 3.00000000e-07  1.06443295e+00  3.00000000e-07  1.60000000e+00  9.00000000e-01 
 4.00000000e-07  1.07875393e+00  4.00000000e-07  1.60000000e+00  9.00000000e-01 
 5.00000000e-07  1.08977130e+00  5.00000000e-07  1.60000000e+00  9.00000000e-01 
 6.00000000e-07  1.09877232e+00  6.00000000e-07  1.60000000e+00  9.00000000e-01 
 7.00000000e-07  1.10641693e+00  7.00000000e-07  1.60000000e+00  9.00000000e-01 
 8.00000000e-07  1.11308639e+00  8.00000000e-07  1.60000000e+00  9.00000000e-01 
 9.00000000e-07  1.11902109e+00  9.00000000e-07  1.60000000e+00  9.00000000e-01 
 1.00000000e-06  1.12438228e+00  1.00000000e-06  1.60000000e+00  9.00000000e-01 
 1.10000000e-06  1.12928627e+00  1.10000000e-06  1.60000000e+00  9.00000000e-01 
 1.20000000e-06  1.13381309e+00  1.20000000e-06  1.60000000e+00  9.00000000e-01 
 1.30000000e-06  1.13801696e+00  1.30000000e-06  1.60000000e+00  9.00000000e-01 
 1.40000000e-06  1.14195428e+00  1.40000000e-06  1.60000000e+00  9.00000000e-01 
 1.50000000e-06  1.14566212e+00  1.50000000e-06  1.60000000e+00  9.00000000e-01 
 1.60000000e-06  1.14917031e+00  1.60000000e-06  1.60000000e+00  9.00000000e-01 
 1.70000000e-06  1.15250321e+00  1.70000000e-06  1.60000000e+00  9.00000000e-01 
 1.80000000e-06  1.15568094e+00  1.80000000e-06  1.60000000e+00  9.00000000e-01 
 1.90000000e-06  1.15872032e+00  1.90000000e-06  1.60000000e+00  9.00000000e-01 
 2.00000000e-06  1.16163554e+00  2.00000000e-06  1.60000000e+00  9.00000000e-01 
 2.10000000e-06  1.16443867e+00  2.10000000e-06  1.60000000e+00  9.00000000e-01 
 2.20000000e-06  1.16714010e+00  2.20000000e-06  1.60000000e+00  9.00000000e-01 
 2.30000000e-06  1.16974879e+00  2.30000000e-06  1.60000000e+00  9.00000000e-01 
 2.40000000e-06  1.17227257e+00  2.40000000e-06  1.60000000e+00  9.00000000e-01 
 2.50000000e-06  1.17471828e+00  2.50000000e-06  1.60000000e+00  9.00000000e-01 
 2.60000000e-06  1.17709195e+00  2.60000000e-06  1.60000000e+00  9.00000000e-01 
 2.70000000e-06  1.17939892e+00  2.70000000e-06  1.60000000e+00  9.00000000e-01 
 2.80000000e-06  1.18164395e+00  2.80000000e-06  1.60000000e+00  9.00000000e-01 
 2.90000000e-06  1.18383130e+00  2.90000000e-06  1.60000000e+00  9.00000000e-01 
 3.00000000e-06  1.18596478e+00  3.00000000e-06  1.60000000e+00  9.00000000e-01 
 3.10000000e-06  1.18804783e+00  3.10000000e-06  1.60000000e+00  9.00000000e-01 
 3.20000000e-06  1.19008356e+00  3.20000000e-06  1.60000000e+00  9.00000000e-01 
 3.30000000e-06  1.19207480e+00  3.30000000e-06  1.60000000e+00  9.00000000e-01 
 3.40000000e-06  1.19402411e+00  3.40000000e-06  1.60000000e+00  9.00000000e-01 
 3.50000000e-06  1.19593384e+00  3.50000000e-06  1.60000000e+00  9.00000000e-01 
 3.60000000e-06  1.19780614e+00  3.60000000e-06  1.60000000e+00  9.00000000e-01 
 3.70000000e-06  1.19964298e+00  3.70000000e-06  1.60000000e+00  9.00000000e-01 
 3.80000000e-06  1.20144617e+00  3.80000000e-06  1.60000000e+00  9.00000000e-01 
 3.90000000e-06  1.20321740e+00  3.90000000e-06  1.60000000e+00  9.00000000e-01 
 4.00000000e-06  1.20495820e+00  4.00000000e-06  1.60000000e+00  9.00000000e-01 
 4.10000000e-06  1.20667002e+00  4.10000000e-06  1.60000000e+00  9.00000000e-01 
 4.20000000e-06  1.20835417e+00  4.20000000e-06  1.60000000e+00  9.00000000e-01 
 4.30000000e-06  1.21001190e+00  4.30000000e-06  1.60000000e+00  9.00000000e-01 
 4.40000000e-06  1.21164436e+00  4.40000000e-06  1.60000000e+00  9.00000000e-01 
 4.50000000e-06  1.21325263e+00  4.50000000e-06  1.60000000e+00  9.00000000e-01 
 4.60000000e-06  1.21483770e+00  4.60000000e-06  1.60000000e+00  9.00000000e-01 
 4.70000000e-06  1.21640053e+00  4.70000000e-06  1.60000000e+00  9.00000000e-01 
 4.80000000e-06  1.21794199e+00  4.80000000e-06  1.60000000e+00  9.00000000e-01 
 4.90000000e-06  1.21946292e+00  4.90000000e-06  1.60000000e+00  9.00000000e-01 
 5.00000000e-06  1.22096408e+00  5.00000000e-06  1.60000000e+00  9.00000000e-01 
 5.10000000e-06  1.22244622e+00  5.10000000e-06  1.60000000e+00  9.00000000e-01 
 5.20000000e-06  1.22391002e+00  5.20000000e-06  1.60000000e+00  9.00000000e-01 
 5.30000000e-06  1.22535614e+00  5.30000000e-06  1.60000000e+00  9.00000000e-01 
 5.40000000e-06  1.22678520e+00  5.40000000e-06  1.60000000e+00  9.00000000e-01 
 5.50000000e-06  1.22819777e+00  5.50000000e-06  1.60000000e+00  9.00000000e-01 
 5.60000000e-06  1.22959441e+00  5.60000000e-06  1.60000000e+00  9.00000000e-01 
 5.70000000e-06  1.23097565e+00  5.70000000e-06  1.60000000e+00  9.00000000e-01 
 5.80000000e-06  1.23234197e+00  5.80000000e-06  1.60000000e+00  9.00000000e-01 
 5.90000000e-06  1.23369385e+00  5.90000000e-06  1.60000000e+00  9.00000000e-01 
 6.00000000e-06  1.23503174e+00  6.00000000e-06  1.60000000e+00  9.00000000e-01 
 6.10000000e-06  1.23635607e+00  6.10000000e-06  1.60000000e+00  9.00000000e-01 
 6.20000000e-06  1.23766723e+00  6.20000000e-06  1.60000000e+00  9.00000000e-01 
 6.30000000e-06  1.23896563e+00  6.30000000e-06  1.60000000e+00  9.00000000e-01 
 6.40000000e-06  1.24025162e+00  6.40000000e-06  1.60000000e+00  9.00000000e-01 
 6.50000000e-06  1.24152556e+00  6.50000000e-06  1.60000000e+00  9.00000000e-01 
 6.60000000e-06  1.24278778e+00  6.60000000e-06  1.60000000e+00  9.00000000e-01 
 6.70000000e-06  1.24403862e+00  6.70000000e-06  1.60000000e+00  9.00000000e-01 
 6.80000000e-06  1.24527837e+00  6.80000000e-06  1.60000000e+00  9.00000000e-01 
 6.90000000e-06  1.24650733e+00  6.90000000e-06  1.60000000e+00  9.00000000e-01 
 7.00000000e-06  1.24772578e+00  7.00000000e-06  1.60000000e+00  9.00000000e-01 
 7.10000000e-06  1.24893400e+00  7.10000000e-06  1.60000000e+00  9.00000000e-01 
 7.20000000e-06  1.25013224e+00  7.20000000e-06  1.60000000e+00  9.00000000e-01 
 7.30000000e-06  1.25132076e+00  7.30000000e-06  1.60000000e+00  9.00000000e-01 
 7.40000000e-06  1.25249978e+00  7.40000000e-06  1.60000000e+00  9.00000000e-01 
 7.50000000e-06  1.25366955e+00  7.50000000e-06  1.60000000e+00  9.00000000e-01 
 7.60000000e-06  1.25483029e+00  7.60000000e-06  1.60000000e+00  9.00000000e-01 
 7.70000000e-06  1.25598220e+00  7.70000000e-06  1.60000000e+00  9.00000000e-01 
 7.80000000e-06  1.25712549e+00  7.80000000e-06  1.60000000e+00  9.00000000e-01 
 7.90000000e-06  1.25826036e+00  7.90000000e-06  1.60000000e+00  9.00000000e-01 
 8.00000000e-06  1.25938699e+00  8.00000000e-06  1.60000000e+00  9.00000000e-01 
 8.10000000e-06  1.26050558e+00  8.10000000e-06  1.60000000e+00  9.00000000e-01 
 8.20000000e-06  1.26161630e+00  8.20000000e-06  1.60000000e+00  9.00000000e-01 
 8.30000000e-06  1.26271932e+00  8.30000000e-06  1.60000000e+00  9.00000000e-01 
 8.40000000e-06  1.26381480e+00  8.40000000e-06  1.60000000e+00  9.00000000e-01 
 8.50000000e-06  1.26490291e+00  8.50000000e-06  1.60000000e+00  9.00000000e-01 
 8.60000000e-06  1.26598379e+00  8.60000000e-06  1.60000000e+00  9.00000000e-01 
 8.70000000e-06  1.26705760e+00  8.70000000e-06  1.60000000e+00  9.00000000e-01 
 8.80000000e-06  1.26812447e+00  8.80000000e-06  1.60000000e+00  9.00000000e-01 
 8.90000000e-06  1.26918455e+00  8.90000000e-06  1.60000000e+00  9.00000000e-01 
 9.00000000e-06  1.27023798e+00  9.00000000e-06  1.60000000e+00  9.00000000e-01 
 9.10000000e-06  1.27128488e+00  9.10000000e-06  1.60000000e+00  9.00000000e-01 
 9.20000000e-06  1.27232537e+00  9.20000000e-06  1.60000000e+00  9.00000000e-01 
 9.30000000e-06  1.27335959e+00  9.30000000e-06  1.60000000e+00  9.00000000e-01 
 9.40000000e-06  1.27438764e+00  9.40000000e-06  1.60000000e+00  9.00000000e-01 
 9.50000000e-06  1.27540965e+00  9.50000000e-06  1.60000000e+00  9.00000000e-01 
 9.60000000e-06  1.27642572e+00  9.60000000e-06  1.60000000e+00  9.00000000e-01 
 9.70000000e-06  1.27743596e+00  9.70000000e-06  1.60000000e+00  9.00000000e-01 
 9.80000000e-06  1.27844049e+00  9.80000000e-06  1.60000000e+00  9.00000000e-01 
 9.90000000e-06  1.27943939e+00  9.90000000e-06  1.60000000e+00  9.00000000e-01 
 1.00000000e-05  1.28043277e+00  1.00000000e-05  1.60000000e+00  9.00000000e-01 
 1.01000000e-05  1.28142073e+00  1.01000000e-05  1.60000000e+00  9.00000000e-01 
 1.02000000e-05  1.28240335e+00  1.02000000e-05  1.60000000e+00  9.00000000e-01 
 1.03000000e-05  1.28338074e+00  1.03000000e-05  1.60000000e+00  9.00000000e-01 
 1.04000000e-05  1.28435297e+00  1.04000000e-05  1.60000000e+00  9.00000000e-01 
 1.05000000e-05  1.28532013e+00  1.05000000e-05  1.60000000e+00  9.00000000e-01 
 1.06000000e-05  1.28628231e+00  1.06000000e-05  1.60000000e+00  9.00000000e-01 
 1.07000000e-05  1.28723958e+00  1.07000000e-05  1.60000000e+00  9.00000000e-01 
 1.08000000e-05  1.28819204e+00  1.08000000e-05  1.60000000e+00  9.00000000e-01 
 1.09000000e-05  1.28913974e+00  1.09000000e-05  1.60000000e+00  9.00000000e-01 
 1.10000000e-05  1.29008278e+00  1.10000000e-05  1.60000000e+00  9.00000000e-01 
 1.11000000e-05  1.29102122e+00  1.11000000e-05  1.60000000e+00  9.00000000e-01 
 1.12000000e-05  1.29195513e+00  1.12000000e-05  1.60000000e+00  9.00000000e-01 
 1.13000000e-05  1.29288458e+00  1.13000000e-05  1.60000000e+00  9.00000000e-01 
 1.14000000e-05  1.29380964e+00  1.14000000e-05  1.60000000e+00  9.00000000e-01 
 1.15000000e-05  1.29473038e+00  1.15000000e-05  1.60000000e+00  9.00000000e-01 
 1.16000000e-05  1.29564687e+00  1.16000000e-05  1.60000000e+00  9.00000000e-01 
 1.17000000e-05  1.29655915e+00  1.17000000e-05  1.60000000e+00  9.00000000e-01 
 1.18000000e-05  1.29746730e+00  1.18000000e-05  1.60000000e+00  9.00000000e-01 
 1.19000000e-05  1.29837137e+00  1.19000000e-05  1.60000000e+00  9.00000000e-01 
 1.20000000e-05  1.29927143e+00  1.20000000e-05  1.60000000e+00  9.00000000e-01 
 1.21000000e-05  1.30016753e+00  1.21000000e-05  1.60000000e+00  9.00000000e-01 
 1.22000000e-05  1.30105972e+00  1.22000000e-05  1.60000000e+00  9.00000000e-01 
 1.23000000e-05  1.30194807e+00  1.23000000e-05  1.60000000e+00  9.00000000e-01 
 1.24000000e-05  1.30283261e+00  1.24000000e-05  1.60000000e+00  9.00000000e-01 
 1.25000000e-05  1.30371342e+00  1.25000000e-05  1.60000000e+00  9.00000000e-01 
 1.26000000e-05  1.30459053e+00  1.26000000e-05  1.60000000e+00  9.00000000e-01 
 1.27000000e-05  1.30546399e+00  1.27000000e-05  1.60000000e+00  9.00000000e-01 
 1.28000000e-05  1.30633386e+00  1.28000000e-05  1.60000000e+00  9.00000000e-01 
 1.29000000e-05  1.30720018e+00  1.29000000e-05  1.60000000e+00  9.00000000e-01 
 1.30000000e-05  1.30806301e+00  1.30000000e-05  1.60000000e+00  9.00000000e-01 
 1.31000000e-05  1.30892237e+00  1.31000000e-05  1.60000000e+00  9.00000000e-01 
 1.32000000e-05  1.30977833e+00  1.32000000e-05  1.60000000e+00  9.00000000e-01 
 1.33000000e-05  1.31063091e+00  1.33000000e-05  1.60000000e+00  9.00000000e-01 
 1.34000000e-05  1.31148017e+00  1.34000000e-05  1.60000000e+00  9.00000000e-01 
 1.35000000e-05  1.31232615e+00  1.35000000e-05  1.60000000e+00  9.00000000e-01 
 1.36000000e-05  1.31316889e+00  1.36000000e-05  1.60000000e+00  9.00000000e-01 
 1.37000000e-05  1.31400842e+00  1.37000000e-05  1.60000000e+00  9.00000000e-01 
 1.38000000e-05  1.31484479e+00  1.38000000e-05  1.60000000e+00  9.00000000e-01 
 1.39000000e-05  1.31567804e+00  1.39000000e-05  1.60000000e+00  9.00000000e-01 
 1.40000000e-05  1.31650820e+00  1.40000000e-05  1.60000000e+00  9.00000000e-01 
 1.41000000e-05  1.31733531e+00  1.41000000e-05  1.60000000e+00  9.00000000e-01 
 1.42000000e-05  1.31815940e+00  1.42000000e-05  1.60000000e+00  9.00000000e-01 
 1.43000000e-05  1.31898052e+00  1.43000000e-05  1.60000000e+00  9.00000000e-01 
 1.44000000e-05  1.31979870e+00  1.44000000e-05  1.60000000e+00  9.00000000e-01 
 1.45000000e-05  1.32061396e+00  1.45000000e-05  1.60000000e+00  9.00000000e-01 
 1.46000000e-05  1.32142635e+00  1.46000000e-05  1.60000000e+00  9.00000000e-01 
 1.47000000e-05  1.32223589e+00  1.47000000e-05  1.60000000e+00  9.00000000e-01 
 1.48000000e-05  1.32304263e+00  1.48000000e-05  1.60000000e+00  9.00000000e-01 
 1.49000000e-05  1.32384658e+00  1.49000000e-05  1.60000000e+00  9.00000000e-01 
 1.50000000e-05  1.32464779e+00  1.50000000e-05  1.60000000e+00  9.00000000e-01 
 1.51000000e-05  1.32544628e+00  1.51000000e-05  1.60000000e+00  9.00000000e-01 
 1.52000000e-05  1.32624208e+00  1.52000000e-05  1.60000000e+00  9.00000000e-01 
 1.53000000e-05  1.32703522e+00  1.53000000e-05  1.60000000e+00  9.00000000e-01 
 1.54000000e-05  1.32782574e+00  1.54000000e-05  1.60000000e+00  9.00000000e-01 
 1.55000000e-05  1.32861365e+00  1.55000000e-05  1.60000000e+00  9.00000000e-01 
 1.56000000e-05  1.32939899e+00  1.56000000e-05  1.60000000e+00  9.00000000e-01 
 1.57000000e-05  1.33018178e+00  1.57000000e-05  1.60000000e+00  9.00000000e-01 
 1.58000000e-05  1.33096205e+00  1.58000000e-05  1.60000000e+00  9.00000000e-01 
 1.59000000e-05  1.33173983e+00  1.59000000e-05  1.60000000e+00  9.00000000e-01 
 1.60000000e-05  1.33251514e+00  1.60000000e-05  1.60000000e+00  9.00000000e-01 
 1.61000000e-05  1.33328801e+00  1.61000000e-05  1.60000000e+00  9.00000000e-01 
 1.62000000e-05  1.33405846e+00  1.62000000e-05  1.60000000e+00  9.00000000e-01 
 1.63000000e-05  1.33482652e+00  1.63000000e-05  1.60000000e+00  9.00000000e-01 
 1.64000000e-05  1.33559221e+00  1.64000000e-05  1.60000000e+00  9.00000000e-01 
 1.65000000e-05  1.33635556e+00  1.65000000e-05  1.60000000e+00  9.00000000e-01 
 1.66000000e-05  1.33711658e+00  1.66000000e-05  1.60000000e+00  9.00000000e-01 
 1.67000000e-05  1.33787531e+00  1.67000000e-05  1.60000000e+00  9.00000000e-01 
 1.68000000e-05  1.33863176e+00  1.68000000e-05  1.60000000e+00  9.00000000e-01 
 1.69000000e-05  1.33938596e+00  1.69000000e-05  1.60000000e+00  9.00000000e-01 
 1.70000000e-05  1.34013792e+00  1.70000000e-05  1.60000000e+00  9.00000000e-01 
 1.71000000e-05  1.34088768e+00  1.71000000e-05  1.60000000e+00  9.00000000e-01 
 1.72000000e-05  1.34163525e+00  1.72000000e-05  1.60000000e+00  9.00000000e-01 
 1.73000000e-05  1.34238065e+00  1.73000000e-05  1.60000000e+00  9.00000000e-01 
 1.74000000e-05  1.34312390e+00  1.74000000e-05  1.60000000e+00  9.00000000e-01 
 1.75000000e-05  1.34386502e+00  1.75000000e-05  1.60000000e+00  9.00000000e-01 
 1.76000000e-05  1.34460404e+00  1.76000000e-05  1.60000000e+00  9.00000000e-01 
 1.77000000e-05  1.34534097e+00  1.77000000e-05  1.60000000e+00  9.00000000e-01 
 1.78000000e-05  1.34607583e+00  1.78000000e-05  1.60000000e+00  9.00000000e-01 
 1.79000000e-05  1.34680864e+00  1.79000000e-05  1.60000000e+00  9.00000000e-01 
 1.80000000e-05  1.34753942e+00  1.80000000e-05  1.60000000e+00  9.00000000e-01 
 1.81000000e-05  1.34826818e+00  1.81000000e-05  1.60000000e+00  9.00000000e-01 
 1.82000000e-05  1.34899496e+00  1.82000000e-05  1.60000000e+00  9.00000000e-01 
 1.83000000e-05  1.34971975e+00  1.83000000e-05  1.60000000e+00  9.00000000e-01 
 1.84000000e-05  1.35044258e+00  1.84000000e-05  1.60000000e+00  9.00000000e-01 
 1.85000000e-05  1.35116348e+00  1.85000000e-05  1.60000000e+00  9.00000000e-01 
 1.86000000e-05  1.35188244e+00  1.86000000e-05  1.60000000e+00  9.00000000e-01 
 1.87000000e-05  1.35259950e+00  1.87000000e-05  1.60000000e+00  9.00000000e-01 
 1.88000000e-05  1.35331467e+00  1.88000000e-05  1.60000000e+00  9.00000000e-01 
 1.89000000e-05  1.35402796e+00  1.89000000e-05  1.60000000e+00  9.00000000e-01 
 1.90000000e-05  1.35473940e+00  1.90000000e-05  1.60000000e+00  9.00000000e-01 
 1.91000000e-05  1.35544898e+00  1.91000000e-05  1.60000000e+00  9.00000000e-01 
 1.92000000e-05  1.35615675e+00  1.92000000e-05  1.60000000e+00  9.00000000e-01 
 1.93000000e-05  1.35686269e+00  1.93000000e-05  1.60000000e+00  9.00000000e-01 
 1.94000000e-05  1.35756684e+00  1.94000000e-05  1.60000000e+00  9.00000000e-01 
 1.95000000e-05  1.35826921e+00  1.95000000e-05  1.60000000e+00  9.00000000e-01 
 1.96000000e-05  1.35896981e+00  1.96000000e-05  1.60000000e+00  9.00000000e-01 
 1.97000000e-05  1.35966866e+00  1.97000000e-05  1.60000000e+00  9.00000000e-01 
 1.98000000e-05  1.36036577e+00  1.98000000e-05  1.60000000e+00  9.00000000e-01 
 1.99000000e-05  1.36106115e+00  1.99000000e-05  1.60000000e+00  9.00000000e-01 
 2.00000000e-05  1.36175483e+00  2.00000000e-05  1.60000000e+00  9.00000000e-01 
 2.01000000e-05  1.36244680e+00  2.01000000e-05  1.60000000e+00  9.00000000e-01 
 2.02000000e-05  1.36313710e+00  2.02000000e-05  1.60000000e+00  9.00000000e-01 
 2.03000000e-05  1.36382572e+00  2.03000000e-05  1.60000000e+00  9.00000000e-01 
 2.04000000e-05  1.36451269e+00  2.04000000e-05  1.60000000e+00  9.00000000e-01 
 2.05000000e-05  1.36519801e+00  2.05000000e-05  1.60000000e+00  9.00000000e-01 
 2.06000000e-05  1.36588170e+00  2.06000000e-05  1.60000000e+00  9.00000000e-01 
 2.07000000e-05  1.36656377e+00  2.07000000e-05  1.60000000e+00  9.00000000e-01 
 2.08000000e-05  1.36724424e+00  2.08000000e-05  1.60000000e+00  9.00000000e-01 
 2.09000000e-05  1.36792312e+00  2.09000000e-05  1.60000000e+00  9.00000000e-01 
 2.10000000e-05  1.36860041e+00  2.10000000e-05  1.60000000e+00  9.00000000e-01 
 2.11000000e-05  1.36927613e+00  2.11000000e-05  1.60000000e+00  9.00000000e-01 
 2.12000000e-05  1.36995030e+00  2.12000000e-05  1.60000000e+00  9.00000000e-01 
 2.13000000e-05  1.37062292e+00  2.13000000e-05  1.60000000e+00  9.00000000e-01 
 2.14000000e-05  1.37129401e+00  2.14000000e-05  1.60000000e+00  9.00000000e-01 
 2.15000000e-05  1.37196358e+00  2.15000000e-05  1.60000000e+00  9.00000000e-01 
 2.16000000e-05  1.37263163e+00  2.16000000e-05  1.60000000e+00  9.00000000e-01 
 2.17000000e-05  1.37329819e+00  2.17000000e-05  1.60000000e+00  9.00000000e-01 
 2.18000000e-05  1.37396325e+00  2.18000000e-05  1.60000000e+00  9.00000000e-01 
 2.19000000e-05  1.37462684e+00  2.19000000e-05  1.60000000e+00  9.00000000e-01 
 2.20000000e-05  1.37528896e+00  2.20000000e-05  1.60000000e+00  9.00000000e-01 
 2.21000000e-05  1.37594962e+00  2.21000000e-05  1.60000000e+00  9.00000000e-01 
 2.22000000e-05  1.37660884e+00  2.22000000e-05  1.60000000e+00  9.00000000e-01 
 2.23000000e-05  1.37726663e+00  2.23000000e-05  1.60000000e+00  9.00000000e-01 
 2.24000000e-05  1.37792298e+00  2.24000000e-05  1.60000000e+00  9.00000000e-01 
 2.25000000e-05  1.37857793e+00  2.25000000e-05  1.60000000e+00  9.00000000e-01 
 2.26000000e-05  1.37923146e+00  2.26000000e-05  1.60000000e+00  9.00000000e-01 
 2.27000000e-05  1.37988360e+00  2.27000000e-05  1.60000000e+00  9.00000000e-01 
 2.28000000e-05  1.38053436e+00  2.28000000e-05  1.60000000e+00  9.00000000e-01 
 2.29000000e-05  1.38118374e+00  2.29000000e-05  1.60000000e+00  9.00000000e-01 
 2.30000000e-05  1.38183175e+00  2.30000000e-05  1.60000000e+00  9.00000000e-01 
 2.31000000e-05  1.38247841e+00  2.31000000e-05  1.60000000e+00  9.00000000e-01 
 2.32000000e-05  1.38312371e+00  2.32000000e-05  1.60000000e+00  9.00000000e-01 
 2.33000000e-05  1.38376768e+00  2.33000000e-05  1.60000000e+00  9.00000000e-01 
 2.34000000e-05  1.38441032e+00  2.34000000e-05  1.60000000e+00  9.00000000e-01 
 2.35000000e-05  1.38505164e+00  2.35000000e-05  1.60000000e+00  9.00000000e-01 
 2.36000000e-05  1.38569165e+00  2.36000000e-05  1.60000000e+00  9.00000000e-01 
 2.37000000e-05  1.38633036e+00  2.37000000e-05  1.60000000e+00  9.00000000e-01 
 2.38000000e-05  1.38696777e+00  2.38000000e-05  1.60000000e+00  9.00000000e-01 
 2.39000000e-05  1.38760390e+00  2.39000000e-05  1.60000000e+00  9.00000000e-01 
 2.40000000e-05  1.38823874e+00  2.40000000e-05  1.60000000e+00  9.00000000e-01 
 2.41000000e-05  1.38887232e+00  2.41000000e-05  1.60000000e+00  9.00000000e-01 
 2.42000000e-05  1.38950464e+00  2.42000000e-05  1.60000000e+00  9.00000000e-01 
 2.43000000e-05  1.39013571e+00  2.43000000e-05  1.60000000e+00  9.00000000e-01 
 2.44000000e-05  1.39076554e+00  2.44000000e-05  1.60000000e+00  9.00000000e-01 
 2.45000000e-05  1.39139413e+00  2.45000000e-05  1.60000000e+00  9.00000000e-01 
 2.46000000e-05  1.39202149e+00  2.46000000e-05  1.60000000e+00  9.00000000e-01 
 2.47000000e-05  1.39264763e+00  2.47000000e-05  1.60000000e+00  9.00000000e-01 
 2.48000000e-05  1.39327256e+00  2.48000000e-05  1.60000000e+00  9.00000000e-01 
 2.49000000e-05  1.39389628e+00  2.49000000e-05  1.60000000e+00  9.00000000e-01 
 2.50000000e-05  1.39451881e+00  2.50000000e-05  1.60000000e+00  9.00000000e-01 
