 i-sweep         v(vout)         i(viin)         v(vgate)        v(vmid)        
-6.00000000e-06 -6.46208304e-01 -6.00000000e-06  2.00000000e-01  1.70000000e+00 
-5.90000000e-06 -6.43413533e-01 -5.90000000e-06  2.00000000e-01  1.70000000e+00 
-5.80000000e-06 -6.40560608e-01 -5.80000000e-06  2.00000000e-01  1.70000000e+00 
-5.70000000e-06 -6.37649860e-01 -5.70000000e-06  2.00000000e-01  1.70000000e+00 
-5.60000000e-06 -6.34681699e-01 -5.60000000e-06  2.00000000e-01  1.70000000e+00 
-5.50000000e-06 -6.31656599e-01 -5.50000000e-06  2.00000000e-01  1.70000000e+00 
-5.40000000e-06 -6.28575085e-01 -5.40000000e-06  2.00000000e-01  1.70000000e+00 
-5.30000000e-06 -6.25437717e-01 -5.30000000e-06  2.00000000e-01  1.70000000e+00 
-5.20000000e-06 -6.22245077e-01 -5.20000000e-06  2.00000000e-01  1.70000000e+00 
-5.10000000e-06 -6.18997748e-01 -5.10000000e-06  2.00000000e-01  1.70000000e+00 
-5.00000000e-06 -6.15696304e-01 -5.00000000e-06  2.00000000e-01  1.70000000e+00 
-4.90000000e-06 -6.12341289e-01 -4.90000000e-06  2.00000000e-01  1.70000000e+00 
-4.80000000e-06 -6.08933203e-01 -4.80000000e-06  2.00000000e-01  1.70000000e+00 
-4.70000000e-06 -6.05472488e-01 -4.70000000e-06  2.00000000e-01  1.70000000e+00 
-4.60000000e-06 -6.01959514e-01 -4.60000000e-06  2.00000000e-01  1.70000000e+00 
-4.50000000e-06 -5.98394562e-01 -4.50000000e-06  2.00000000e-01  1.70000000e+00 
-4.40000000e-06 -5.94777817e-01 -4.40000000e-06  2.00000000e-01  1.70000000e+00 
-4.30000000e-06 -5.91109351e-01 -4.30000000e-06  2.00000000e-01  1.70000000e+00 
-4.20000000e-06 -5.87389116e-01 -4.20000000e-06  2.00000000e-01  1.70000000e+00 
-4.10000000e-06 -5.83616929e-01 -4.10000000e-06  2.00000000e-01  1.70000000e+00 
-4.00000000e-06 -5.79792466e-01 -4.00000000e-06  2.00000000e-01  1.70000000e+00 
-3.90000000e-06 -5.75915248e-01 -3.90000000e-06  2.00000000e-01  1.70000000e+00 
-3.80000000e-06 -5.71984633e-01 -3.80000000e-06  2.00000000e-01  1.70000000e+00 
-3.70000000e-06 -5.67999804e-01 -3.70000000e-06  2.00000000e-01  1.70000000e+00 
-3.60000000e-06 -5.63959757e-01 -3.60000000e-06  2.00000000e-01  1.70000000e+00 
-3.50000000e-06 -5.59863292e-01 -3.50000000e-06  2.00000000e-01  1.70000000e+00 
-3.40000000e-06 -5.55708994e-01 -3.40000000e-06  2.00000000e-01  1.70000000e+00 
-3.30000000e-06 -5.51495221e-01 -3.30000000e-06  2.00000000e-01  1.70000000e+00 
-3.20000000e-06 -5.47220081e-01 -3.20000000e-06  2.00000000e-01  1.70000000e+00 
-3.10000000e-06 -5.42881418e-01 -3.10000000e-06  2.00000000e-01  1.70000000e+00 
-3.00000000e-06 -5.38476779e-01 -3.00000000e-06  2.00000000e-01  1.70000000e+00 
-2.90000000e-06 -5.34003392e-01 -2.90000000e-06  2.00000000e-01  1.70000000e+00 
-2.80000000e-06 -5.29458123e-01 -2.80000000e-06  2.00000000e-01  1.70000000e+00 
-2.70000000e-06 -5.24837442e-01 -2.70000000e-06  2.00000000e-01  1.70000000e+00 
-2.60000000e-06 -5.20137367e-01 -2.60000000e-06  2.00000000e-01  1.70000000e+00 
-2.50000000e-06 -5.15353409e-01 -2.50000000e-06  2.00000000e-01  1.70000000e+00 
-2.40000000e-06 -5.10480493e-01 -2.40000000e-06  2.00000000e-01  1.70000000e+00 
-2.30000000e-06 -5.05512872e-01 -2.30000000e-06  2.00000000e-01  1.70000000e+00 
-2.20000000e-06 -5.00444022e-01 -2.20000000e-06  2.00000000e-01  1.70000000e+00 
-2.10000000e-06 -4.95266500e-01 -2.10000000e-06  2.00000000e-01  1.70000000e+00 
-2.00000000e-06 -4.89971782e-01 -2.00000000e-06  2.00000000e-01  1.70000000e+00 
-1.90000000e-06 -4.84550049e-01 -1.90000000e-06  2.00000000e-01  1.70000000e+00 
-1.80000000e-06 -4.78989928e-01 -1.80000000e-06  2.00000000e-01  1.70000000e+00 
-1.70000000e-06 -4.73278140e-01 -1.70000000e-06  2.00000000e-01  1.70000000e+00 
-1.60000000e-06 -4.67399065e-01 -1.60000000e-06  2.00000000e-01  1.70000000e+00 
-1.50000000e-06 -4.61334155e-01 -1.50000000e-06  2.00000000e-01  1.70000000e+00 
-1.40000000e-06 -4.55061152e-01 -1.40000000e-06  2.00000000e-01  1.70000000e+00 
-1.30000000e-06 -4.48553018e-01 -1.30000000e-06  2.00000000e-01  1.70000000e+00 
-1.20000000e-06 -4.41776455e-01 -1.20000000e-06  2.00000000e-01  1.70000000e+00 
-1.10000000e-06 -4.34689781e-01 -1.10000000e-06  2.00000000e-01  1.70000000e+00 
-1.00000000e-06 -4.27239819e-01 -1.00000000e-06  2.00000000e-01  1.70000000e+00 
-9.00000000e-07 -4.19357169e-01 -9.00000000e-07  2.00000000e-01  1.70000000e+00 
-8.00000000e-07 -4.10948748e-01 -8.00000000e-07  2.00000000e-01  1.70000000e+00 
-7.00000000e-07 -4.01885411e-01 -7.00000000e-07  2.00000000e-01  1.70000000e+00 
-6.00000000e-07 -3.91980144e-01 -6.00000000e-07  2.00000000e-01  1.70000000e+00 
-5.00000000e-07 -3.80946562e-01 -5.00000000e-07  2.00000000e-01  1.70000000e+00 
-4.00000000e-07 -3.68311448e-01 -4.00000000e-07  2.00000000e-01  1.70000000e+00 
-3.00000000e-07 -3.53197621e-01 -3.00000000e-07  2.00000000e-01  1.70000000e+00 
-2.00000000e-07 -3.33670829e-01 -2.00000000e-07  2.00000000e-01  1.70000000e+00 
-1.00000000e-07 -3.03649025e-01 -1.00000000e-07  2.00000000e-01  1.70000000e+00 
-5.71747239e-21  8.99594137e-01 -5.71747239e-21  2.00000000e-01  1.70000000e+00 
 1.00000000e-07  1.44384318e+00  1.00000000e-07  2.00000000e-01  1.70000000e+00 
 2.00000000e-07  1.47605880e+00  2.00000000e-07  2.00000000e-01  1.70000000e+00 
 3.00000000e-07  1.49482565e+00  3.00000000e-07  2.00000000e-01  1.70000000e+00 
 4.00000000e-07  1.50818781e+00  4.00000000e-07  2.00000000e-01  1.70000000e+00 
 5.00000000e-07  1.51864043e+00  5.00000000e-07  2.00000000e-01  1.70000000e+00 
 6.00000000e-07  1.52723362e+00  6.00000000e-07  2.00000000e-01  1.70000000e+00 
 7.00000000e-07  1.53458257e+00  7.00000000e-07  2.00000000e-01  1.70000000e+00 
 8.00000000e-07  1.54102319e+00  8.00000000e-07  2.00000000e-01  1.70000000e+00 
 9.00000000e-07  1.54677252e+00  9.00000000e-07  2.00000000e-01  1.70000000e+00 
 1.00000000e-06  1.55197833e+00  1.00000000e-06  2.00000000e-01  1.70000000e+00 
 1.10000000e-06  1.55674556e+00  1.10000000e-06  2.00000000e-01  1.70000000e+00 
 1.20000000e-06  1.56115136e+00  1.20000000e-06  2.00000000e-01  1.70000000e+00 
 1.30000000e-06  1.56525407e+00  1.30000000e-06  2.00000000e-01  1.70000000e+00 
 1.40000000e-06  1.56909886e+00  1.40000000e-06  2.00000000e-01  1.70000000e+00 
 1.50000000e-06  1.57272145e+00  1.50000000e-06  2.00000000e-01  1.70000000e+00 
 1.60000000e-06  1.57615052e+00  1.60000000e-06  2.00000000e-01  1.70000000e+00 
 1.70000000e-06  1.57940950e+00  1.70000000e-06  2.00000000e-01  1.70000000e+00 
 1.80000000e-06  1.58251774e+00  1.80000000e-06  2.00000000e-01  1.70000000e+00 
 1.90000000e-06  1.58549143e+00  1.90000000e-06  2.00000000e-01  1.70000000e+00 
 2.00000000e-06  1.58834424e+00  2.00000000e-06  2.00000000e-01  1.70000000e+00 
 2.10000000e-06  1.59108784e+00  2.10000000e-06  2.00000000e-01  1.70000000e+00 
 2.20000000e-06  1.59373223e+00  2.20000000e-06  2.00000000e-01  1.70000000e+00 
 2.30000000e-06  1.59628611e+00  2.30000000e-06  2.00000000e-01  1.70000000e+00 
 2.40000000e-06  1.59875702e+00  2.40000000e-06  2.00000000e-01  1.70000000e+00 
 2.50000000e-06  1.60115162e+00  2.50000000e-06  2.00000000e-01  1.70000000e+00 
 2.60000000e-06  1.60347574e+00  2.60000000e-06  2.00000000e-01  1.70000000e+00 
 2.70000000e-06  1.60573457e+00  2.70000000e-06  2.00000000e-01  1.70000000e+00 
 2.80000000e-06  1.60793275e+00  2.80000000e-06  2.00000000e-01  1.70000000e+00 
 2.90000000e-06  1.61007440e+00  2.90000000e-06  2.00000000e-01  1.70000000e+00 
 3.00000000e-06  1.61216323e+00  3.00000000e-06  2.00000000e-01  1.70000000e+00 
 3.10000000e-06  1.61420261e+00  3.10000000e-06  2.00000000e-01  1.70000000e+00 
 3.20000000e-06  1.61619555e+00  3.20000000e-06  2.00000000e-01  1.70000000e+00 
 3.30000000e-06  1.61814482e+00  3.30000000e-06  2.00000000e-01  1.70000000e+00 
 3.40000000e-06  1.62005292e+00  3.40000000e-06  2.00000000e-01  1.70000000e+00 
 3.50000000e-06  1.62192215e+00  3.50000000e-06  2.00000000e-01  1.70000000e+00 
 3.60000000e-06  1.62375460e+00  3.60000000e-06  2.00000000e-01  1.70000000e+00 
 3.70000000e-06  1.62555220e+00  3.70000000e-06  2.00000000e-01  1.70000000e+00 
 3.80000000e-06  1.62731673e+00  3.80000000e-06  2.00000000e-01  1.70000000e+00 
 3.90000000e-06  1.62904982e+00  3.90000000e-06  2.00000000e-01  1.70000000e+00 
 4.00000000e-06  1.63075298e+00  4.00000000e-06  2.00000000e-01  1.70000000e+00 
 4.10000000e-06  1.63242763e+00  4.10000000e-06  2.00000000e-01  1.70000000e+00 
 4.20000000e-06  1.63407506e+00  4.20000000e-06  2.00000000e-01  1.70000000e+00 
 4.30000000e-06  1.63569649e+00  4.30000000e-06  2.00000000e-01  1.70000000e+00 
 4.40000000e-06  1.63729304e+00  4.40000000e-06  2.00000000e-01  1.70000000e+00 
 4.50000000e-06  1.63886577e+00  4.50000000e-06  2.00000000e-01  1.70000000e+00 
 4.60000000e-06  1.64041567e+00  4.60000000e-06  2.00000000e-01  1.70000000e+00 
 4.70000000e-06  1.64194366e+00  4.70000000e-06  2.00000000e-01  1.70000000e+00 
 4.80000000e-06  1.64345061e+00  4.80000000e-06  2.00000000e-01  1.70000000e+00 
 4.90000000e-06  1.64493732e+00  4.90000000e-06  2.00000000e-01  1.70000000e+00 
 5.00000000e-06  1.64640457e+00  5.00000000e-06  2.00000000e-01  1.70000000e+00 
 5.10000000e-06  1.64785307e+00  5.10000000e-06  2.00000000e-01  1.70000000e+00 
 5.20000000e-06  1.64928351e+00  5.20000000e-06  2.00000000e-01  1.70000000e+00 
 5.30000000e-06  1.65069651e+00  5.30000000e-06  2.00000000e-01  1.70000000e+00 
 5.40000000e-06  1.65209270e+00  5.40000000e-06  2.00000000e-01  1.70000000e+00 
 5.50000000e-06  1.65347264e+00  5.50000000e-06  2.00000000e-01  1.70000000e+00 
 5.60000000e-06  1.65483688e+00  5.60000000e-06  2.00000000e-01  1.70000000e+00 
 5.70000000e-06  1.65618592e+00  5.70000000e-06  2.00000000e-01  1.70000000e+00 
 5.80000000e-06  1.65752027e+00  5.80000000e-06  2.00000000e-01  1.70000000e+00 
 5.90000000e-06  1.65884037e+00  5.90000000e-06  2.00000000e-01  1.70000000e+00 
 6.00000000e-06  1.66014668e+00  6.00000000e-06  2.00000000e-01  1.70000000e+00 
