 i-sweep         v(vout)         i(viin)         v(vgate)        v(vmid)        
 0.00000000e+00  1.00000033e-01  0.00000000e+00  1.60000000e+00  1.00000000e-01 
 1.00000000e-07  1.02039634e-01  1.00000000e-07  1.60000000e+00  1.00000000e-01 
 2.00000000e-07  1.04084703e-01  2.00000000e-07  1.60000000e+00  1.00000000e-01 
 3.00000000e-07  1.06135285e-01  3.00000000e-07  1.60000000e+00  1.00000000e-01 
 4.00000000e-07  1.08191422e-01  4.00000000e-07  1.60000000e+00  1.00000000e-01 
 5.00000000e-07  1.10253159e-01  5.00000000e-07  1.60000000e+00  1.00000000e-01 
 6.00000000e-07  1.12320541e-01  6.00000000e-07  1.60000000e+00  1.00000000e-01 
 7.00000000e-07  1.14393613e-01  7.00000000e-07  1.60000000e+00  1.00000000e-01 
 8.00000000e-07  1.16472421e-01  8.00000000e-07  1.60000000e+00  1.00000000e-01 
 9.00000000e-07  1.18557014e-01  9.00000000e-07  1.60000000e+00  1.00000000e-01 
 1.00000000e-06  1.20647436e-01  1.00000000e-06  1.60000000e+00  1.00000000e-01 
 1.10000000e-06  1.22743738e-01  1.10000000e-06  1.60000000e+00  1.00000000e-01 
 1.20000000e-06  1.24845967e-01  1.20000000e-06  1.60000000e+00  1.00000000e-01 
 1.30000000e-06  1.26954173e-01  1.30000000e-06  1.60000000e+00  1.00000000e-01 
 1.40000000e-06  1.29068407e-01  1.40000000e-06  1.60000000e+00  1.00000000e-01 
 1.50000000e-06  1.31188718e-01  1.50000000e-06  1.60000000e+00  1.00000000e-01 
 1.60000000e-06  1.33315158e-01  1.60000000e-06  1.60000000e+00  1.00000000e-01 
 1.70000000e-06  1.35447781e-01  1.70000000e-06  1.60000000e+00  1.00000000e-01 
 1.80000000e-06  1.37586638e-01  1.80000000e-06  1.60000000e+00  1.00000000e-01 
 1.90000000e-06  1.39731784e-01  1.90000000e-06  1.60000000e+00  1.00000000e-01 
 2.00000000e-06  1.41883272e-01  2.00000000e-06  1.60000000e+00  1.00000000e-01 
 2.10000000e-06  1.44041159e-01  2.10000000e-06  1.60000000e+00  1.00000000e-01 
 2.20000000e-06  1.46205501e-01  2.20000000e-06  1.60000000e+00  1.00000000e-01 
 2.30000000e-06  1.48376354e-01  2.30000000e-06  1.60000000e+00  1.00000000e-01 
 2.40000000e-06  1.50553776e-01  2.40000000e-06  1.60000000e+00  1.00000000e-01 
 2.50000000e-06  1.52737826e-01  2.50000000e-06  1.60000000e+00  1.00000000e-01 
 2.60000000e-06  1.54928564e-01  2.60000000e-06  1.60000000e+00  1.00000000e-01 
 2.70000000e-06  1.57126050e-01  2.70000000e-06  1.60000000e+00  1.00000000e-01 
 2.80000000e-06  1.59330345e-01  2.80000000e-06  1.60000000e+00  1.00000000e-01 
 2.90000000e-06  1.61541512e-01  2.90000000e-06  1.60000000e+00  1.00000000e-01 
 3.00000000e-06  1.63759614e-01  3.00000000e-06  1.60000000e+00  1.00000000e-01 
 3.10000000e-06  1.65984715e-01  3.10000000e-06  1.60000000e+00  1.00000000e-01 
 3.20000000e-06  1.68216880e-01  3.20000000e-06  1.60000000e+00  1.00000000e-01 
 3.30000000e-06  1.70456176e-01  3.30000000e-06  1.60000000e+00  1.00000000e-01 
 3.40000000e-06  1.72702670e-01  3.40000000e-06  1.60000000e+00  1.00000000e-01 
 3.50000000e-06  1.74956430e-01  3.50000000e-06  1.60000000e+00  1.00000000e-01 
 3.60000000e-06  1.77217526e-01  3.60000000e-06  1.60000000e+00  1.00000000e-01 
 3.70000000e-06  1.79486028e-01  3.70000000e-06  1.60000000e+00  1.00000000e-01 
 3.80000000e-06  1.81762008e-01  3.80000000e-06  1.60000000e+00  1.00000000e-01 
 3.90000000e-06  1.84045539e-01  3.90000000e-06  1.60000000e+00  1.00000000e-01 
 4.00000000e-06  1.86336694e-01  4.00000000e-06  1.60000000e+00  1.00000000e-01 
 4.10000000e-06  1.88635550e-01  4.10000000e-06  1.60000000e+00  1.00000000e-01 
 4.20000000e-06  1.90942182e-01  4.20000000e-06  1.60000000e+00  1.00000000e-01 
 4.30000000e-06  1.93256669e-01  4.30000000e-06  1.60000000e+00  1.00000000e-01 
 4.40000000e-06  1.95579090e-01  4.40000000e-06  1.60000000e+00  1.00000000e-01 
 4.50000000e-06  1.97909524e-01  4.50000000e-06  1.60000000e+00  1.00000000e-01 
 4.60000000e-06  2.00248054e-01  4.60000000e-06  1.60000000e+00  1.00000000e-01 
 4.70000000e-06  2.02594763e-01  4.70000000e-06  1.60000000e+00  1.00000000e-01 
 4.80000000e-06  2.04949735e-01  4.80000000e-06  1.60000000e+00  1.00000000e-01 
 4.90000000e-06  2.07313057e-01  4.90000000e-06  1.60000000e+00  1.00000000e-01 
 5.00000000e-06  2.09684816e-01  5.00000000e-06  1.60000000e+00  1.00000000e-01 
 5.10000000e-06  2.12065102e-01  5.10000000e-06  1.60000000e+00  1.00000000e-01 
 5.20000000e-06  2.14454004e-01  5.20000000e-06  1.60000000e+00  1.00000000e-01 
 5.30000000e-06  2.16851616e-01  5.30000000e-06  1.60000000e+00  1.00000000e-01 
 5.40000000e-06  2.19258031e-01  5.40000000e-06  1.60000000e+00  1.00000000e-01 
 5.50000000e-06  2.21673346e-01  5.50000000e-06  1.60000000e+00  1.00000000e-01 
 5.60000000e-06  2.24097656e-01  5.60000000e-06  1.60000000e+00  1.00000000e-01 
 5.70000000e-06  2.26531063e-01  5.70000000e-06  1.60000000e+00  1.00000000e-01 
 5.80000000e-06  2.28973666e-01  5.80000000e-06  1.60000000e+00  1.00000000e-01 
 5.90000000e-06  2.31425570e-01  5.90000000e-06  1.60000000e+00  1.00000000e-01 
 6.00000000e-06  2.33886877e-01  6.00000000e-06  1.60000000e+00  1.00000000e-01 
 6.10000000e-06  2.36357697e-01  6.10000000e-06  1.60000000e+00  1.00000000e-01 
 6.20000000e-06  2.38838136e-01  6.20000000e-06  1.60000000e+00  1.00000000e-01 
 6.30000000e-06  2.41328308e-01  6.30000000e-06  1.60000000e+00  1.00000000e-01 
 6.40000000e-06  2.43828323e-01  6.40000000e-06  1.60000000e+00  1.00000000e-01 
 6.50000000e-06  2.46338299e-01  6.50000000e-06  1.60000000e+00  1.00000000e-01 
 6.60000000e-06  2.48858352e-01  6.60000000e-06  1.60000000e+00  1.00000000e-01 
 6.70000000e-06  2.51388603e-01  6.70000000e-06  1.60000000e+00  1.00000000e-01 
 6.80000000e-06  2.53929173e-01  6.80000000e-06  1.60000000e+00  1.00000000e-01 
 6.90000000e-06  2.56480189e-01  6.90000000e-06  1.60000000e+00  1.00000000e-01 
 7.00000000e-06  2.59041776e-01  7.00000000e-06  1.60000000e+00  1.00000000e-01 
 7.10000000e-06  2.61614065e-01  7.10000000e-06  1.60000000e+00  1.00000000e-01 
 7.20000000e-06  2.64197189e-01  7.20000000e-06  1.60000000e+00  1.00000000e-01 
 7.30000000e-06  2.66791283e-01  7.30000000e-06  1.60000000e+00  1.00000000e-01 
 7.40000000e-06  2.69396485e-01  7.40000000e-06  1.60000000e+00  1.00000000e-01 
 7.50000000e-06  2.72012937e-01  7.50000000e-06  1.60000000e+00  1.00000000e-01 
 7.60000000e-06  2.74640782e-01  7.60000000e-06  1.60000000e+00  1.00000000e-01 
 7.70000000e-06  2.77280169e-01  7.70000000e-06  1.60000000e+00  1.00000000e-01 
 7.80000000e-06  2.79931246e-01  7.80000000e-06  1.60000000e+00  1.00000000e-01 
 7.90000000e-06  2.82594169e-01  7.90000000e-06  1.60000000e+00  1.00000000e-01 
 8.00000000e-06  2.85269095e-01  8.00000000e-06  1.60000000e+00  1.00000000e-01 
 8.10000000e-06  2.87956183e-01  8.10000000e-06  1.60000000e+00  1.00000000e-01 
 8.20000000e-06  2.90655599e-01  8.20000000e-06  1.60000000e+00  1.00000000e-01 
 8.30000000e-06  2.93367510e-01  8.30000000e-06  1.60000000e+00  1.00000000e-01 
 8.40000000e-06  2.96092089e-01  8.40000000e-06  1.60000000e+00  1.00000000e-01 
 8.50000000e-06  2.98829510e-01  8.50000000e-06  1.60000000e+00  1.00000000e-01 
 8.60000000e-06  3.01579955e-01  8.60000000e-06  1.60000000e+00  1.00000000e-01 
 8.70000000e-06  3.04343607e-01  8.70000000e-06  1.60000000e+00  1.00000000e-01 
 8.80000000e-06  3.07120655e-01  8.80000000e-06  1.60000000e+00  1.00000000e-01 
 8.90000000e-06  3.09911292e-01  8.90000000e-06  1.60000000e+00  1.00000000e-01 
 9.00000000e-06  3.12715716e-01  9.00000000e-06  1.60000000e+00  1.00000000e-01 
 9.10000000e-06  3.15534129e-01  9.10000000e-06  1.60000000e+00  1.00000000e-01 
 9.20000000e-06  3.18366739e-01  9.20000000e-06  1.60000000e+00  1.00000000e-01 
 9.30000000e-06  3.21213758e-01  9.30000000e-06  1.60000000e+00  1.00000000e-01 
 9.40000000e-06  3.24075406e-01  9.40000000e-06  1.60000000e+00  1.00000000e-01 
 9.50000000e-06  3.26951905e-01  9.50000000e-06  1.60000000e+00  1.00000000e-01 
 9.60000000e-06  3.29843486e-01  9.60000000e-06  1.60000000e+00  1.00000000e-01 
 9.70000000e-06  3.32750383e-01  9.70000000e-06  1.60000000e+00  1.00000000e-01 
 9.80000000e-06  3.35672839e-01  9.80000000e-06  1.60000000e+00  1.00000000e-01 
 9.90000000e-06  3.38611100e-01  9.90000000e-06  1.60000000e+00  1.00000000e-01 
 1.00000000e-05  3.41565423e-01  1.00000000e-05  1.60000000e+00  1.00000000e-01 
 1.01000000e-05  3.44536068e-01  1.01000000e-05  1.60000000e+00  1.00000000e-01 
 1.02000000e-05  3.47523305e-01  1.02000000e-05  1.60000000e+00  1.00000000e-01 
 1.03000000e-05  3.50527409e-01  1.03000000e-05  1.60000000e+00  1.00000000e-01 
 1.04000000e-05  3.53548665e-01  1.04000000e-05  1.60000000e+00  1.00000000e-01 
 1.05000000e-05  3.56587365e-01  1.05000000e-05  1.60000000e+00  1.00000000e-01 
 1.06000000e-05  3.59643808e-01  1.06000000e-05  1.60000000e+00  1.00000000e-01 
 1.07000000e-05  3.62718305e-01  1.07000000e-05  1.60000000e+00  1.00000000e-01 
 1.08000000e-05  3.65811172e-01  1.08000000e-05  1.60000000e+00  1.00000000e-01 
 1.09000000e-05  3.68922739e-01  1.09000000e-05  1.60000000e+00  1.00000000e-01 
 1.10000000e-05  3.72053342e-01  1.10000000e-05  1.60000000e+00  1.00000000e-01 
 1.11000000e-05  3.75203329e-01  1.11000000e-05  1.60000000e+00  1.00000000e-01 
 1.12000000e-05  3.78373058e-01  1.12000000e-05  1.60000000e+00  1.00000000e-01 
 1.13000000e-05  3.81562899e-01  1.13000000e-05  1.60000000e+00  1.00000000e-01 
 1.14000000e-05  3.84773234e-01  1.14000000e-05  1.60000000e+00  1.00000000e-01 
 1.15000000e-05  3.88004455e-01  1.15000000e-05  1.60000000e+00  1.00000000e-01 
 1.16000000e-05  3.91256969e-01  1.16000000e-05  1.60000000e+00  1.00000000e-01 
 1.17000000e-05  3.94531196e-01  1.17000000e-05  1.60000000e+00  1.00000000e-01 
 1.18000000e-05  3.97827567e-01  1.18000000e-05  1.60000000e+00  1.00000000e-01 
 1.19000000e-05  4.01146533e-01  1.19000000e-05  1.60000000e+00  1.00000000e-01 
 1.20000000e-05  4.04488555e-01  1.20000000e-05  1.60000000e+00  1.00000000e-01 
 1.21000000e-05  4.07854114e-01  1.21000000e-05  1.60000000e+00  1.00000000e-01 
 1.22000000e-05  4.11243705e-01  1.22000000e-05  1.60000000e+00  1.00000000e-01 
 1.23000000e-05  4.14657842e-01  1.23000000e-05  1.60000000e+00  1.00000000e-01 
 1.24000000e-05  4.18097057e-01  1.24000000e-05  1.60000000e+00  1.00000000e-01 
 1.25000000e-05  4.21561902e-01  1.25000000e-05  1.60000000e+00  1.00000000e-01 
 1.26000000e-05  4.25052950e-01  1.26000000e-05  1.60000000e+00  1.00000000e-01 
 1.27000000e-05  4.28570794e-01  1.27000000e-05  1.60000000e+00  1.00000000e-01 
 1.28000000e-05  4.32116050e-01  1.28000000e-05  1.60000000e+00  1.00000000e-01 
 1.29000000e-05  4.35689359e-01  1.29000000e-05  1.60000000e+00  1.00000000e-01 
 1.30000000e-05  4.39291388e-01  1.30000000e-05  1.60000000e+00  1.00000000e-01 
 1.31000000e-05  4.42922828e-01  1.31000000e-05  1.60000000e+00  1.00000000e-01 
 1.32000000e-05  4.46584400e-01  1.32000000e-05  1.60000000e+00  1.00000000e-01 
 1.33000000e-05  4.50276854e-01  1.33000000e-05  1.60000000e+00  1.00000000e-01 
 1.34000000e-05  4.54000973e-01  1.34000000e-05  1.60000000e+00  1.00000000e-01 
 1.35000000e-05  4.57757573e-01  1.35000000e-05  1.60000000e+00  1.00000000e-01 
 1.36000000e-05  4.61547504e-01  1.36000000e-05  1.60000000e+00  1.00000000e-01 
 1.37000000e-05  4.65371656e-01  1.37000000e-05  1.60000000e+00  1.00000000e-01 
 1.38000000e-05  4.69230957e-01  1.38000000e-05  1.60000000e+00  1.00000000e-01 
 1.39000000e-05  4.73126379e-01  1.39000000e-05  1.60000000e+00  1.00000000e-01 
 1.40000000e-05  4.77058939e-01  1.40000000e-05  1.60000000e+00  1.00000000e-01 
 1.41000000e-05  4.81029703e-01  1.41000000e-05  1.60000000e+00  1.00000000e-01 
 1.42000000e-05  4.85039788e-01  1.42000000e-05  1.60000000e+00  1.00000000e-01 
 1.43000000e-05  4.89090367e-01  1.43000000e-05  1.60000000e+00  1.00000000e-01 
 1.44000000e-05  4.93182672e-01  1.44000000e-05  1.60000000e+00  1.00000000e-01 
 1.45000000e-05  4.97317998e-01  1.45000000e-05  1.60000000e+00  1.00000000e-01 
 1.46000000e-05  5.01497709e-01  1.46000000e-05  1.60000000e+00  1.00000000e-01 
 1.47000000e-05  5.05723242e-01  1.47000000e-05  1.60000000e+00  1.00000000e-01 
 1.48000000e-05  5.09996113e-01  1.48000000e-05  1.60000000e+00  1.00000000e-01 
 1.49000000e-05  5.14317922e-01  1.49000000e-05  1.60000000e+00  1.00000000e-01 
 1.50000000e-05  5.18690362e-01  1.50000000e-05  1.60000000e+00  1.00000000e-01 
 1.51000000e-05  5.23115226e-01  1.51000000e-05  1.60000000e+00  1.00000000e-01 
 1.52000000e-05  5.27594412e-01  1.52000000e-05  1.60000000e+00  1.00000000e-01 
 1.53000000e-05  5.32129939e-01  1.53000000e-05  1.60000000e+00  1.00000000e-01 
 1.54000000e-05  5.36723949e-01  1.54000000e-05  1.60000000e+00  1.00000000e-01 
 1.55000000e-05  5.41378725e-01  1.55000000e-05  1.60000000e+00  1.00000000e-01 
 1.56000000e-05  5.46096701e-01  1.56000000e-05  1.60000000e+00  1.00000000e-01 
 1.57000000e-05  5.50880476e-01  1.57000000e-05  1.60000000e+00  1.00000000e-01 
 1.58000000e-05  5.55732833e-01  1.58000000e-05  1.60000000e+00  1.00000000e-01 
 1.59000000e-05  5.60656752e-01  1.59000000e-05  1.60000000e+00  1.00000000e-01 
 1.60000000e-05  5.65655436e-01  1.60000000e-05  1.60000000e+00  1.00000000e-01 
 1.61000000e-05  5.70732331e-01  1.61000000e-05  1.60000000e+00  1.00000000e-01 
 1.62000000e-05  5.75891153e-01  1.62000000e-05  1.60000000e+00  1.00000000e-01 
 1.63000000e-05  5.81135922e-01  1.63000000e-05  1.60000000e+00  1.00000000e-01 
 1.64000000e-05  5.86470989e-01  1.64000000e-05  1.60000000e+00  1.00000000e-01 
 1.65000000e-05  5.91901085e-01  1.65000000e-05  1.60000000e+00  1.00000000e-01 
 1.66000000e-05  5.97431361e-01  1.66000000e-05  1.60000000e+00  1.00000000e-01 
 1.67000000e-05  6.03067447e-01  1.67000000e-05  1.60000000e+00  1.00000000e-01 
 1.68000000e-05  6.08815510e-01  1.68000000e-05  1.60000000e+00  1.00000000e-01 
 1.69000000e-05  6.14682325e-01  1.69000000e-05  1.60000000e+00  1.00000000e-01 
 1.70000000e-05  6.20675367e-01  1.70000000e-05  1.60000000e+00  1.00000000e-01 
 1.71000000e-05  6.26802920e-01  1.71000000e-05  1.60000000e+00  1.00000000e-01 
 1.72000000e-05  6.33074225e-01  1.72000000e-05  1.60000000e+00  1.00000000e-01 
 1.73000000e-05  6.39499633e-01  1.73000000e-05  1.60000000e+00  1.00000000e-01 
 1.74000000e-05  6.46090744e-01  1.74000000e-05  1.60000000e+00  1.00000000e-01 
 1.75000000e-05  6.52860597e-01  1.75000000e-05  1.60000000e+00  1.00000000e-01 
 1.76000000e-05  6.59823958e-01  1.76000000e-05  1.60000000e+00  1.00000000e-01 
 1.77000000e-05  6.66997723e-01  1.77000000e-05  1.60000000e+00  1.00000000e-01 
 1.78000000e-05  6.74401362e-01  1.78000000e-05  1.60000000e+00  1.00000000e-01 
 1.79000000e-05  6.82057439e-01  1.79000000e-05  1.60000000e+00  1.00000000e-01 
 1.80000000e-05  6.89992298e-01  1.80000000e-05  1.60000000e+00  1.00000000e-01 
 1.81000000e-05  6.98236987e-01  1.81000000e-05  1.60000000e+00  1.00000000e-01 
 1.82000000e-05  7.06828479e-01  1.82000000e-05  1.60000000e+00  1.00000000e-01 
 1.83000000e-05  7.15811306e-01  1.83000000e-05  1.60000000e+00  1.00000000e-01 
 1.84000000e-05  7.25239791e-01  1.84000000e-05  1.60000000e+00  1.00000000e-01 
 1.85000000e-05  7.35181159e-01  1.85000000e-05  1.60000000e+00  1.00000000e-01 
 1.86000000e-05  7.45719855e-01  1.86000000e-05  1.60000000e+00  1.00000000e-01 
 1.87000000e-05  7.56963134e-01  1.87000000e-05  1.60000000e+00  1.00000000e-01 
 1.88000000e-05  7.69056364e-01  1.88000000e-05  1.60000000e+00  1.00000000e-01 
 1.89000000e-05  7.82185312e-01  1.89000000e-05  1.60000000e+00  1.00000000e-01 
 1.90000000e-05  7.96611077e-01  1.90000000e-05  1.60000000e+00  1.00000000e-01 
 1.91000000e-05  8.12706416e-01  1.91000000e-05  1.60000000e+00  1.00000000e-01 
 1.92000000e-05  8.31006983e-01  1.92000000e-05  1.60000000e+00  1.00000000e-01 
 1.93000000e-05  8.52319384e-01  1.93000000e-05  1.60000000e+00  1.00000000e-01 
 1.94000000e-05  8.77842006e-01  1.94000000e-05  1.60000000e+00  1.00000000e-01 
 1.95000000e-05  9.09145605e-01  1.95000000e-05  1.60000000e+00  1.00000000e-01 
 1.96000000e-05  9.46951843e-01  1.96000000e-05  1.60000000e+00  1.00000000e-01 
 1.97000000e-05  9.86779502e-01  1.97000000e-05  1.60000000e+00  1.00000000e-01 
 1.98000000e-05  1.01966589e+00  1.98000000e-05  1.60000000e+00  1.00000000e-01 
 1.99000000e-05  1.04337951e+00  1.99000000e-05  1.60000000e+00  1.00000000e-01 
 2.00000000e-05  1.06066883e+00  2.00000000e-05  1.60000000e+00  1.00000000e-01 
 2.01000000e-05  1.07394804e+00  2.01000000e-05  1.60000000e+00  1.00000000e-01 
 2.02000000e-05  1.08464590e+00  2.02000000e-05  1.60000000e+00  1.00000000e-01 
 2.03000000e-05  1.09358891e+00  2.03000000e-05  1.60000000e+00  1.00000000e-01 
 2.04000000e-05  1.10127744e+00  2.04000000e-05  1.60000000e+00  1.00000000e-01 
 2.05000000e-05  1.10803100e+00  2.05000000e-05  1.60000000e+00  1.00000000e-01 
 2.06000000e-05  1.11406372e+00  2.06000000e-05  1.60000000e+00  1.00000000e-01 
 2.07000000e-05  1.11952506e+00  2.07000000e-05  1.60000000e+00  1.00000000e-01 
 2.08000000e-05  1.12452306e+00  2.08000000e-05  1.60000000e+00  1.00000000e-01 
 2.09000000e-05  1.12913808e+00  2.09000000e-05  1.60000000e+00  1.00000000e-01 
 2.10000000e-05  1.13343144e+00  2.10000000e-05  1.60000000e+00  1.00000000e-01 
 2.11000000e-05  1.13745087e+00  2.11000000e-05  1.60000000e+00  1.00000000e-01 
 2.12000000e-05  1.14123428e+00  2.12000000e-05  1.60000000e+00  1.00000000e-01 
 2.13000000e-05  1.14481219e+00  2.13000000e-05  1.60000000e+00  1.00000000e-01 
 2.14000000e-05  1.14820957e+00  2.14000000e-05  1.60000000e+00  1.00000000e-01 
 2.15000000e-05  1.15144709e+00  2.15000000e-05  1.60000000e+00  1.00000000e-01 
 2.16000000e-05  1.15454202e+00  2.16000000e-05  1.60000000e+00  1.00000000e-01 
 2.17000000e-05  1.15750898e+00  2.17000000e-05  1.60000000e+00  1.00000000e-01 
 2.18000000e-05  1.16036042e+00  2.18000000e-05  1.60000000e+00  1.00000000e-01 
 2.19000000e-05  1.16310703e+00  2.19000000e-05  1.60000000e+00  1.00000000e-01 
 2.20000000e-05  1.16575809e+00  2.20000000e-05  1.60000000e+00  1.00000000e-01 
 2.21000000e-05  1.16832166e+00  2.21000000e-05  1.60000000e+00  1.00000000e-01 
 2.22000000e-05  1.17080481e+00  2.22000000e-05  1.60000000e+00  1.00000000e-01 
 2.23000000e-05  1.17321378e+00  2.23000000e-05  1.60000000e+00  1.00000000e-01 
 2.24000000e-05  1.17555410e+00  2.24000000e-05  1.60000000e+00  1.00000000e-01 
 2.25000000e-05  1.17783067e+00  2.25000000e-05  1.60000000e+00  1.00000000e-01 
 2.26000000e-05  1.18004790e+00  2.26000000e-05  1.60000000e+00  1.00000000e-01 
 2.27000000e-05  1.18220973e+00  2.27000000e-05  1.60000000e+00  1.00000000e-01 
 2.28000000e-05  1.18431972e+00  2.28000000e-05  1.60000000e+00  1.00000000e-01 
 2.29000000e-05  1.18638109e+00  2.29000000e-05  1.60000000e+00  1.00000000e-01 
 2.30000000e-05  1.18839675e+00  2.30000000e-05  1.60000000e+00  1.00000000e-01 
 2.31000000e-05  1.19036936e+00  2.31000000e-05  1.60000000e+00  1.00000000e-01 
 2.32000000e-05  1.19230135e+00  2.32000000e-05  1.60000000e+00  1.00000000e-01 
 2.33000000e-05  1.19419493e+00  2.33000000e-05  1.60000000e+00  1.00000000e-01 
 2.34000000e-05  1.19605214e+00  2.34000000e-05  1.60000000e+00  1.00000000e-01 
 2.35000000e-05  1.19787486e+00  2.35000000e-05  1.60000000e+00  1.00000000e-01 
 2.36000000e-05  1.19966481e+00  2.36000000e-05  1.60000000e+00  1.00000000e-01 
 2.37000000e-05  1.20142360e+00  2.37000000e-05  1.60000000e+00  1.00000000e-01 
 2.38000000e-05  1.20315269e+00  2.38000000e-05  1.60000000e+00  1.00000000e-01 
 2.39000000e-05  1.20485346e+00  2.39000000e-05  1.60000000e+00  1.00000000e-01 
 2.40000000e-05  1.20652719e+00  2.40000000e-05  1.60000000e+00  1.00000000e-01 
 2.41000000e-05  1.20817507e+00  2.41000000e-05  1.60000000e+00  1.00000000e-01 
 2.42000000e-05  1.20979820e+00  2.42000000e-05  1.60000000e+00  1.00000000e-01 
 2.43000000e-05  1.21139762e+00  2.43000000e-05  1.60000000e+00  1.00000000e-01 
 2.44000000e-05  1.21297429e+00  2.44000000e-05  1.60000000e+00  1.00000000e-01 
 2.45000000e-05  1.21452914e+00  2.45000000e-05  1.60000000e+00  1.00000000e-01 
 2.46000000e-05  1.21606301e+00  2.46000000e-05  1.60000000e+00  1.00000000e-01 
 2.47000000e-05  1.21757669e+00  2.47000000e-05  1.60000000e+00  1.00000000e-01 
 2.48000000e-05  1.21907096e+00  2.48000000e-05  1.60000000e+00  1.00000000e-01 
 2.49000000e-05  1.22054651e+00  2.49000000e-05  1.60000000e+00  1.00000000e-01 
 2.50000000e-05  1.22200402e+00  2.50000000e-05  1.60000000e+00  1.00000000e-01 
