 i-sweep         v(vout)         i(viin)         v(vgate)        v(vmid)        
-6.00000000e-06 -6.50134965e-01 -6.00000000e-06  2.00000000e-01  2.00000000e-01 
-5.90000000e-06 -6.47393666e-01 -5.90000000e-06  2.00000000e-01  2.00000000e-01 
-5.80000000e-06 -6.44591617e-01 -5.80000000e-06  2.00000000e-01  2.00000000e-01 
-5.70000000e-06 -6.41728968e-01 -5.70000000e-06  2.00000000e-01  2.00000000e-01 
-5.60000000e-06 -6.38805968e-01 -5.60000000e-06  2.00000000e-01  2.00000000e-01 
-5.50000000e-06 -6.35822957e-01 -5.50000000e-06  2.00000000e-01  2.00000000e-01 
-5.40000000e-06 -6.32780351e-01 -5.40000000e-06  2.00000000e-01  2.00000000e-01 
-5.30000000e-06 -6.29678628e-01 -5.30000000e-06  2.00000000e-01  2.00000000e-01 
-5.20000000e-06 -6.26518316e-01 -5.20000000e-06  2.00000000e-01  2.00000000e-01 
-5.10000000e-06 -6.23299970e-01 -5.10000000e-06  2.00000000e-01  2.00000000e-01 
-5.00000000e-06 -6.20024159e-01 -5.00000000e-06  2.00000000e-01  2.00000000e-01 
-4.90000000e-06 -6.16691450e-01 -4.90000000e-06  2.00000000e-01  2.00000000e-01 
-4.80000000e-06 -6.13302385e-01 -4.80000000e-06  2.00000000e-01  2.00000000e-01 
-4.70000000e-06 -6.09857469e-01 -4.70000000e-06  2.00000000e-01  2.00000000e-01 
-4.60000000e-06 -6.06357149e-01 -4.60000000e-06  2.00000000e-01  2.00000000e-01 
-4.50000000e-06 -6.02801802e-01 -4.50000000e-06  2.00000000e-01  2.00000000e-01 
-4.40000000e-06 -5.99191717e-01 -4.40000000e-06  2.00000000e-01  2.00000000e-01 
-4.30000000e-06 -5.95527080e-01 -4.30000000e-06  2.00000000e-01  2.00000000e-01 
-4.20000000e-06 -5.91807963e-01 -4.20000000e-06  2.00000000e-01  2.00000000e-01 
-4.10000000e-06 -5.88034308e-01 -4.10000000e-06  2.00000000e-01  2.00000000e-01 
-4.00000000e-06 -5.84205918e-01 -4.00000000e-06  2.00000000e-01  2.00000000e-01 
-3.90000000e-06 -5.80322440e-01 -3.90000000e-06  2.00000000e-01  2.00000000e-01 
-3.80000000e-06 -5.76383358e-01 -3.80000000e-06  2.00000000e-01  2.00000000e-01 
-3.70000000e-06 -5.72387979e-01 -3.70000000e-06  2.00000000e-01  2.00000000e-01 
-3.60000000e-06 -5.68335420e-01 -3.60000000e-06  2.00000000e-01  2.00000000e-01 
-3.50000000e-06 -5.64224592e-01 -3.50000000e-06  2.00000000e-01  2.00000000e-01 
-3.40000000e-06 -5.60054193e-01 -3.40000000e-06  2.00000000e-01  2.00000000e-01 
-3.30000000e-06 -5.55822683e-01 -3.30000000e-06  2.00000000e-01  2.00000000e-01 
-3.20000000e-06 -5.51528273e-01 -3.20000000e-06  2.00000000e-01  2.00000000e-01 
-3.10000000e-06 -5.47168897e-01 -3.10000000e-06  2.00000000e-01  2.00000000e-01 
-3.00000000e-06 -5.42742191e-01 -3.00000000e-06  2.00000000e-01  2.00000000e-01 
-2.90000000e-06 -5.38245466e-01 -2.90000000e-06  2.00000000e-01  2.00000000e-01 
-2.80000000e-06 -5.33675668e-01 -2.80000000e-06  2.00000000e-01  2.00000000e-01 
-2.70000000e-06 -5.29029339e-01 -2.70000000e-06  2.00000000e-01  2.00000000e-01 
-2.60000000e-06 -5.24302570e-01 -2.60000000e-06  2.00000000e-01  2.00000000e-01 
-2.50000000e-06 -5.19490939e-01 -2.50000000e-06  2.00000000e-01  2.00000000e-01 
-2.40000000e-06 -5.14589439e-01 -2.40000000e-06  2.00000000e-01  2.00000000e-01 
-2.30000000e-06 -5.09592394e-01 -2.30000000e-06  2.00000000e-01  2.00000000e-01 
-2.20000000e-06 -5.04493345e-01 -2.20000000e-06  2.00000000e-01  2.00000000e-01 
-2.10000000e-06 -4.99284925e-01 -2.10000000e-06  2.00000000e-01  2.00000000e-01 
-2.00000000e-06 -4.93958750e-01 -2.00000000e-06  2.00000000e-01  2.00000000e-01 
-1.90000000e-06 -4.88504900e-01 -1.90000000e-06  2.00000000e-01  2.00000000e-01 
-1.80000000e-06 -4.82912289e-01 -1.80000000e-06  2.00000000e-01  2.00000000e-01 
-1.70000000e-06 -4.77167696e-01 -1.70000000e-06  2.00000000e-01  2.00000000e-01 
-1.60000000e-06 -4.71255638e-01 -1.60000000e-06  2.00000000e-01  2.00000000e-01 
-1.50000000e-06 -4.65157739e-01 -1.50000000e-06  2.00000000e-01  2.00000000e-01 
-1.40000000e-06 -4.58851954e-01 -1.40000000e-06  2.00000000e-01  2.00000000e-01 
-1.30000000e-06 -4.52311536e-01 -1.30000000e-06  2.00000000e-01  2.00000000e-01 
-1.20000000e-06 -4.45503501e-01 -1.20000000e-06  2.00000000e-01  2.00000000e-01 
-1.10000000e-06 -4.38386671e-01 -1.10000000e-06  2.00000000e-01  2.00000000e-01 
-1.00000000e-06 -4.30908506e-01 -1.00000000e-06  2.00000000e-01  2.00000000e-01 
-9.00000000e-07 -4.23000683e-01 -9.00000000e-07  2.00000000e-01  2.00000000e-01 
-8.00000000e-07 -4.14570770e-01 -8.00000000e-07  2.00000000e-01  2.00000000e-01 
-7.00000000e-07 -4.05492194e-01 -7.00000000e-07  2.00000000e-01  2.00000000e-01 
-6.00000000e-07 -3.95580521e-01 -6.00000000e-07  2.00000000e-01  2.00000000e-01 
-5.00000000e-07 -3.84554320e-01 -5.00000000e-07  2.00000000e-01  2.00000000e-01 
-4.00000000e-07 -3.71948664e-01 -4.00000000e-07  2.00000000e-01  2.00000000e-01 
-3.00000000e-07 -3.56906597e-01 -3.00000000e-07  2.00000000e-01  2.00000000e-01 
-2.00000000e-07 -3.37531808e-01 -2.00000000e-07  2.00000000e-01  2.00000000e-01 
-1.00000000e-07 -3.07889055e-01 -1.00000000e-07  2.00000000e-01  2.00000000e-01 
-5.71747239e-21  6.12921527e-01 -5.71747239e-21  2.00000000e-01  2.00000000e-01 
 1.00000000e-07  1.01518042e+00  1.00000000e-07  2.00000000e-01  2.00000000e-01 
 2.00000000e-07  1.04758997e+00  2.00000000e-07  2.00000000e-01  2.00000000e-01 
 3.00000000e-07  1.06647604e+00  3.00000000e-07  2.00000000e-01  2.00000000e-01 
 4.00000000e-07  1.07991820e+00  4.00000000e-07  2.00000000e-01  2.00000000e-01 
 5.00000000e-07  1.09042075e+00  5.00000000e-07  2.00000000e-01  2.00000000e-01 
 6.00000000e-07  1.09908510e+00  6.00000000e-07  2.00000000e-01  2.00000000e-01 
 7.00000000e-07  1.10649208e+00  7.00000000e-07  2.00000000e-01  2.00000000e-01 
 8.00000000e-07  1.11298495e+00  8.00000000e-07  2.00000000e-01  2.00000000e-01 
 9.00000000e-07  1.11878322e+00  9.00000000e-07  2.00000000e-01  2.00000000e-01 
 1.00000000e-06  1.12403571e+00  1.00000000e-06  2.00000000e-01  2.00000000e-01 
 1.10000000e-06  1.12884789e+00  1.10000000e-06  2.00000000e-01  2.00000000e-01 
 1.20000000e-06  1.13329722e+00  1.20000000e-06  2.00000000e-01  2.00000000e-01 
 1.30000000e-06  1.13744226e+00  1.30000000e-06  2.00000000e-01  2.00000000e-01 
 1.40000000e-06  1.14132837e+00  1.40000000e-06  2.00000000e-01  2.00000000e-01 
 1.50000000e-06  1.14499136e+00  1.50000000e-06  2.00000000e-01  2.00000000e-01 
 1.60000000e-06  1.14846003e+00  1.60000000e-06  2.00000000e-01  2.00000000e-01 
 1.70000000e-06  1.15175790e+00  1.70000000e-06  2.00000000e-01  2.00000000e-01 
 1.80000000e-06  1.15490438e+00  1.80000000e-06  2.00000000e-01  2.00000000e-01 
 1.90000000e-06  1.15791571e+00  1.90000000e-06  2.00000000e-01  2.00000000e-01 
 2.00000000e-06  1.16080564e+00  2.00000000e-06  2.00000000e-01  2.00000000e-01 
 2.10000000e-06  1.16358585e+00  2.10000000e-06  2.00000000e-01  2.00000000e-01 
 2.20000000e-06  1.16626640e+00  2.20000000e-06  2.00000000e-01  2.00000000e-01 
 2.30000000e-06  1.16885601e+00  2.30000000e-06  2.00000000e-01  2.00000000e-01 
 2.40000000e-06  1.17136226e+00  2.40000000e-06  2.00000000e-01  2.00000000e-01 
 2.50000000e-06  1.17379182e+00  2.50000000e-06  2.00000000e-01  2.00000000e-01 
 2.60000000e-06  1.17615056e+00  2.60000000e-06  2.00000000e-01  2.00000000e-01 
 2.70000000e-06  1.17844369e+00  2.70000000e-06  2.00000000e-01  2.00000000e-01 
 2.80000000e-06  1.18067585e+00  2.80000000e-06  2.00000000e-01  2.00000000e-01 
 2.90000000e-06  1.18285119e+00  2.90000000e-06  2.00000000e-01  2.00000000e-01 
 3.00000000e-06  1.18497344e+00  3.00000000e-06  2.00000000e-01  2.00000000e-01 
 3.10000000e-06  1.18704597e+00  3.10000000e-06  2.00000000e-01  2.00000000e-01 
 3.20000000e-06  1.18907182e+00  3.20000000e-06  2.00000000e-01  2.00000000e-01 
 3.30000000e-06  1.19105375e+00  3.30000000e-06  2.00000000e-01  2.00000000e-01 
 3.40000000e-06  1.19299430e+00  3.40000000e-06  2.00000000e-01  2.00000000e-01 
 3.50000000e-06  1.19489574e+00  3.50000000e-06  2.00000000e-01  2.00000000e-01 
 3.60000000e-06  1.19676021e+00  3.60000000e-06  2.00000000e-01  2.00000000e-01 
 3.70000000e-06  1.19858962e+00  3.70000000e-06  2.00000000e-01  2.00000000e-01 
 3.80000000e-06  1.20038577e+00  3.80000000e-06  2.00000000e-01  2.00000000e-01 
 3.90000000e-06  1.20215029e+00  3.90000000e-06  2.00000000e-01  2.00000000e-01 
 4.00000000e-06  1.20388472e+00  4.00000000e-06  2.00000000e-01  2.00000000e-01 
 4.10000000e-06  1.20559045e+00  4.10000000e-06  2.00000000e-01  2.00000000e-01 
 4.20000000e-06  1.20726880e+00  4.20000000e-06  2.00000000e-01  2.00000000e-01 
 4.30000000e-06  1.20892099e+00  4.30000000e-06  2.00000000e-01  2.00000000e-01 
 4.40000000e-06  1.21054815e+00  4.40000000e-06  2.00000000e-01  2.00000000e-01 
 4.50000000e-06  1.21215134e+00  4.50000000e-06  2.00000000e-01  2.00000000e-01 
 4.60000000e-06  1.21373156e+00  4.60000000e-06  2.00000000e-01  2.00000000e-01 
 4.70000000e-06  1.21528972e+00  4.70000000e-06  2.00000000e-01  2.00000000e-01 
 4.80000000e-06  1.21682670e+00  4.80000000e-06  2.00000000e-01  2.00000000e-01 
 4.90000000e-06  1.21834332e+00  4.90000000e-06  2.00000000e-01  2.00000000e-01 
 5.00000000e-06  1.21984034e+00  5.00000000e-06  2.00000000e-01  2.00000000e-01 
 5.10000000e-06  1.22131849e+00  5.10000000e-06  2.00000000e-01  2.00000000e-01 
 5.20000000e-06  1.22277846e+00  5.20000000e-06  2.00000000e-01  2.00000000e-01 
 5.30000000e-06  1.22422088e+00  5.30000000e-06  2.00000000e-01  2.00000000e-01 
 5.40000000e-06  1.22564636e+00  5.40000000e-06  2.00000000e-01  2.00000000e-01 
 5.50000000e-06  1.22705548e+00  5.50000000e-06  2.00000000e-01  2.00000000e-01 
 5.60000000e-06  1.22844879e+00  5.60000000e-06  2.00000000e-01  2.00000000e-01 
 5.70000000e-06  1.22982681e+00  5.70000000e-06  2.00000000e-01  2.00000000e-01 
 5.80000000e-06  1.23119001e+00  5.80000000e-06  2.00000000e-01  2.00000000e-01 
 5.90000000e-06  1.23253888e+00  5.90000000e-06  2.00000000e-01  2.00000000e-01 
 6.00000000e-06  1.23387385e+00  6.00000000e-06  2.00000000e-01  2.00000000e-01 
