 i-sweep         v(vout)         i(viin)         v(vgate)        v(vmid)        
 0.00000000e+00  8.74470302e-01  0.00000000e+00  1.50000000e+00  1.00000000e+00 
 1.00000000e-07  1.02241635e+00  1.00000000e-07  1.50000000e+00  1.00000000e+00 
 2.00000000e-07  1.05482882e+00  2.00000000e-07  1.50000000e+00  1.00000000e+00 
 3.00000000e-07  1.07387154e+00  3.00000000e-07  1.50000000e+00  1.00000000e+00 
 4.00000000e-07  1.08715917e+00  4.00000000e-07  1.50000000e+00  1.00000000e+00 
 5.00000000e-07  1.09763466e+00  5.00000000e-07  1.50000000e+00  1.00000000e+00 
 6.00000000e-07  1.10707506e+00  6.00000000e-07  1.50000000e+00  1.00000000e+00 
 7.00000000e-07  1.11413261e+00  7.00000000e-07  1.50000000e+00  1.00000000e+00 
 8.00000000e-07  1.12054100e+00  8.00000000e-07  1.50000000e+00  1.00000000e+00 
 9.00000000e-07  1.12626100e+00  9.00000000e-07  1.50000000e+00  1.00000000e+00 
 1.00000000e-06  1.13145987e+00  1.00000000e-06  1.50000000e+00  1.00000000e+00 
 1.10000000e-06  1.13623207e+00  1.10000000e-06  1.50000000e+00  1.00000000e+00 
 1.20000000e-06  1.14065099e+00  1.20000000e-06  1.50000000e+00  1.00000000e+00 
 1.30000000e-06  1.14477231e+00  1.30000000e-06  1.50000000e+00  1.00000000e+00 
 1.40000000e-06  1.14863955e+00  1.40000000e-06  1.50000000e+00  1.00000000e+00 
 1.50000000e-06  1.15228725e+00  1.50000000e-06  1.50000000e+00  1.00000000e+00 
 1.60000000e-06  1.15574336e+00  1.60000000e-06  1.50000000e+00  1.00000000e+00 
 1.70000000e-06  1.15903074e+00  1.70000000e-06  1.50000000e+00  1.00000000e+00 
 1.80000000e-06  1.16216837e+00  1.80000000e-06  1.50000000e+00  1.00000000e+00 
 1.90000000e-06  1.16517216e+00  1.90000000e-06  1.50000000e+00  1.00000000e+00 
 2.00000000e-06  1.16805557e+00  2.00000000e-06  1.50000000e+00  1.00000000e+00 
 2.10000000e-06  1.17083011e+00  2.10000000e-06  1.50000000e+00  1.00000000e+00 
 2.20000000e-06  1.17350569e+00  2.20000000e-06  1.50000000e+00  1.00000000e+00 
 2.30000000e-06  1.17609089e+00  2.30000000e-06  1.50000000e+00  1.00000000e+00 
 2.40000000e-06  1.17859323e+00  2.40000000e-06  1.50000000e+00  1.00000000e+00 
 2.50000000e-06  1.18101928e+00  2.50000000e-06  1.50000000e+00  1.00000000e+00 
 2.60000000e-06  1.18337485e+00  2.60000000e-06  1.50000000e+00  1.00000000e+00 
 2.70000000e-06  1.18566510e+00  2.70000000e-06  1.50000000e+00  1.00000000e+00 
 2.80000000e-06  1.18789463e+00  2.80000000e-06  1.50000000e+00  1.00000000e+00 
 2.90000000e-06  1.19006757e+00  2.90000000e-06  1.50000000e+00  1.00000000e+00 
 3.00000000e-06  1.19218760e+00  3.00000000e-06  1.50000000e+00  1.00000000e+00 
 3.10000000e-06  1.19425808e+00  3.10000000e-06  1.50000000e+00  1.00000000e+00 
 3.20000000e-06  1.19628202e+00  3.20000000e-06  1.50000000e+00  1.00000000e+00 
 3.30000000e-06  1.19826218e+00  3.30000000e-06  1.50000000e+00  1.00000000e+00 
 3.40000000e-06  1.20020105e+00  3.40000000e-06  1.50000000e+00  1.00000000e+00 
 3.50000000e-06  1.20210094e+00  3.50000000e-06  1.50000000e+00  1.00000000e+00 
 3.60000000e-06  1.20396393e+00  3.60000000e-06  1.50000000e+00  1.00000000e+00 
 3.70000000e-06  1.20579194e+00  3.70000000e-06  1.50000000e+00  1.00000000e+00 
 3.80000000e-06  1.20758677e+00  3.80000000e-06  1.50000000e+00  1.00000000e+00 
 3.90000000e-06  1.20935004e+00  3.90000000e-06  1.50000000e+00  1.00000000e+00 
 4.00000000e-06  1.21108326e+00  4.00000000e-06  1.50000000e+00  1.00000000e+00 
 4.10000000e-06  1.21278785e+00  4.10000000e-06  1.50000000e+00  1.00000000e+00 
 4.20000000e-06  1.21446511e+00  4.20000000e-06  1.50000000e+00  1.00000000e+00 
 4.30000000e-06  1.21611624e+00  4.30000000e-06  1.50000000e+00  1.00000000e+00 
 4.40000000e-06  1.21774239e+00  4.40000000e-06  1.50000000e+00  1.00000000e+00 
 4.50000000e-06  1.21934460e+00  4.50000000e-06  1.50000000e+00  1.00000000e+00 
 4.60000000e-06  1.22092387e+00  4.60000000e-06  1.50000000e+00  1.00000000e+00 
 4.70000000e-06  1.22248112e+00  4.70000000e-06  1.50000000e+00  1.00000000e+00 
 4.80000000e-06  1.22401722e+00  4.80000000e-06  1.50000000e+00  1.00000000e+00 
 4.90000000e-06  1.22553298e+00  4.90000000e-06  1.50000000e+00  1.00000000e+00 
 5.00000000e-06  1.22702917e+00  5.00000000e-06  1.50000000e+00  1.00000000e+00 
 5.10000000e-06  1.22850652e+00  5.10000000e-06  1.50000000e+00  1.00000000e+00 
 5.20000000e-06  1.22996569e+00  5.20000000e-06  1.50000000e+00  1.00000000e+00 
 5.30000000e-06  1.23140734e+00  5.30000000e-06  1.50000000e+00  1.00000000e+00 
 5.40000000e-06  1.23283207e+00  5.40000000e-06  1.50000000e+00  1.00000000e+00 
 5.50000000e-06  1.23424046e+00  5.50000000e-06  1.50000000e+00  1.00000000e+00 
 5.60000000e-06  1.23563305e+00  5.60000000e-06  1.50000000e+00  1.00000000e+00 
 5.70000000e-06  1.23701036e+00  5.70000000e-06  1.50000000e+00  1.00000000e+00 
 5.80000000e-06  1.23837287e+00  5.80000000e-06  1.50000000e+00  1.00000000e+00 
 5.90000000e-06  1.23972106e+00  5.90000000e-06  1.50000000e+00  1.00000000e+00 
 6.00000000e-06  1.24105536e+00  6.00000000e-06  1.50000000e+00  1.00000000e+00 
 6.10000000e-06  1.24237620e+00  6.10000000e-06  1.50000000e+00  1.00000000e+00 
 6.20000000e-06  1.24368398e+00  6.20000000e-06  1.50000000e+00  1.00000000e+00 
 6.30000000e-06  1.24497908e+00  6.30000000e-06  1.50000000e+00  1.00000000e+00 
 6.40000000e-06  1.24626186e+00  6.40000000e-06  1.50000000e+00  1.00000000e+00 
 6.50000000e-06  1.24753268e+00  6.50000000e-06  1.50000000e+00  1.00000000e+00 
 6.60000000e-06  1.24879186e+00  6.60000000e-06  1.50000000e+00  1.00000000e+00 
 6.70000000e-06  1.25003973e+00  6.70000000e-06  1.50000000e+00  1.00000000e+00 
 6.80000000e-06  1.25127658e+00  6.80000000e-06  1.50000000e+00  1.00000000e+00 
 6.90000000e-06  1.25250272e+00  6.90000000e-06  1.50000000e+00  1.00000000e+00 
 7.00000000e-06  1.25371842e+00  7.00000000e-06  1.50000000e+00  1.00000000e+00 
 7.10000000e-06  1.25492394e+00  7.10000000e-06  1.50000000e+00  1.00000000e+00 
 7.20000000e-06  1.25611955e+00  7.20000000e-06  1.50000000e+00  1.00000000e+00 
 7.30000000e-06  1.25730550e+00  7.30000000e-06  1.50000000e+00  1.00000000e+00 
 7.40000000e-06  1.25848201e+00  7.40000000e-06  1.50000000e+00  1.00000000e+00 
 7.50000000e-06  1.25964932e+00  7.50000000e-06  1.50000000e+00  1.00000000e+00 
 7.60000000e-06  1.26080765e+00  7.60000000e-06  1.50000000e+00  1.00000000e+00 
 7.70000000e-06  1.26195720e+00  7.70000000e-06  1.50000000e+00  1.00000000e+00 
 7.80000000e-06  1.26309818e+00  7.80000000e-06  1.50000000e+00  1.00000000e+00 
 7.90000000e-06  1.26423079e+00  7.90000000e-06  1.50000000e+00  1.00000000e+00 
 8.00000000e-06  1.26535521e+00  8.00000000e-06  1.50000000e+00  1.00000000e+00 
 8.10000000e-06  1.26647163e+00  8.10000000e-06  1.50000000e+00  1.00000000e+00 
 8.20000000e-06  1.26758022e+00  8.20000000e-06  1.50000000e+00  1.00000000e+00 
 8.30000000e-06  1.26868114e+00  8.30000000e-06  1.50000000e+00  1.00000000e+00 
 8.40000000e-06  1.26977457e+00  8.40000000e-06  1.50000000e+00  1.00000000e+00 
 8.50000000e-06  1.27086066e+00  8.50000000e-06  1.50000000e+00  1.00000000e+00 
 8.60000000e-06  1.27193957e+00  8.60000000e-06  1.50000000e+00  1.00000000e+00 
 8.70000000e-06  1.27301143e+00  8.70000000e-06  1.50000000e+00  1.00000000e+00 
 8.80000000e-06  1.27407640e+00  8.80000000e-06  1.50000000e+00  1.00000000e+00 
 8.90000000e-06  1.27513460e+00  8.90000000e-06  1.50000000e+00  1.00000000e+00 
 9.00000000e-06  1.27618618e+00  9.00000000e-06  1.50000000e+00  1.00000000e+00 
 9.10000000e-06  1.27723126e+00  9.10000000e-06  1.50000000e+00  1.00000000e+00 
 9.20000000e-06  1.27826998e+00  9.20000000e-06  1.50000000e+00  1.00000000e+00 
 9.30000000e-06  1.27930244e+00  9.30000000e-06  1.50000000e+00  1.00000000e+00 
 9.40000000e-06  1.28032876e+00  9.40000000e-06  1.50000000e+00  1.00000000e+00 
 9.50000000e-06  1.28134907e+00  9.50000000e-06  1.50000000e+00  1.00000000e+00 
 9.60000000e-06  1.28236347e+00  9.60000000e-06  1.50000000e+00  1.00000000e+00 
 9.70000000e-06  1.28337207e+00  9.70000000e-06  1.50000000e+00  1.00000000e+00 
 9.80000000e-06  1.28437497e+00  9.80000000e-06  1.50000000e+00  1.00000000e+00 
 9.90000000e-06  1.28537227e+00  9.90000000e-06  1.50000000e+00  1.00000000e+00 
 1.00000000e-05  1.28636408e+00  1.00000000e-05  1.50000000e+00  1.00000000e+00 
 1.01000000e-05  1.28735048e+00  1.01000000e-05  1.50000000e+00  1.00000000e+00 
 1.02000000e-05  1.28833157e+00  1.02000000e-05  1.50000000e+00  1.00000000e+00 
 1.03000000e-05  1.28930745e+00  1.03000000e-05  1.50000000e+00  1.00000000e+00 
 1.04000000e-05  1.29027819e+00  1.04000000e-05  1.50000000e+00  1.00000000e+00 
 1.05000000e-05  1.29124388e+00  1.05000000e-05  1.50000000e+00  1.00000000e+00 
 1.06000000e-05  1.29220461e+00  1.06000000e-05  1.50000000e+00  1.00000000e+00 
 1.07000000e-05  1.29316046e+00  1.07000000e-05  1.50000000e+00  1.00000000e+00 
 1.08000000e-05  1.29411150e+00  1.08000000e-05  1.50000000e+00  1.00000000e+00 
 1.09000000e-05  1.29505781e+00  1.09000000e-05  1.50000000e+00  1.00000000e+00 
 1.10000000e-05  1.29599948e+00  1.10000000e-05  1.50000000e+00  1.00000000e+00 
 1.11000000e-05  1.29693656e+00  1.11000000e-05  1.50000000e+00  1.00000000e+00 
 1.12000000e-05  1.29786913e+00  1.12000000e-05  1.50000000e+00  1.00000000e+00 
 1.13000000e-05  1.29879725e+00  1.13000000e-05  1.50000000e+00  1.00000000e+00 
 1.14000000e-05  1.29972101e+00  1.14000000e-05  1.50000000e+00  1.00000000e+00 
 1.15000000e-05  1.30064046e+00  1.15000000e-05  1.50000000e+00  1.00000000e+00 
 1.16000000e-05  1.30155566e+00  1.16000000e-05  1.50000000e+00  1.00000000e+00 
 1.17000000e-05  1.30246668e+00  1.17000000e-05  1.50000000e+00  1.00000000e+00 
 1.18000000e-05  1.30337359e+00  1.18000000e-05  1.50000000e+00  1.00000000e+00 
 1.19000000e-05  1.30427643e+00  1.19000000e-05  1.50000000e+00  1.00000000e+00 
 1.20000000e-05  1.30517526e+00  1.20000000e-05  1.50000000e+00  1.00000000e+00 
 1.21000000e-05  1.30607015e+00  1.21000000e-05  1.50000000e+00  1.00000000e+00 
 1.22000000e-05  1.30696115e+00  1.22000000e-05  1.50000000e+00  1.00000000e+00 
 1.23000000e-05  1.30784832e+00  1.23000000e-05  1.50000000e+00  1.00000000e+00 
 1.24000000e-05  1.30873170e+00  1.24000000e-05  1.50000000e+00  1.00000000e+00 
 1.25000000e-05  1.30961135e+00  1.25000000e-05  1.50000000e+00  1.00000000e+00 
 1.26000000e-05  1.31048731e+00  1.26000000e-05  1.50000000e+00  1.00000000e+00 
 1.27000000e-05  1.31135965e+00  1.27000000e-05  1.50000000e+00  1.00000000e+00 
 1.28000000e-05  1.31222840e+00  1.28000000e-05  1.50000000e+00  1.00000000e+00 
 1.29000000e-05  1.31309361e+00  1.29000000e-05  1.50000000e+00  1.00000000e+00 
 1.30000000e-05  1.31395534e+00  1.30000000e-05  1.50000000e+00  1.00000000e+00 
 1.31000000e-05  1.31481362e+00  1.31000000e-05  1.50000000e+00  1.00000000e+00 
 1.32000000e-05  1.31566849e+00  1.32000000e-05  1.50000000e+00  1.00000000e+00 
 1.33000000e-05  1.31652002e+00  1.33000000e-05  1.50000000e+00  1.00000000e+00 
 1.34000000e-05  1.31736822e+00  1.34000000e-05  1.50000000e+00  1.00000000e+00 
 1.35000000e-05  1.31821316e+00  1.35000000e-05  1.50000000e+00  1.00000000e+00 
 1.36000000e-05  1.31905486e+00  1.36000000e-05  1.50000000e+00  1.00000000e+00 
 1.37000000e-05  1.31989336e+00  1.37000000e-05  1.50000000e+00  1.00000000e+00 
 1.38000000e-05  1.32072872e+00  1.38000000e-05  1.50000000e+00  1.00000000e+00 
 1.39000000e-05  1.32156096e+00  1.39000000e-05  1.50000000e+00  1.00000000e+00 
 1.40000000e-05  1.32239012e+00  1.40000000e-05  1.50000000e+00  1.00000000e+00 
 1.41000000e-05  1.32321624e+00  1.41000000e-05  1.50000000e+00  1.00000000e+00 
 1.42000000e-05  1.32403935e+00  1.42000000e-05  1.50000000e+00  1.00000000e+00 
 1.43000000e-05  1.32485950e+00  1.43000000e-05  1.50000000e+00  1.00000000e+00 
 1.44000000e-05  1.32567671e+00  1.44000000e-05  1.50000000e+00  1.00000000e+00 
 1.45000000e-05  1.32649101e+00  1.45000000e-05  1.50000000e+00  1.00000000e+00 
 1.46000000e-05  1.32730245e+00  1.46000000e-05  1.50000000e+00  1.00000000e+00 
 1.47000000e-05  1.32811106e+00  1.47000000e-05  1.50000000e+00  1.00000000e+00 
 1.48000000e-05  1.32891686e+00  1.48000000e-05  1.50000000e+00  1.00000000e+00 
 1.49000000e-05  1.32971989e+00  1.49000000e-05  1.50000000e+00  1.00000000e+00 
 1.50000000e-05  1.33052018e+00  1.50000000e-05  1.50000000e+00  1.00000000e+00 
 1.51000000e-05  1.33131776e+00  1.51000000e-05  1.50000000e+00  1.00000000e+00 
 1.52000000e-05  1.33211266e+00  1.52000000e-05  1.50000000e+00  1.00000000e+00 
 1.53000000e-05  1.33290491e+00  1.53000000e-05  1.50000000e+00  1.00000000e+00 
 1.54000000e-05  1.33369453e+00  1.54000000e-05  1.50000000e+00  1.00000000e+00 
 1.55000000e-05  1.33448156e+00  1.55000000e-05  1.50000000e+00  1.00000000e+00 
 1.56000000e-05  1.33526602e+00  1.56000000e-05  1.50000000e+00  1.00000000e+00 
 1.57000000e-05  1.33604794e+00  1.57000000e-05  1.50000000e+00  1.00000000e+00 
 1.58000000e-05  1.33682735e+00  1.58000000e-05  1.50000000e+00  1.00000000e+00 
 1.59000000e-05  1.33760427e+00  1.59000000e-05  1.50000000e+00  1.00000000e+00 
 1.60000000e-05  1.33837873e+00  1.60000000e-05  1.50000000e+00  1.00000000e+00 
 1.61000000e-05  1.33915076e+00  1.61000000e-05  1.50000000e+00  1.00000000e+00 
 1.62000000e-05  1.33992037e+00  1.62000000e-05  1.50000000e+00  1.00000000e+00 
 1.63000000e-05  1.34068760e+00  1.63000000e-05  1.50000000e+00  1.00000000e+00 
 1.64000000e-05  1.34145246e+00  1.64000000e-05  1.50000000e+00  1.00000000e+00 
 1.65000000e-05  1.34221499e+00  1.65000000e-05  1.50000000e+00  1.00000000e+00 
 1.66000000e-05  1.34297520e+00  1.66000000e-05  1.50000000e+00  1.00000000e+00 
 1.67000000e-05  1.34373312e+00  1.67000000e-05  1.50000000e+00  1.00000000e+00 
 1.68000000e-05  1.34448877e+00  1.68000000e-05  1.50000000e+00  1.00000000e+00 
 1.69000000e-05  1.34524216e+00  1.69000000e-05  1.50000000e+00  1.00000000e+00 
 1.70000000e-05  1.34599334e+00  1.70000000e-05  1.50000000e+00  1.00000000e+00 
 1.71000000e-05  1.34674231e+00  1.71000000e-05  1.50000000e+00  1.00000000e+00 
 1.72000000e-05  1.34748909e+00  1.72000000e-05  1.50000000e+00  1.00000000e+00 
 1.73000000e-05  1.34823371e+00  1.73000000e-05  1.50000000e+00  1.00000000e+00 
 1.74000000e-05  1.34897619e+00  1.74000000e-05  1.50000000e+00  1.00000000e+00 
 1.75000000e-05  1.34971655e+00  1.75000000e-05  1.50000000e+00  1.00000000e+00 
 1.76000000e-05  1.35045480e+00  1.76000000e-05  1.50000000e+00  1.00000000e+00 
 1.77000000e-05  1.35119097e+00  1.77000000e-05  1.50000000e+00  1.00000000e+00 
 1.78000000e-05  1.35192508e+00  1.78000000e-05  1.50000000e+00  1.00000000e+00 
 1.79000000e-05  1.35265714e+00  1.79000000e-05  1.50000000e+00  1.00000000e+00 
 1.80000000e-05  1.35338717e+00  1.80000000e-05  1.50000000e+00  1.00000000e+00 
 1.81000000e-05  1.35411520e+00  1.81000000e-05  1.50000000e+00  1.00000000e+00 
 1.82000000e-05  1.35484123e+00  1.82000000e-05  1.50000000e+00  1.00000000e+00 
 1.83000000e-05  1.35556530e+00  1.83000000e-05  1.50000000e+00  1.00000000e+00 
 1.84000000e-05  1.35628740e+00  1.84000000e-05  1.50000000e+00  1.00000000e+00 
 1.85000000e-05  1.35700757e+00  1.85000000e-05  1.50000000e+00  1.00000000e+00 
 1.86000000e-05  1.35772582e+00  1.86000000e-05  1.50000000e+00  1.00000000e+00 
 1.87000000e-05  1.35844217e+00  1.87000000e-05  1.50000000e+00  1.00000000e+00 
 1.88000000e-05  1.35915662e+00  1.88000000e-05  1.50000000e+00  1.00000000e+00 
 1.89000000e-05  1.35986921e+00  1.89000000e-05  1.50000000e+00  1.00000000e+00 
 1.90000000e-05  1.36057994e+00  1.90000000e-05  1.50000000e+00  1.00000000e+00 
 1.91000000e-05  1.36128883e+00  1.91000000e-05  1.50000000e+00  1.00000000e+00 
 1.92000000e-05  1.36199589e+00  1.92000000e-05  1.50000000e+00  1.00000000e+00 
 1.93000000e-05  1.36270115e+00  1.93000000e-05  1.50000000e+00  1.00000000e+00 
 1.94000000e-05  1.36340461e+00  1.94000000e-05  1.50000000e+00  1.00000000e+00 
 1.95000000e-05  1.36410630e+00  1.95000000e-05  1.50000000e+00  1.00000000e+00 
 1.96000000e-05  1.36480622e+00  1.96000000e-05  1.50000000e+00  1.00000000e+00 
 1.97000000e-05  1.36550439e+00  1.97000000e-05  1.50000000e+00  1.00000000e+00 
 1.98000000e-05  1.36620082e+00  1.98000000e-05  1.50000000e+00  1.00000000e+00 
 1.99000000e-05  1.36689554e+00  1.99000000e-05  1.50000000e+00  1.00000000e+00 
 2.00000000e-05  1.36758854e+00  2.00000000e-05  1.50000000e+00  1.00000000e+00 
 2.01000000e-05  1.36827986e+00  2.01000000e-05  1.50000000e+00  1.00000000e+00 
 2.02000000e-05  1.36896949e+00  2.02000000e-05  1.50000000e+00  1.00000000e+00 
 2.03000000e-05  1.36965746e+00  2.03000000e-05  1.50000000e+00  1.00000000e+00 
 2.04000000e-05  1.37034377e+00  2.04000000e-05  1.50000000e+00  1.00000000e+00 
 2.05000000e-05  1.37102844e+00  2.05000000e-05  1.50000000e+00  1.00000000e+00 
 2.06000000e-05  1.37171149e+00  2.06000000e-05  1.50000000e+00  1.00000000e+00 
 2.07000000e-05  1.37239292e+00  2.07000000e-05  1.50000000e+00  1.00000000e+00 
 2.08000000e-05  1.37307274e+00  2.08000000e-05  1.50000000e+00  1.00000000e+00 
 2.09000000e-05  1.37375098e+00  2.09000000e-05  1.50000000e+00  1.00000000e+00 
 2.10000000e-05  1.37442764e+00  2.10000000e-05  1.50000000e+00  1.00000000e+00 
 2.11000000e-05  1.37510273e+00  2.11000000e-05  1.50000000e+00  1.00000000e+00 
 2.12000000e-05  1.37577627e+00  2.12000000e-05  1.50000000e+00  1.00000000e+00 
 2.13000000e-05  1.37644827e+00  2.13000000e-05  1.50000000e+00  1.00000000e+00 
 2.14000000e-05  1.37711873e+00  2.14000000e-05  1.50000000e+00  1.00000000e+00 
 2.15000000e-05  1.37778768e+00  2.15000000e-05  1.50000000e+00  1.00000000e+00 
 2.16000000e-05  1.37845511e+00  2.16000000e-05  1.50000000e+00  1.00000000e+00 
 2.17000000e-05  1.37912105e+00  2.17000000e-05  1.50000000e+00  1.00000000e+00 
 2.18000000e-05  1.37978551e+00  2.18000000e-05  1.50000000e+00  1.00000000e+00 
 2.19000000e-05  1.38044849e+00  2.19000000e-05  1.50000000e+00  1.00000000e+00 
 2.20000000e-05  1.38111000e+00  2.20000000e-05  1.50000000e+00  1.00000000e+00 
 2.21000000e-05  1.38177006e+00  2.21000000e-05  1.50000000e+00  1.00000000e+00 
 2.22000000e-05  1.38242868e+00  2.22000000e-05  1.50000000e+00  1.00000000e+00 
 2.23000000e-05  1.38308586e+00  2.23000000e-05  1.50000000e+00  1.00000000e+00 
 2.24000000e-05  1.38374162e+00  2.24000000e-05  1.50000000e+00  1.00000000e+00 
 2.25000000e-05  1.38439597e+00  2.25000000e-05  1.50000000e+00  1.00000000e+00 
 2.26000000e-05  1.38504892e+00  2.26000000e-05  1.50000000e+00  1.00000000e+00 
 2.27000000e-05  1.38570047e+00  2.27000000e-05  1.50000000e+00  1.00000000e+00 
 2.28000000e-05  1.38635064e+00  2.28000000e-05  1.50000000e+00  1.00000000e+00 
 2.29000000e-05  1.38699944e+00  2.29000000e-05  1.50000000e+00  1.00000000e+00 
 2.30000000e-05  1.38764687e+00  2.30000000e-05  1.50000000e+00  1.00000000e+00 
 2.31000000e-05  1.38829294e+00  2.31000000e-05  1.50000000e+00  1.00000000e+00 
 2.32000000e-05  1.38893768e+00  2.32000000e-05  1.50000000e+00  1.00000000e+00 
 2.33000000e-05  1.38958107e+00  2.33000000e-05  1.50000000e+00  1.00000000e+00 
 2.34000000e-05  1.39022314e+00  2.34000000e-05  1.50000000e+00  1.00000000e+00 
 2.35000000e-05  1.39086389e+00  2.35000000e-05  1.50000000e+00  1.00000000e+00 
 2.36000000e-05  1.39150333e+00  2.36000000e-05  1.50000000e+00  1.00000000e+00 
 2.37000000e-05  1.39214147e+00  2.37000000e-05  1.50000000e+00  1.00000000e+00 
 2.38000000e-05  1.39277832e+00  2.38000000e-05  1.50000000e+00  1.00000000e+00 
 2.39000000e-05  1.39341388e+00  2.39000000e-05  1.50000000e+00  1.00000000e+00 
 2.40000000e-05  1.39404817e+00  2.40000000e-05  1.50000000e+00  1.00000000e+00 
 2.41000000e-05  1.39468119e+00  2.41000000e-05  1.50000000e+00  1.00000000e+00 
 2.42000000e-05  1.39531296e+00  2.42000000e-05  1.50000000e+00  1.00000000e+00 
 2.43000000e-05  1.39594347e+00  2.43000000e-05  1.50000000e+00  1.00000000e+00 
 2.44000000e-05  1.39657275e+00  2.44000000e-05  1.50000000e+00  1.00000000e+00 
 2.45000000e-05  1.39720079e+00  2.45000000e-05  1.50000000e+00  1.00000000e+00 
 2.46000000e-05  1.39782760e+00  2.46000000e-05  1.50000000e+00  1.00000000e+00 
 2.47000000e-05  1.39845320e+00  2.47000000e-05  1.50000000e+00  1.00000000e+00 
 2.48000000e-05  1.39907758e+00  2.48000000e-05  1.50000000e+00  1.00000000e+00 
 2.49000000e-05  1.39970077e+00  2.49000000e-05  1.50000000e+00  1.00000000e+00 
 2.50000000e-05  1.40032275e+00  2.50000000e-05  1.50000000e+00  1.00000000e+00 
 2.51000000e-05  1.40094355e+00  2.51000000e-05  1.50000000e+00  1.00000000e+00 
 2.52000000e-05  1.40156317e+00  2.52000000e-05  1.50000000e+00  1.00000000e+00 
 2.53000000e-05  1.40218162e+00  2.53000000e-05  1.50000000e+00  1.00000000e+00 
 2.54000000e-05  1.40279890e+00  2.54000000e-05  1.50000000e+00  1.00000000e+00 
 2.55000000e-05  1.40341503e+00  2.55000000e-05  1.50000000e+00  1.00000000e+00 
 2.56000000e-05  1.40403000e+00  2.56000000e-05  1.50000000e+00  1.00000000e+00 
 2.57000000e-05  1.40464383e+00  2.57000000e-05  1.50000000e+00  1.00000000e+00 
 2.58000000e-05  1.40525652e+00  2.58000000e-05  1.50000000e+00  1.00000000e+00 
 2.59000000e-05  1.40586808e+00  2.59000000e-05  1.50000000e+00  1.00000000e+00 
 2.60000000e-05  1.40647852e+00  2.60000000e-05  1.50000000e+00  1.00000000e+00 
 2.61000000e-05  1.40708784e+00  2.61000000e-05  1.50000000e+00  1.00000000e+00 
 2.62000000e-05  1.40769605e+00  2.62000000e-05  1.50000000e+00  1.00000000e+00 
 2.63000000e-05  1.40830316e+00  2.63000000e-05  1.50000000e+00  1.00000000e+00 
 2.64000000e-05  1.40890918e+00  2.64000000e-05  1.50000000e+00  1.00000000e+00 
 2.65000000e-05  1.40951410e+00  2.65000000e-05  1.50000000e+00  1.00000000e+00 
 2.66000000e-05  1.41011794e+00  2.66000000e-05  1.50000000e+00  1.00000000e+00 
 2.67000000e-05  1.41072070e+00  2.67000000e-05  1.50000000e+00  1.00000000e+00 
 2.68000000e-05  1.41132239e+00  2.68000000e-05  1.50000000e+00  1.00000000e+00 
 2.69000000e-05  1.41192301e+00  2.69000000e-05  1.50000000e+00  1.00000000e+00 
 2.70000000e-05  1.41252258e+00  2.70000000e-05  1.50000000e+00  1.00000000e+00 
 2.71000000e-05  1.41312109e+00  2.71000000e-05  1.50000000e+00  1.00000000e+00 
 2.72000000e-05  1.41371856e+00  2.72000000e-05  1.50000000e+00  1.00000000e+00 
 2.73000000e-05  1.41431499e+00  2.73000000e-05  1.50000000e+00  1.00000000e+00 
 2.74000000e-05  1.41491038e+00  2.74000000e-05  1.50000000e+00  1.00000000e+00 
 2.75000000e-05  1.41550475e+00  2.75000000e-05  1.50000000e+00  1.00000000e+00 
 2.76000000e-05  1.41609809e+00  2.76000000e-05  1.50000000e+00  1.00000000e+00 
 2.77000000e-05  1.41669041e+00  2.77000000e-05  1.50000000e+00  1.00000000e+00 
 2.78000000e-05  1.41728173e+00  2.78000000e-05  1.50000000e+00  1.00000000e+00 
 2.79000000e-05  1.41787203e+00  2.79000000e-05  1.50000000e+00  1.00000000e+00 
 2.80000000e-05  1.41846134e+00  2.80000000e-05  1.50000000e+00  1.00000000e+00 
 2.81000000e-05  1.41904966e+00  2.81000000e-05  1.50000000e+00  1.00000000e+00 
 2.82000000e-05  1.41963698e+00  2.82000000e-05  1.50000000e+00  1.00000000e+00 
 2.83000000e-05  1.42022332e+00  2.83000000e-05  1.50000000e+00  1.00000000e+00 
 2.84000000e-05  1.42080869e+00  2.84000000e-05  1.50000000e+00  1.00000000e+00 
 2.85000000e-05  1.42139308e+00  2.85000000e-05  1.50000000e+00  1.00000000e+00 
 2.86000000e-05  1.42197650e+00  2.86000000e-05  1.50000000e+00  1.00000000e+00 
 2.87000000e-05  1.42255896e+00  2.87000000e-05  1.50000000e+00  1.00000000e+00 
 2.88000000e-05  1.42314047e+00  2.88000000e-05  1.50000000e+00  1.00000000e+00 
 2.89000000e-05  1.42372102e+00  2.89000000e-05  1.50000000e+00  1.00000000e+00 
 2.90000000e-05  1.42430063e+00  2.90000000e-05  1.50000000e+00  1.00000000e+00 
 2.91000000e-05  1.42487929e+00  2.91000000e-05  1.50000000e+00  1.00000000e+00 
 2.92000000e-05  1.42545702e+00  2.92000000e-05  1.50000000e+00  1.00000000e+00 
 2.93000000e-05  1.42603382e+00  2.93000000e-05  1.50000000e+00  1.00000000e+00 
 2.94000000e-05  1.42660969e+00  2.94000000e-05  1.50000000e+00  1.00000000e+00 
 2.95000000e-05  1.42718464e+00  2.95000000e-05  1.50000000e+00  1.00000000e+00 
 2.96000000e-05  1.42775867e+00  2.96000000e-05  1.50000000e+00  1.00000000e+00 
 2.97000000e-05  1.42833179e+00  2.97000000e-05  1.50000000e+00  1.00000000e+00 
 2.98000000e-05  1.42890400e+00  2.98000000e-05  1.50000000e+00  1.00000000e+00 
 2.99000000e-05  1.42947531e+00  2.99000000e-05  1.50000000e+00  1.00000000e+00 
 3.00000000e-05  1.43004572e+00  3.00000000e-05  1.50000000e+00  1.00000000e+00 
