 i-sweep         v(vout)         i(viin)         v(vgate)        v(vmid)        
-6.00000000e-06 -7.22302082e-01 -6.00000000e-06  0.00000000e+00  2.00000000e-01 
-5.90000000e-06 -7.21275551e-01 -5.90000000e-06  0.00000000e+00  2.00000000e-01 
-5.80000000e-06 -7.20226622e-01 -5.80000000e-06  0.00000000e+00  2.00000000e-01 
-5.70000000e-06 -7.19151613e-01 -5.70000000e-06  0.00000000e+00  2.00000000e-01 
-5.60000000e-06 -7.18049345e-01 -5.60000000e-06  0.00000000e+00  2.00000000e-01 
-5.50000000e-06 -7.16918569e-01 -5.50000000e-06  0.00000000e+00  2.00000000e-01 
-5.40000000e-06 -7.15757954e-01 -5.40000000e-06  0.00000000e+00  2.00000000e-01 
-5.30000000e-06 -7.14566087e-01 -5.30000000e-06  0.00000000e+00  2.00000000e-01 
-5.20000000e-06 -7.13341465e-01 -5.20000000e-06  0.00000000e+00  2.00000000e-01 
-5.10000000e-06 -7.12082487e-01 -5.10000000e-06  0.00000000e+00  2.00000000e-01 
-5.00000000e-06 -7.10787448e-01 -5.00000000e-06  0.00000000e+00  2.00000000e-01 
-4.90000000e-06 -7.09454529e-01 -4.90000000e-06  0.00000000e+00  2.00000000e-01 
-4.80000000e-06 -7.08081792e-01 -4.80000000e-06  0.00000000e+00  2.00000000e-01 
-4.70000000e-06 -7.06667167e-01 -4.70000000e-06  0.00000000e+00  2.00000000e-01 
-4.60000000e-06 -7.05208444e-01 -4.60000000e-06  0.00000000e+00  2.00000000e-01 
-4.50000000e-06 -7.03703265e-01 -4.50000000e-06  0.00000000e+00  2.00000000e-01 
-4.40000000e-06 -7.02149106e-01 -4.40000000e-06  0.00000000e+00  2.00000000e-01 
-4.30000000e-06 -7.00543273e-01 -4.30000000e-06  0.00000000e+00  2.00000000e-01 
-4.20000000e-06 -6.98882883e-01 -4.20000000e-06  0.00000000e+00  2.00000000e-01 
-4.10000000e-06 -6.97164854e-01 -4.10000000e-06  0.00000000e+00  2.00000000e-01 
-4.00000000e-06 -6.95385891e-01 -4.00000000e-06  0.00000000e+00  2.00000000e-01 
-3.90000000e-06 -6.93542470e-01 -3.90000000e-06  0.00000000e+00  2.00000000e-01 
-3.80000000e-06 -6.91630823e-01 -3.80000000e-06  0.00000000e+00  2.00000000e-01 
-3.70000000e-06 -6.89646931e-01 -3.70000000e-06  0.00000000e+00  2.00000000e-01 
-3.60000000e-06 -6.87586484e-01 -3.60000000e-06  0.00000000e+00  2.00000000e-01 
-3.50000000e-06 -6.85444902e-01 -3.50000000e-06  0.00000000e+00  2.00000000e-01 
-3.40000000e-06 -6.83217293e-01 -3.40000000e-06  0.00000000e+00  2.00000000e-01 
-3.30000000e-06 -6.80898447e-01 -3.30000000e-06  0.00000000e+00  2.00000000e-01 
-3.20000000e-06 -6.78482824e-01 -3.20000000e-06  0.00000000e+00  2.00000000e-01 
-3.10000000e-06 -6.75964540e-01 -3.10000000e-06  0.00000000e+00  2.00000000e-01 
-3.00000000e-06 -6.73337358e-01 -3.00000000e-06  0.00000000e+00  2.00000000e-01 
-2.90000000e-06 -6.70594809e-01 -2.90000000e-06  0.00000000e+00  2.00000000e-01 
-2.80000000e-06 -6.67729530e-01 -2.80000000e-06  0.00000000e+00  2.00000000e-01 
-2.70000000e-06 -6.64734567e-01 -2.70000000e-06  0.00000000e+00  2.00000000e-01 
-2.60000000e-06 -6.61602068e-01 -2.60000000e-06  0.00000000e+00  2.00000000e-01 
-2.50000000e-06 -6.58323884e-01 -2.50000000e-06  0.00000000e+00  2.00000000e-01 
-2.40000000e-06 -6.54891515e-01 -2.40000000e-06  0.00000000e+00  2.00000000e-01 
-2.30000000e-06 -6.51296001e-01 -2.30000000e-06  0.00000000e+00  2.00000000e-01 
-2.20000000e-06 -6.47527938e-01 -2.20000000e-06  0.00000000e+00  2.00000000e-01 
-2.10000000e-06 -6.43577291e-01 -2.10000000e-06  0.00000000e+00  2.00000000e-01 
-2.00000000e-06 -6.39433585e-01 -2.00000000e-06  0.00000000e+00  2.00000000e-01 
-1.90000000e-06 -6.35085450e-01 -1.90000000e-06  0.00000000e+00  2.00000000e-01 
-1.80000000e-06 -6.30520571e-01 -1.80000000e-06  0.00000000e+00  2.00000000e-01 
-1.70000000e-06 -6.25725358e-01 -1.70000000e-06  0.00000000e+00  2.00000000e-01 
-1.60000000e-06 -6.20684522e-01 -1.60000000e-06  0.00000000e+00  2.00000000e-01 
-1.50000000e-06 -6.15380490e-01 -1.50000000e-06  0.00000000e+00  2.00000000e-01 
-1.40000000e-06 -6.09792599e-01 -1.40000000e-06  0.00000000e+00  2.00000000e-01 
-1.30000000e-06 -6.03895975e-01 -1.30000000e-06  0.00000000e+00  2.00000000e-01 
-1.20000000e-06 -5.97659977e-01 -1.20000000e-06  0.00000000e+00  2.00000000e-01 
-1.10000000e-06 -5.91045984e-01 -1.10000000e-06  0.00000000e+00  2.00000000e-01 
-1.00000000e-06 -5.84004169e-01 -1.00000000e-06  0.00000000e+00  2.00000000e-01 
-9.00000000e-07 -5.76468661e-01 -9.00000000e-07  0.00000000e+00  2.00000000e-01 
-8.00000000e-07 -5.68349959e-01 -8.00000000e-07  0.00000000e+00  2.00000000e-01 
-7.00000000e-07 -5.59522461e-01 -7.00000000e-07  0.00000000e+00  2.00000000e-01 
-6.00000000e-07 -5.49802644e-01 -6.00000000e-07  0.00000000e+00  2.00000000e-01 
-5.00000000e-07 -5.38905683e-01 -5.00000000e-07  0.00000000e+00  2.00000000e-01 
-4.00000000e-07 -5.26362632e-01 -4.00000000e-07  0.00000000e+00  2.00000000e-01 
-3.00000000e-07 -5.11300629e-01 -3.00000000e-07  0.00000000e+00  2.00000000e-01 
-2.00000000e-07 -4.91789987e-01 -2.00000000e-07  0.00000000e+00  2.00000000e-01 
-1.00000000e-07 -4.61774004e-01 -1.00000000e-07  0.00000000e+00  2.00000000e-01 
-5.71747239e-21  6.13214602e-01 -5.71747239e-21  0.00000000e+00  2.00000000e-01 
 1.00000000e-07  1.01518043e+00  1.00000000e-07  0.00000000e+00  2.00000000e-01 
 2.00000000e-07  1.04758997e+00  2.00000000e-07  0.00000000e+00  2.00000000e-01 
 3.00000000e-07  1.06647604e+00  3.00000000e-07  0.00000000e+00  2.00000000e-01 
 4.00000000e-07  1.07991820e+00  4.00000000e-07  0.00000000e+00  2.00000000e-01 
 5.00000000e-07  1.09042075e+00  5.00000000e-07  0.00000000e+00  2.00000000e-01 
 6.00000000e-07  1.09908510e+00  6.00000000e-07  0.00000000e+00  2.00000000e-01 
 7.00000000e-07  1.10649208e+00  7.00000000e-07  0.00000000e+00  2.00000000e-01 
 8.00000000e-07  1.11298495e+00  8.00000000e-07  0.00000000e+00  2.00000000e-01 
 9.00000000e-07  1.11878322e+00  9.00000000e-07  0.00000000e+00  2.00000000e-01 
 1.00000000e-06  1.12403571e+00  1.00000000e-06  0.00000000e+00  2.00000000e-01 
 1.10000000e-06  1.12884789e+00  1.10000000e-06  0.00000000e+00  2.00000000e-01 
 1.20000000e-06  1.13329722e+00  1.20000000e-06  0.00000000e+00  2.00000000e-01 
 1.30000000e-06  1.13744226e+00  1.30000000e-06  0.00000000e+00  2.00000000e-01 
 1.40000000e-06  1.14132837e+00  1.40000000e-06  0.00000000e+00  2.00000000e-01 
 1.50000000e-06  1.14499136e+00  1.50000000e-06  0.00000000e+00  2.00000000e-01 
 1.60000000e-06  1.14846003e+00  1.60000000e-06  0.00000000e+00  2.00000000e-01 
 1.70000000e-06  1.15175790e+00  1.70000000e-06  0.00000000e+00  2.00000000e-01 
 1.80000000e-06  1.15490438e+00  1.80000000e-06  0.00000000e+00  2.00000000e-01 
 1.90000000e-06  1.15791571e+00  1.90000000e-06  0.00000000e+00  2.00000000e-01 
 2.00000000e-06  1.16080564e+00  2.00000000e-06  0.00000000e+00  2.00000000e-01 
 2.10000000e-06  1.16358585e+00  2.10000000e-06  0.00000000e+00  2.00000000e-01 
 2.20000000e-06  1.16626640e+00  2.20000000e-06  0.00000000e+00  2.00000000e-01 
 2.30000000e-06  1.16885601e+00  2.30000000e-06  0.00000000e+00  2.00000000e-01 
 2.40000000e-06  1.17136226e+00  2.40000000e-06  0.00000000e+00  2.00000000e-01 
 2.50000000e-06  1.17379182e+00  2.50000000e-06  0.00000000e+00  2.00000000e-01 
 2.60000000e-06  1.17615056e+00  2.60000000e-06  0.00000000e+00  2.00000000e-01 
 2.70000000e-06  1.17844369e+00  2.70000000e-06  0.00000000e+00  2.00000000e-01 
 2.80000000e-06  1.18067585e+00  2.80000000e-06  0.00000000e+00  2.00000000e-01 
 2.90000000e-06  1.18285119e+00  2.90000000e-06  0.00000000e+00  2.00000000e-01 
 3.00000000e-06  1.18497344e+00  3.00000000e-06  0.00000000e+00  2.00000000e-01 
 3.10000000e-06  1.18704597e+00  3.10000000e-06  0.00000000e+00  2.00000000e-01 
 3.20000000e-06  1.18907182e+00  3.20000000e-06  0.00000000e+00  2.00000000e-01 
 3.30000000e-06  1.19105375e+00  3.30000000e-06  0.00000000e+00  2.00000000e-01 
 3.40000000e-06  1.19299430e+00  3.40000000e-06  0.00000000e+00  2.00000000e-01 
 3.50000000e-06  1.19489574e+00  3.50000000e-06  0.00000000e+00  2.00000000e-01 
 3.60000000e-06  1.19676021e+00  3.60000000e-06  0.00000000e+00  2.00000000e-01 
 3.70000000e-06  1.19858962e+00  3.70000000e-06  0.00000000e+00  2.00000000e-01 
 3.80000000e-06  1.20038577e+00  3.80000000e-06  0.00000000e+00  2.00000000e-01 
 3.90000000e-06  1.20215029e+00  3.90000000e-06  0.00000000e+00  2.00000000e-01 
 4.00000000e-06  1.20388472e+00  4.00000000e-06  0.00000000e+00  2.00000000e-01 
 4.10000000e-06  1.20559045e+00  4.10000000e-06  0.00000000e+00  2.00000000e-01 
 4.20000000e-06  1.20726880e+00  4.20000000e-06  0.00000000e+00  2.00000000e-01 
 4.30000000e-06  1.20892099e+00  4.30000000e-06  0.00000000e+00  2.00000000e-01 
 4.40000000e-06  1.21054815e+00  4.40000000e-06  0.00000000e+00  2.00000000e-01 
 4.50000000e-06  1.21215134e+00  4.50000000e-06  0.00000000e+00  2.00000000e-01 
 4.60000000e-06  1.21373156e+00  4.60000000e-06  0.00000000e+00  2.00000000e-01 
 4.70000000e-06  1.21528972e+00  4.70000000e-06  0.00000000e+00  2.00000000e-01 
 4.80000000e-06  1.21682670e+00  4.80000000e-06  0.00000000e+00  2.00000000e-01 
 4.90000000e-06  1.21834332e+00  4.90000000e-06  0.00000000e+00  2.00000000e-01 
 5.00000000e-06  1.21984034e+00  5.00000000e-06  0.00000000e+00  2.00000000e-01 
 5.10000000e-06  1.22131849e+00  5.10000000e-06  0.00000000e+00  2.00000000e-01 
 5.20000000e-06  1.22277846e+00  5.20000000e-06  0.00000000e+00  2.00000000e-01 
 5.30000000e-06  1.22422088e+00  5.30000000e-06  0.00000000e+00  2.00000000e-01 
 5.40000000e-06  1.22564636e+00  5.40000000e-06  0.00000000e+00  2.00000000e-01 
 5.50000000e-06  1.22705548e+00  5.50000000e-06  0.00000000e+00  2.00000000e-01 
 5.60000000e-06  1.22844879e+00  5.60000000e-06  0.00000000e+00  2.00000000e-01 
 5.70000000e-06  1.22982681e+00  5.70000000e-06  0.00000000e+00  2.00000000e-01 
 5.80000000e-06  1.23119001e+00  5.80000000e-06  0.00000000e+00  2.00000000e-01 
 5.90000000e-06  1.23253888e+00  5.90000000e-06  0.00000000e+00  2.00000000e-01 
 6.00000000e-06  1.23387385e+00  6.00000000e-06  0.00000000e+00  2.00000000e-01 
