 i-sweep         v(vout)         i(viin)         v(vgate)        v(vmid)        
 0.00000000e+00  2.00000042e-01  0.00000000e+00  1.40000000e+00  2.00000000e-01 
 1.00000000e-07  2.03023164e-01  1.00000000e-07  1.40000000e+00  2.00000000e-01 
 2.00000000e-07  2.06064450e-01  2.00000000e-07  1.40000000e+00  2.00000000e-01 
 3.00000000e-07  2.09124226e-01  3.00000000e-07  1.40000000e+00  2.00000000e-01 
 4.00000000e-07  2.12202826e-01  4.00000000e-07  1.40000000e+00  2.00000000e-01 
 5.00000000e-07  2.15300595e-01  5.00000000e-07  1.40000000e+00  2.00000000e-01 
 6.00000000e-07  2.18417892e-01  6.00000000e-07  1.40000000e+00  2.00000000e-01 
 7.00000000e-07  2.21555081e-01  7.00000000e-07  1.40000000e+00  2.00000000e-01 
 8.00000000e-07  2.24712543e-01  8.00000000e-07  1.40000000e+00  2.00000000e-01 
 9.00000000e-07  2.27890668e-01  9.00000000e-07  1.40000000e+00  2.00000000e-01 
 1.00000000e-06  2.31089861e-01  1.00000000e-06  1.40000000e+00  2.00000000e-01 
 1.10000000e-06  2.34310538e-01  1.10000000e-06  1.40000000e+00  2.00000000e-01 
 1.20000000e-06  2.37553130e-01  1.20000000e-06  1.40000000e+00  2.00000000e-01 
 1.30000000e-06  2.40818084e-01  1.30000000e-06  1.40000000e+00  2.00000000e-01 
 1.40000000e-06  2.44105859e-01  1.40000000e-06  1.40000000e+00  2.00000000e-01 
 1.50000000e-06  2.47416934e-01  1.50000000e-06  1.40000000e+00  2.00000000e-01 
 1.60000000e-06  2.50751801e-01  1.60000000e-06  1.40000000e+00  2.00000000e-01 
 1.70000000e-06  2.54110973e-01  1.70000000e-06  1.40000000e+00  2.00000000e-01 
 1.80000000e-06  2.57494979e-01  1.80000000e-06  1.40000000e+00  2.00000000e-01 
 1.90000000e-06  2.60904369e-01  1.90000000e-06  1.40000000e+00  2.00000000e-01 
 2.00000000e-06  2.64339714e-01  2.00000000e-06  1.40000000e+00  2.00000000e-01 
 2.10000000e-06  2.67801603e-01  2.10000000e-06  1.40000000e+00  2.00000000e-01 
 2.20000000e-06  2.71290653e-01  2.20000000e-06  1.40000000e+00  2.00000000e-01 
 2.30000000e-06  2.74807502e-01  2.30000000e-06  1.40000000e+00  2.00000000e-01 
 2.40000000e-06  2.78352814e-01  2.40000000e-06  1.40000000e+00  2.00000000e-01 
 2.50000000e-06  2.81927280e-01  2.50000000e-06  1.40000000e+00  2.00000000e-01 
 2.60000000e-06  2.85531618e-01  2.60000000e-06  1.40000000e+00  2.00000000e-01 
 2.70000000e-06  2.89166577e-01  2.70000000e-06  1.40000000e+00  2.00000000e-01 
 2.80000000e-06  2.92832940e-01  2.80000000e-06  1.40000000e+00  2.00000000e-01 
 2.90000000e-06  2.96531519e-01  2.90000000e-06  1.40000000e+00  2.00000000e-01 
 3.00000000e-06  3.00263167e-01  3.00000000e-06  1.40000000e+00  2.00000000e-01 
 3.10000000e-06  3.04028770e-01  3.10000000e-06  1.40000000e+00  2.00000000e-01 
 3.20000000e-06  3.07829258e-01  3.20000000e-06  1.40000000e+00  2.00000000e-01 
 3.30000000e-06  3.11665603e-01  3.30000000e-06  1.40000000e+00  2.00000000e-01 
 3.40000000e-06  3.15538822e-01  3.40000000e-06  1.40000000e+00  2.00000000e-01 
 3.50000000e-06  3.19449982e-01  3.50000000e-06  1.40000000e+00  2.00000000e-01 
 3.60000000e-06  3.23400201e-01  3.60000000e-06  1.40000000e+00  2.00000000e-01 
 3.70000000e-06  3.27390656e-01  3.70000000e-06  1.40000000e+00  2.00000000e-01 
 3.80000000e-06  3.31422579e-01  3.80000000e-06  1.40000000e+00  2.00000000e-01 
 3.90000000e-06  3.35497272e-01  3.90000000e-06  1.40000000e+00  2.00000000e-01 
 4.00000000e-06  3.39616101e-01  4.00000000e-06  1.40000000e+00  2.00000000e-01 
 4.10000000e-06  3.43780510e-01  4.10000000e-06  1.40000000e+00  2.00000000e-01 
 4.20000000e-06  3.47992021e-01  4.20000000e-06  1.40000000e+00  2.00000000e-01 
 4.30000000e-06  3.52252243e-01  4.30000000e-06  1.40000000e+00  2.00000000e-01 
 4.40000000e-06  3.56562879e-01  4.40000000e-06  1.40000000e+00  2.00000000e-01 
 4.50000000e-06  3.60925733e-01  4.50000000e-06  1.40000000e+00  2.00000000e-01 
 4.60000000e-06  3.65342717e-01  4.60000000e-06  1.40000000e+00  2.00000000e-01 
 4.70000000e-06  3.69815866e-01  4.70000000e-06  1.40000000e+00  2.00000000e-01 
 4.80000000e-06  3.74347341e-01  4.80000000e-06  1.40000000e+00  2.00000000e-01 
 4.90000000e-06  3.78939447e-01  4.90000000e-06  1.40000000e+00  2.00000000e-01 
 5.00000000e-06  3.83594645e-01  5.00000000e-06  1.40000000e+00  2.00000000e-01 
 5.10000000e-06  3.88315565e-01  5.10000000e-06  1.40000000e+00  2.00000000e-01 
 5.20000000e-06  3.93105023e-01  5.20000000e-06  1.40000000e+00  2.00000000e-01 
 5.30000000e-06  3.97966044e-01  5.30000000e-06  1.40000000e+00  2.00000000e-01 
 5.40000000e-06  4.02901879e-01  5.40000000e-06  1.40000000e+00  2.00000000e-01 
 5.50000000e-06  4.07916032e-01  5.50000000e-06  1.40000000e+00  2.00000000e-01 
 5.60000000e-06  4.13012286e-01  5.60000000e-06  1.40000000e+00  2.00000000e-01 
 5.70000000e-06  4.18194740e-01  5.70000000e-06  1.40000000e+00  2.00000000e-01 
 5.80000000e-06  4.23467841e-01  5.80000000e-06  1.40000000e+00  2.00000000e-01 
 5.90000000e-06  4.28836431e-01  5.90000000e-06  1.40000000e+00  2.00000000e-01 
 6.00000000e-06  4.34305794e-01  6.00000000e-06  1.40000000e+00  2.00000000e-01 
 6.10000000e-06  4.39881717e-01  6.10000000e-06  1.40000000e+00  2.00000000e-01 
 6.20000000e-06  4.45570557e-01  6.20000000e-06  1.40000000e+00  2.00000000e-01 
 6.30000000e-06  4.51379327e-01  6.30000000e-06  1.40000000e+00  2.00000000e-01 
 6.40000000e-06  4.57315786e-01  6.40000000e-06  1.40000000e+00  2.00000000e-01 
 6.50000000e-06  4.63388560e-01  6.50000000e-06  1.40000000e+00  2.00000000e-01 
 6.60000000e-06  4.69607281e-01  6.60000000e-06  1.40000000e+00  2.00000000e-01 
 6.70000000e-06  4.75982756e-01  6.70000000e-06  1.40000000e+00  2.00000000e-01 
 6.80000000e-06  4.82527181e-01  6.80000000e-06  1.40000000e+00  2.00000000e-01 
 6.90000000e-06  4.89254391e-01  6.90000000e-06  1.40000000e+00  2.00000000e-01 
 7.00000000e-06  4.96180192e-01  7.00000000e-06  1.40000000e+00  2.00000000e-01 
 7.10000000e-06  5.03322766e-01  7.10000000e-06  1.40000000e+00  2.00000000e-01 
 7.20000000e-06  5.10703197e-01  7.20000000e-06  1.40000000e+00  2.00000000e-01 
 7.30000000e-06  5.18346149e-01  7.30000000e-06  1.40000000e+00  2.00000000e-01 
 7.40000000e-06  5.26280763e-01  7.40000000e-06  1.40000000e+00  2.00000000e-01 
 7.50000000e-06  5.34541861e-01  7.50000000e-06  1.40000000e+00  2.00000000e-01 
 7.60000000e-06  5.43171582e-01  7.60000000e-06  1.40000000e+00  2.00000000e-01 
 7.70000000e-06  5.52221676e-01  7.70000000e-06  1.40000000e+00  2.00000000e-01 
 7.80000000e-06  5.61756777e-01  7.80000000e-06  1.40000000e+00  2.00000000e-01 
 7.90000000e-06  5.71859227e-01  7.90000000e-06  1.40000000e+00  2.00000000e-01 
 8.00000000e-06  5.82636415e-01  8.00000000e-06  1.40000000e+00  2.00000000e-01 
 8.10000000e-06  5.94232375e-01  8.10000000e-06  1.40000000e+00  2.00000000e-01 
 8.20000000e-06  6.06847027e-01  8.20000000e-06  1.40000000e+00  2.00000000e-01 
 8.30000000e-06  6.20769894e-01  8.30000000e-06  1.40000000e+00  2.00000000e-01 
 8.40000000e-06  6.36443498e-01  8.40000000e-06  1.40000000e+00  2.00000000e-01 
 8.50000000e-06  6.54593477e-01  8.50000000e-06  1.40000000e+00  2.00000000e-01 
 8.60000000e-06  6.76527870e-01  8.60000000e-06  1.40000000e+00  2.00000000e-01 
 8.70000000e-06  7.04937452e-01  8.70000000e-06  1.40000000e+00  2.00000000e-01 
 8.80000000e-06  7.46506002e-01  8.80000000e-06  1.40000000e+00  2.00000000e-01 
 8.90000000e-06  8.21970634e-01  8.90000000e-06  1.40000000e+00  2.00000000e-01 
 9.00000000e-06  9.49512034e-01  9.00000000e-06  1.40000000e+00  2.00000000e-01 
 9.10000000e-06  1.01540993e+00  9.10000000e-06  1.40000000e+00  2.00000000e-01 
 9.20000000e-06  1.04546832e+00  9.20000000e-06  1.40000000e+00  2.00000000e-01 
 9.30000000e-06  1.06418818e+00  9.30000000e-06  1.40000000e+00  2.00000000e-01 
 9.40000000e-06  1.07773965e+00  9.40000000e-06  1.40000000e+00  2.00000000e-01 
 9.50000000e-06  1.08838599e+00  9.50000000e-06  1.40000000e+00  2.00000000e-01 
 9.60000000e-06  1.09718435e+00  9.60000000e-06  1.40000000e+00  2.00000000e-01 
 9.70000000e-06  1.10470812e+00  9.70000000e-06  1.40000000e+00  2.00000000e-01 
 9.80000000e-06  1.11130131e+00  9.80000000e-06  1.40000000e+00  2.00000000e-01 
 9.90000000e-06  1.11718585e+00  9.90000000e-06  1.40000000e+00  2.00000000e-01 
 1.00000000e-05  1.12251295e+00  1.00000000e-05  1.40000000e+00  2.00000000e-01 
 1.01000000e-05  1.12739016e+00  1.01000000e-05  1.40000000e+00  2.00000000e-01 
 1.02000000e-05  1.13189661e+00  1.02000000e-05  1.40000000e+00  2.00000000e-01 
 1.03000000e-05  1.13609220e+00  1.03000000e-05  1.40000000e+00  2.00000000e-01 
 1.04000000e-05  1.14002334e+00  1.04000000e-05  1.40000000e+00  2.00000000e-01 
 1.05000000e-05  1.14372671e+00  1.05000000e-05  1.40000000e+00  2.00000000e-01 
 1.06000000e-05  1.14723180e+00  1.06000000e-05  1.40000000e+00  2.00000000e-01 
 1.07000000e-05  1.15056267e+00  1.07000000e-05  1.40000000e+00  2.00000000e-01 
 1.08000000e-05  1.15373923e+00  1.08000000e-05  1.40000000e+00  2.00000000e-01 
 1.09000000e-05  1.15677809e+00  1.09000000e-05  1.40000000e+00  2.00000000e-01 
 1.10000000e-05  1.15969329e+00  1.10000000e-05  1.40000000e+00  2.00000000e-01 
 1.11000000e-05  1.16249681e+00  1.11000000e-05  1.40000000e+00  2.00000000e-01 
 1.12000000e-05  1.16519894e+00  1.12000000e-05  1.40000000e+00  2.00000000e-01 
 1.13000000e-05  1.16780856e+00  1.13000000e-05  1.40000000e+00  2.00000000e-01 
 1.14000000e-05  1.17033345e+00  1.14000000e-05  1.40000000e+00  2.00000000e-01 
 1.15000000e-05  1.17278040e+00  1.15000000e-05  1.40000000e+00  2.00000000e-01 
 1.16000000e-05  1.17515542e+00  1.16000000e-05  1.40000000e+00  2.00000000e-01 
 1.17000000e-05  1.17746381e+00  1.17000000e-05  1.40000000e+00  2.00000000e-01 
 1.18000000e-05  1.17971032e+00  1.18000000e-05  1.40000000e+00  2.00000000e-01 
 1.19000000e-05  1.18189917e+00  1.19000000e-05  1.40000000e+00  2.00000000e-01 
 1.20000000e-05  1.18403417e+00  1.20000000e-05  1.40000000e+00  2.00000000e-01 
 1.21000000e-05  1.18611875e+00  1.21000000e-05  1.40000000e+00  2.00000000e-01 
 1.22000000e-05  1.18815602e+00  1.22000000e-05  1.40000000e+00  2.00000000e-01 
 1.23000000e-05  1.19014878e+00  1.23000000e-05  1.40000000e+00  2.00000000e-01 
 1.24000000e-05  1.19209960e+00  1.24000000e-05  1.40000000e+00  2.00000000e-01 
 1.25000000e-05  1.19401083e+00  1.25000000e-05  1.40000000e+00  2.00000000e-01 
 1.26000000e-05  1.19588461e+00  1.26000000e-05  1.40000000e+00  2.00000000e-01 
 1.27000000e-05  1.19772291e+00  1.27000000e-05  1.40000000e+00  2.00000000e-01 
 1.28000000e-05  1.19952754e+00  1.28000000e-05  1.40000000e+00  2.00000000e-01 
 1.29000000e-05  1.20130018e+00  1.29000000e-05  1.40000000e+00  2.00000000e-01 
 1.30000000e-05  1.20304236e+00  1.30000000e-05  1.40000000e+00  2.00000000e-01 
 1.31000000e-05  1.20475553e+00  1.31000000e-05  1.40000000e+00  2.00000000e-01 
 1.32000000e-05  1.20644102e+00  1.32000000e-05  1.40000000e+00  2.00000000e-01 
 1.33000000e-05  1.20810005e+00  1.33000000e-05  1.40000000e+00  2.00000000e-01 
 1.34000000e-05  1.20973379e+00  1.34000000e-05  1.40000000e+00  2.00000000e-01 
 1.35000000e-05  1.21134330e+00  1.35000000e-05  1.40000000e+00  2.00000000e-01 
 1.36000000e-05  1.21292960e+00  1.36000000e-05  1.40000000e+00  2.00000000e-01 
 1.37000000e-05  1.21449363e+00  1.37000000e-05  1.40000000e+00  2.00000000e-01 
 1.38000000e-05  1.21603626e+00  1.38000000e-05  1.40000000e+00  2.00000000e-01 
 1.39000000e-05  1.21755833e+00  1.39000000e-05  1.40000000e+00  2.00000000e-01 
 1.40000000e-05  1.21906062e+00  1.40000000e-05  1.40000000e+00  2.00000000e-01 
 1.41000000e-05  1.22054385e+00  1.41000000e-05  1.40000000e+00  2.00000000e-01 
 1.42000000e-05  1.22200873e+00  1.42000000e-05  1.40000000e+00  2.00000000e-01 
 1.43000000e-05  1.22345590e+00  1.43000000e-05  1.40000000e+00  2.00000000e-01 
 1.44000000e-05  1.22488598e+00  1.44000000e-05  1.40000000e+00  2.00000000e-01 
 1.45000000e-05  1.22629956e+00  1.45000000e-05  1.40000000e+00  2.00000000e-01 
 1.46000000e-05  1.22769719e+00  1.46000000e-05  1.40000000e+00  2.00000000e-01 
 1.47000000e-05  1.22907938e+00  1.47000000e-05  1.40000000e+00  2.00000000e-01 
 1.48000000e-05  1.23044665e+00  1.48000000e-05  1.40000000e+00  2.00000000e-01 
 1.49000000e-05  1.23179945e+00  1.49000000e-05  1.40000000e+00  2.00000000e-01 
 1.50000000e-05  1.23313825e+00  1.50000000e-05  1.40000000e+00  2.00000000e-01 
 1.51000000e-05  1.23446346e+00  1.51000000e-05  1.40000000e+00  2.00000000e-01 
 1.52000000e-05  1.23577549e+00  1.52000000e-05  1.40000000e+00  2.00000000e-01 
 1.53000000e-05  1.23707473e+00  1.53000000e-05  1.40000000e+00  2.00000000e-01 
 1.54000000e-05  1.23836155e+00  1.54000000e-05  1.40000000e+00  2.00000000e-01 
 1.55000000e-05  1.23963631e+00  1.55000000e-05  1.40000000e+00  2.00000000e-01 
 1.56000000e-05  1.24089933e+00  1.56000000e-05  1.40000000e+00  2.00000000e-01 
 1.57000000e-05  1.24215095e+00  1.57000000e-05  1.40000000e+00  2.00000000e-01 
 1.58000000e-05  1.24339147e+00  1.58000000e-05  1.40000000e+00  2.00000000e-01 
 1.59000000e-05  1.24462118e+00  1.59000000e-05  1.40000000e+00  2.00000000e-01 
 1.60000000e-05  1.24584038e+00  1.60000000e-05  1.40000000e+00  2.00000000e-01 
 1.61000000e-05  1.24704932e+00  1.61000000e-05  1.40000000e+00  2.00000000e-01 
 1.62000000e-05  1.24824827e+00  1.62000000e-05  1.40000000e+00  2.00000000e-01 
 1.63000000e-05  1.24943749e+00  1.63000000e-05  1.40000000e+00  2.00000000e-01 
 1.64000000e-05  1.25061720e+00  1.64000000e-05  1.40000000e+00  2.00000000e-01 
 1.65000000e-05  1.25178764e+00  1.65000000e-05  1.40000000e+00  2.00000000e-01 
 1.66000000e-05  1.25294904e+00  1.66000000e-05  1.40000000e+00  2.00000000e-01 
 1.67000000e-05  1.25410159e+00  1.67000000e-05  1.40000000e+00  2.00000000e-01 
 1.68000000e-05  1.25524552e+00  1.68000000e-05  1.40000000e+00  2.00000000e-01 
 1.69000000e-05  1.25638102e+00  1.69000000e-05  1.40000000e+00  2.00000000e-01 
 1.70000000e-05  1.25750827e+00  1.70000000e-05  1.40000000e+00  2.00000000e-01 
 1.71000000e-05  1.25862747e+00  1.71000000e-05  1.40000000e+00  2.00000000e-01 
 1.72000000e-05  1.25973878e+00  1.72000000e-05  1.40000000e+00  2.00000000e-01 
 1.73000000e-05  1.26084239e+00  1.73000000e-05  1.40000000e+00  2.00000000e-01 
 1.74000000e-05  1.26193844e+00  1.74000000e-05  1.40000000e+00  2.00000000e-01 
 1.75000000e-05  1.26302711e+00  1.75000000e-05  1.40000000e+00  2.00000000e-01 
 1.76000000e-05  1.26410855e+00  1.76000000e-05  1.40000000e+00  2.00000000e-01 
 1.77000000e-05  1.26518291e+00  1.77000000e-05  1.40000000e+00  2.00000000e-01 
 1.78000000e-05  1.26625032e+00  1.78000000e-05  1.40000000e+00  2.00000000e-01 
 1.79000000e-05  1.26731093e+00  1.79000000e-05  1.40000000e+00  2.00000000e-01 
 1.80000000e-05  1.26836488e+00  1.80000000e-05  1.40000000e+00  2.00000000e-01 
 1.81000000e-05  1.26941229e+00  1.81000000e-05  1.40000000e+00  2.00000000e-01 
 1.82000000e-05  1.27045329e+00  1.82000000e-05  1.40000000e+00  2.00000000e-01 
 1.83000000e-05  1.27148801e+00  1.83000000e-05  1.40000000e+00  2.00000000e-01 
 1.84000000e-05  1.27251655e+00  1.84000000e-05  1.40000000e+00  2.00000000e-01 
 1.85000000e-05  1.27353904e+00  1.85000000e-05  1.40000000e+00  2.00000000e-01 
 1.86000000e-05  1.27455559e+00  1.86000000e-05  1.40000000e+00  2.00000000e-01 
 1.87000000e-05  1.27556631e+00  1.87000000e-05  1.40000000e+00  2.00000000e-01 
 1.88000000e-05  1.27657129e+00  1.88000000e-05  1.40000000e+00  2.00000000e-01 
 1.89000000e-05  1.27757065e+00  1.89000000e-05  1.40000000e+00  2.00000000e-01 
 1.90000000e-05  1.27856449e+00  1.90000000e-05  1.40000000e+00  2.00000000e-01 
 1.91000000e-05  1.27955289e+00  1.91000000e-05  1.40000000e+00  2.00000000e-01 
 1.92000000e-05  1.28053595e+00  1.92000000e-05  1.40000000e+00  2.00000000e-01 
 1.93000000e-05  1.28151376e+00  1.93000000e-05  1.40000000e+00  2.00000000e-01 
 1.94000000e-05  1.28248642e+00  1.94000000e-05  1.40000000e+00  2.00000000e-01 
 1.95000000e-05  1.28345400e+00  1.95000000e-05  1.40000000e+00  2.00000000e-01 
 1.96000000e-05  1.28441660e+00  1.96000000e-05  1.40000000e+00  2.00000000e-01 
 1.97000000e-05  1.28537428e+00  1.97000000e-05  1.40000000e+00  2.00000000e-01 
 1.98000000e-05  1.28632714e+00  1.98000000e-05  1.40000000e+00  2.00000000e-01 
 1.99000000e-05  1.28727524e+00  1.99000000e-05  1.40000000e+00  2.00000000e-01 
 2.00000000e-05  1.28821867e+00  2.00000000e-05  1.40000000e+00  2.00000000e-01 
 2.01000000e-05  1.28915750e+00  2.01000000e-05  1.40000000e+00  2.00000000e-01 
 2.02000000e-05  1.29009180e+00  2.02000000e-05  1.40000000e+00  2.00000000e-01 
 2.03000000e-05  1.29102163e+00  2.03000000e-05  1.40000000e+00  2.00000000e-01 
 2.04000000e-05  1.29194707e+00  2.04000000e-05  1.40000000e+00  2.00000000e-01 
 2.05000000e-05  1.29286818e+00  2.05000000e-05  1.40000000e+00  2.00000000e-01 
 2.06000000e-05  1.29378502e+00  2.06000000e-05  1.40000000e+00  2.00000000e-01 
 2.07000000e-05  1.29469767e+00  2.07000000e-05  1.40000000e+00  2.00000000e-01 
 2.08000000e-05  1.29560618e+00  2.08000000e-05  1.40000000e+00  2.00000000e-01 
 2.09000000e-05  1.29651060e+00  2.09000000e-05  1.40000000e+00  2.00000000e-01 
 2.10000000e-05  1.29741101e+00  2.10000000e-05  1.40000000e+00  2.00000000e-01 
 2.11000000e-05  1.29830745e+00  2.11000000e-05  1.40000000e+00  2.00000000e-01 
 2.12000000e-05  1.29919999e+00  2.12000000e-05  1.40000000e+00  2.00000000e-01 
 2.13000000e-05  1.30008867e+00  2.13000000e-05  1.40000000e+00  2.00000000e-01 
 2.14000000e-05  1.30097355e+00  2.14000000e-05  1.40000000e+00  2.00000000e-01 
 2.15000000e-05  1.30185468e+00  2.15000000e-05  1.40000000e+00  2.00000000e-01 
 2.16000000e-05  1.30273212e+00  2.16000000e-05  1.40000000e+00  2.00000000e-01 
 2.17000000e-05  1.30360591e+00  2.17000000e-05  1.40000000e+00  2.00000000e-01 
 2.18000000e-05  1.30447610e+00  2.18000000e-05  1.40000000e+00  2.00000000e-01 
 2.19000000e-05  1.30534273e+00  2.19000000e-05  1.40000000e+00  2.00000000e-01 
 2.20000000e-05  1.30620587e+00  2.20000000e-05  1.40000000e+00  2.00000000e-01 
 2.21000000e-05  1.30706554e+00  2.21000000e-05  1.40000000e+00  2.00000000e-01 
 2.22000000e-05  1.30792181e+00  2.22000000e-05  1.40000000e+00  2.00000000e-01 
 2.23000000e-05  1.30877470e+00  2.23000000e-05  1.40000000e+00  2.00000000e-01 
 2.24000000e-05  1.30962426e+00  2.24000000e-05  1.40000000e+00  2.00000000e-01 
 2.25000000e-05  1.31047053e+00  2.25000000e-05  1.40000000e+00  2.00000000e-01 
 2.26000000e-05  1.31131356e+00  2.26000000e-05  1.40000000e+00  2.00000000e-01 
 2.27000000e-05  1.31215339e+00  2.27000000e-05  1.40000000e+00  2.00000000e-01 
 2.28000000e-05  1.31299005e+00  2.28000000e-05  1.40000000e+00  2.00000000e-01 
 2.29000000e-05  1.31382358e+00  2.29000000e-05  1.40000000e+00  2.00000000e-01 
 2.30000000e-05  1.31465402e+00  2.30000000e-05  1.40000000e+00  2.00000000e-01 
 2.31000000e-05  1.31548141e+00  2.31000000e-05  1.40000000e+00  2.00000000e-01 
 2.32000000e-05  1.31630579e+00  2.32000000e-05  1.40000000e+00  2.00000000e-01 
 2.33000000e-05  1.31712718e+00  2.33000000e-05  1.40000000e+00  2.00000000e-01 
 2.34000000e-05  1.31794563e+00  2.34000000e-05  1.40000000e+00  2.00000000e-01 
 2.35000000e-05  1.31876116e+00  2.35000000e-05  1.40000000e+00  2.00000000e-01 
 2.36000000e-05  1.31957382e+00  2.36000000e-05  1.40000000e+00  2.00000000e-01 
 2.37000000e-05  1.32038363e+00  2.37000000e-05  1.40000000e+00  2.00000000e-01 
 2.38000000e-05  1.32119063e+00  2.38000000e-05  1.40000000e+00  2.00000000e-01 
 2.39000000e-05  1.32199485e+00  2.39000000e-05  1.40000000e+00  2.00000000e-01 
 2.40000000e-05  1.32279631e+00  2.40000000e-05  1.40000000e+00  2.00000000e-01 
 2.41000000e-05  1.32359506e+00  2.41000000e-05  1.40000000e+00  2.00000000e-01 
 2.42000000e-05  1.32439111e+00  2.42000000e-05  1.40000000e+00  2.00000000e-01 
 2.43000000e-05  1.32518451e+00  2.43000000e-05  1.40000000e+00  2.00000000e-01 
 2.44000000e-05  1.32597527e+00  2.44000000e-05  1.40000000e+00  2.00000000e-01 
 2.45000000e-05  1.32676343e+00  2.45000000e-05  1.40000000e+00  2.00000000e-01 
 2.46000000e-05  1.32754901e+00  2.46000000e-05  1.40000000e+00  2.00000000e-01 
 2.47000000e-05  1.32833205e+00  2.47000000e-05  1.40000000e+00  2.00000000e-01 
 2.48000000e-05  1.32911256e+00  2.48000000e-05  1.40000000e+00  2.00000000e-01 
 2.49000000e-05  1.32989058e+00  2.49000000e-05  1.40000000e+00  2.00000000e-01 
 2.50000000e-05  1.33066613e+00  2.50000000e-05  1.40000000e+00  2.00000000e-01 
