 i-sweep         v(vout)         i(viin)         v(vgate)        v(vmid)        
 0.00000000e+00  7.41874376e-01  0.00000000e+00  1.20000000e+00  9.00000000e-01 
 1.00000000e-07  1.01683746e+00  1.00000000e-07  1.20000000e+00  9.00000000e-01 
 2.00000000e-07  1.04909367e+00  2.00000000e-07  1.20000000e+00  9.00000000e-01 
 3.00000000e-07  1.06813495e+00  3.00000000e-07  1.20000000e+00  9.00000000e-01 
 4.00000000e-07  1.08142118e+00  4.00000000e-07  1.20000000e+00  9.00000000e-01 
 5.00000000e-07  1.09189603e+00  5.00000000e-07  1.20000000e+00  9.00000000e-01 
 6.00000000e-07  1.10133601e+00  6.00000000e-07  1.20000000e+00  9.00000000e-01 
 7.00000000e-07  1.10839360e+00  7.00000000e-07  1.20000000e+00  9.00000000e-01 
 8.00000000e-07  1.11480207e+00  8.00000000e-07  1.20000000e+00  9.00000000e-01 
 9.00000000e-07  1.12052225e+00  9.00000000e-07  1.20000000e+00  9.00000000e-01 
 1.00000000e-06  1.12572136e+00  1.00000000e-06  1.20000000e+00  9.00000000e-01 
 1.10000000e-06  1.13049384e+00  1.10000000e-06  1.20000000e+00  9.00000000e-01 
 1.20000000e-06  1.13491307e+00  1.20000000e-06  1.20000000e+00  9.00000000e-01 
 1.30000000e-06  1.13903472e+00  1.30000000e-06  1.20000000e+00  9.00000000e-01 
 1.40000000e-06  1.14290230e+00  1.40000000e-06  1.20000000e+00  9.00000000e-01 
 1.50000000e-06  1.14655036e+00  1.50000000e-06  1.20000000e+00  9.00000000e-01 
 1.60000000e-06  1.15000684e+00  1.60000000e-06  1.20000000e+00  9.00000000e-01 
 1.70000000e-06  1.15329459e+00  1.70000000e-06  1.20000000e+00  9.00000000e-01 
 1.80000000e-06  1.15643260e+00  1.80000000e-06  1.20000000e+00  9.00000000e-01 
 1.90000000e-06  1.15943676e+00  1.90000000e-06  1.20000000e+00  9.00000000e-01 
 2.00000000e-06  1.16232056e+00  2.00000000e-06  1.20000000e+00  9.00000000e-01 
 2.10000000e-06  1.16509548e+00  2.10000000e-06  1.20000000e+00  9.00000000e-01 
 2.20000000e-06  1.16777145e+00  2.20000000e-06  1.20000000e+00  9.00000000e-01 
 2.30000000e-06  1.17035705e+00  2.30000000e-06  1.20000000e+00  9.00000000e-01 
 2.40000000e-06  1.17285977e+00  2.40000000e-06  1.20000000e+00  9.00000000e-01 
 2.50000000e-06  1.17528621e+00  2.50000000e-06  1.20000000e+00  9.00000000e-01 
 2.60000000e-06  1.17764217e+00  2.60000000e-06  1.20000000e+00  9.00000000e-01 
 2.70000000e-06  1.17993281e+00  2.70000000e-06  1.20000000e+00  9.00000000e-01 
 2.80000000e-06  1.18216274e+00  2.80000000e-06  1.20000000e+00  9.00000000e-01 
 2.90000000e-06  1.18433606e+00  2.90000000e-06  1.20000000e+00  9.00000000e-01 
 3.00000000e-06  1.18645648e+00  3.00000000e-06  1.20000000e+00  9.00000000e-01 
 3.10000000e-06  1.18852735e+00  3.10000000e-06  1.20000000e+00  9.00000000e-01 
 3.20000000e-06  1.19055168e+00  3.20000000e-06  1.20000000e+00  9.00000000e-01 
 3.30000000e-06  1.19253222e+00  3.30000000e-06  1.20000000e+00  9.00000000e-01 
 3.40000000e-06  1.19447148e+00  3.40000000e-06  1.20000000e+00  9.00000000e-01 
 3.50000000e-06  1.19637175e+00  3.50000000e-06  1.20000000e+00  9.00000000e-01 
 3.60000000e-06  1.19823512e+00  3.60000000e-06  1.20000000e+00  9.00000000e-01 
 3.70000000e-06  1.20006352e+00  3.70000000e-06  1.20000000e+00  9.00000000e-01 
 3.80000000e-06  1.20185873e+00  3.80000000e-06  1.20000000e+00  9.00000000e-01 
 3.90000000e-06  1.20362238e+00  3.90000000e-06  1.20000000e+00  9.00000000e-01 
 4.00000000e-06  1.20535598e+00  4.00000000e-06  1.20000000e+00  9.00000000e-01 
 4.10000000e-06  1.20706095e+00  4.10000000e-06  1.20000000e+00  9.00000000e-01 
 4.20000000e-06  1.20873858e+00  4.20000000e-06  1.20000000e+00  9.00000000e-01 
 4.30000000e-06  1.21039009e+00  4.30000000e-06  1.20000000e+00  9.00000000e-01 
 4.40000000e-06  1.21201661e+00  4.40000000e-06  1.20000000e+00  9.00000000e-01 
 4.50000000e-06  1.21361920e+00  4.50000000e-06  1.20000000e+00  9.00000000e-01 
 4.60000000e-06  1.21519885e+00  4.60000000e-06  1.20000000e+00  9.00000000e-01 
 4.70000000e-06  1.21675647e+00  4.70000000e-06  1.20000000e+00  9.00000000e-01 
 4.80000000e-06  1.21829294e+00  4.80000000e-06  1.20000000e+00  9.00000000e-01 
 4.90000000e-06  1.21980907e+00  4.90000000e-06  1.20000000e+00  9.00000000e-01 
 5.00000000e-06  1.22130563e+00  5.00000000e-06  1.20000000e+00  9.00000000e-01 
 5.10000000e-06  1.22278333e+00  5.10000000e-06  1.20000000e+00  9.00000000e-01 
 5.20000000e-06  1.22424287e+00  5.20000000e-06  1.20000000e+00  9.00000000e-01 
 5.30000000e-06  1.22568489e+00  5.30000000e-06  1.20000000e+00  9.00000000e-01 
 5.40000000e-06  1.22710998e+00  5.40000000e-06  1.20000000e+00  9.00000000e-01 
 5.50000000e-06  1.22851874e+00  5.50000000e-06  1.20000000e+00  9.00000000e-01 
 5.60000000e-06  1.22991169e+00  5.60000000e-06  1.20000000e+00  9.00000000e-01 
 5.70000000e-06  1.23128936e+00  5.70000000e-06  1.20000000e+00  9.00000000e-01 
 5.80000000e-06  1.23265223e+00  5.80000000e-06  1.20000000e+00  9.00000000e-01 
 5.90000000e-06  1.23400078e+00  5.90000000e-06  1.20000000e+00  9.00000000e-01 
 6.00000000e-06  1.23533544e+00  6.00000000e-06  1.20000000e+00  9.00000000e-01 
 6.10000000e-06  1.23665664e+00  6.10000000e-06  1.20000000e+00  9.00000000e-01 
 6.20000000e-06  1.23796477e+00  6.20000000e-06  1.20000000e+00  9.00000000e-01 
 6.30000000e-06  1.23926023e+00  6.30000000e-06  1.20000000e+00  9.00000000e-01 
 6.40000000e-06  1.24054337e+00  6.40000000e-06  1.20000000e+00  9.00000000e-01 
 6.50000000e-06  1.24181454e+00  6.50000000e-06  1.20000000e+00  9.00000000e-01 
 6.60000000e-06  1.24307407e+00  6.60000000e-06  1.20000000e+00  9.00000000e-01 
 6.70000000e-06  1.24432229e+00  6.70000000e-06  1.20000000e+00  9.00000000e-01 
 6.80000000e-06  1.24555950e+00  6.80000000e-06  1.20000000e+00  9.00000000e-01 
 6.90000000e-06  1.24678599e+00  6.90000000e-06  1.20000000e+00  9.00000000e-01 
 7.00000000e-06  1.24800203e+00  7.00000000e-06  1.20000000e+00  9.00000000e-01 
 7.10000000e-06  1.24920791e+00  7.10000000e-06  1.20000000e+00  9.00000000e-01 
 7.20000000e-06  1.25040387e+00  7.20000000e-06  1.20000000e+00  9.00000000e-01 
 7.30000000e-06  1.25159016e+00  7.30000000e-06  1.20000000e+00  9.00000000e-01 
 7.40000000e-06  1.25276702e+00  7.40000000e-06  1.20000000e+00  9.00000000e-01 
 7.50000000e-06  1.25393467e+00  7.50000000e-06  1.20000000e+00  9.00000000e-01 
 7.60000000e-06  1.25509334e+00  7.60000000e-06  1.20000000e+00  9.00000000e-01 
 7.70000000e-06  1.25624324e+00  7.70000000e-06  1.20000000e+00  9.00000000e-01 
 7.80000000e-06  1.25738457e+00  7.80000000e-06  1.20000000e+00  9.00000000e-01 
 7.90000000e-06  1.25851752e+00  7.90000000e-06  1.20000000e+00  9.00000000e-01 
 8.00000000e-06  1.25964228e+00  8.00000000e-06  1.20000000e+00  9.00000000e-01 
 8.10000000e-06  1.26075904e+00  8.10000000e-06  1.20000000e+00  9.00000000e-01 
 8.20000000e-06  1.26186796e+00  8.20000000e-06  1.20000000e+00  9.00000000e-01 
 8.30000000e-06  1.26296923e+00  8.30000000e-06  1.20000000e+00  9.00000000e-01 
 8.40000000e-06  1.26406300e+00  8.40000000e-06  1.20000000e+00  9.00000000e-01 
 8.50000000e-06  1.26514943e+00  8.50000000e-06  1.20000000e+00  9.00000000e-01 
 8.60000000e-06  1.26622867e+00  8.60000000e-06  1.20000000e+00  9.00000000e-01 
 8.70000000e-06  1.26730087e+00  8.70000000e-06  1.20000000e+00  9.00000000e-01 
 8.80000000e-06  1.26836617e+00  8.80000000e-06  1.20000000e+00  9.00000000e-01 
 8.90000000e-06  1.26942471e+00  8.90000000e-06  1.20000000e+00  9.00000000e-01 
 9.00000000e-06  1.27047663e+00  9.00000000e-06  1.20000000e+00  9.00000000e-01 
 9.10000000e-06  1.27152204e+00  9.10000000e-06  1.20000000e+00  9.00000000e-01 
 9.20000000e-06  1.27256109e+00  9.20000000e-06  1.20000000e+00  9.00000000e-01 
 9.30000000e-06  1.27359388e+00  9.30000000e-06  1.20000000e+00  9.00000000e-01 
 9.40000000e-06  1.27462054e+00  9.40000000e-06  1.20000000e+00  9.00000000e-01 
 9.50000000e-06  1.27564118e+00  9.50000000e-06  1.20000000e+00  9.00000000e-01 
 9.60000000e-06  1.27665591e+00  9.60000000e-06  1.20000000e+00  9.00000000e-01 
 9.70000000e-06  1.27766483e+00  9.70000000e-06  1.20000000e+00  9.00000000e-01 
 9.80000000e-06  1.27866806e+00  9.80000000e-06  1.20000000e+00  9.00000000e-01 
 9.90000000e-06  1.27966570e+00  9.90000000e-06  1.20000000e+00  9.00000000e-01 
 1.00000000e-05  1.28065783e+00  1.00000000e-05  1.20000000e+00  9.00000000e-01 
 1.01000000e-05  1.28164456e+00  1.01000000e-05  1.20000000e+00  9.00000000e-01 
 1.02000000e-05  1.28262598e+00  1.02000000e-05  1.20000000e+00  9.00000000e-01 
 1.03000000e-05  1.28360218e+00  1.03000000e-05  1.20000000e+00  9.00000000e-01 
 1.04000000e-05  1.28457325e+00  1.04000000e-05  1.20000000e+00  9.00000000e-01 
 1.05000000e-05  1.28553927e+00  1.05000000e-05  1.20000000e+00  9.00000000e-01 
 1.06000000e-05  1.28650032e+00  1.06000000e-05  1.20000000e+00  9.00000000e-01 
 1.07000000e-05  1.28745649e+00  1.07000000e-05  1.20000000e+00  9.00000000e-01 
 1.08000000e-05  1.28840786e+00  1.08000000e-05  1.20000000e+00  9.00000000e-01 
 1.09000000e-05  1.28935449e+00  1.09000000e-05  1.20000000e+00  9.00000000e-01 
 1.10000000e-05  1.29029648e+00  1.10000000e-05  1.20000000e+00  9.00000000e-01 
 1.11000000e-05  1.29123388e+00  1.11000000e-05  1.20000000e+00  9.00000000e-01 
 1.12000000e-05  1.29216677e+00  1.12000000e-05  1.20000000e+00  9.00000000e-01 
 1.13000000e-05  1.29309522e+00  1.13000000e-05  1.20000000e+00  9.00000000e-01 
 1.14000000e-05  1.29401930e+00  1.14000000e-05  1.20000000e+00  9.00000000e-01 
 1.15000000e-05  1.29493906e+00  1.15000000e-05  1.20000000e+00  9.00000000e-01 
 1.16000000e-05  1.29585458e+00  1.16000000e-05  1.20000000e+00  9.00000000e-01 
 1.17000000e-05  1.29676593e+00  1.17000000e-05  1.20000000e+00  9.00000000e-01 
 1.18000000e-05  1.29767314e+00  1.18000000e-05  1.20000000e+00  9.00000000e-01 
 1.19000000e-05  1.29857630e+00  1.19000000e-05  1.20000000e+00  9.00000000e-01 
 1.20000000e-05  1.29947546e+00  1.20000000e-05  1.20000000e+00  9.00000000e-01 
 1.21000000e-05  1.30037066e+00  1.21000000e-05  1.20000000e+00  9.00000000e-01 
 1.22000000e-05  1.30126198e+00  1.22000000e-05  1.20000000e+00  9.00000000e-01 
 1.23000000e-05  1.30214946e+00  1.23000000e-05  1.20000000e+00  9.00000000e-01 
 1.24000000e-05  1.30303315e+00  1.24000000e-05  1.20000000e+00  9.00000000e-01 
 1.25000000e-05  1.30391312e+00  1.25000000e-05  1.20000000e+00  9.00000000e-01 
 1.26000000e-05  1.30478940e+00  1.26000000e-05  1.20000000e+00  9.00000000e-01 
 1.27000000e-05  1.30566205e+00  1.27000000e-05  1.20000000e+00  9.00000000e-01 
 1.28000000e-05  1.30653111e+00  1.28000000e-05  1.20000000e+00  9.00000000e-01 
 1.29000000e-05  1.30739664e+00  1.29000000e-05  1.20000000e+00  9.00000000e-01 
 1.30000000e-05  1.30825867e+00  1.30000000e-05  1.20000000e+00  9.00000000e-01 
 1.31000000e-05  1.30911726e+00  1.31000000e-05  1.20000000e+00  9.00000000e-01 
 1.32000000e-05  1.30997245e+00  1.32000000e-05  1.20000000e+00  9.00000000e-01 
 1.33000000e-05  1.31082428e+00  1.33000000e-05  1.20000000e+00  9.00000000e-01 
 1.34000000e-05  1.31167280e+00  1.34000000e-05  1.20000000e+00  9.00000000e-01 
 1.35000000e-05  1.31251804e+00  1.35000000e-05  1.20000000e+00  9.00000000e-01 
 1.36000000e-05  1.31336005e+00  1.36000000e-05  1.20000000e+00  9.00000000e-01 
 1.37000000e-05  1.31419887e+00  1.37000000e-05  1.20000000e+00  9.00000000e-01 
 1.38000000e-05  1.31503453e+00  1.38000000e-05  1.20000000e+00  9.00000000e-01 
 1.39000000e-05  1.31586708e+00  1.39000000e-05  1.20000000e+00  9.00000000e-01 
 1.40000000e-05  1.31669655e+00  1.40000000e-05  1.20000000e+00  9.00000000e-01 
 1.41000000e-05  1.31752297e+00  1.41000000e-05  1.20000000e+00  9.00000000e-01 
 1.42000000e-05  1.31834640e+00  1.42000000e-05  1.20000000e+00  9.00000000e-01 
 1.43000000e-05  1.31916685e+00  1.43000000e-05  1.20000000e+00  9.00000000e-01 
 1.44000000e-05  1.31998436e+00  1.44000000e-05  1.20000000e+00  9.00000000e-01 
 1.45000000e-05  1.32079897e+00  1.45000000e-05  1.20000000e+00  9.00000000e-01 
 1.46000000e-05  1.32161072e+00  1.46000000e-05  1.20000000e+00  9.00000000e-01 
 1.47000000e-05  1.32241963e+00  1.47000000e-05  1.20000000e+00  9.00000000e-01 
 1.48000000e-05  1.32322574e+00  1.48000000e-05  1.20000000e+00  9.00000000e-01 
 1.49000000e-05  1.32402907e+00  1.49000000e-05  1.20000000e+00  9.00000000e-01 
 1.50000000e-05  1.32482966e+00  1.50000000e-05  1.20000000e+00  9.00000000e-01 
 1.51000000e-05  1.32562754e+00  1.51000000e-05  1.20000000e+00  9.00000000e-01 
 1.52000000e-05  1.32642274e+00  1.52000000e-05  1.20000000e+00  9.00000000e-01 
 1.53000000e-05  1.32721529e+00  1.53000000e-05  1.20000000e+00  9.00000000e-01 
 1.54000000e-05  1.32800522e+00  1.54000000e-05  1.20000000e+00  9.00000000e-01 
 1.55000000e-05  1.32879255e+00  1.55000000e-05  1.20000000e+00  9.00000000e-01 
 1.56000000e-05  1.32957731e+00  1.56000000e-05  1.20000000e+00  9.00000000e-01 
 1.57000000e-05  1.33035953e+00  1.57000000e-05  1.20000000e+00  9.00000000e-01 
 1.58000000e-05  1.33113924e+00  1.58000000e-05  1.20000000e+00  9.00000000e-01 
 1.59000000e-05  1.33191646e+00  1.59000000e-05  1.20000000e+00  9.00000000e-01 
 1.60000000e-05  1.33269122e+00  1.60000000e-05  1.20000000e+00  9.00000000e-01 
 1.61000000e-05  1.33346355e+00  1.61000000e-05  1.20000000e+00  9.00000000e-01 
 1.62000000e-05  1.33423346e+00  1.62000000e-05  1.20000000e+00  9.00000000e-01 
 1.63000000e-05  1.33500099e+00  1.63000000e-05  1.20000000e+00  9.00000000e-01 
 1.64000000e-05  1.33576615e+00  1.64000000e-05  1.20000000e+00  9.00000000e-01 
 1.65000000e-05  1.33652897e+00  1.65000000e-05  1.20000000e+00  9.00000000e-01 
 1.66000000e-05  1.33728948e+00  1.66000000e-05  1.20000000e+00  9.00000000e-01 
 1.67000000e-05  1.33804769e+00  1.67000000e-05  1.20000000e+00  9.00000000e-01 
 1.68000000e-05  1.33880364e+00  1.68000000e-05  1.20000000e+00  9.00000000e-01 
 1.69000000e-05  1.33955733e+00  1.69000000e-05  1.20000000e+00  9.00000000e-01 
 1.70000000e-05  1.34030880e+00  1.70000000e-05  1.20000000e+00  9.00000000e-01 
 1.71000000e-05  1.34105807e+00  1.71000000e-05  1.20000000e+00  9.00000000e-01 
 1.72000000e-05  1.34180515e+00  1.72000000e-05  1.20000000e+00  9.00000000e-01 
 1.73000000e-05  1.34255006e+00  1.73000000e-05  1.20000000e+00  9.00000000e-01 
 1.74000000e-05  1.34329284e+00  1.74000000e-05  1.20000000e+00  9.00000000e-01 
 1.75000000e-05  1.34403349e+00  1.75000000e-05  1.20000000e+00  9.00000000e-01 
 1.76000000e-05  1.34477203e+00  1.76000000e-05  1.20000000e+00  9.00000000e-01 
 1.77000000e-05  1.34550850e+00  1.77000000e-05  1.20000000e+00  9.00000000e-01 
 1.78000000e-05  1.34624290e+00  1.78000000e-05  1.20000000e+00  9.00000000e-01 
 1.79000000e-05  1.34697525e+00  1.79000000e-05  1.20000000e+00  9.00000000e-01 
 1.80000000e-05  1.34770558e+00  1.80000000e-05  1.20000000e+00  9.00000000e-01 
 1.81000000e-05  1.34843389e+00  1.81000000e-05  1.20000000e+00  9.00000000e-01 
 1.82000000e-05  1.34916022e+00  1.82000000e-05  1.20000000e+00  9.00000000e-01 
 1.83000000e-05  1.34988458e+00  1.83000000e-05  1.20000000e+00  9.00000000e-01 
 1.84000000e-05  1.35060697e+00  1.84000000e-05  1.20000000e+00  9.00000000e-01 
 1.85000000e-05  1.35132743e+00  1.85000000e-05  1.20000000e+00  9.00000000e-01 
 1.86000000e-05  1.35204597e+00  1.86000000e-05  1.20000000e+00  9.00000000e-01 
 1.87000000e-05  1.35276261e+00  1.87000000e-05  1.20000000e+00  9.00000000e-01 
 1.88000000e-05  1.35347735e+00  1.88000000e-05  1.20000000e+00  9.00000000e-01 
 1.89000000e-05  1.35419023e+00  1.89000000e-05  1.20000000e+00  9.00000000e-01 
 1.90000000e-05  1.35490125e+00  1.90000000e-05  1.20000000e+00  9.00000000e-01 
 1.91000000e-05  1.35561043e+00  1.91000000e-05  1.20000000e+00  9.00000000e-01 
 1.92000000e-05  1.35631778e+00  1.92000000e-05  1.20000000e+00  9.00000000e-01 
 1.93000000e-05  1.35702333e+00  1.93000000e-05  1.20000000e+00  9.00000000e-01 
 1.94000000e-05  1.35772708e+00  1.94000000e-05  1.20000000e+00  9.00000000e-01 
 1.95000000e-05  1.35842905e+00  1.95000000e-05  1.20000000e+00  9.00000000e-01 
 1.96000000e-05  1.35912926e+00  1.96000000e-05  1.20000000e+00  9.00000000e-01 
 1.97000000e-05  1.35982771e+00  1.97000000e-05  1.20000000e+00  9.00000000e-01 
 1.98000000e-05  1.36052444e+00  1.98000000e-05  1.20000000e+00  9.00000000e-01 
 1.99000000e-05  1.36121944e+00  1.99000000e-05  1.20000000e+00  9.00000000e-01 
 2.00000000e-05  1.36191273e+00  2.00000000e-05  1.20000000e+00  9.00000000e-01 
 2.01000000e-05  1.36260433e+00  2.01000000e-05  1.20000000e+00  9.00000000e-01 
 2.02000000e-05  1.36329425e+00  2.02000000e-05  1.20000000e+00  9.00000000e-01 
 2.03000000e-05  1.36398250e+00  2.03000000e-05  1.20000000e+00  9.00000000e-01 
 2.04000000e-05  1.36466910e+00  2.04000000e-05  1.20000000e+00  9.00000000e-01 
 2.05000000e-05  1.36535406e+00  2.05000000e-05  1.20000000e+00  9.00000000e-01 
 2.06000000e-05  1.36603738e+00  2.06000000e-05  1.20000000e+00  9.00000000e-01 
 2.07000000e-05  1.36671910e+00  2.07000000e-05  1.20000000e+00  9.00000000e-01 
 2.08000000e-05  1.36739921e+00  2.08000000e-05  1.20000000e+00  9.00000000e-01 
 2.09000000e-05  1.36807773e+00  2.09000000e-05  1.20000000e+00  9.00000000e-01 
 2.10000000e-05  1.36875467e+00  2.10000000e-05  1.20000000e+00  9.00000000e-01 
 2.11000000e-05  1.36943005e+00  2.11000000e-05  1.20000000e+00  9.00000000e-01 
 2.12000000e-05  1.37010387e+00  2.12000000e-05  1.20000000e+00  9.00000000e-01 
 2.13000000e-05  1.37077615e+00  2.13000000e-05  1.20000000e+00  9.00000000e-01 
 2.14000000e-05  1.37144690e+00  2.14000000e-05  1.20000000e+00  9.00000000e-01 
 2.15000000e-05  1.37211612e+00  2.15000000e-05  1.20000000e+00  9.00000000e-01 
 2.16000000e-05  1.37278384e+00  2.16000000e-05  1.20000000e+00  9.00000000e-01 
 2.17000000e-05  1.37345007e+00  2.17000000e-05  1.20000000e+00  9.00000000e-01 
 2.18000000e-05  1.37411480e+00  2.18000000e-05  1.20000000e+00  9.00000000e-01 
 2.19000000e-05  1.37477806e+00  2.19000000e-05  1.20000000e+00  9.00000000e-01 
 2.20000000e-05  1.37543986e+00  2.20000000e-05  1.20000000e+00  9.00000000e-01 
 2.21000000e-05  1.37610020e+00  2.21000000e-05  1.20000000e+00  9.00000000e-01 
 2.22000000e-05  1.37675910e+00  2.22000000e-05  1.20000000e+00  9.00000000e-01 
 2.23000000e-05  1.37741656e+00  2.23000000e-05  1.20000000e+00  9.00000000e-01 
 2.24000000e-05  1.37807260e+00  2.24000000e-05  1.20000000e+00  9.00000000e-01 
 2.25000000e-05  1.37872723e+00  2.25000000e-05  1.20000000e+00  9.00000000e-01 
 2.26000000e-05  1.37938045e+00  2.26000000e-05  1.20000000e+00  9.00000000e-01 
 2.27000000e-05  1.38003228e+00  2.27000000e-05  1.20000000e+00  9.00000000e-01 
 2.28000000e-05  1.38068273e+00  2.28000000e-05  1.20000000e+00  9.00000000e-01 
 2.29000000e-05  1.38133181e+00  2.29000000e-05  1.20000000e+00  9.00000000e-01 
 2.30000000e-05  1.38197952e+00  2.30000000e-05  1.20000000e+00  9.00000000e-01 
 2.31000000e-05  1.38262587e+00  2.31000000e-05  1.20000000e+00  9.00000000e-01 
 2.32000000e-05  1.38327088e+00  2.32000000e-05  1.20000000e+00  9.00000000e-01 
 2.33000000e-05  1.38391455e+00  2.33000000e-05  1.20000000e+00  9.00000000e-01 
 2.34000000e-05  1.38455690e+00  2.34000000e-05  1.20000000e+00  9.00000000e-01 
 2.35000000e-05  1.38519793e+00  2.35000000e-05  1.20000000e+00  9.00000000e-01 
 2.36000000e-05  1.38583764e+00  2.36000000e-05  1.20000000e+00  9.00000000e-01 
 2.37000000e-05  1.38647606e+00  2.37000000e-05  1.20000000e+00  9.00000000e-01 
 2.38000000e-05  1.38711319e+00  2.38000000e-05  1.20000000e+00  9.00000000e-01 
 2.39000000e-05  1.38774903e+00  2.39000000e-05  1.20000000e+00  9.00000000e-01 
 2.40000000e-05  1.38838359e+00  2.40000000e-05  1.20000000e+00  9.00000000e-01 
 2.41000000e-05  1.38901689e+00  2.41000000e-05  1.20000000e+00  9.00000000e-01 
 2.42000000e-05  1.38964893e+00  2.42000000e-05  1.20000000e+00  9.00000000e-01 
 2.43000000e-05  1.39027972e+00  2.43000000e-05  1.20000000e+00  9.00000000e-01 
 2.44000000e-05  1.39090927e+00  2.44000000e-05  1.20000000e+00  9.00000000e-01 
 2.45000000e-05  1.39153759e+00  2.45000000e-05  1.20000000e+00  9.00000000e-01 
 2.46000000e-05  1.39216468e+00  2.46000000e-05  1.20000000e+00  9.00000000e-01 
 2.47000000e-05  1.39279055e+00  2.47000000e-05  1.20000000e+00  9.00000000e-01 
 2.48000000e-05  1.39341521e+00  2.48000000e-05  1.20000000e+00  9.00000000e-01 
 2.49000000e-05  1.39403866e+00  2.49000000e-05  1.20000000e+00  9.00000000e-01 
 2.50000000e-05  1.39466092e+00  2.50000000e-05  1.20000000e+00  9.00000000e-01 
 2.51000000e-05  1.39528200e+00  2.51000000e-05  1.20000000e+00  9.00000000e-01 
 2.52000000e-05  1.39590189e+00  2.52000000e-05  1.20000000e+00  9.00000000e-01 
 2.53000000e-05  1.39652061e+00  2.53000000e-05  1.20000000e+00  9.00000000e-01 
 2.54000000e-05  1.39713817e+00  2.54000000e-05  1.20000000e+00  9.00000000e-01 
 2.55000000e-05  1.39775456e+00  2.55000000e-05  1.20000000e+00  9.00000000e-01 
 2.56000000e-05  1.39836981e+00  2.56000000e-05  1.20000000e+00  9.00000000e-01 
 2.57000000e-05  1.39898391e+00  2.57000000e-05  1.20000000e+00  9.00000000e-01 
 2.58000000e-05  1.39959688e+00  2.58000000e-05  1.20000000e+00  9.00000000e-01 
 2.59000000e-05  1.40020871e+00  2.59000000e-05  1.20000000e+00  9.00000000e-01 
 2.60000000e-05  1.40081942e+00  2.60000000e-05  1.20000000e+00  9.00000000e-01 
 2.61000000e-05  1.40142901e+00  2.61000000e-05  1.20000000e+00  9.00000000e-01 
 2.62000000e-05  1.40203750e+00  2.62000000e-05  1.20000000e+00  9.00000000e-01 
 2.63000000e-05  1.40264488e+00  2.63000000e-05  1.20000000e+00  9.00000000e-01 
 2.64000000e-05  1.40325116e+00  2.64000000e-05  1.20000000e+00  9.00000000e-01 
 2.65000000e-05  1.40385635e+00  2.65000000e-05  1.20000000e+00  9.00000000e-01 
 2.66000000e-05  1.40446046e+00  2.66000000e-05  1.20000000e+00  9.00000000e-01 
 2.67000000e-05  1.40506349e+00  2.67000000e-05  1.20000000e+00  9.00000000e-01 
 2.68000000e-05  1.40566545e+00  2.68000000e-05  1.20000000e+00  9.00000000e-01 
 2.69000000e-05  1.40626635e+00  2.69000000e-05  1.20000000e+00  9.00000000e-01 
 2.70000000e-05  1.40686619e+00  2.70000000e-05  1.20000000e+00  9.00000000e-01 
 2.71000000e-05  1.40746497e+00  2.71000000e-05  1.20000000e+00  9.00000000e-01 
 2.72000000e-05  1.40806271e+00  2.72000000e-05  1.20000000e+00  9.00000000e-01 
 2.73000000e-05  1.40865940e+00  2.73000000e-05  1.20000000e+00  9.00000000e-01 
 2.74000000e-05  1.40925507e+00  2.74000000e-05  1.20000000e+00  9.00000000e-01 
 2.75000000e-05  1.40984970e+00  2.75000000e-05  1.20000000e+00  9.00000000e-01 
 2.76000000e-05  1.41044331e+00  2.76000000e-05  1.20000000e+00  9.00000000e-01 
 2.77000000e-05  1.41103590e+00  2.77000000e-05  1.20000000e+00  9.00000000e-01 
 2.78000000e-05  1.41162749e+00  2.78000000e-05  1.20000000e+00  9.00000000e-01 
 2.79000000e-05  1.41221806e+00  2.79000000e-05  1.20000000e+00  9.00000000e-01 
 2.80000000e-05  1.41280764e+00  2.80000000e-05  1.20000000e+00  9.00000000e-01 
 2.81000000e-05  1.41339622e+00  2.81000000e-05  1.20000000e+00  9.00000000e-01 
 2.82000000e-05  1.41398381e+00  2.82000000e-05  1.20000000e+00  9.00000000e-01 
 2.83000000e-05  1.41457042e+00  2.83000000e-05  1.20000000e+00  9.00000000e-01 
 2.84000000e-05  1.41515605e+00  2.84000000e-05  1.20000000e+00  9.00000000e-01 
 2.85000000e-05  1.41574071e+00  2.85000000e-05  1.20000000e+00  9.00000000e-01 
 2.86000000e-05  1.41632440e+00  2.86000000e-05  1.20000000e+00  9.00000000e-01 
 2.87000000e-05  1.41690713e+00  2.87000000e-05  1.20000000e+00  9.00000000e-01 
 2.88000000e-05  1.41748890e+00  2.88000000e-05  1.20000000e+00  9.00000000e-01 
 2.89000000e-05  1.41806972e+00  2.89000000e-05  1.20000000e+00  9.00000000e-01 
 2.90000000e-05  1.41864960e+00  2.90000000e-05  1.20000000e+00  9.00000000e-01 
 2.91000000e-05  1.41922853e+00  2.91000000e-05  1.20000000e+00  9.00000000e-01 
 2.92000000e-05  1.41980652e+00  2.92000000e-05  1.20000000e+00  9.00000000e-01 
 2.93000000e-05  1.42038358e+00  2.93000000e-05  1.20000000e+00  9.00000000e-01 
 2.94000000e-05  1.42095972e+00  2.94000000e-05  1.20000000e+00  9.00000000e-01 
 2.95000000e-05  1.42153493e+00  2.95000000e-05  1.20000000e+00  9.00000000e-01 
 2.96000000e-05  1.42210923e+00  2.96000000e-05  1.20000000e+00  9.00000000e-01 
 2.97000000e-05  1.42268262e+00  2.97000000e-05  1.20000000e+00  9.00000000e-01 
 2.98000000e-05  1.42325509e+00  2.98000000e-05  1.20000000e+00  9.00000000e-01 
 2.99000000e-05  1.42382667e+00  2.99000000e-05  1.20000000e+00  9.00000000e-01 
 3.00000000e-05  1.42439735e+00  3.00000000e-05  1.20000000e+00  9.00000000e-01 
