 i-sweep         v(vout)         i(viin)         v(vgate)        v(vmid)        
-6.00000000e-06 -5.04232045e-01 -6.00000000e-06  4.00000000e-01  2.00000000e-01 
-5.90000000e-06 -5.00853754e-01 -5.90000000e-06  4.00000000e-01  2.00000000e-01 
-5.80000000e-06 -4.97450119e-01 -5.80000000e-06  4.00000000e-01  2.00000000e-01 
-5.70000000e-06 -4.94020541e-01 -5.70000000e-06  4.00000000e-01  2.00000000e-01 
-5.60000000e-06 -4.90564387e-01 -5.60000000e-06  4.00000000e-01  2.00000000e-01 
-5.50000000e-06 -4.87080992e-01 -5.50000000e-06  4.00000000e-01  2.00000000e-01 
-5.40000000e-06 -4.83569659e-01 -5.40000000e-06  4.00000000e-01  2.00000000e-01 
-5.30000000e-06 -4.80029655e-01 -5.30000000e-06  4.00000000e-01  2.00000000e-01 
-5.20000000e-06 -4.76460208e-01 -5.20000000e-06  4.00000000e-01  2.00000000e-01 
-5.10000000e-06 -4.72860509e-01 -5.10000000e-06  4.00000000e-01  2.00000000e-01 
-5.00000000e-06 -4.69229705e-01 -5.00000000e-06  4.00000000e-01  2.00000000e-01 
-4.90000000e-06 -4.65566901e-01 -4.90000000e-06  4.00000000e-01  2.00000000e-01 
-4.80000000e-06 -4.61871153e-01 -4.80000000e-06  4.00000000e-01  2.00000000e-01 
-4.70000000e-06 -4.58141468e-01 -4.70000000e-06  4.00000000e-01  2.00000000e-01 
-4.60000000e-06 -4.54376799e-01 -4.60000000e-06  4.00000000e-01  2.00000000e-01 
-4.50000000e-06 -4.50576039e-01 -4.50000000e-06  4.00000000e-01  2.00000000e-01 
-4.40000000e-06 -4.46738021e-01 -4.40000000e-06  4.00000000e-01  2.00000000e-01 
-4.30000000e-06 -4.42861510e-01 -4.30000000e-06  4.00000000e-01  2.00000000e-01 
-4.20000000e-06 -4.38945196e-01 -4.20000000e-06  4.00000000e-01  2.00000000e-01 
-4.10000000e-06 -4.34987692e-01 -4.10000000e-06  4.00000000e-01  2.00000000e-01 
-4.00000000e-06 -4.30987523e-01 -4.00000000e-06  4.00000000e-01  2.00000000e-01 
-3.90000000e-06 -4.26943122e-01 -3.90000000e-06  4.00000000e-01  2.00000000e-01 
-3.80000000e-06 -4.22852816e-01 -3.80000000e-06  4.00000000e-01  2.00000000e-01 
-3.70000000e-06 -4.18714820e-01 -3.70000000e-06  4.00000000e-01  2.00000000e-01 
-3.60000000e-06 -4.14527223e-01 -3.60000000e-06  4.00000000e-01  2.00000000e-01 
-3.50000000e-06 -4.10287977e-01 -3.50000000e-06  4.00000000e-01  2.00000000e-01 
-3.40000000e-06 -4.05994880e-01 -3.40000000e-06  4.00000000e-01  2.00000000e-01 
-3.30000000e-06 -4.01645558e-01 -3.30000000e-06  4.00000000e-01  2.00000000e-01 
-3.20000000e-06 -3.97237449e-01 -3.20000000e-06  4.00000000e-01  2.00000000e-01 
-3.10000000e-06 -3.92767775e-01 -3.10000000e-06  4.00000000e-01  2.00000000e-01 
-3.00000000e-06 -3.88233517e-01 -3.00000000e-06  4.00000000e-01  2.00000000e-01 
-2.90000000e-06 -3.83631387e-01 -2.90000000e-06  4.00000000e-01  2.00000000e-01 
-2.80000000e-06 -3.78957785e-01 -2.80000000e-06  4.00000000e-01  2.00000000e-01 
-2.70000000e-06 -3.74208761e-01 -2.70000000e-06  4.00000000e-01  2.00000000e-01 
-2.60000000e-06 -3.69379960e-01 -2.60000000e-06  4.00000000e-01  2.00000000e-01 
-2.50000000e-06 -3.64466561e-01 -2.50000000e-06  4.00000000e-01  2.00000000e-01 
-2.40000000e-06 -3.59463207e-01 -2.40000000e-06  4.00000000e-01  2.00000000e-01 
-2.30000000e-06 -3.54363912e-01 -2.30000000e-06  4.00000000e-01  2.00000000e-01 
-2.20000000e-06 -3.49161951e-01 -2.20000000e-06  4.00000000e-01  2.00000000e-01 
-2.10000000e-06 -3.43849732e-01 -2.10000000e-06  4.00000000e-01  2.00000000e-01 
-2.00000000e-06 -3.38418625e-01 -2.00000000e-06  4.00000000e-01  2.00000000e-01 
-1.90000000e-06 -3.32858758e-01 -1.90000000e-06  4.00000000e-01  2.00000000e-01 
-1.80000000e-06 -3.27158755e-01 -1.80000000e-06  4.00000000e-01  2.00000000e-01 
-1.70000000e-06 -3.21305398e-01 -1.70000000e-06  4.00000000e-01  2.00000000e-01 
-1.60000000e-06 -3.15283197e-01 -1.60000000e-06  4.00000000e-01  2.00000000e-01 
-1.50000000e-06 -3.09073813e-01 -1.50000000e-06  4.00000000e-01  2.00000000e-01 
-1.40000000e-06 -3.02655296e-01 -1.40000000e-06  4.00000000e-01  2.00000000e-01 
-1.30000000e-06 -2.96001041e-01 -1.30000000e-06  4.00000000e-01  2.00000000e-01 
-1.20000000e-06 -2.89078338e-01 -1.20000000e-06  4.00000000e-01  2.00000000e-01 
-1.10000000e-06 -2.81846306e-01 -1.10000000e-06  4.00000000e-01  2.00000000e-01 
-1.00000000e-06 -2.74252854e-01 -1.00000000e-06  4.00000000e-01  2.00000000e-01 
-9.00000000e-07 -2.66230085e-01 -9.00000000e-07  4.00000000e-01  2.00000000e-01 
-8.00000000e-07 -2.57687029e-01 -8.00000000e-07  4.00000000e-01  2.00000000e-01 
-7.00000000e-07 -2.48497622e-01 -7.00000000e-07  4.00000000e-01  2.00000000e-01 
-6.00000000e-07 -2.38479526e-01 -6.00000000e-07  4.00000000e-01  2.00000000e-01 
-5.00000000e-07 -2.27353869e-01 -5.00000000e-07  4.00000000e-01  2.00000000e-01 
-4.00000000e-07 -2.14660302e-01 -4.00000000e-07  4.00000000e-01  2.00000000e-01 
-3.00000000e-07 -1.99549557e-01 -3.00000000e-07  4.00000000e-01  2.00000000e-01 
-2.00000000e-07 -1.80147671e-01 -2.00000000e-07  4.00000000e-01  2.00000000e-01 
-1.00000000e-07 -1.50582228e-01 -1.00000000e-07  4.00000000e-01  2.00000000e-01 
-5.71747239e-21  2.37205371e-01 -5.71747239e-21  4.00000000e-01  2.00000000e-01 
 1.00000000e-07  1.01517958e+00  1.00000000e-07  4.00000000e-01  2.00000000e-01 
 2.00000000e-07  1.04758955e+00  2.00000000e-07  4.00000000e-01  2.00000000e-01 
 3.00000000e-07  1.06647576e+00  3.00000000e-07  4.00000000e-01  2.00000000e-01 
 4.00000000e-07  1.07991799e+00  4.00000000e-07  4.00000000e-01  2.00000000e-01 
 5.00000000e-07  1.09042058e+00  5.00000000e-07  4.00000000e-01  2.00000000e-01 
 6.00000000e-07  1.09908496e+00  6.00000000e-07  4.00000000e-01  2.00000000e-01 
 7.00000000e-07  1.10649196e+00  7.00000000e-07  4.00000000e-01  2.00000000e-01 
 8.00000000e-07  1.11298483e+00  8.00000000e-07  4.00000000e-01  2.00000000e-01 
 9.00000000e-07  1.11878312e+00  9.00000000e-07  4.00000000e-01  2.00000000e-01 
 1.00000000e-06  1.12403562e+00  1.00000000e-06  4.00000000e-01  2.00000000e-01 
 1.10000000e-06  1.12884780e+00  1.10000000e-06  4.00000000e-01  2.00000000e-01 
 1.20000000e-06  1.13329714e+00  1.20000000e-06  4.00000000e-01  2.00000000e-01 
 1.30000000e-06  1.13744219e+00  1.30000000e-06  4.00000000e-01  2.00000000e-01 
 1.40000000e-06  1.14132830e+00  1.40000000e-06  4.00000000e-01  2.00000000e-01 
 1.50000000e-06  1.14499129e+00  1.50000000e-06  4.00000000e-01  2.00000000e-01 
 1.60000000e-06  1.14845997e+00  1.60000000e-06  4.00000000e-01  2.00000000e-01 
 1.70000000e-06  1.15175784e+00  1.70000000e-06  4.00000000e-01  2.00000000e-01 
 1.80000000e-06  1.15490432e+00  1.80000000e-06  4.00000000e-01  2.00000000e-01 
 1.90000000e-06  1.15791566e+00  1.90000000e-06  4.00000000e-01  2.00000000e-01 
 2.00000000e-06  1.16080559e+00  2.00000000e-06  4.00000000e-01  2.00000000e-01 
 2.10000000e-06  1.16358580e+00  2.10000000e-06  4.00000000e-01  2.00000000e-01 
 2.20000000e-06  1.16626635e+00  2.20000000e-06  4.00000000e-01  2.00000000e-01 
 2.30000000e-06  1.16885596e+00  2.30000000e-06  4.00000000e-01  2.00000000e-01 
 2.40000000e-06  1.17136222e+00  2.40000000e-06  4.00000000e-01  2.00000000e-01 
 2.50000000e-06  1.17379178e+00  2.50000000e-06  4.00000000e-01  2.00000000e-01 
 2.60000000e-06  1.17615052e+00  2.60000000e-06  4.00000000e-01  2.00000000e-01 
 2.70000000e-06  1.17844365e+00  2.70000000e-06  4.00000000e-01  2.00000000e-01 
 2.80000000e-06  1.18067581e+00  2.80000000e-06  4.00000000e-01  2.00000000e-01 
 2.90000000e-06  1.18285115e+00  2.90000000e-06  4.00000000e-01  2.00000000e-01 
 3.00000000e-06  1.18497340e+00  3.00000000e-06  4.00000000e-01  2.00000000e-01 
 3.10000000e-06  1.18704593e+00  3.10000000e-06  4.00000000e-01  2.00000000e-01 
 3.20000000e-06  1.18907178e+00  3.20000000e-06  4.00000000e-01  2.00000000e-01 
 3.30000000e-06  1.19105372e+00  3.30000000e-06  4.00000000e-01  2.00000000e-01 
 3.40000000e-06  1.19299426e+00  3.40000000e-06  4.00000000e-01  2.00000000e-01 
 3.50000000e-06  1.19489571e+00  3.50000000e-06  4.00000000e-01  2.00000000e-01 
 3.60000000e-06  1.19676017e+00  3.60000000e-06  4.00000000e-01  2.00000000e-01 
 3.70000000e-06  1.19858959e+00  3.70000000e-06  4.00000000e-01  2.00000000e-01 
 3.80000000e-06  1.20038573e+00  3.80000000e-06  4.00000000e-01  2.00000000e-01 
 3.90000000e-06  1.20215026e+00  3.90000000e-06  4.00000000e-01  2.00000000e-01 
 4.00000000e-06  1.20388469e+00  4.00000000e-06  4.00000000e-01  2.00000000e-01 
 4.10000000e-06  1.20559042e+00  4.10000000e-06  4.00000000e-01  2.00000000e-01 
 4.20000000e-06  1.20726877e+00  4.20000000e-06  4.00000000e-01  2.00000000e-01 
 4.30000000e-06  1.20892096e+00  4.30000000e-06  4.00000000e-01  2.00000000e-01 
 4.40000000e-06  1.21054812e+00  4.40000000e-06  4.00000000e-01  2.00000000e-01 
 4.50000000e-06  1.21215132e+00  4.50000000e-06  4.00000000e-01  2.00000000e-01 
 4.60000000e-06  1.21373153e+00  4.60000000e-06  4.00000000e-01  2.00000000e-01 
 4.70000000e-06  1.21528969e+00  4.70000000e-06  4.00000000e-01  2.00000000e-01 
 4.80000000e-06  1.21682667e+00  4.80000000e-06  4.00000000e-01  2.00000000e-01 
 4.90000000e-06  1.21834329e+00  4.90000000e-06  4.00000000e-01  2.00000000e-01 
 5.00000000e-06  1.21984031e+00  5.00000000e-06  4.00000000e-01  2.00000000e-01 
 5.10000000e-06  1.22131847e+00  5.10000000e-06  4.00000000e-01  2.00000000e-01 
 5.20000000e-06  1.22277843e+00  5.20000000e-06  4.00000000e-01  2.00000000e-01 
 5.30000000e-06  1.22422085e+00  5.30000000e-06  4.00000000e-01  2.00000000e-01 
 5.40000000e-06  1.22564633e+00  5.40000000e-06  4.00000000e-01  2.00000000e-01 
 5.50000000e-06  1.22705546e+00  5.50000000e-06  4.00000000e-01  2.00000000e-01 
 5.60000000e-06  1.22844877e+00  5.60000000e-06  4.00000000e-01  2.00000000e-01 
 5.70000000e-06  1.22982678e+00  5.70000000e-06  4.00000000e-01  2.00000000e-01 
 5.80000000e-06  1.23118999e+00  5.80000000e-06  4.00000000e-01  2.00000000e-01 
 5.90000000e-06  1.23253885e+00  5.90000000e-06  4.00000000e-01  2.00000000e-01 
 6.00000000e-06  1.23387382e+00  6.00000000e-06  4.00000000e-01  2.00000000e-01 
