 i-sweep         v(vout)         i(viin)         v(vgate)        v(vmid)        
-6.00000000e-06 -6.95615018e-01 -6.00000000e-06  1.00000000e-01  1.30000000e+00 
-5.90000000e-06 -6.93929097e-01 -5.90000000e-06  1.00000000e-01  1.30000000e+00 
-5.80000000e-06 -6.92192376e-01 -5.80000000e-06  1.00000000e-01  1.30000000e+00 
-5.70000000e-06 -6.90402737e-01 -5.70000000e-06  1.00000000e-01  1.30000000e+00 
-5.60000000e-06 -6.88557998e-01 -5.60000000e-06  1.00000000e-01  1.30000000e+00 
-5.50000000e-06 -6.86655916e-01 -5.50000000e-06  1.00000000e-01  1.30000000e+00 
-5.40000000e-06 -6.84694193e-01 -5.40000000e-06  1.00000000e-01  1.30000000e+00 
-5.30000000e-06 -6.82670485e-01 -5.30000000e-06  1.00000000e-01  1.30000000e+00 
-5.20000000e-06 -6.80582410e-01 -5.20000000e-06  1.00000000e-01  1.30000000e+00 
-5.10000000e-06 -6.78427560e-01 -5.10000000e-06  1.00000000e-01  1.30000000e+00 
-5.00000000e-06 -6.76203511e-01 -5.00000000e-06  1.00000000e-01  1.30000000e+00 
-4.90000000e-06 -6.73907841e-01 -4.90000000e-06  1.00000000e-01  1.30000000e+00 
-4.80000000e-06 -6.71538144e-01 -4.80000000e-06  1.00000000e-01  1.30000000e+00 
-4.70000000e-06 -6.69092044e-01 -4.70000000e-06  1.00000000e-01  1.30000000e+00 
-4.60000000e-06 -6.66567221e-01 -4.60000000e-06  1.00000000e-01  1.30000000e+00 
-4.50000000e-06 -6.63961420e-01 -4.50000000e-06  1.00000000e-01  1.30000000e+00 
-4.40000000e-06 -6.61272475e-01 -4.40000000e-06  1.00000000e-01  1.30000000e+00 
-4.30000000e-06 -6.58498327e-01 -4.30000000e-06  1.00000000e-01  1.30000000e+00 
-4.20000000e-06 -6.55637038e-01 -4.20000000e-06  1.00000000e-01  1.30000000e+00 
-4.10000000e-06 -6.52686801e-01 -4.10000000e-06  1.00000000e-01  1.30000000e+00 
-4.00000000e-06 -6.49645959e-01 -4.00000000e-06  1.00000000e-01  1.30000000e+00 
-3.90000000e-06 -6.46513002e-01 -3.90000000e-06  1.00000000e-01  1.30000000e+00 
-3.80000000e-06 -6.43286571e-01 -3.80000000e-06  1.00000000e-01  1.30000000e+00 
-3.70000000e-06 -6.39965449e-01 -3.70000000e-06  1.00000000e-01  1.30000000e+00 
-3.60000000e-06 -6.36548552e-01 -3.60000000e-06  1.00000000e-01  1.30000000e+00 
-3.50000000e-06 -6.33034907e-01 -3.50000000e-06  1.00000000e-01  1.30000000e+00 
-3.40000000e-06 -6.29423621e-01 -3.40000000e-06  1.00000000e-01  1.30000000e+00 
-3.30000000e-06 -6.25713851e-01 -3.30000000e-06  1.00000000e-01  1.30000000e+00 
-3.20000000e-06 -6.21904758e-01 -3.20000000e-06  1.00000000e-01  1.30000000e+00 
-3.10000000e-06 -6.17995456e-01 -3.10000000e-06  1.00000000e-01  1.30000000e+00 
-3.00000000e-06 -6.13984961e-01 -3.00000000e-06  1.00000000e-01  1.30000000e+00 
-2.90000000e-06 -6.09872118e-01 -2.90000000e-06  1.00000000e-01  1.30000000e+00 
-2.80000000e-06 -6.05655543e-01 -2.80000000e-06  1.00000000e-01  1.30000000e+00 
-2.70000000e-06 -6.01333538e-01 -2.70000000e-06  1.00000000e-01  1.30000000e+00 
-2.60000000e-06 -5.96904011e-01 -2.60000000e-06  1.00000000e-01  1.30000000e+00 
-2.50000000e-06 -5.92364386e-01 -2.50000000e-06  1.00000000e-01  1.30000000e+00 
-2.40000000e-06 -5.87711500e-01 -2.40000000e-06  1.00000000e-01  1.30000000e+00 
-2.30000000e-06 -5.82941488e-01 -2.30000000e-06  1.00000000e-01  1.30000000e+00 
-2.20000000e-06 -5.78049654e-01 -2.20000000e-06  1.00000000e-01  1.30000000e+00 
-2.10000000e-06 -5.73030318e-01 -2.10000000e-06  1.00000000e-01  1.30000000e+00 
-2.00000000e-06 -5.67876632e-01 -2.00000000e-06  1.00000000e-01  1.30000000e+00 
-1.90000000e-06 -5.62580359e-01 -1.90000000e-06  1.00000000e-01  1.30000000e+00 
-1.80000000e-06 -5.57131596e-01 -1.80000000e-06  1.00000000e-01  1.30000000e+00 
-1.70000000e-06 -5.51518427e-01 -1.70000000e-06  1.00000000e-01  1.30000000e+00 
-1.60000000e-06 -5.45726475e-01 -1.60000000e-06  1.00000000e-01  1.30000000e+00 
-1.50000000e-06 -5.39738312e-01 -1.50000000e-06  1.00000000e-01  1.30000000e+00 
-1.40000000e-06 -5.33532674e-01 -1.40000000e-06  1.00000000e-01  1.30000000e+00 
-1.30000000e-06 -5.27083394e-01 -1.30000000e-06  1.00000000e-01  1.30000000e+00 
-1.20000000e-06 -5.20357911e-01 -1.20000000e-06  1.00000000e-01  1.30000000e+00 
-1.10000000e-06 -5.13315142e-01 -1.10000000e-06  1.00000000e-01  1.30000000e+00 
-1.00000000e-06 -5.05902366e-01 -1.00000000e-06  1.00000000e-01  1.30000000e+00 
-9.00000000e-07 -4.98050480e-01 -9.00000000e-07  1.00000000e-01  1.30000000e+00 
-8.00000000e-07 -4.89666517e-01 -8.00000000e-07  1.00000000e-01  1.30000000e+00 
-7.00000000e-07 -4.80621225e-01 -7.00000000e-07  1.00000000e-01  1.30000000e+00 
-6.00000000e-07 -4.70727200e-01 -6.00000000e-07  1.00000000e-01  1.30000000e+00 
-5.00000000e-07 -4.59697289e-01 -5.00000000e-07  1.00000000e-01  1.30000000e+00 
-4.00000000e-07 -4.47057043e-01 -4.00000000e-07  1.00000000e-01  1.30000000e+00 
-3.00000000e-07 -4.31925491e-01 -3.00000000e-07  1.00000000e-01  1.30000000e+00 
-2.00000000e-07 -4.12364160e-01 -2.00000000e-07  1.00000000e-01  1.30000000e+00 
-1.00000000e-07 -3.82274643e-01 -1.00000000e-07  1.00000000e-01  1.30000000e+00 
-5.71747239e-21  7.16221766e-01 -5.71747239e-21  1.00000000e-01  1.30000000e+00 
 1.00000000e-07  1.12813680e+00  1.00000000e-07  1.00000000e-01  1.30000000e+00 
 2.00000000e-07  1.16051218e+00  2.00000000e-07  1.00000000e-01  1.30000000e+00 
 3.00000000e-07  1.17937850e+00  3.00000000e-07  1.00000000e-01  1.30000000e+00 
 4.00000000e-07  1.19281573e+00  4.00000000e-07  1.00000000e-01  1.30000000e+00 
 5.00000000e-07  1.20329756e+00  5.00000000e-07  1.00000000e-01  1.30000000e+00 
 6.00000000e-07  1.21194810e+00  6.00000000e-07  1.00000000e-01  1.30000000e+00 
 7.00000000e-07  1.21934311e+00  7.00000000e-07  1.00000000e-01  1.30000000e+00 
 8.00000000e-07  1.22582473e+00  8.00000000e-07  1.00000000e-01  1.30000000e+00 
 9.00000000e-07  1.23161217e+00  9.00000000e-07  1.00000000e-01  1.30000000e+00 
 1.00000000e-06  1.23685412e+00  1.00000000e-06  1.00000000e-01  1.30000000e+00 
 1.10000000e-06  1.24166777e+00  1.10000000e-06  1.00000000e-01  1.30000000e+00 
 1.20000000e-06  1.24610215e+00  1.20000000e-06  1.00000000e-01  1.30000000e+00 
 1.30000000e-06  1.25023449e+00  1.30000000e-06  1.00000000e-01  1.30000000e+00 
 1.40000000e-06  1.25410921e+00  1.40000000e-06  1.00000000e-01  1.30000000e+00 
 1.50000000e-06  1.25776163e+00  1.50000000e-06  1.00000000e-01  1.30000000e+00 
 1.60000000e-06  1.26122024e+00  1.60000000e-06  1.00000000e-01  1.30000000e+00 
 1.70000000e-06  1.26450840e+00  1.70000000e-06  1.00000000e-01  1.30000000e+00 
 1.80000000e-06  1.26764541e+00  1.80000000e-06  1.00000000e-01  1.30000000e+00 
 1.90000000e-06  1.27064747e+00  1.90000000e-06  1.00000000e-01  1.30000000e+00 
 2.00000000e-06  1.27352827e+00  2.00000000e-06  1.00000000e-01  1.30000000e+00 
 2.10000000e-06  1.27629947e+00  2.10000000e-06  1.00000000e-01  1.30000000e+00 
 2.20000000e-06  1.27897113e+00  2.20000000e-06  1.00000000e-01  1.30000000e+00 
 2.30000000e-06  1.28155193e+00  2.30000000e-06  1.00000000e-01  1.30000000e+00 
 2.40000000e-06  1.28404946e+00  2.40000000e-06  1.00000000e-01  1.30000000e+00 
 2.50000000e-06  1.28647038e+00  2.50000000e-06  1.00000000e-01  1.30000000e+00 
 2.60000000e-06  1.28882055e+00  2.60000000e-06  1.00000000e-01  1.30000000e+00 
 2.70000000e-06  1.29110517e+00  2.70000000e-06  1.00000000e-01  1.30000000e+00 
 2.80000000e-06  1.29332889e+00  2.80000000e-06  1.00000000e-01  1.30000000e+00 
 2.90000000e-06  1.29549585e+00  2.90000000e-06  1.00000000e-01  1.30000000e+00 
 3.00000000e-06  1.29760978e+00  3.00000000e-06  1.00000000e-01  1.30000000e+00 
 3.10000000e-06  1.29967405e+00  3.10000000e-06  1.00000000e-01  1.30000000e+00 
 3.20000000e-06  1.30169169e+00  3.20000000e-06  1.00000000e-01  1.30000000e+00 
 3.30000000e-06  1.30366546e+00  3.30000000e-06  1.00000000e-01  1.30000000e+00 
 3.40000000e-06  1.30559789e+00  3.40000000e-06  1.00000000e-01  1.30000000e+00 
 3.50000000e-06  1.30749127e+00  3.50000000e-06  1.00000000e-01  1.30000000e+00 
 3.60000000e-06  1.30935674e+00  3.60000000e-06  1.00000000e-01  1.30000000e+00 
 3.70000000e-06  1.31117688e+00  3.70000000e-06  1.00000000e-01  1.30000000e+00 
 3.80000000e-06  1.31296400e+00  3.80000000e-06  1.00000000e-01  1.30000000e+00 
 3.90000000e-06  1.31471970e+00  3.90000000e-06  1.00000000e-01  1.30000000e+00 
 4.00000000e-06  1.31644549e+00  4.00000000e-06  1.00000000e-01  1.30000000e+00 
 4.10000000e-06  1.31814273e+00  4.10000000e-06  1.00000000e-01  1.30000000e+00 
 4.20000000e-06  1.31981274e+00  4.20000000e-06  1.00000000e-01  1.30000000e+00 
 4.30000000e-06  1.32145669e+00  4.30000000e-06  1.00000000e-01  1.30000000e+00 
 4.40000000e-06  1.32307573e+00  4.40000000e-06  1.00000000e-01  1.30000000e+00 
 4.50000000e-06  1.32467089e+00  4.50000000e-06  1.00000000e-01  1.30000000e+00 
 4.60000000e-06  1.32624315e+00  4.60000000e-06  1.00000000e-01  1.30000000e+00 
 4.70000000e-06  1.32779344e+00  4.70000000e-06  1.00000000e-01  1.30000000e+00 
 4.80000000e-06  1.32932262e+00  4.80000000e-06  1.00000000e-01  1.30000000e+00 
 4.90000000e-06  1.33083150e+00  4.90000000e-06  1.00000000e-01  1.30000000e+00 
 5.00000000e-06  1.33232083e+00  5.00000000e-06  1.00000000e-01  1.30000000e+00 
 5.10000000e-06  1.33379135e+00  5.10000000e-06  1.00000000e-01  1.30000000e+00 
 5.20000000e-06  1.33524373e+00  5.20000000e-06  1.00000000e-01  1.30000000e+00 
 5.30000000e-06  1.33667861e+00  5.30000000e-06  1.00000000e-01  1.30000000e+00 
 5.40000000e-06  1.33809660e+00  5.40000000e-06  1.00000000e-01  1.30000000e+00 
 5.50000000e-06  1.33949826e+00  5.50000000e-06  1.00000000e-01  1.30000000e+00 
 5.60000000e-06  1.34088415e+00  5.60000000e-06  1.00000000e-01  1.30000000e+00 
 5.70000000e-06  1.34225478e+00  5.70000000e-06  1.00000000e-01  1.30000000e+00 
 5.80000000e-06  1.34361063e+00  5.80000000e-06  1.00000000e-01  1.30000000e+00 
 5.90000000e-06  1.34495218e+00  5.90000000e-06  1.00000000e-01  1.30000000e+00 
 6.00000000e-06  1.34627985e+00  6.00000000e-06  1.00000000e-01  1.30000000e+00 
