 i-sweep         v(vout)         i(viin)         v(vgate)        v(vmid)        
-6.00000000e-06  5.19104848e-02 -6.00000000e-06  1.10000000e+00  9.00000000e-01 
-5.90000000e-06  5.54279655e-02 -5.90000000e-06  1.10000000e+00  9.00000000e-01 
-5.80000000e-06  5.89734142e-02 -5.80000000e-06  1.10000000e+00  9.00000000e-01 
-5.70000000e-06  6.25475221e-02 -5.70000000e-06  1.10000000e+00  9.00000000e-01 
-5.60000000e-06  6.61510097e-02 -5.60000000e-06  1.10000000e+00  9.00000000e-01 
-5.50000000e-06  6.97846278e-02 -5.50000000e-06  1.10000000e+00  9.00000000e-01 
-5.40000000e-06  7.34491604e-02 -5.40000000e-06  1.10000000e+00  9.00000000e-01 
-5.30000000e-06  7.71454260e-02 -5.30000000e-06  1.10000000e+00  9.00000000e-01 
-5.20000000e-06  8.08742803e-02 -5.20000000e-06  1.10000000e+00  9.00000000e-01 
-5.10000000e-06  8.46366186e-02 -5.10000000e-06  1.10000000e+00  9.00000000e-01 
-5.00000000e-06  8.84333784e-02 -5.00000000e-06  1.10000000e+00  9.00000000e-01 
-4.90000000e-06  9.22655425e-02 -4.90000000e-06  1.10000000e+00  9.00000000e-01 
-4.80000000e-06  9.61341422e-02 -4.80000000e-06  1.10000000e+00  9.00000000e-01 
-4.70000000e-06  1.00040261e-01 -4.70000000e-06  1.10000000e+00  9.00000000e-01 
-4.60000000e-06  1.03985037e-01 -4.60000000e-06  1.10000000e+00  9.00000000e-01 
-4.50000000e-06  1.07969671e-01 -4.50000000e-06  1.10000000e+00  9.00000000e-01 
-4.40000000e-06  1.11995428e-01 -4.40000000e-06  1.10000000e+00  9.00000000e-01 
-4.30000000e-06  1.16063641e-01 -4.30000000e-06  1.10000000e+00  9.00000000e-01 
-4.20000000e-06  1.20175723e-01 -4.20000000e-06  1.10000000e+00  9.00000000e-01 
-4.10000000e-06  1.24333166e-01 -4.10000000e-06  1.10000000e+00  9.00000000e-01 
-4.00000000e-06  1.28537556e-01 -4.00000000e-06  1.10000000e+00  9.00000000e-01 
-3.90000000e-06  1.32790573e-01 -3.90000000e-06  1.10000000e+00  9.00000000e-01 
-3.80000000e-06  1.37094009e-01 -3.80000000e-06  1.10000000e+00  9.00000000e-01 
-3.70000000e-06  1.41449771e-01 -3.70000000e-06  1.10000000e+00  9.00000000e-01 
-3.60000000e-06  1.45859896e-01 -3.60000000e-06  1.10000000e+00  9.00000000e-01 
-3.50000000e-06  1.50326565e-01 -3.50000000e-06  1.10000000e+00  9.00000000e-01 
-3.40000000e-06  1.54852116e-01 -3.40000000e-06  1.10000000e+00  9.00000000e-01 
-3.30000000e-06  1.59439066e-01 -3.30000000e-06  1.10000000e+00  9.00000000e-01 
-3.20000000e-06  1.64090124e-01 -3.20000000e-06  1.10000000e+00  9.00000000e-01 
-3.10000000e-06  1.68808221e-01 -3.10000000e-06  1.10000000e+00  9.00000000e-01 
-3.00000000e-06  1.73596532e-01 -3.00000000e-06  1.10000000e+00  9.00000000e-01 
-2.90000000e-06  1.78458513e-01 -2.90000000e-06  1.10000000e+00  9.00000000e-01 
-2.80000000e-06  1.83397929e-01 -2.80000000e-06  1.10000000e+00  9.00000000e-01 
-2.70000000e-06  1.88418909e-01 -2.70000000e-06  1.10000000e+00  9.00000000e-01 
-2.60000000e-06  1.93525985e-01 -2.60000000e-06  1.10000000e+00  9.00000000e-01 
-2.50000000e-06  1.98724163e-01 -2.50000000e-06  1.10000000e+00  9.00000000e-01 
-2.40000000e-06  2.04018993e-01 -2.40000000e-06  1.10000000e+00  9.00000000e-01 
-2.30000000e-06  2.09416655e-01 -2.30000000e-06  1.10000000e+00  9.00000000e-01 
-2.20000000e-06  2.14924075e-01 -2.20000000e-06  1.10000000e+00  9.00000000e-01 
-2.10000000e-06  2.20549049e-01 -2.10000000e-06  1.10000000e+00  9.00000000e-01 
-2.00000000e-06  2.26300416e-01 -2.00000000e-06  1.10000000e+00  9.00000000e-01 
-1.90000000e-06  2.32188259e-01 -1.90000000e-06  1.10000000e+00  9.00000000e-01 
-1.80000000e-06  2.38224171e-01 -1.80000000e-06  1.10000000e+00  9.00000000e-01 
-1.70000000e-06  2.44421587e-01 -1.70000000e-06  1.10000000e+00  9.00000000e-01 
-1.60000000e-06  2.50796222e-01 -1.60000000e-06  1.10000000e+00  9.00000000e-01 
-1.50000000e-06  2.57366638e-01 -1.50000000e-06  1.10000000e+00  9.00000000e-01 
-1.40000000e-06  2.64155017e-01 -1.40000000e-06  1.10000000e+00  9.00000000e-01 
-1.30000000e-06  2.71188198e-01 -1.30000000e-06  1.10000000e+00  9.00000000e-01 
-1.20000000e-06  2.78499133e-01 -1.20000000e-06  1.10000000e+00  9.00000000e-01 
-1.10000000e-06  2.86128961e-01 -1.10000000e-06  1.10000000e+00  9.00000000e-01 
-1.00000000e-06  2.94130044e-01 -1.00000000e-06  1.10000000e+00  9.00000000e-01 
-9.00000000e-07  3.02570579e-01 -9.00000000e-07  1.10000000e+00  9.00000000e-01 
-8.00000000e-07  3.11541875e-01 -8.00000000e-07  1.10000000e+00  9.00000000e-01 
-7.00000000e-07  3.21170397e-01 -7.00000000e-07  1.10000000e+00  9.00000000e-01 
-6.00000000e-07  3.31638967e-01 -6.00000000e-07  1.10000000e+00  9.00000000e-01 
-5.00000000e-07  3.43227055e-01 -5.00000000e-07  1.10000000e+00  9.00000000e-01 
-4.00000000e-07  3.56395710e-01 -4.00000000e-07  1.10000000e+00  9.00000000e-01 
-3.00000000e-07  3.71994792e-01 -3.00000000e-07  1.10000000e+00  9.00000000e-01 
-2.00000000e-07  3.91897218e-01 -2.00000000e-07  1.10000000e+00  9.00000000e-01 
-1.00000000e-07  4.21959243e-01 -1.00000000e-07  1.10000000e+00  9.00000000e-01 
-5.71747239e-21  7.02110807e-01 -5.71747239e-21  1.10000000e+00  9.00000000e-01 
 1.00000000e-07  1.01664229e+00  1.00000000e-07  1.10000000e+00  9.00000000e-01 
 2.00000000e-07  1.04905370e+00  2.00000000e-07  1.10000000e+00  9.00000000e-01 
 3.00000000e-07  1.06793719e+00  3.00000000e-07  1.10000000e+00  9.00000000e-01 
 4.00000000e-07  1.08137912e+00  4.00000000e-07  1.10000000e+00  9.00000000e-01 
 5.00000000e-07  1.09188554e+00  5.00000000e-07  1.10000000e+00  9.00000000e-01 
 6.00000000e-07  1.10054673e+00  6.00000000e-07  1.10000000e+00  9.00000000e-01 
 7.00000000e-07  1.10795283e+00  7.00000000e-07  1.10000000e+00  9.00000000e-01 
 8.00000000e-07  1.11444536e+00  8.00000000e-07  1.10000000e+00  9.00000000e-01 
 9.00000000e-07  1.12024345e+00  9.00000000e-07  1.10000000e+00  9.00000000e-01 
 1.00000000e-06  1.12549579e+00  1.00000000e-06  1.10000000e+00  9.00000000e-01 
 1.10000000e-06  1.13030783e+00  1.10000000e-06  1.10000000e+00  9.00000000e-01 
 1.20000000e-06  1.13476658e+00  1.20000000e-06  1.10000000e+00  9.00000000e-01 
 1.30000000e-06  1.13890760e+00  1.30000000e-06  1.10000000e+00  9.00000000e-01 
 1.40000000e-06  1.14279132e+00  1.40000000e-06  1.10000000e+00  9.00000000e-01 
 1.50000000e-06  1.14645285e+00  1.50000000e-06  1.10000000e+00  9.00000000e-01 
 1.60000000e-06  1.14992062e+00  1.60000000e-06  1.10000000e+00  9.00000000e-01 
 1.70000000e-06  1.15321788e+00  1.70000000e-06  1.10000000e+00  9.00000000e-01 
 1.80000000e-06  1.15636395e+00  1.80000000e-06  1.10000000e+00  9.00000000e-01 
 1.90000000e-06  1.15937500e+00  1.90000000e-06  1.10000000e+00  9.00000000e-01 
 2.00000000e-06  1.16226469e+00  2.00000000e-06  1.10000000e+00  9.00000000e-01 
 2.10000000e-06  1.16504472e+00  2.10000000e-06  1.10000000e+00  9.00000000e-01 
 2.20000000e-06  1.16772512e+00  2.20000000e-06  1.10000000e+00  9.00000000e-01 
 2.30000000e-06  1.17031458e+00  2.30000000e-06  1.10000000e+00  9.00000000e-01 
 2.40000000e-06  1.17282071e+00  2.40000000e-06  1.10000000e+00  9.00000000e-01 
 2.50000000e-06  1.17525015e+00  2.50000000e-06  1.10000000e+00  9.00000000e-01 
 2.60000000e-06  1.17760877e+00  2.60000000e-06  1.10000000e+00  9.00000000e-01 
 2.70000000e-06  1.17990178e+00  2.70000000e-06  1.10000000e+00  9.00000000e-01 
 2.80000000e-06  1.18213383e+00  2.80000000e-06  1.10000000e+00  9.00000000e-01 
 2.90000000e-06  1.18430906e+00  2.90000000e-06  1.10000000e+00  9.00000000e-01 
 3.00000000e-06  1.18643121e+00  3.00000000e-06  1.10000000e+00  9.00000000e-01 
 3.10000000e-06  1.18850363e+00  3.10000000e-06  1.10000000e+00  9.00000000e-01 
 3.20000000e-06  1.19052937e+00  3.20000000e-06  1.10000000e+00  9.00000000e-01 
 3.30000000e-06  1.19251120e+00  3.30000000e-06  1.10000000e+00  9.00000000e-01 
 3.40000000e-06  1.19445164e+00  3.40000000e-06  1.10000000e+00  9.00000000e-01 
 3.50000000e-06  1.19635298e+00  3.50000000e-06  1.10000000e+00  9.00000000e-01 
 3.60000000e-06  1.19821734e+00  3.60000000e-06  1.10000000e+00  9.00000000e-01 
 3.70000000e-06  1.20004665e+00  3.70000000e-06  1.10000000e+00  9.00000000e-01 
 3.80000000e-06  1.20184270e+00  3.80000000e-06  1.10000000e+00  9.00000000e-01 
 3.90000000e-06  1.20360712e+00  3.90000000e-06  1.10000000e+00  9.00000000e-01 
 4.00000000e-06  1.20534145e+00  4.00000000e-06  1.10000000e+00  9.00000000e-01 
 4.10000000e-06  1.20704708e+00  4.10000000e-06  1.10000000e+00  9.00000000e-01 
 4.20000000e-06  1.20872533e+00  4.20000000e-06  1.10000000e+00  9.00000000e-01 
 4.30000000e-06  1.21037742e+00  4.30000000e-06  1.10000000e+00  9.00000000e-01 
 4.40000000e-06  1.21200448e+00  4.40000000e-06  1.10000000e+00  9.00000000e-01 
 4.50000000e-06  1.21360758e+00  4.50000000e-06  1.10000000e+00  9.00000000e-01 
 4.60000000e-06  1.21518769e+00  4.60000000e-06  1.10000000e+00  9.00000000e-01 
 4.70000000e-06  1.21674575e+00  4.70000000e-06  1.10000000e+00  9.00000000e-01 
 4.80000000e-06  1.21828264e+00  4.80000000e-06  1.10000000e+00  9.00000000e-01 
 4.90000000e-06  1.21979916e+00  4.90000000e-06  1.10000000e+00  9.00000000e-01 
 5.00000000e-06  1.22129609e+00  5.00000000e-06  1.10000000e+00  9.00000000e-01 
 5.10000000e-06  1.22277414e+00  5.10000000e-06  1.10000000e+00  9.00000000e-01 
 5.20000000e-06  1.22423401e+00  5.20000000e-06  1.10000000e+00  9.00000000e-01 
 5.30000000e-06  1.22567633e+00  5.30000000e-06  1.10000000e+00  9.00000000e-01 
 5.40000000e-06  1.22710172e+00  5.40000000e-06  1.10000000e+00  9.00000000e-01 
 5.50000000e-06  1.22851075e+00  5.50000000e-06  1.10000000e+00  9.00000000e-01 
 5.60000000e-06  1.22990397e+00  5.60000000e-06  1.10000000e+00  9.00000000e-01 
 5.70000000e-06  1.23128188e+00  5.70000000e-06  1.10000000e+00  9.00000000e-01 
 5.80000000e-06  1.23264500e+00  5.80000000e-06  1.10000000e+00  9.00000000e-01 
 5.90000000e-06  1.23399377e+00  5.90000000e-06  1.10000000e+00  9.00000000e-01 
 6.00000000e-06  1.23532864e+00  6.00000000e-06  1.10000000e+00  9.00000000e-01 
