 i-sweep         v(vout)         i(viin)         v(vgate)        v(vmid)        
-6.00000000e-06 -5.78684817e-01 -6.00000000e-06  3.00000000e-01  6.00000000e-01 
-5.90000000e-06 -5.75382328e-01 -5.90000000e-06  3.00000000e-01  6.00000000e-01 
-5.80000000e-06 -5.72049620e-01 -5.80000000e-06  3.00000000e-01  6.00000000e-01 
-5.70000000e-06 -5.68686594e-01 -5.70000000e-06  3.00000000e-01  6.00000000e-01 
-5.60000000e-06 -5.65293091e-01 -5.60000000e-06  3.00000000e-01  6.00000000e-01 
-5.50000000e-06 -5.61868890e-01 -5.50000000e-06  3.00000000e-01  6.00000000e-01 
-5.40000000e-06 -5.58413708e-01 -5.40000000e-06  3.00000000e-01  6.00000000e-01 
-5.30000000e-06 -5.54927199e-01 -5.30000000e-06  3.00000000e-01  6.00000000e-01 
-5.20000000e-06 -5.51408953e-01 -5.20000000e-06  3.00000000e-01  6.00000000e-01 
-5.10000000e-06 -5.47858497e-01 -5.10000000e-06  3.00000000e-01  6.00000000e-01 
-5.00000000e-06 -5.44275294e-01 -5.00000000e-06  3.00000000e-01  6.00000000e-01 
-4.90000000e-06 -5.40658737e-01 -4.90000000e-06  3.00000000e-01  6.00000000e-01 
-4.80000000e-06 -5.37008153e-01 -4.80000000e-06  3.00000000e-01  6.00000000e-01 
-4.70000000e-06 -5.33322798e-01 -4.70000000e-06  3.00000000e-01  6.00000000e-01 
-4.60000000e-06 -5.29601857e-01 -4.60000000e-06  3.00000000e-01  6.00000000e-01 
-4.50000000e-06 -5.25844438e-01 -4.50000000e-06  3.00000000e-01  6.00000000e-01 
-4.40000000e-06 -5.22049571e-01 -4.40000000e-06  3.00000000e-01  6.00000000e-01 
-4.30000000e-06 -5.18216203e-01 -4.30000000e-06  3.00000000e-01  6.00000000e-01 
-4.20000000e-06 -5.14343195e-01 -4.20000000e-06  3.00000000e-01  6.00000000e-01 
-4.10000000e-06 -5.10429314e-01 -4.10000000e-06  3.00000000e-01  6.00000000e-01 
-4.00000000e-06 -5.06473230e-01 -4.00000000e-06  3.00000000e-01  6.00000000e-01 
-3.90000000e-06 -5.02473506e-01 -3.90000000e-06  3.00000000e-01  6.00000000e-01 
-3.80000000e-06 -4.98428593e-01 -3.80000000e-06  3.00000000e-01  6.00000000e-01 
-3.70000000e-06 -4.94336817e-01 -3.70000000e-06  3.00000000e-01  6.00000000e-01 
-3.60000000e-06 -4.90196371e-01 -3.60000000e-06  3.00000000e-01  6.00000000e-01 
-3.50000000e-06 -4.86005299e-01 -3.50000000e-06  3.00000000e-01  6.00000000e-01 
-3.40000000e-06 -4.81761488e-01 -3.40000000e-06  3.00000000e-01  6.00000000e-01 
-3.30000000e-06 -4.77462642e-01 -3.30000000e-06  3.00000000e-01  6.00000000e-01 
-3.20000000e-06 -4.73106271e-01 -3.20000000e-06  3.00000000e-01  6.00000000e-01 
-3.10000000e-06 -4.68689663e-01 -3.10000000e-06  3.00000000e-01  6.00000000e-01 
-3.00000000e-06 -4.64209858e-01 -3.00000000e-06  3.00000000e-01  6.00000000e-01 
-2.90000000e-06 -4.59663620e-01 -2.90000000e-06  3.00000000e-01  6.00000000e-01 
-2.80000000e-06 -4.55047396e-01 -2.80000000e-06  3.00000000e-01  6.00000000e-01 
-2.70000000e-06 -4.50357275e-01 -2.70000000e-06  3.00000000e-01  6.00000000e-01 
-2.60000000e-06 -4.45588939e-01 -2.60000000e-06  3.00000000e-01  6.00000000e-01 
-2.50000000e-06 -4.40737594e-01 -2.50000000e-06  3.00000000e-01  6.00000000e-01 
-2.40000000e-06 -4.35797905e-01 -2.40000000e-06  3.00000000e-01  6.00000000e-01 
-2.30000000e-06 -4.30763897e-01 -2.30000000e-06  3.00000000e-01  6.00000000e-01 
-2.20000000e-06 -4.25628856e-01 -2.20000000e-06  3.00000000e-01  6.00000000e-01 
-2.10000000e-06 -4.20385185e-01 -2.10000000e-06  3.00000000e-01  6.00000000e-01 
-2.00000000e-06 -4.15024244e-01 -2.00000000e-06  3.00000000e-01  6.00000000e-01 
-1.90000000e-06 -4.09536139e-01 -1.90000000e-06  3.00000000e-01  6.00000000e-01 
-1.80000000e-06 -4.03909459e-01 -1.80000000e-06  3.00000000e-01  6.00000000e-01 
-1.70000000e-06 -3.98130939e-01 -1.70000000e-06  3.00000000e-01  6.00000000e-01 
-1.60000000e-06 -3.92185022e-01 -1.60000000e-06  3.00000000e-01  6.00000000e-01 
-1.50000000e-06 -3.86053288e-01 -1.50000000e-06  3.00000000e-01  6.00000000e-01 
-1.40000000e-06 -3.79713683e-01 -1.40000000e-06  3.00000000e-01  6.00000000e-01 
-1.30000000e-06 -3.73139482e-01 -1.30000000e-06  3.00000000e-01  6.00000000e-01 
-1.20000000e-06 -3.66297176e-01 -1.20000000e-06  3.00000000e-01  6.00000000e-01 
-1.10000000e-06 -3.59146490e-01 -1.10000000e-06  3.00000000e-01  6.00000000e-01 
-1.00000000e-06 -3.51634617e-01 -1.00000000e-06  3.00000000e-01  6.00000000e-01 
-9.00000000e-07 -3.43693174e-01 -9.00000000e-07  3.00000000e-01  6.00000000e-01 
-8.00000000e-07 -3.35230515e-01 -8.00000000e-07  3.00000000e-01  6.00000000e-01 
-7.00000000e-07 -3.26119593e-01 -7.00000000e-07  3.00000000e-01  6.00000000e-01 
-6.00000000e-07 -3.16176591e-01 -6.00000000e-07  3.00000000e-01  6.00000000e-01 
-5.00000000e-07 -3.05120276e-01 -5.00000000e-07  3.00000000e-01  6.00000000e-01 
-4.00000000e-07 -2.92485910e-01 -4.00000000e-07  3.00000000e-01  6.00000000e-01 
-3.00000000e-07 -2.77416018e-01 -3.00000000e-07  3.00000000e-01  6.00000000e-01 
-2.00000000e-07 -2.58016412e-01 -2.00000000e-07  3.00000000e-01  6.00000000e-01 
-1.00000000e-07 -2.28344447e-01 -1.00000000e-07  3.00000000e-01  6.00000000e-01 
-5.71747239e-21  6.13215586e-01 -5.71747239e-21  3.00000000e-01  6.00000000e-01 
 1.00000000e-07  1.01518540e+00  1.00000000e-07  3.00000000e-01  6.00000000e-01 
 2.00000000e-07  1.04760127e+00  2.00000000e-07  3.00000000e-01  6.00000000e-01 
 3.00000000e-07  1.06648051e+00  3.00000000e-07  3.00000000e-01  6.00000000e-01 
 4.00000000e-07  1.07992267e+00  4.00000000e-07  3.00000000e-01  6.00000000e-01 
 5.00000000e-07  1.09043660e+00  5.00000000e-07  3.00000000e-01  6.00000000e-01 
 6.00000000e-07  1.09908956e+00  6.00000000e-07  3.00000000e-01  6.00000000e-01 
 7.00000000e-07  1.10649655e+00  7.00000000e-07  3.00000000e-01  6.00000000e-01 
 8.00000000e-07  1.11298947e+00  8.00000000e-07  3.00000000e-01  6.00000000e-01 
 9.00000000e-07  1.11878770e+00  9.00000000e-07  3.00000000e-01  6.00000000e-01 
 1.00000000e-06  1.12404017e+00  1.00000000e-06  3.00000000e-01  6.00000000e-01 
 1.10000000e-06  1.12885234e+00  1.10000000e-06  3.00000000e-01  6.00000000e-01 
 1.20000000e-06  1.13331054e+00  1.20000000e-06  3.00000000e-01  6.00000000e-01 
 1.30000000e-06  1.13745196e+00  1.30000000e-06  3.00000000e-01  6.00000000e-01 
 1.40000000e-06  1.14133596e+00  1.40000000e-06  3.00000000e-01  6.00000000e-01 
 1.50000000e-06  1.14499771e+00  1.50000000e-06  3.00000000e-01  6.00000000e-01 
 1.60000000e-06  1.14846565e+00  1.60000000e-06  3.00000000e-01  6.00000000e-01 
 1.70000000e-06  1.15176307e+00  1.70000000e-06  3.00000000e-01  6.00000000e-01 
 1.80000000e-06  1.15490928e+00  1.80000000e-06  3.00000000e-01  6.00000000e-01 
 1.90000000e-06  1.15792045e+00  1.90000000e-06  3.00000000e-01  6.00000000e-01 
 2.00000000e-06  1.16081027e+00  2.00000000e-06  3.00000000e-01  6.00000000e-01 
 2.10000000e-06  1.16359042e+00  2.10000000e-06  3.00000000e-01  6.00000000e-01 
 2.20000000e-06  1.16627093e+00  2.20000000e-06  3.00000000e-01  6.00000000e-01 
 2.30000000e-06  1.16886051e+00  2.30000000e-06  3.00000000e-01  6.00000000e-01 
 2.40000000e-06  1.17136675e+00  2.40000000e-06  3.00000000e-01  6.00000000e-01 
 2.50000000e-06  1.17379629e+00  2.50000000e-06  3.00000000e-01  6.00000000e-01 
 2.60000000e-06  1.17615503e+00  2.60000000e-06  3.00000000e-01  6.00000000e-01 
 2.70000000e-06  1.17844815e+00  2.70000000e-06  3.00000000e-01  6.00000000e-01 
 2.80000000e-06  1.18068031e+00  2.80000000e-06  3.00000000e-01  6.00000000e-01 
 2.90000000e-06  1.18285564e+00  2.90000000e-06  3.00000000e-01  6.00000000e-01 
 3.00000000e-06  1.18497789e+00  3.00000000e-06  3.00000000e-01  6.00000000e-01 
 3.10000000e-06  1.18705042e+00  3.10000000e-06  3.00000000e-01  6.00000000e-01 
 3.20000000e-06  1.18907627e+00  3.20000000e-06  3.00000000e-01  6.00000000e-01 
 3.30000000e-06  1.19105820e+00  3.30000000e-06  3.00000000e-01  6.00000000e-01 
 3.40000000e-06  1.19299875e+00  3.40000000e-06  3.00000000e-01  6.00000000e-01 
 3.50000000e-06  1.19490019e+00  3.50000000e-06  3.00000000e-01  6.00000000e-01 
 3.60000000e-06  1.19677175e+00  3.60000000e-06  3.00000000e-01  6.00000000e-01 
 3.70000000e-06  1.19860000e+00  3.70000000e-06  3.00000000e-01  6.00000000e-01 
 3.80000000e-06  1.20039519e+00  3.80000000e-06  3.00000000e-01  6.00000000e-01 
 3.90000000e-06  1.20215891e+00  3.90000000e-06  3.00000000e-01  6.00000000e-01 
 4.00000000e-06  1.20389267e+00  4.00000000e-06  3.00000000e-01  6.00000000e-01 
 4.10000000e-06  1.20559785e+00  4.10000000e-06  3.00000000e-01  6.00000000e-01 
 4.20000000e-06  1.20727574e+00  4.20000000e-06  3.00000000e-01  6.00000000e-01 
 4.30000000e-06  1.20892753e+00  4.30000000e-06  3.00000000e-01  6.00000000e-01 
 4.40000000e-06  1.21055437e+00  4.40000000e-06  3.00000000e-01  6.00000000e-01 
 4.50000000e-06  1.21215729e+00  4.50000000e-06  3.00000000e-01  6.00000000e-01 
 4.60000000e-06  1.21373727e+00  4.60000000e-06  3.00000000e-01  6.00000000e-01 
 4.70000000e-06  1.21529524e+00  4.70000000e-06  3.00000000e-01  6.00000000e-01 
 4.80000000e-06  1.21683205e+00  4.80000000e-06  3.00000000e-01  6.00000000e-01 
 4.90000000e-06  1.21834854e+00  4.90000000e-06  3.00000000e-01  6.00000000e-01 
 5.00000000e-06  1.21984544e+00  5.00000000e-06  3.00000000e-01  6.00000000e-01 
 5.10000000e-06  1.22132350e+00  5.10000000e-06  3.00000000e-01  6.00000000e-01 
 5.20000000e-06  1.22278338e+00  5.20000000e-06  3.00000000e-01  6.00000000e-01 
 5.30000000e-06  1.22422572e+00  5.30000000e-06  3.00000000e-01  6.00000000e-01 
 5.40000000e-06  1.22565115e+00  5.40000000e-06  3.00000000e-01  6.00000000e-01 
 5.50000000e-06  1.22706022e+00  5.50000000e-06  3.00000000e-01  6.00000000e-01 
 5.60000000e-06  1.22845349e+00  5.60000000e-06  3.00000000e-01  6.00000000e-01 
 5.70000000e-06  1.22983146e+00  5.70000000e-06  3.00000000e-01  6.00000000e-01 
 5.80000000e-06  1.23119464e+00  5.80000000e-06  3.00000000e-01  6.00000000e-01 
 5.90000000e-06  1.23254348e+00  5.90000000e-06  3.00000000e-01  6.00000000e-01 
 6.00000000e-06  1.23387842e+00  6.00000000e-06  3.00000000e-01  6.00000000e-01 
