 v-sweep         v(vin_p)        i(v.x4.vib)     i(v.x4.vibx2)   v(x4.min1)      v(x4.min2)      i(vir)          i(viout_p)      i(viout_n)     
-1.80000000e+00 -1.80000000e+00  4.94479646e-06  1.73734874e-05  1.18648876e-01  1.18105666e-01 -4.78790517e-06  7.64176614e-06  1.72302424e-05 
-1.79000000e+00 -1.79000000e+00  4.94478996e-06  1.73734865e-05  1.18648854e-01  1.18105678e-01 -4.78762084e-06  7.64205612e-06  1.72299668e-05 
-1.78000000e+00 -1.78000000e+00  4.94478331e-06  1.73734856e-05  1.18648831e-01  1.18105691e-01 -4.78732938e-06  7.64235336e-06  1.72296842e-05 
-1.77000000e+00 -1.77000000e+00  4.94477650e-06  1.73734847e-05  1.18648808e-01  1.18105704e-01 -4.78703054e-06  7.64265811e-06  1.72293945e-05 
-1.76000000e+00 -1.76000000e+00  4.94476953e-06  1.73734838e-05  1.18648784e-01  1.18105717e-01 -4.78672406e-06  7.64297065e-06  1.72290973e-05 
-1.75000000e+00 -1.75000000e+00  4.94476238e-06  1.73734828e-05  1.18648760e-01  1.18105731e-01 -4.78640967e-06  7.64329124e-06  1.72287924e-05 
-1.74000000e+00 -1.74000000e+00  4.94475507e-06  1.73734818e-05  1.18648735e-01  1.18105745e-01 -4.78608708e-06  7.64362017e-06  1.72284796e-05 
-1.73000000e+00 -1.73000000e+00  4.94474758e-06  1.73734808e-05  1.18648709e-01  1.18105760e-01 -4.78575600e-06  7.64395775e-06  1.72281585e-05 
-1.72000000e+00 -1.72000000e+00  4.94473990e-06  1.73734797e-05  1.18648683e-01  1.18105775e-01 -4.78541613e-06  7.64430429e-06  1.72278289e-05 
-1.71000000e+00 -1.71000000e+00  4.94473202e-06  1.73734787e-05  1.18648656e-01  1.18105790e-01 -4.78506712e-06  7.64466012e-06  1.72274904e-05 
-1.70000000e+00 -1.70000000e+00  4.94472395e-06  1.73734776e-05  1.18648628e-01  1.18105806e-01 -4.78470864e-06  7.64502559e-06  1.72271427e-05 
-1.69000000e+00 -1.69000000e+00  4.94471568e-06  1.73734764e-05  1.18648600e-01  1.18105822e-01 -4.78434033e-06  7.64540107e-06  1.72267854e-05 
-1.68000000e+00 -1.68000000e+00  4.94470719e-06  1.73734753e-05  1.18648571e-01  1.18105838e-01 -4.78396181e-06  7.64578694e-06  1.72264182e-05 
-1.67000000e+00 -1.67000000e+00  4.94469848e-06  1.73734741e-05  1.18648540e-01  1.18105855e-01 -4.78357269e-06  7.64618361e-06  1.72260407e-05 
-1.66000000e+00 -1.66000000e+00  4.94468955e-06  1.73734728e-05  1.18648510e-01  1.18105873e-01 -4.78317254e-06  7.64659150e-06  1.72256524e-05 
-1.65000000e+00 -1.65000000e+00  4.94468037e-06  1.73734716e-05  1.18648478e-01  1.18105891e-01 -4.78276093e-06  7.64701105e-06  1.72252530e-05 
-1.64000000e+00 -1.64000000e+00  4.94467095e-06  1.73734702e-05  1.18648445e-01  1.18105909e-01 -4.78233739e-06  7.64744273e-06  1.72248420e-05 
-1.63000000e+00 -1.63000000e+00  4.94466128e-06  1.73734689e-05  1.18648411e-01  1.18105929e-01 -4.78190145e-06  7.64788705e-06  1.72244189e-05 
-1.62000000e+00 -1.62000000e+00  4.94465134e-06  1.73734675e-05  1.18648377e-01  1.18105948e-01 -4.78145257e-06  7.64834452e-06  1.72239832e-05 
-1.61000000e+00 -1.61000000e+00  4.94464113e-06  1.73734661e-05  1.18648341e-01  1.18105968e-01 -4.78099023e-06  7.64881569e-06  1.72235344e-05 
-1.60000000e+00 -1.60000000e+00  4.94463064e-06  1.73734646e-05  1.18648304e-01  1.18105989e-01 -4.78051384e-06  7.64930114e-06  1.72230719e-05 
-1.59000000e+00 -1.59000000e+00  4.94461984e-06  1.73734631e-05  1.18648266e-01  1.18106011e-01 -4.78002281e-06  7.64980149e-06  1.72225952e-05 
-1.58000000e+00 -1.58000000e+00  4.94460874e-06  1.73734616e-05  1.18648227e-01  1.18106033e-01 -4.77951650e-06  7.65031739e-06  1.72221036e-05 
-1.57000000e+00 -1.57000000e+00  4.94459732e-06  1.73734599e-05  1.18648187e-01  1.18106056e-01 -4.77899423e-06  7.65084952e-06  1.72215965e-05 
-1.56000000e+00 -1.56000000e+00  4.94458557e-06  1.73734583e-05  1.18648145e-01  1.18106080e-01 -4.77845528e-06  7.65139860e-06  1.72210731e-05 
-1.55000000e+00 -1.55000000e+00  4.94457347e-06  1.73734566e-05  1.18648102e-01  1.18106104e-01 -4.77789891e-06  7.65196541e-06  1.72205327e-05 
-1.54000000e+00 -1.54000000e+00  4.94456100e-06  1.73734548e-05  1.18648057e-01  1.18106129e-01 -4.77732430e-06  7.65255076e-06  1.72199746e-05 
-1.53000000e+00 -1.53000000e+00  4.94454816e-06  1.73734530e-05  1.18648012e-01  1.18106155e-01 -4.77673061e-06  7.65315552e-06  1.72193978e-05 
-1.52000000e+00 -1.52000000e+00  4.94453493e-06  1.73734511e-05  1.18647964e-01  1.18106182e-01 -4.77611693e-06  7.65378059e-06  1.72188016e-05 
-1.51000000e+00 -1.51000000e+00  4.94452129e-06  1.73734491e-05  1.18647915e-01  1.18106210e-01 -4.77548230e-06  7.65442696e-06  1.72181849e-05 
-1.50000000e+00 -1.50000000e+00  4.94450722e-06  1.73734471e-05  1.18647865e-01  1.18106239e-01 -4.77482571e-06  7.65509567e-06  1.72175469e-05 
-1.49000000e+00 -1.49000000e+00  4.94449270e-06  1.73734450e-05  1.18647812e-01  1.18106269e-01 -4.77414606e-06  7.65578780e-06  1.72168863e-05 
-1.48000000e+00 -1.48000000e+00  4.94447772e-06  1.73734429e-05  1.18647758e-01  1.18106300e-01 -4.77344219e-06  7.65650454e-06  1.72162022e-05 
-1.47000000e+00 -1.47000000e+00  4.94446225e-06  1.73734406e-05  1.18647701e-01  1.18106332e-01 -4.77271288e-06  7.65724714e-06  1.72154932e-05 
-1.46000000e+00 -1.46000000e+00  4.94444626e-06  1.73734383e-05  1.18647643e-01  1.18106365e-01 -4.77195682e-06  7.65801694e-06  1.72147581e-05 
-1.45000000e+00 -1.45000000e+00  4.94442974e-06  1.73734359e-05  1.18647583e-01  1.18106399e-01 -4.77117258e-06  7.65881534e-06  1.72139955e-05 
-1.44000000e+00 -1.44000000e+00  4.94441266e-06  1.73734334e-05  1.18647520e-01  1.18106435e-01 -4.77035868e-06  7.65964389e-06  1.72132040e-05 
-1.43000000e+00 -1.43000000e+00  4.94439499e-06  1.73734308e-05  1.18647455e-01  1.18106472e-01 -4.76951350e-06  7.66050421e-06  1.72123820e-05 
-1.42000000e+00 -1.42000000e+00  4.94437671e-06  1.73734281e-05  1.18647387e-01  1.18106511e-01 -4.76863533e-06  7.66139804e-06  1.72115277e-05 
-1.41000000e+00 -1.41000000e+00  4.94435778e-06  1.73734253e-05  1.18647316e-01  1.18106551e-01 -4.76772233e-06  7.66232726e-06  1.72106394e-05 
-1.40000000e+00 -1.40000000e+00  4.94433816e-06  1.73734224e-05  1.18647243e-01  1.18106593e-01 -4.76677250e-06  7.66329385e-06  1.72097152e-05 
-1.39000000e+00 -1.39000000e+00  4.94431784e-06  1.73734193e-05  1.18647167e-01  1.18106636e-01 -4.76578374e-06  7.66429999e-06  1.72087529e-05 
-1.38000000e+00 -1.38000000e+00  4.94429676e-06  1.73734162e-05  1.18647088e-01  1.18106681e-01 -4.76475375e-06  7.66534799e-06  1.72077503e-05 
-1.37000000e+00 -1.37000000e+00  4.94427489e-06  1.73734129e-05  1.18647005e-01  1.18106729e-01 -4.76368007e-06  7.66644033e-06  1.72067051e-05 
-1.36000000e+00 -1.36000000e+00  4.94425218e-06  1.73734094e-05  1.18646919e-01  1.18106778e-01 -4.76256007e-06  7.66757969e-06  1.72056146e-05 
-1.35000000e+00 -1.35000000e+00  4.94422860e-06  1.73734058e-05  1.18646829e-01  1.18106829e-01 -4.76139087e-06  7.66876898e-06  1.72044759e-05 
-1.34000000e+00 -1.34000000e+00  4.94420409e-06  1.73734021e-05  1.18646734e-01  1.18106883e-01 -4.76016940e-06  7.67001132e-06  1.72032862e-05 
-1.33000000e+00 -1.33000000e+00  4.94417859e-06  1.73733982e-05  1.18646636e-01  1.18106939e-01 -4.75889233e-06  7.67131008e-06  1.72020421e-05 
-1.32000000e+00 -1.32000000e+00  4.94415207e-06  1.73733941e-05  1.18646533e-01  1.18106998e-01 -4.75755604e-06  7.67266891e-06  1.72007400e-05 
-1.31000000e+00 -1.31000000e+00  4.94412445e-06  1.73733898e-05  1.18646426e-01  1.18107060e-01 -4.75615662e-06  7.67409177e-06  1.71993762e-05 
-1.30000000e+00 -1.30000000e+00  4.94409567e-06  1.73733853e-05  1.18646313e-01  1.18107125e-01 -4.75468984e-06  7.67558295e-06  1.71979464e-05 
-1.29000000e+00 -1.29000000e+00  4.94406567e-06  1.73733806e-05  1.18646194e-01  1.18107192e-01 -4.75315110e-06  7.67714711e-06  1.71964461e-05 
-1.28000000e+00 -1.28000000e+00  4.94403436e-06  1.73733756e-05  1.18646070e-01  1.18107264e-01 -4.75153538e-06  7.67878932e-06  1.71948705e-05 
-1.27000000e+00 -1.27000000e+00  4.94400168e-06  1.73733704e-05  1.18645940e-01  1.18107338e-01 -4.74983725e-06  7.68051508e-06  1.71932142e-05 
-1.26000000e+00 -1.26000000e+00  4.94396753e-06  1.73733649e-05  1.18645802e-01  1.18107417e-01 -4.74805076e-06  7.68233040e-06  1.71914713e-05 
-1.25000000e+00 -1.25000000e+00  4.94393182e-06  1.73733592e-05  1.18645658e-01  1.18107500e-01 -4.74616944e-06  7.68424183e-06  1.71896354e-05 
-1.24000000e+00 -1.24000000e+00  4.94389446e-06  1.73733531e-05  1.18645505e-01  1.18107588e-01 -4.74418621e-06  7.68625651e-06  1.71876996e-05 
-1.23000000e+00 -1.23000000e+00  4.94385533e-06  1.73733467e-05  1.18645345e-01  1.18107680e-01 -4.74209335e-06  7.68838228e-06  1.71856564e-05 
-1.22000000e+00 -1.22000000e+00  4.94381433e-06  1.73733399e-05  1.18645175e-01  1.18107778e-01 -4.73988237e-06  7.69062769e-06  1.71834972e-05 
-1.21000000e+00 -1.21000000e+00  4.94377132e-06  1.73733328e-05  1.18644996e-01  1.18107881e-01 -4.73754400e-06  7.69300211e-06  1.71812130e-05 
-1.20000000e+00 -1.20000000e+00  4.94372617e-06  1.73733252e-05  1.18644806e-01  1.18107990e-01 -4.73506805e-06  7.69551585e-06  1.71787938e-05 
-1.19000000e+00 -1.19000000e+00  4.94367874e-06  1.73733172e-05  1.18644604e-01  1.18108107e-01 -4.73244334e-06  7.69818020e-06  1.71762285e-05 
-1.18000000e+00 -1.18000000e+00  4.94362887e-06  1.73733087e-05  1.18644391e-01  1.18108230e-01 -4.72965755e-06  7.70100758e-06  1.71735051e-05 
-1.17000000e+00 -1.17000000e+00  4.94357638e-06  1.73732997e-05  1.18644164e-01  1.18108361e-01 -4.72669715e-06  7.70401168e-06  1.71706100e-05 
-1.16000000e+00 -1.16000000e+00  4.94352111e-06  1.73732901e-05  1.18643923e-01  1.18108500e-01 -4.72354722e-06  7.70720755e-06  1.71675286e-05 
-1.15000000e+00 -1.15000000e+00  4.94346283e-06  1.73732798e-05  1.18643666e-01  1.18108649e-01 -4.72019130e-06  7.71061178e-06  1.71642447e-05 
-1.14000000e+00 -1.14000000e+00  4.94340135e-06  1.73732689e-05  1.18643392e-01  1.18108807e-01 -4.71661126e-06  7.71424270e-06  1.71607403e-05 
-1.13000000e+00 -1.13000000e+00  4.94333642e-06  1.73732573e-05  1.18643100e-01  1.18108977e-01 -4.71278704e-06  7.71812052e-06  1.71569957e-05 
-1.12000000e+00 -1.12000000e+00  4.94326779e-06  1.73732448e-05  1.18642787e-01  1.18109158e-01 -4.70869650e-06  7.72226757e-06  1.71529889e-05 
-1.11000000e+00 -1.11000000e+00  4.94319520e-06  1.73732315e-05  1.18642453e-01  1.18109352e-01 -4.70431517e-06  7.72670853e-06  1.71486957e-05 
-1.10000000e+00 -1.10000000e+00  4.94311834e-06  1.73732172e-05  1.18642094e-01  1.18109561e-01 -4.69961600e-06  7.73147066e-06  1.71440893e-05 
-1.09000000e+00 -1.09000000e+00  4.94303691e-06  1.73732018e-05  1.18641709e-01  1.18109785e-01 -4.69456907e-06  7.73658411e-06  1.71391402e-05 
-1.08000000e+00 -1.08000000e+00  4.94295055e-06  1.73731854e-05  1.18641296e-01  1.18110026e-01 -4.68914133e-06  7.74208218e-06  1.71338156e-05 
-1.07000000e+00 -1.07000000e+00  4.94285889e-06  1.73731676e-05  1.18640851e-01  1.18110286e-01 -4.68329624e-06  7.74800168e-06  1.71280793e-05 
-1.06000000e+00 -1.06000000e+00  4.94276155e-06  1.73731485e-05  1.18640371e-01  1.18110567e-01 -4.67699344e-06  7.75438323e-06  1.71218912e-05 
-1.05000000e+00 -1.05000000e+00  4.94265810e-06  1.73731279e-05  1.18639854e-01  1.18110869e-01 -4.67018845e-06  7.76127162e-06  1.71152073e-05 
-1.04000000e+00 -1.04000000e+00  4.94254809e-06  1.73731056e-05  1.18639295e-01  1.18111197e-01 -4.66283220e-06  7.76871623e-06  1.71079788e-05 
-1.03000000e+00 -1.03000000e+00  4.94243103e-06  1.73730815e-05  1.18638691e-01  1.18111552e-01 -4.65487078e-06  7.77677130e-06  1.71001522e-05 
-1.02000000e+00 -1.02000000e+00  4.94230640e-06  1.73730555e-05  1.18638037e-01  1.18111937e-01 -4.64624499e-06  7.78549637e-06  1.70916687e-05 
-1.01000000e+00 -1.01000000e+00  4.94217367e-06  1.73730272e-05  1.18637328e-01  1.18112354e-01 -4.63689004e-06  7.79495659e-06  1.70824638e-05 
-1.00000000e+00 -1.00000000e+00  4.94203225e-06  1.73729966e-05  1.18636560e-01  1.18112808e-01 -4.62673530e-06  7.80522298e-06  1.70724674e-05 
-9.90000000e-01 -9.90000000e-01  4.94188156e-06  1.73729634e-05  1.18635727e-01  1.18113301e-01 -4.61570403e-06  7.81637264e-06  1.70616031e-05 
-9.80000000e-01 -9.80000000e-01  4.94172096e-06  1.73729273e-05  1.18634822e-01  1.18113838e-01 -4.60371338e-06  7.82848883e-06  1.70497883e-05 
-9.70000000e-01 -9.70000000e-01  4.94154980e-06  1.73728882e-05  1.18633839e-01  1.18114422e-01 -4.59067442e-06  7.84166086e-06  1.70369344e-05 
-9.60000000e-01 -9.60000000e-01  4.94136743e-06  1.73728456e-05  1.18632772e-01  1.18115057e-01 -4.57649255e-06  7.85598374e-06  1.70229472e-05 
-9.50000000e-01 -9.50000000e-01  4.94117318e-06  1.73727995e-05  1.18631614e-01  1.18115750e-01 -4.56106821e-06  7.87155742e-06  1.70077273e-05 
-9.40000000e-01 -9.40000000e-01  4.94096641e-06  1.73727493e-05  1.18630356e-01  1.18116503e-01 -4.54429810e-06  7.88848557e-06  1.69911716e-05 
-9.30000000e-01 -9.30000000e-01  4.94074647e-06  1.73726949e-05  1.18628992e-01  1.18117322e-01 -4.52607706e-06  7.90687367e-06  1.69731751e-05 
-9.20000000e-01 -9.20000000e-01  4.94051280e-06  1.73726360e-05  1.18627515e-01  1.18118212e-01 -4.50630091e-06  7.92682621e-06  1.69536335e-05 
-9.10000000e-01 -9.10000000e-01  4.94026492e-06  1.73725723e-05  1.18625917e-01  1.18119178e-01 -4.48487028e-06  7.94844279e-06  1.69324473e-05 
-9.00000000e-01 -9.00000000e-01  4.94000244e-06  1.73725036e-05  1.18624193e-01  1.18120224e-01 -4.46169589e-06  7.97181282e-06  1.69095270e-05 
-8.90000000e-01 -8.90000000e-01  4.93972520e-06  1.73724297e-05  1.18622338e-01  1.18121353e-01 -4.43670503e-06  7.99700901e-06  1.68847994e-05 
-8.80000000e-01 -8.80000000e-01  4.93943324e-06  1.73723504e-05  1.18620350e-01  1.18122568e-01 -4.40984913e-06  8.02407980e-06  1.68582152e-05 
-8.70000000e-01 -8.70000000e-01  4.93912688e-06  1.73722658e-05  1.18618228e-01  1.18123869e-01 -4.38111131e-06  8.05304169e-06  1.68297566e-05 
-8.60000000e-01 -8.60000000e-01  4.93880678e-06  1.73721759e-05  1.18615975e-01  1.18125257e-01 -4.35051241e-06  8.08387333e-06  1.67994433e-05 
-8.50000000e-01 -8.50000000e-01  4.93847387e-06  1.73720811e-05  1.18613596e-01  1.18126729e-01 -4.31811314e-06  8.11651327e-06  1.67673346e-05 
-8.40000000e-01 -8.40000000e-01  4.93812934e-06  1.73719815e-05  1.18611100e-01  1.18128280e-01 -4.28401099e-06  8.15086315e-06  1.67335265e-05 
-8.30000000e-01 -8.30000000e-01  4.93777455e-06  1.73718777e-05  1.18608497e-01  1.18129906e-01 -4.24833148e-06  8.18679647e-06  1.66981431e-05 
-8.20000000e-01 -8.20000000e-01  4.93741085e-06  1.73717700e-05  1.18605797e-01  1.18131600e-01 -4.21121596e-06  8.22417099e-06  1.66613244e-05 
-8.10000000e-01 -8.10000000e-01  4.93703955e-06  1.73716590e-05  1.18603013e-01  1.18133355e-01 -4.17280889e-06  8.26284138e-06  1.66232136e-05 
-8.00000000e-01 -8.00000000e-01  4.93666178e-06  1.73715450e-05  1.18600155e-01  1.18135166e-01 -4.13324776e-06  8.30266940e-06  1.65839474e-05 
-7.90000000e-01 -7.90000000e-01  4.93627849e-06  1.73714284e-05  1.18597233e-01  1.18137027e-01 -4.09265692e-06  8.34353017e-06  1.65436493e-05 
-7.80000000e-01 -7.80000000e-01  4.93589043e-06  1.73713096e-05  1.18594255e-01  1.18138934e-01 -4.05114502e-06  8.38531458e-06  1.65024275e-05 
-7.70000000e-01 -7.70000000e-01  4.93549819e-06  1.73711888e-05  1.18591228e-01  1.18140882e-01 -4.00880516e-06  8.42792924e-06  1.64603747e-05 
-7.60000000e-01 -7.60000000e-01  4.93510221e-06  1.73710663e-05  1.18588159e-01  1.18142867e-01 -3.96571640e-06  8.47129487e-06  1.64175699e-05 
-7.50000000e-01 -7.50000000e-01  4.93470281e-06  1.73709424e-05  1.18585052e-01  1.18144888e-01 -3.92194589e-06  8.51534422e-06  1.63740800e-05 
-7.40000000e-01 -7.40000000e-01  4.93430024e-06  1.73708171e-05  1.18581912e-01  1.18146940e-01 -3.87755089e-06  8.56001994e-06  1.63299623e-05 
-7.30000000e-01 -7.30000000e-01  4.93389466e-06  1.73706906e-05  1.18578743e-01  1.18149023e-01 -3.83258066e-06  8.60527276e-06  1.62852662e-05 
-7.20000000e-01 -7.20000000e-01  4.93348619e-06  1.73705631e-05  1.18575549e-01  1.18151135e-01 -3.78707797e-06  8.65105991e-06  1.62400344e-05 
-7.10000000e-01 -7.10000000e-01  4.93307492e-06  1.73704347e-05  1.18572331e-01  1.18153273e-01 -3.74108033e-06  8.69734391e-06  1.61943045e-05 
-7.00000000e-01 -7.00000000e-01  4.93266091e-06  1.73703054e-05  1.18569094e-01  1.18155436e-01 -3.69462092e-06  8.74409163e-06  1.61481098e-05 
-6.90000000e-01 -6.90000000e-01  4.93224419e-06  1.73701754e-05  1.18565838e-01  1.18157624e-01 -3.64772937e-06  8.79127348e-06  1.61014801e-05 
-6.80000000e-01 -6.80000000e-01  4.93182476e-06  1.73700448e-05  1.18562566e-01  1.18159834e-01 -3.60043233e-06  8.83886288e-06  1.60544421e-05 
-6.70000000e-01 -6.70000000e-01  4.93140265e-06  1.73699136e-05  1.18559280e-01  1.18162066e-01 -3.55275395e-06  8.88683575e-06  1.60070201e-05 
-6.60000000e-01 -6.60000000e-01  4.93097784e-06  1.73697818e-05  1.18555981e-01  1.18164319e-01 -3.50471620e-06  8.93517018e-06  1.59592361e-05 
-6.50000000e-01 -6.50000000e-01  4.93055032e-06  1.73696497e-05  1.18552671e-01  1.18166592e-01 -3.45633922e-06  8.98384612e-06  1.59111104e-05 
-6.40000000e-01 -6.40000000e-01  4.93012007e-06  1.73695171e-05  1.18549351e-01  1.18168885e-01 -3.40764151e-06  9.03284513e-06  1.58626617e-05 
-6.30000000e-01 -6.30000000e-01  4.92968706e-06  1.73693841e-05  1.18546023e-01  1.18171196e-01 -3.35864014e-06  9.08215021e-06  1.58139070e-05 
-6.20000000e-01 -6.20000000e-01  4.92925127e-06  1.73692509e-05  1.18542688e-01  1.18173525e-01 -3.30935093e-06  9.13174561e-06  1.57648623e-05 
-6.10000000e-01 -6.10000000e-01  4.92881266e-06  1.73691174e-05  1.18539347e-01  1.18175872e-01 -3.25978856e-06  9.18161674e-06  1.57155424e-05 
-6.00000000e-01 -6.00000000e-01  4.92837120e-06  1.73689837e-05  1.18536000e-01  1.18178235e-01 -3.20996671e-06  9.23175000e-06  1.56659610e-05 
-5.90000000e-01 -5.90000000e-01  4.92792685e-06  1.73688498e-05  1.18532649e-01  1.18180614e-01 -3.15989812e-06  9.28213269e-06  1.56161310e-05 
-5.80000000e-01 -5.80000000e-01  4.92747956e-06  1.73687158e-05  1.18529295e-01  1.18183010e-01 -3.10959473e-06  9.33275298e-06  1.55660644e-05 
-5.70000000e-01 -5.70000000e-01  4.92702930e-06  1.73685816e-05  1.18525937e-01  1.18185420e-01 -3.05906772e-06  9.38359974e-06  1.55157724e-05 
-5.60000000e-01 -5.60000000e-01  4.92657601e-06  1.73684474e-05  1.18522578e-01  1.18187846e-01 -3.00832757e-06  9.43466258e-06  1.54652656e-05 
-5.50000000e-01 -5.50000000e-01  4.92611966e-06  1.73683131e-05  1.18519218e-01  1.18190286e-01 -2.95738414e-06  9.48593170e-06  1.54145540e-05 
-5.40000000e-01 -5.40000000e-01  4.92566018e-06  1.73681787e-05  1.18515857e-01  1.18192740e-01 -2.90624671e-06  9.53739789e-06  1.53636469e-05 
-5.30000000e-01 -5.30000000e-01  4.92519753e-06  1.73680444e-05  1.18512495e-01  1.18195209e-01 -2.85492405e-06  9.58905247e-06  1.53125530e-05 
-5.20000000e-01 -5.20000000e-01  4.92473166e-06  1.73679100e-05  1.18509134e-01  1.18197690e-01 -2.80342442e-06  9.64088725e-06  1.52612808e-05 
-5.10000000e-01 -5.10000000e-01  4.92426251e-06  1.73677757e-05  1.18505775e-01  1.18200185e-01 -2.75175562e-06  9.69289450e-06  1.52098381e-05 
-5.00000000e-01 -5.00000000e-01  4.92379002e-06  1.73676414e-05  1.18502416e-01  1.18202693e-01 -2.69992506e-06  9.74506689e-06  1.51582323e-05 
-4.90000000e-01 -4.90000000e-01  4.92331414e-06  1.73675072e-05  1.18499059e-01  1.18205214e-01 -2.64793974e-06  9.79739748e-06  1.51064705e-05 
-4.80000000e-01 -4.80000000e-01  4.92283479e-06  1.73673730e-05  1.18495705e-01  1.18207746e-01 -2.59580632e-06  9.84987971e-06  1.50545595e-05 
-4.70000000e-01 -4.70000000e-01  4.92235193e-06  1.73672390e-05  1.18492353e-01  1.18210292e-01 -2.54353111e-06  9.90250733e-06  1.50025055e-05 
-4.60000000e-01 -4.60000000e-01  4.92186549e-06  1.73671051e-05  1.18489004e-01  1.18212849e-01 -2.49112012e-06  9.95527442e-06  1.49503147e-05 
-4.50000000e-01 -4.50000000e-01  4.92137539e-06  1.73669712e-05  1.18485659e-01  1.18215418e-01 -2.43857908e-06  1.00081753e-05  1.48979927e-05 
-4.40000000e-01 -4.40000000e-01  4.92088158e-06  1.73668375e-05  1.18482317e-01  1.18217998e-01 -2.38591343e-06  1.00612047e-05  1.48455451e-05 
-4.30000000e-01 -4.30000000e-01  4.92038397e-06  1.73667040e-05  1.18478979e-01  1.18220590e-01 -2.33312838e-06  1.01143574e-05  1.47929772e-05 
-4.20000000e-01 -4.20000000e-01  4.91988251e-06  1.73665706e-05  1.18475645e-01  1.18223193e-01 -2.28022889e-06  1.01676285e-05  1.47402939e-05 
-4.10000000e-01 -4.10000000e-01  4.91937710e-06  1.73664374e-05  1.18472315e-01  1.18225807e-01 -2.22721970e-06  1.02210134e-05  1.46875000e-05 
-4.00000000e-01 -4.00000000e-01  4.91886768e-06  1.73663044e-05  1.18468990e-01  1.18228432e-01 -2.17410538e-06  1.02745077e-05  1.46346001e-05 
-3.90000000e-01 -3.90000000e-01  4.91835416e-06  1.73661715e-05  1.18465670e-01  1.18231067e-01 -2.12089025e-06  1.03281070e-05  1.45815986e-05 
-3.80000000e-01 -3.80000000e-01  4.91783646e-06  1.73660388e-05  1.18462355e-01  1.18233714e-01 -2.06757851e-06  1.03818073e-05  1.45284997e-05 
-3.70000000e-01 -3.70000000e-01  4.91731449e-06  1.73659064e-05  1.18459046e-01  1.18236371e-01 -2.01417416e-06  1.04356047e-05  1.44753074e-05 
-3.60000000e-01 -3.60000000e-01  4.91678818e-06  1.73657741e-05  1.18455742e-01  1.18239038e-01 -1.96068104e-06  1.04894953e-05  1.44220256e-05 
-3.50000000e-01 -3.50000000e-01  4.91625742e-06  1.73656421e-05  1.18452443e-01  1.18241715e-01 -1.90710286e-06  1.05434757e-05  1.43686580e-05 
-3.40000000e-01 -3.40000000e-01  4.91572212e-06  1.73655102e-05  1.18449150e-01  1.18244403e-01 -1.85344317e-06  1.05975424e-05  1.43152082e-05 
-3.30000000e-01 -3.30000000e-01  4.91518219e-06  1.73653786e-05  1.18445863e-01  1.18247100e-01 -1.79970542e-06  1.06516919e-05  1.42616797e-05 
-3.20000000e-01 -3.20000000e-01  4.91463752e-06  1.73652473e-05  1.18442583e-01  1.18249808e-01 -1.74589291e-06  1.07059212e-05  1.42080759e-05 
-3.10000000e-01 -3.10000000e-01  4.91408802e-06  1.73651161e-05  1.18439308e-01  1.18252525e-01 -1.69200884e-06  1.07602271e-05  1.41543998e-05 
-3.00000000e-01 -3.00000000e-01  4.91353357e-06  1.73649853e-05  1.18436040e-01  1.18255252e-01 -1.63805630e-06  1.08146066e-05  1.41006547e-05 
-2.90000000e-01 -2.90000000e-01  4.91297407e-06  1.73648546e-05  1.18432778e-01  1.18257989e-01 -1.58403828e-06  1.08690569e-05  1.40468435e-05 
-2.80000000e-01 -2.80000000e-01  4.91240939e-06  1.73647242e-05  1.18429522e-01  1.18260735e-01 -1.52995768e-06  1.09235753e-05  1.39929693e-05 
-2.70000000e-01 -2.70000000e-01  4.91183943e-06  1.73645941e-05  1.18426274e-01  1.18263491e-01 -1.47581729e-06  1.09781589e-05  1.39390347e-05 
-2.60000000e-01 -2.60000000e-01  4.91126405e-06  1.73644642e-05  1.18423032e-01  1.18266256e-01 -1.42161984e-06  1.10328052e-05  1.38850425e-05 
-2.50000000e-01 -2.50000000e-01  4.91068314e-06  1.73643346e-05  1.18419797e-01  1.18269031e-01 -1.36736797e-06  1.10875118e-05  1.38309955e-05 
-2.40000000e-01 -2.40000000e-01  4.91009656e-06  1.73642053e-05  1.18416568e-01  1.18271815e-01 -1.31306426e-06  1.11422761e-05  1.37768961e-05 
-2.30000000e-01 -2.30000000e-01  4.90950416e-06  1.73640762e-05  1.18413347e-01  1.18274608e-01 -1.25871120e-06  1.11970958e-05  1.37227469e-05 
-2.20000000e-01 -2.20000000e-01  4.90890582e-06  1.73639474e-05  1.18410133e-01  1.18277410e-01 -1.20431123e-06  1.12519687e-05  1.36685504e-05 
-2.10000000e-01 -2.10000000e-01  4.90830138e-06  1.73638189e-05  1.18406925e-01  1.18280222e-01 -1.14986674e-06  1.13068924e-05  1.36143089e-05 
-2.00000000e-01 -2.00000000e-01  4.90769069e-06  1.73636906e-05  1.18403725e-01  1.18283042e-01 -1.09538003e-06  1.13618648e-05  1.35600249e-05 
-1.90000000e-01 -1.90000000e-01  4.90707359e-06  1.73635627e-05  1.18400533e-01  1.18285872e-01 -1.04085339e-06  1.14168839e-05  1.35057005e-05 
-1.80000000e-01 -1.80000000e-01  4.90644992e-06  1.73634350e-05  1.18397347e-01  1.18288710e-01 -9.86289020e-07  1.14719476e-05  1.34513380e-05 
-1.70000000e-01 -1.70000000e-01  4.90581950e-06  1.73633076e-05  1.18394169e-01  1.18291558e-01 -9.31689105e-07  1.15270538e-05  1.33969396e-05 
-1.60000000e-01 -1.60000000e-01  4.90518216e-06  1.73631805e-05  1.18390998e-01  1.18294414e-01 -8.77055775e-07  1.15822006e-05  1.33425074e-05 
-1.50000000e-01 -1.50000000e-01  4.90453770e-06  1.73630536e-05  1.18387834e-01  1.18297279e-01 -8.22391122e-07  1.16373861e-05  1.32880436e-05 
-1.40000000e-01 -1.40000000e-01  4.90388595e-06  1.73629271e-05  1.18384678e-01  1.18300153e-01 -7.67697205e-07  1.16926085e-05  1.32335502e-05 
-1.30000000e-01 -1.30000000e-01  4.90322668e-06  1.73628008e-05  1.18381530e-01  1.18303036e-01 -7.12976048e-07  1.17478658e-05  1.31790292e-05 
-1.20000000e-01 -1.20000000e-01  4.90255970e-06  1.73626749e-05  1.18378389e-01  1.18305928e-01 -6.58229644e-07  1.18031565e-05  1.31244827e-05 
-1.10000000e-01 -1.10000000e-01  4.90188477e-06  1.73625492e-05  1.18375255e-01  1.18308828e-01 -6.03459961e-07  1.18584786e-05  1.30699126e-05 
-1.00000000e-01 -1.00000000e-01  4.90120168e-06  1.73624238e-05  1.18372129e-01  1.18311736e-01 -5.48668941e-07  1.19138305e-05  1.30153209e-05 
-9.00000000e-02 -9.00000000e-02  4.90051018e-06  1.73622988e-05  1.18369011e-01  1.18314654e-01 -4.93858505e-07  1.19692105e-05  1.29607096e-05 
-8.00000000e-02 -8.00000000e-02  4.89981003e-06  1.73621740e-05  1.18365901e-01  1.18317580e-01 -4.39030553e-07  1.20246170e-05  1.29060804e-05 
-7.00000000e-02 -7.00000000e-02  4.89910094e-06  1.73620495e-05  1.18362798e-01  1.18320514e-01 -3.84186968e-07  1.20800483e-05  1.28514354e-05 
-6.00000000e-02 -6.00000000e-02  4.89838267e-06  1.73619253e-05  1.18359702e-01  1.18323457e-01 -3.29329622e-07  1.21355029e-05  1.27967764e-05 
-5.00000000e-02 -5.00000000e-02  4.89765490e-06  1.73618014e-05  1.18356615e-01  1.18326409e-01 -2.74460370e-07  1.21909791e-05  1.27421052e-05 
-4.00000000e-02 -4.00000000e-02  4.89691735e-06  1.73616779e-05  1.18353535e-01  1.18329369e-01 -2.19581061e-07  1.22464755e-05  1.26874238e-05 
-3.00000000e-02 -3.00000000e-02  4.89616969e-06  1.73615546e-05  1.18350463e-01  1.18332337e-01 -1.64693534e-07  1.23019905e-05  1.26327339e-05 
-2.00000000e-02 -2.00000000e-02  4.89541158e-06  1.73614316e-05  1.18347398e-01  1.18335314e-01 -1.09799627e-07  1.23575226e-05  1.25780375e-05 
-1.00000000e-02 -1.00000000e-02  4.89464269e-06  1.73613089e-05  1.18344342e-01  1.18338299e-01 -5.49011710e-08  1.24130703e-05  1.25233363e-05 
 1.41900380e-15  1.41900380e-15  4.89386263e-06  1.73611865e-05  1.18341293e-01  1.18341293e-01  0.00000000e+00  1.24686322e-05  1.24686322e-05 
 1.00000000e-02  1.00000000e-02  4.89307103e-06  1.73610645e-05  1.18338252e-01  1.18344294e-01  5.49020509e-08  1.25242068e-05  1.24139271e-05 
 2.00000000e-02  2.00000000e-02  4.89226746e-06  1.73609427e-05  1.18335218e-01  1.18347305e-01  1.09803142e-07  1.25797927e-05  1.23592227e-05 
 3.00000000e-02  3.00000000e-02  4.89145149e-06  1.73608213e-05  1.18332193e-01  1.18350323e-01  1.64701425e-07  1.26353885e-05  1.23045210e-05 
 4.00000000e-02  4.00000000e-02  4.89062268e-06  1.73607001e-05  1.18329176e-01  1.18353349e-01  2.19595044e-07  1.26909928e-05  1.22498237e-05 
 5.00000000e-02  5.00000000e-02  4.88978053e-06  1.73605793e-05  1.18326166e-01  1.18356384e-01  2.74482129e-07  1.27466041e-05  1.21951329e-05 
 6.00000000e-02  6.00000000e-02  4.88892452e-06  1.73604587e-05  1.18323164e-01  1.18359426e-01  3.29360796e-07  1.28022212e-05  1.21404503e-05 
 7.00000000e-02  7.00000000e-02  4.88805413e-06  1.73603385e-05  1.18320170e-01  1.18362477e-01  3.84229144e-07  1.28578427e-05  1.20857779e-05 
 8.00000000e-02  8.00000000e-02  4.88716876e-06  1.73602186e-05  1.18317184e-01  1.18365536e-01  4.39085250e-07  1.29134671e-05  1.20311175e-05 
 9.00000000e-02  9.00000000e-02  4.88626782e-06  1.73600990e-05  1.18314206e-01  1.18368603e-01  4.93927169e-07  1.29690933e-05  1.19764713e-05 
 1.00000000e-01  1.00000000e-01  4.88535064e-06  1.73599797e-05  1.18311235e-01  1.18371678e-01  5.48752930e-07  1.30247198e-05  1.19218410e-05 
 1.10000000e-01  1.10000000e-01  4.88441653e-06  1.73598607e-05  1.18308273e-01  1.18374761e-01  6.03560530e-07  1.30803454e-05  1.18672288e-05 
 1.20000000e-01  1.20000000e-01  4.88346475e-06  1.73597420e-05  1.18305318e-01  1.18377851e-01  6.58347937e-07  1.31359688e-05  1.18126367e-05 
 1.30000000e-01  1.30000000e-01  4.88249451e-06  1.73596236e-05  1.18302371e-01  1.18380950e-01  7.13113081e-07  1.31915886e-05  1.17580666e-05 
 1.40000000e-01  1.40000000e-01  4.88150496e-06  1.73595055e-05  1.18299433e-01  1.18384056e-01  7.67853851e-07  1.32472037e-05  1.17035209e-05 
 1.50000000e-01  1.50000000e-01  4.88049519e-06  1.73593877e-05  1.18296502e-01  1.18387170e-01  8.22568095e-07  1.33028128e-05  1.16490015e-05 
 1.60000000e-01  1.60000000e-01  4.87946424e-06  1.73592703e-05  1.18293579e-01  1.18390291e-01  8.77253612e-07  1.33584146e-05  1.15945108e-05 
 1.70000000e-01  1.70000000e-01  4.87841105e-06  1.73591532e-05  1.18290664e-01  1.18393421e-01  9.31908148e-07  1.34140080e-05  1.15400509e-05 
 1.80000000e-01  1.80000000e-01  4.87733451e-06  1.73590363e-05  1.18287756e-01  1.18396557e-01  9.86529394e-07  1.34695917e-05  1.14856242e-05 
 1.90000000e-01  1.90000000e-01  4.87623338e-06  1.73589198e-05  1.18284857e-01  1.18399701e-01  1.04111498e-06  1.35251647e-05  1.14312331e-05 
 2.00000000e-01  2.00000000e-01  4.87510637e-06  1.73588036e-05  1.18281966e-01  1.18402853e-01  1.09566246e-06  1.35807257e-05  1.13768799e-05 
 2.10000000e-01  2.10000000e-01  4.87395205e-06  1.73586877e-05  1.18279082e-01  1.18406012e-01  1.15016933e-06  1.36362737e-05  1.13225673e-05 
 2.20000000e-01  2.20000000e-01  4.87276887e-06  1.73585721e-05  1.18276207e-01  1.18409178e-01  1.20463300e-06  1.36918077e-05  1.12682977e-05 
 2.30000000e-01  2.30000000e-01  4.87155516e-06  1.73584568e-05  1.18273339e-01  1.18412351e-01  1.25905079e-06  1.37473266e-05  1.12140739e-05 
 2.40000000e-01  2.40000000e-01  4.87030910e-06  1.73583418e-05  1.18270479e-01  1.18415532e-01  1.31341992e-06  1.38028296e-05  1.11598987e-05 
 2.50000000e-01  2.50000000e-01  4.86902868e-06  1.73582272e-05  1.18267627e-01  1.18418719e-01  1.36773754e-06  1.38583156e-05  1.11057748e-05 
 2.60000000e-01  2.60000000e-01  4.86771173e-06  1.73581128e-05  1.18264783e-01  1.18421913e-01  1.42200064e-06  1.39137840e-05  1.10517054e-05 
 2.70000000e-01  2.70000000e-01  4.86635584e-06  1.73579987e-05  1.18261947e-01  1.18425114e-01  1.47620614e-06  1.39692339e-05  1.09976934e-05 
 2.80000000e-01  2.80000000e-01  4.86495839e-06  1.73578850e-05  1.18259119e-01  1.18428321e-01  1.53035078e-06  1.40246649e-05  1.09437422e-05 
 2.90000000e-01  2.90000000e-01  4.86351645e-06  1.73577715e-05  1.18256298e-01  1.18431535e-01  1.58443119e-06  1.40800764e-05  1.08898551e-05 
 3.00000000e-01  3.00000000e-01  4.86202683e-06  1.73576584e-05  1.18253485e-01  1.18434755e-01  1.63844383e-06  1.41354682e-05  1.08360356e-05 
 3.10000000e-01  3.10000000e-01  4.86048594e-06  1.73575456e-05  1.18250680e-01  1.18437981e-01  1.69238498e-06  1.41908400e-05  1.07822875e-05 
 3.20000000e-01  3.20000000e-01  4.85888982e-06  1.73574330e-05  1.18247882e-01  1.18441213e-01  1.74625073e-06  1.42461919e-05  1.07286146e-05 
 3.30000000e-01  3.30000000e-01  4.85723403e-06  1.73573208e-05  1.18245092e-01  1.18444451e-01  1.80003696e-06  1.43015242e-05  1.06750211e-05 
 3.40000000e-01  3.40000000e-01  4.85551361e-06  1.73572088e-05  1.18242309e-01  1.18447694e-01  1.85373932e-06  1.43568376e-05  1.06215113e-05 
 3.50000000e-01  3.50000000e-01  4.85372297e-06  1.73570972e-05  1.18239534e-01  1.18450943e-01  1.90735317e-06  1.44121330e-05  1.05680898e-05 
 3.60000000e-01  3.60000000e-01  4.85185582e-06  1.73569858e-05  1.18236765e-01  1.18454196e-01  1.96087361e-06  1.44674117e-05  1.05147616e-05 
 3.70000000e-01  3.70000000e-01  4.84990504e-06  1.73568747e-05  1.18234004e-01  1.18457455e-01  2.01429539e-06  1.45226757e-05  1.04615318e-05 
 3.80000000e-01  3.80000000e-01  4.84786250e-06  1.73567638e-05  1.18231250e-01  1.18460718e-01  2.06761288e-06  1.45779274e-05  1.04084062e-05 
 3.90000000e-01  3.90000000e-01  4.84571899e-06  1.73566533e-05  1.18228503e-01  1.18463985e-01  2.12082003e-06  1.46331700e-05  1.03553906e-05 
 4.00000000e-01  4.00000000e-01  4.84346389e-06  1.73565429e-05  1.18225762e-01  1.18467255e-01  2.17391032e-06  1.46884075e-05  1.03024917e-05 
 4.10000000e-01  4.10000000e-01  4.84108501e-06  1.73564329e-05  1.18223027e-01  1.18470530e-01  2.22687666e-06  1.47436451e-05  1.02497165e-05 
 4.20000000e-01  4.20000000e-01  4.83856827e-06  1.73563230e-05  1.18220298e-01  1.18473807e-01  2.27971131e-06  1.47988891e-05  1.01970726e-05 
 4.30000000e-01  4.30000000e-01  4.83589729e-06  1.73562134e-05  1.18217574e-01  1.18477086e-01  2.33240580e-06  1.48541474e-05  1.01445687e-05 
 4.40000000e-01  4.40000000e-01  4.83305297e-06  1.73561039e-05  1.18214856e-01  1.18480368e-01  2.38495077e-06  1.49094296e-05  1.00922139e-05 
 4.50000000e-01  4.50000000e-01  4.83001294e-06  1.73559946e-05  1.18212141e-01  1.18483650e-01  2.43733586e-06  1.49647479e-05  1.00400186e-05 
 4.60000000e-01  4.60000000e-01  4.82675083e-06  1.73558855e-05  1.18209430e-01  1.18486933e-01  2.48954944e-06  1.50201168e-05  9.98799449e-06 
 4.70000000e-01  4.70000000e-01  4.82323547e-06  1.73557764e-05  1.18206721e-01  1.18490216e-01  2.54157846e-06  1.50755546e-05  9.93615446e-06 
 4.80000000e-01  4.80000000e-01  4.81942977e-06  1.73556674e-05  1.18204014e-01  1.18493498e-01  2.59340809e-06  1.51310833e-05  9.88451332e-06 
 4.90000000e-01  4.90000000e-01  4.81528949e-06  1.73555584e-05  1.18201308e-01  1.18496777e-01  2.64502139e-06  1.51867302e-05  9.83308798e-06 
 5.00000000e-01  5.00000000e-01  4.81076160e-06  1.73554493e-05  1.18198599e-01  1.18500052e-01  2.69639879e-06  1.52425288e-05  9.78189790e-06 
 5.10000000e-01  5.10000000e-01  4.80578228e-06  1.73553401e-05  1.18195887e-01  1.18503323e-01  2.74751758e-06  1.52985201e-05  9.73096574e-06 
 5.20000000e-01  5.20000000e-01  4.80027461e-06  1.73552306e-05  1.18193170e-01  1.18506586e-01  2.79835112e-06  1.53547542e-05  9.68031804e-06 
 5.30000000e-01  5.30000000e-01  4.79414565e-06  1.73551208e-05  1.18190443e-01  1.18509840e-01  2.84886795e-06  1.54112925e-05  9.62998615e-06 
 5.40000000e-01  5.40000000e-01  4.78728313e-06  1.73550105e-05  1.18187704e-01  1.18513083e-01  2.89903068e-06  1.54682098e-05  9.58000732e-06 
 5.50000000e-01  5.50000000e-01  4.77955166e-06  1.73548995e-05  1.18184949e-01  1.18516311e-01  2.94879457e-06  1.55255966e-05  9.53042613e-06 
 5.60000000e-01  5.60000000e-01  4.77078876e-06  1.73547876e-05  1.18182172e-01  1.18519521e-01  2.99810596e-06  1.55835614e-05  9.48129603e-06 
 5.70000000e-01  5.70000000e-01  4.76080106e-06  1.73546746e-05  1.18179367e-01  1.18522708e-01  3.04690037e-06  1.56422329e-05  9.43268127e-06 
 5.80000000e-01  5.80000000e-01  4.74936150e-06  1.73545602e-05  1.18176528e-01  1.18525868e-01  3.09510047e-06  1.57017606e-05  9.38465890e-06 
 5.90000000e-01  5.90000000e-01  4.73620862e-06  1.73544441e-05  1.18173646e-01  1.18528992e-01  3.14261410e-06  1.57623134e-05  9.33732072e-06 
 6.00000000e-01  6.00000000e-01  4.72104995e-06  1.73543259e-05  1.18170714e-01  1.18532075e-01  3.18933262e-06  1.58240749e-05  9.29077498e-06 
 6.10000000e-01  6.10000000e-01  4.70357136e-06  1.73542053e-05  1.18167722e-01  1.18535108e-01  3.23513005e-06  1.58872329e-05  9.24514717e-06 
 6.20000000e-01  6.20000000e-01  4.68345457e-06  1.73540820e-05  1.18164662e-01  1.18538079e-01  3.27986371e-06  1.59519626e-05  9.20057944e-06 
 6.30000000e-01  6.30000000e-01  4.66040397e-06  1.73539557e-05  1.18161530e-01  1.18540979e-01  3.32337678e-06  1.60184027e-05  9.15722801e-06 
 6.40000000e-01  6.40000000e-01  4.63418154e-06  1.73538264e-05  1.18158321e-01  1.18543796e-01  3.36550312e-06  1.60866248e-05  9.11525839e-06 
 6.50000000e-01  6.50000000e-01  4.60464594e-06  1.73536940e-05  1.18155038e-01  1.18546516e-01  3.40607431e-06  1.61566020e-05  9.07483834e-06 
 6.60000000e-01  6.60000000e-01  4.57178898e-06  1.73535590e-05  1.18151689e-01  1.18549129e-01  3.44492789e-06  1.62281803e-05  9.03612971e-06 
 6.70000000e-01  6.70000000e-01  4.53576131e-06  1.73534218e-05  1.18148287e-01  1.18551624e-01  3.48191572e-06  1.63010614e-05  8.99928005e-06 
 6.80000000e-01  6.80000000e-01  4.49688115e-06  1.73532834e-05  1.18144854e-01  1.18553991e-01  3.51691102e-06  1.63748013e-05  8.96441565e-06 
 6.90000000e-01  6.90000000e-01  4.45562346e-06  1.73531448e-05  1.18141417e-01  1.18556222e-01  3.54981331e-06  1.64488255e-05  8.93163659e-06 
 7.00000000e-01  7.00000000e-01  4.41259163e-06  1.73530072e-05  1.18138007e-01  1.18558311e-01  3.58055095e-06  1.65224602e-05  8.90101421e-06 
 7.10000000e-01  7.10000000e-01  4.36847679e-06  1.73528721e-05  1.18134657e-01  1.18560254e-01  3.60908173e-06  1.65949735e-05  8.87259052e-06 
 7.20000000e-01  7.20000000e-01  4.32401154e-06  1.73527408e-05  1.18131402e-01  1.18562050e-01  3.63539218e-06  1.66656205e-05  8.84637894e-06 
 7.30000000e-01  7.30000000e-01  4.27992368e-06  1.73526146e-05  1.18128273e-01  1.18563699e-01  3.65949609e-06  1.67336886e-05  8.82236568e-06 
 7.40000000e-01  7.40000000e-01  4.23689483e-06  1.73524946e-05  1.18125299e-01  1.18565202e-01  3.68143284e-06  1.67985366e-05  8.80051152e-06 
 7.50000000e-01  7.50000000e-01  4.19552677e-06  1.73523818e-05  1.18122503e-01  1.18566563e-01  3.70126540e-06  1.68596267e-05  8.78075368e-06 
 7.60000000e-01  7.60000000e-01  4.15631723e-06  1.73522769e-05  1.18119904e-01  1.18567787e-01  3.71907811e-06  1.69165461e-05  8.76300812e-06 
 7.70000000e-01  7.70000000e-01  4.11964588e-06  1.73521804e-05  1.18117511e-01  1.18568881e-01  3.73497405e-06  1.69690188e-05  8.74717216e-06 
 7.80000000e-01  7.80000000e-01  4.08577025e-06  1.73520924e-05  1.18115332e-01  1.18569852e-01  3.74907176e-06  1.70169059e-05  8.73312767e-06 
 7.90000000e-01  7.90000000e-01  4.05483046e-06  1.73520130e-05  1.18113365e-01  1.18570709e-01  3.76150154e-06  1.70601976e-05  8.72074484e-06 
 8.00000000e-01  8.00000000e-01  4.02686120e-06  1.73519420e-05  1.18111604e-01  1.18571462e-01  3.77240131e-06  1.70989970e-05  8.70988626e-06 
 8.10000000e-01  8.10000000e-01  4.00180847e-06  1.73518789e-05  1.18110041e-01  1.18572119e-01  3.78191242e-06  1.71334990e-05  8.70041111e-06 
 8.20000000e-01  8.20000000e-01  3.97954898e-06  1.73518232e-05  1.18108661e-01  1.18572690e-01  3.79017557e-06  1.71639670e-05  8.69217920e-06 
 8.30000000e-01  8.30000000e-01  3.95990977e-06  1.73517744e-05  1.18107452e-01  1.18573185e-01  3.79732734e-06  1.71907101e-05  8.68505449e-06 
 8.40000000e-01  8.40000000e-01  3.94268640e-06  1.73517318e-05  1.18106396e-01  1.18573612e-01  3.80349727e-06  1.72140617e-05  8.67890790e-06 
 8.50000000e-01  8.50000000e-01  3.92765859e-06  1.73516948e-05  1.18105480e-01  1.18573979e-01  3.80880584e-06  1.72343618e-05  8.67361943e-06 
 8.60000000e-01  8.60000000e-01  3.91460262e-06  1.73516628e-05  1.18104686e-01  1.18574295e-01  3.81336315e-06  1.72519436e-05  8.66907937e-06 
 8.70000000e-01  8.70000000e-01  3.90330051e-06  1.73516351e-05  1.18104001e-01  1.18574566e-01  3.81726837e-06  1.72671239e-05  8.66518894e-06 
 8.80000000e-01  8.80000000e-01  3.89354630e-06  1.73516113e-05  1.18103412e-01  1.18574797e-01  3.82060972e-06  1.72801961e-05  8.66186024e-06 
 8.90000000e-01  8.90000000e-01  3.88514984e-06  1.73515909e-05  1.18102906e-01  1.18574995e-01  3.82346490e-06  1.72914277e-05  8.65901587e-06 
 9.00000000e-01  9.00000000e-01  3.87793864e-06  1.73515734e-05  1.18102472e-01  1.18575164e-01  3.82590175e-06  1.73010586e-05  8.65658825e-06 
 9.10000000e-01  9.10000000e-01  3.87175836e-06  1.73515584e-05  1.18102101e-01  1.18575308e-01  3.82797916e-06  1.73093016e-05  8.65451871e-06 
 9.20000000e-01  9.20000000e-01  3.86647234e-06  1.73515456e-05  1.18101784e-01  1.18575431e-01  3.82974798e-06  1.73163439e-05  8.65275659e-06 
 9.30000000e-01  9.30000000e-01  3.86196048e-06  1.73515347e-05  1.18101513e-01  1.18575535e-01  3.83125198e-06  1.73223490e-05  8.65125829e-06 
 9.40000000e-01  9.40000000e-01  3.85811786e-06  1.73515254e-05  1.18101283e-01  1.18575624e-01  3.83252874e-06  1.73274593e-05  8.64998637e-06 
 9.50000000e-01  9.50000000e-01  3.85485317e-06  1.73515175e-05  1.18101088e-01  1.18575699e-01  3.83361050e-06  1.73317980e-05  8.64890870e-06 
 9.60000000e-01  9.60000000e-01  3.85208709e-06  1.73515108e-05  1.18100923e-01  1.18575762e-01  3.83452493e-06  1.73354720e-05  8.64799774e-06 
 9.70000000e-01  9.70000000e-01  3.84975080e-06  1.73515052e-05  1.18100783e-01  1.18575816e-01  3.83529576e-06  1.73385736e-05  8.64722983e-06 
 9.80000000e-01  9.80000000e-01  3.84778459e-06  1.73515005e-05  1.18100666e-01  1.18575861e-01  3.83594342e-06  1.73411828e-05  8.64658463e-06 
 9.90000000e-01  9.90000000e-01  3.84613656e-06  1.73514965e-05  1.18100567e-01  1.18575898e-01  3.83648553e-06  1.73433690e-05  8.64604457e-06 
 1.00000000e+00  1.00000000e+00  3.84476154e-06  1.73514932e-05  1.18100485e-01  1.18575930e-01  3.83693731e-06  1.73451926e-05  8.64559450e-06 
 1.01000000e+00  1.01000000e+00  3.84362011e-06  1.73514904e-05  1.18100417e-01  1.18575956e-01  3.83731199e-06  1.73467060e-05  8.64522125e-06 
 1.02000000e+00  1.02000000e+00  3.84267787e-06  1.73514882e-05  1.18100361e-01  1.18575977e-01  3.83762103e-06  1.73479551e-05  8.64491337e-06 
 1.03000000e+00  1.03000000e+00  3.84190470e-06  1.73514863e-05  1.18100315e-01  1.18575995e-01  3.83787446e-06  1.73489798e-05  8.64466090e-06 
 1.04000000e+00  1.04000000e+00  3.84127429e-06  1.73514848e-05  1.18100277e-01  1.18576009e-01  3.83808099e-06  1.73498153e-05  8.64445516e-06 
 1.05000000e+00  1.05000000e+00  3.84076368e-06  1.73514836e-05  1.18100247e-01  1.18576021e-01  3.83824819e-06  1.73504919e-05  8.64428859e-06 
 1.06000000e+00  1.06000000e+00  3.84035292e-06  1.73514826e-05  1.18100223e-01  1.18576030e-01  3.83838266e-06  1.73510361e-05  8.64415463e-06 
 1.07000000e+00  1.07000000e+00  3.84002474e-06  1.73514818e-05  1.18100203e-01  1.18576037e-01  3.83849005e-06  1.73514709e-05  8.64404764e-06 
 1.08000000e+00  1.08000000e+00  3.83976434e-06  1.73514812e-05  1.18100187e-01  1.18576043e-01  3.83857526e-06  1.73518159e-05  8.64396276e-06 
 1.09000000e+00  1.09000000e+00  3.83955909e-06  1.73514807e-05  1.18100175e-01  1.18576048e-01  3.83864240e-06  1.73520878e-05  8.64389587e-06 
 1.10000000e+00  1.10000000e+00  3.83939836e-06  1.73514803e-05  1.18100166e-01  1.18576052e-01  3.83869497e-06  1.73523008e-05  8.64384350e-06 
 1.11000000e+00  1.11000000e+00  3.83927328e-06  1.73514800e-05  1.18100158e-01  1.18576054e-01  3.83873588e-06  1.73524665e-05  8.64380275e-06 
 1.12000000e+00  1.12000000e+00  3.83917650e-06  1.73514798e-05  1.18100152e-01  1.18576057e-01  3.83876753e-06  1.73525947e-05  8.64377122e-06 
 1.13000000e+00  1.13000000e+00  3.83910203e-06  1.73514796e-05  1.18100148e-01  1.18576058e-01  3.83879188e-06  1.73526933e-05  8.64374696e-06 
 1.14000000e+00  1.14000000e+00  3.83904502e-06  1.73514794e-05  1.18100145e-01  1.18576060e-01  3.83881052e-06  1.73527688e-05  8.64372839e-06 
 1.15000000e+00  1.15000000e+00  3.83900157e-06  1.73514793e-05  1.18100142e-01  1.18576061e-01  3.83882473e-06  1.73528264e-05  8.64371424e-06 
 1.16000000e+00  1.16000000e+00  3.83896860e-06  1.73514793e-05  1.18100140e-01  1.18576061e-01  3.83883551e-06  1.73528701e-05  8.64370350e-06 
 1.17000000e+00  1.17000000e+00  3.83894367e-06  1.73514792e-05  1.18100139e-01  1.18576062e-01  3.83884366e-06  1.73529031e-05  8.64369538e-06 
 1.18000000e+00  1.18000000e+00  3.83892489e-06  1.73514791e-05  1.18100137e-01  1.18576062e-01  3.83884980e-06  1.73529279e-05  8.64368926e-06 
 1.19000000e+00  1.19000000e+00  3.83891078e-06  1.73514791e-05  1.18100137e-01  1.18576063e-01  3.83885441e-06  1.73529466e-05  8.64368467e-06 
 1.20000000e+00  1.20000000e+00  3.83890021e-06  1.73514791e-05  1.18100136e-01  1.18576063e-01  3.83885786e-06  1.73529606e-05  8.64368123e-06 
 1.21000000e+00  1.21000000e+00  3.83889232e-06  1.73514791e-05  1.18100136e-01  1.18576063e-01  3.83886045e-06  1.73529711e-05  8.64367865e-06 
 1.22000000e+00  1.22000000e+00  3.83888643e-06  1.73514791e-05  1.18100135e-01  1.18576063e-01  3.83886237e-06  1.73529789e-05  8.64367674e-06 
 1.23000000e+00  1.23000000e+00  3.83888204e-06  1.73514790e-05  1.18100135e-01  1.18576063e-01  3.83886381e-06  1.73529847e-05  8.64367531e-06 
 1.24000000e+00  1.24000000e+00  3.83887878e-06  1.73514790e-05  1.18100135e-01  1.18576063e-01  3.83886487e-06  1.73529890e-05  8.64367425e-06 
 1.25000000e+00  1.25000000e+00  3.83887636e-06  1.73514790e-05  1.18100135e-01  1.18576064e-01  3.83886566e-06  1.73529922e-05  8.64367346e-06 
 1.26000000e+00  1.26000000e+00  3.83887457e-06  1.73514790e-05  1.18100134e-01  1.18576064e-01  3.83886625e-06  1.73529946e-05  8.64367287e-06 
 1.27000000e+00  1.27000000e+00  3.83887324e-06  1.73514790e-05  1.18100134e-01  1.18576064e-01  3.83886668e-06  1.73529964e-05  8.64367244e-06 
 1.28000000e+00  1.28000000e+00  3.83887226e-06  1.73514790e-05  1.18100134e-01  1.18576064e-01  3.83886700e-06  1.73529977e-05  8.64367212e-06 
 1.29000000e+00  1.29000000e+00  3.83887153e-06  1.73514790e-05  1.18100134e-01  1.18576064e-01  3.83886724e-06  1.73529986e-05  8.64367188e-06 
 1.30000000e+00  1.30000000e+00  3.83887100e-06  1.73514790e-05  1.18100134e-01  1.18576064e-01  3.83886742e-06  1.73529993e-05  8.64367171e-06 
 1.31000000e+00  1.31000000e+00  3.83887060e-06  1.73514790e-05  1.18100134e-01  1.18576064e-01  3.83886755e-06  1.73529999e-05  8.64367158e-06 
 1.32000000e+00  1.32000000e+00  3.83887031e-06  1.73514790e-05  1.18100134e-01  1.18576064e-01  3.83886764e-06  1.73530002e-05  8.64367149e-06 
 1.33000000e+00  1.33000000e+00  3.83887009e-06  1.73514790e-05  1.18100134e-01  1.18576064e-01  3.83886771e-06  1.73530005e-05  8.64367142e-06 
 1.34000000e+00  1.34000000e+00  3.83886993e-06  1.73514790e-05  1.18100134e-01  1.18576064e-01  3.83886776e-06  1.73530007e-05  8.64367136e-06 
 1.35000000e+00  1.35000000e+00  3.83886982e-06  1.73514790e-05  1.18100134e-01  1.18576064e-01  3.83886780e-06  1.73530009e-05  8.64367133e-06 
 1.36000000e+00  1.36000000e+00  3.83886973e-06  1.73514790e-05  1.18100134e-01  1.18576064e-01  3.83886783e-06  1.73530010e-05  8.64367130e-06 
 1.37000000e+00  1.37000000e+00  3.83886967e-06  1.73514790e-05  1.18100134e-01  1.18576064e-01  3.83886785e-06  1.73530011e-05  8.64367128e-06 
 1.38000000e+00  1.38000000e+00  3.83886962e-06  1.73514790e-05  1.18100134e-01  1.18576064e-01  3.83886787e-06  1.73530012e-05  8.64367126e-06 
 1.39000000e+00  1.39000000e+00  3.83886959e-06  1.73514790e-05  1.18100134e-01  1.18576064e-01  3.83886788e-06  1.73530012e-05  8.64367125e-06 
 1.40000000e+00  1.40000000e+00  3.83886956e-06  1.73514790e-05  1.18100134e-01  1.18576064e-01  3.83886789e-06  1.73530012e-05  8.64367124e-06 
 1.41000000e+00  1.41000000e+00  3.83886954e-06  1.73514790e-05  1.18100134e-01  1.18576064e-01  3.83886789e-06  1.73530013e-05  8.64367124e-06 
 1.42000000e+00  1.42000000e+00  3.83886953e-06  1.73514790e-05  1.18100134e-01  1.18576064e-01  3.83886790e-06  1.73530013e-05  8.64367123e-06 
 1.43000000e+00  1.43000000e+00  3.83886952e-06  1.73514790e-05  1.18100134e-01  1.18576064e-01  3.83886790e-06  1.73530013e-05  8.64367123e-06 
 1.44000000e+00  1.44000000e+00  3.83886951e-06  1.73514790e-05  1.18100134e-01  1.18576064e-01  3.83886790e-06  1.73530013e-05  8.64367123e-06 
 1.45000000e+00  1.45000000e+00  3.83886951e-06  1.73514790e-05  1.18100134e-01  1.18576064e-01  3.83886790e-06  1.73530013e-05  8.64367122e-06 
 1.46000000e+00  1.46000000e+00  3.83886950e-06  1.73514790e-05  1.18100134e-01  1.18576064e-01  3.83886790e-06  1.73530013e-05  8.64367122e-06 
 1.47000000e+00  1.47000000e+00  3.83886950e-06  1.73514790e-05  1.18100134e-01  1.18576064e-01  3.83886791e-06  1.73530013e-05  8.64367122e-06 
 1.48000000e+00  1.48000000e+00  3.83886950e-06  1.73514790e-05  1.18100134e-01  1.18576064e-01  3.83886791e-06  1.73530013e-05  8.64367122e-06 
 1.49000000e+00  1.49000000e+00  3.83886950e-06  1.73514790e-05  1.18100134e-01  1.18576064e-01  3.83886791e-06  1.73530013e-05  8.64367122e-06 
 1.50000000e+00  1.50000000e+00  3.83886950e-06  1.73514790e-05  1.18100134e-01  1.18576064e-01  3.83886791e-06  1.73530013e-05  8.64367122e-06 
 1.51000000e+00  1.51000000e+00  3.83886950e-06  1.73514790e-05  1.18100134e-01  1.18576064e-01  3.83886791e-06  1.73530013e-05  8.64367122e-06 
 1.52000000e+00  1.52000000e+00  3.83886950e-06  1.73514790e-05  1.18100134e-01  1.18576064e-01  3.83886791e-06  1.73530013e-05  8.64367122e-06 
 1.53000000e+00  1.53000000e+00  3.83886950e-06  1.73514790e-05  1.18100134e-01  1.18576064e-01  3.83886791e-06  1.73530013e-05  8.64367122e-06 
 1.54000000e+00  1.54000000e+00  3.83886950e-06  1.73514790e-05  1.18100134e-01  1.18576064e-01  3.83886791e-06  1.73530013e-05  8.64367122e-06 
 1.55000000e+00  1.55000000e+00  3.83886950e-06  1.73514790e-05  1.18100134e-01  1.18576064e-01  3.83886791e-06  1.73530013e-05  8.64367122e-06 
 1.56000000e+00  1.56000000e+00  3.83886950e-06  1.73514790e-05  1.18100134e-01  1.18576064e-01  3.83886791e-06  1.73530013e-05  8.64367122e-06 
 1.57000000e+00  1.57000000e+00  3.83886950e-06  1.73514790e-05  1.18100134e-01  1.18576064e-01  3.83886791e-06  1.73530013e-05  8.64367122e-06 
 1.58000000e+00  1.58000000e+00  3.83886950e-06  1.73514790e-05  1.18100134e-01  1.18576064e-01  3.83886790e-06  1.73530013e-05  8.64367122e-06 
 1.59000000e+00  1.59000000e+00  3.83886950e-06  1.73514790e-05  1.18100134e-01  1.18576064e-01  3.83886790e-06  1.73530013e-05  8.64367122e-06 
 1.60000000e+00  1.60000000e+00  3.83886950e-06  1.73514790e-05  1.18100134e-01  1.18576064e-01  3.83886790e-06  1.73530013e-05  8.64367122e-06 
 1.61000000e+00  1.61000000e+00  3.83886951e-06  1.73514790e-05  1.18100134e-01  1.18576064e-01  3.83886790e-06  1.73530013e-05  8.64367122e-06 
 1.62000000e+00  1.62000000e+00  3.83886951e-06  1.73514790e-05  1.18100134e-01  1.18576064e-01  3.83886790e-06  1.73530013e-05  8.64367122e-06 
 1.63000000e+00  1.63000000e+00  3.83886951e-06  1.73514790e-05  1.18100134e-01  1.18576064e-01  3.83886790e-06  1.73530013e-05  8.64367123e-06 
 1.64000000e+00  1.64000000e+00  3.83886951e-06  1.73514790e-05  1.18100134e-01  1.18576064e-01  3.83886790e-06  1.73530013e-05  8.64367123e-06 
 1.65000000e+00  1.65000000e+00  3.83886951e-06  1.73514790e-05  1.18100134e-01  1.18576064e-01  3.83886790e-06  1.73530013e-05  8.64367123e-06 
 1.66000000e+00  1.66000000e+00  3.83886951e-06  1.73514790e-05  1.18100134e-01  1.18576064e-01  3.83886790e-06  1.73530013e-05  8.64367123e-06 
 1.67000000e+00  1.67000000e+00  3.83886952e-06  1.73514790e-05  1.18100134e-01  1.18576064e-01  3.83886790e-06  1.73530013e-05  8.64367123e-06 
 1.68000000e+00  1.68000000e+00  3.83886952e-06  1.73514790e-05  1.18100134e-01  1.18576064e-01  3.83886790e-06  1.73530013e-05  8.64367123e-06 
 1.69000000e+00  1.69000000e+00  3.83886952e-06  1.73514790e-05  1.18100134e-01  1.18576064e-01  3.83886790e-06  1.73530013e-05  8.64367123e-06 
 1.70000000e+00  1.70000000e+00  3.83886952e-06  1.73514790e-05  1.18100134e-01  1.18576064e-01  3.83886790e-06  1.73530013e-05  8.64367123e-06 
 1.71000000e+00  1.71000000e+00  3.83886953e-06  1.73514790e-05  1.18100134e-01  1.18576064e-01  3.83886790e-06  1.73530013e-05  8.64367123e-06 
 1.72000000e+00  1.72000000e+00  3.83886953e-06  1.73514790e-05  1.18100134e-01  1.18576064e-01  3.83886790e-06  1.73530013e-05  8.64367123e-06 
 1.73000000e+00  1.73000000e+00  3.83886953e-06  1.73514790e-05  1.18100134e-01  1.18576064e-01  3.83886789e-06  1.73530013e-05  8.64367123e-06 
 1.74000000e+00  1.74000000e+00  3.83886954e-06  1.73514790e-05  1.18100134e-01  1.18576064e-01  3.83886789e-06  1.73530013e-05  8.64367123e-06 
 1.75000000e+00  1.75000000e+00  3.83886954e-06  1.73514790e-05  1.18100134e-01  1.18576064e-01  3.83886789e-06  1.73530013e-05  8.64367124e-06 
 1.76000000e+00  1.76000000e+00  3.83886954e-06  1.73514790e-05  1.18100134e-01  1.18576064e-01  3.83886789e-06  1.73530013e-05  8.64367124e-06 
 1.77000000e+00  1.77000000e+00  3.83886955e-06  1.73514790e-05  1.18100134e-01  1.18576064e-01  3.83886789e-06  1.73530013e-05  8.64367124e-06 
 1.78000000e+00  1.78000000e+00  3.83886955e-06  1.73514790e-05  1.18100134e-01  1.18576064e-01  3.83886789e-06  1.73530012e-05  8.64367124e-06 
 1.79000000e+00  1.79000000e+00  3.83886956e-06  1.73514790e-05  1.18100134e-01  1.18576064e-01  3.83886789e-06  1.73530012e-05  8.64367124e-06 
 1.80000000e+00  1.80000000e+00  3.83886956e-06  1.73514790e-05  1.18100134e-01  1.18576064e-01  3.83886789e-06  1.73530012e-05  8.64367124e-06 
